0.000000000000000000e+00 -9.189812000000000536e-01
5.000000000000000278e-02 -9.316704999999999570e-01
1.000000000000000056e-01 -9.439642000000000310e-01
1.499999999999999944e-01 -9.782695000000000141e-01
2.000000000000000111e-01 -1.009020000000000028e+00
2.500000000000000000e-01 -1.051954000000000056e+00
2.999999999999999889e-01 -1.085255999999999998e+00
3.499999999999999778e-01 -1.115672999999999915e+00
4.000000000000000222e-01 -1.128873999999999933e+00
4.500000000000000111e-01 -1.122816000000000036e+00
5.000000000000000000e-01 -1.093790999999999958e+00
5.500000000000000444e-01 -1.034385000000000110e+00
5.999999999999999778e-01 -9.524454999999999449e-01
6.500000000000000222e-01 -8.401946000000000137e-01
6.999999999999999556e-01 -7.143289000000000444e-01
7.500000000000000000e-01 -5.699277999999999844e-01
8.000000000000000444e-01 -4.271309999999999829e-01
8.499999999999999778e-01 -2.841438000000000019e-01
9.000000000000000222e-01 -1.573601000000000028e-01
9.499999999999999556e-01 -4.555296999999999819e-02
1.000000000000000000e+00 4.218137000000000275e-02
1.050000000000000044e+00 1.085929000000000061e-01
1.100000000000000089e+00 1.524849000000000065e-01
1.149999999999999911e+00 1.786203000000000096e-01
1.199999999999999956e+00 1.905788999999999955e-01
1.250000000000000000e+00 1.939773999999999943e-01
1.300000000000000044e+00 1.929445999999999939e-01
1.350000000000000089e+00 1.926015000000000088e-01
1.399999999999999911e+00 1.936862000000000028e-01
1.449999999999999956e+00 1.995563999999999949e-01
1.500000000000000000e+00 2.060368999999999950e-01
1.550000000000000044e+00 2.134434000000000053e-01
1.600000000000000089e+00 2.151399999999999979e-01
1.649999999999999911e+00 2.086046000000000011e-01
1.699999999999999956e+00 1.904792999999999903e-01
1.750000000000000000e+00 1.596413999999999889e-01
1.800000000000000044e+00 1.187171999999999950e-01
1.850000000000000089e+00 7.768049999999999955e-02
1.899999999999999911e+00 3.241576000000000179e-02
1.949999999999999956e+00 1.243624999999999939e-02
2.000000000000000000e+00 -8.835080999999999837e-03
2.049999999999999822e+00 -3.689408999999999831e-04
2.100000000000000089e+00 2.168901999999999983e-02
2.149999999999999911e+00 5.227716000000000307e-02
2.200000000000000178e+00 8.365300000000000513e-02
2.250000000000000000e+00 1.049353999999999981e-01
2.299999999999999822e+00 1.148156000000000038e-01
2.350000000000000089e+00 1.115786000000000000e-01
2.399999999999999911e+00 9.680033999999999861e-02
2.450000000000000178e+00 7.521398999999999446e-02
2.500000000000000000e+00 5.378356000000000109e-02
2.549999999999999822e+00 3.499478999999999784e-02
2.600000000000000089e+00 1.991696999999999912e-02
2.649999999999999911e+00 3.453331999999999929e-03
2.700000000000000178e+00 -1.155204999999999947e-02
2.750000000000000000e+00 -2.565972999999999865e-02
2.799999999999999822e+00 -3.959178000000000003e-02
2.850000000000000089e+00 -5.307697000000000109e-02
2.899999999999999911e+00 -6.627007999999999510e-02
2.950000000000000178e+00 -7.920088000000000128e-02
3.000000000000000000e+00 -9.147523000000000459e-02
3.049999999999999822e+00 -1.007482999999999990e-01
3.100000000000000089e+00 -1.076088000000000044e-01
3.149999999999999911e+00 -1.111797000000000063e-01
3.200000000000000178e+00 -1.106951000000000046e-01
3.250000000000000000e+00 -1.053134000000000015e-01
3.299999999999999822e+00 -9.583434000000000397e-02
3.350000000000000089e+00 -8.234207999999999805e-02
3.399999999999999911e+00 -6.556054999999999522e-02
3.450000000000000178e+00 -4.701724999999999655e-02
3.500000000000000000e+00 -2.761749000000000148e-02
3.549999999999999822e+00 -8.411705000000000224e-03
3.600000000000000089e+00 9.685934000000000210e-03
3.649999999999999911e+00 2.572701000000000154e-02
3.700000000000000178e+00 3.961585000000000106e-02
3.750000000000000000e+00 5.118506999999999918e-02
3.799999999999999822e+00 6.045322999999999669e-02
3.850000000000000089e+00 6.759745000000000337e-02
3.899999999999999911e+00 7.282734999999999903e-02
3.950000000000000178e+00 7.626223999999999503e-02
4.000000000000000000e+00 7.795354999999999646e-02
4.049999999999999822e+00 7.804017000000000592e-02
4.099999999999999645e+00 7.627570999999999657e-02
4.150000000000000355e+00 7.250911000000000162e-02
4.200000000000000178e+00 6.660957000000000683e-02
4.250000000000000000e+00 5.868878999999999763e-02
4.299999999999999822e+00 4.863553000000000320e-02
4.349999999999999645e+00 3.667427000000000187e-02
4.400000000000000355e+00 2.320262999999999839e-02
4.450000000000000178e+00 8.777000999999999553e-03
4.500000000000000000e+00 -5.999469000000000329e-03
4.549999999999999822e+00 -2.040091999999999947e-02
4.599999999999999645e+00 -3.370501000000000053e-02
4.650000000000000355e+00 -4.537010999999999822e-02
4.700000000000000178e+00 -5.477471999999999897e-02
4.750000000000000000e+00 -6.155631000000000297e-02
4.799999999999999822e+00 -6.554337999999999831e-02
4.849999999999999645e+00 -6.683045999999999431e-02
4.900000000000000355e+00 -6.551126999999999645e-02
4.950000000000000178e+00 -6.189432000000000267e-02
5.000000000000000000e+00 -5.636371999999999910e-02
5.049999999999999822e+00 -4.933962000000000070e-02
5.099999999999999645e+00 -4.118878000000000122e-02
5.150000000000000355e+00 -3.227100000000000107e-02
5.200000000000000178e+00 -2.289512999999999965e-02
5.250000000000000000e+00 -1.324888999999999928e-02
5.299999999999999822e+00 -3.596637000000000185e-03
5.349999999999999645e+00 5.849573000000000272e-03
5.400000000000000355e+00 1.487091999999999928e-02
5.450000000000000178e+00 2.335078999999999974e-02
5.500000000000000000e+00 3.090740999999999974e-02
5.549999999999999822e+00 3.726113000000000341e-02
5.599999999999999645e+00 4.214790999999999677e-02
5.650000000000000355e+00 4.541661000000000309e-02
5.700000000000000178e+00 4.680869000000000002e-02
5.750000000000000000e+00 4.626794000000000046e-02
5.799999999999999822e+00 4.385108000000000061e-02
5.849999999999999645e+00 3.974276999999999671e-02
5.900000000000000355e+00 3.416624000000000050e-02
5.950000000000000178e+00 2.746691000000000063e-02
6.000000000000000000e+00 2.003264000000000086e-02
6.049999999999999822e+00 1.226166000000000061e-02
6.099999999999999645e+00 4.480381000000000294e-03
6.150000000000000355e+00 -2.978722999999999961e-03
6.200000000000000178e+00 -9.839043000000000441e-03
6.250000000000000000e+00 -1.588414000000000145e-02
6.299999999999999822e+00 -2.095525999999999986e-02
6.349999999999999645e+00 -2.494497999999999854e-02
6.400000000000000355e+00 -2.778993999999999909e-02
6.450000000000000178e+00 -2.946497000000000005e-02
6.500000000000000000e+00 -2.997961999999999849e-02
6.549999999999999822e+00 -2.962493000000000071e-02
6.599999999999999645e+00 -2.818417999999999965e-02
6.650000000000000355e+00 -2.573819999999999927e-02
6.700000000000000178e+00 -2.240922000000000053e-02
6.750000000000000000e+00 -1.835938999999999974e-02
6.799999999999999822e+00 -1.378450999999999982e-02
6.849999999999999645e+00 -8.903177999999999440e-03
6.900000000000000355e+00 -3.942736999999999978e-03
6.950000000000000178e+00 8.762636000000000513e-04
7.000000000000000000e+00 5.354890999999999644e-03
7.049999999999999822e+00 9.455451999999999607e-03
7.099999999999999645e+00 1.293443000000000023e-02
7.150000000000000355e+00 1.569169000000000119e-02
7.200000000000000178e+00 1.768047000000000021e-02
7.250000000000000000e+00 1.890245999999999940e-02
7.299999999999999822e+00 1.939582999999999932e-02
7.349999999999999645e+00 1.922006999999999882e-02
7.400000000000000355e+00 1.844261999999999985e-02
7.450000000000000178e+00 1.713071999999999859e-02
7.500000000000000000e+00 1.534918000000000046e-02
7.549999999999999822e+00 1.315835999999999915e-02
7.599999999999999645e+00 1.064217999999999935e-02
7.650000000000000355e+00 7.872333000000000455e-03
7.700000000000000178e+00 4.920790999999999880e-03
7.750000000000000000e+00 1.863611000000000044e-03
7.799999999999999822e+00 -1.215974999999999999e-03
7.849999999999999645e+00 -4.226175999999999891e-03
7.900000000000000355e+00 -7.067473999999999805e-03
7.950000000000000178e+00 -9.635747999999999536e-03
8.000000000000000000e+00 -1.182741000000000001e-02
8.050000000000000711e+00 -1.357820000000000034e-02
8.099999999999999645e+00 -1.479070000000000037e-02
8.150000000000000355e+00 -1.540215999999999981e-02
8.199999999999999289e+00 -1.537338000000000073e-02
8.250000000000000000e+00 -1.469392999999999914e-02
8.300000000000000711e+00 -1.338597000000000051e-02
8.349999999999999645e+00 -1.150611999999999989e-02
8.400000000000000355e+00 -9.144707000000000183e-03
8.449999999999999289e+00 -6.422177000000000267e-03
8.500000000000000000e+00 -3.482517999999999985e-03
8.550000000000000711e+00 -4.759265000000000045e-04
8.599999999999999645e+00 2.459558000000000143e-03
8.650000000000000355e+00 5.170506000000000060e-03
8.699999999999999289e+00 7.520605999999999992e-03
8.750000000000000000e+00 9.400580999999999868e-03
8.800000000000000711e+00 1.073557999999999978e-02
8.849999999999999645e+00 1.148918999999999982e-02
8.900000000000000355e+00 1.166358999999999972e-02
8.949999999999999289e+00 1.129602000000000037e-02
9.000000000000000000e+00 1.045226999999999962e-02
9.050000000000000711e+00 9.277762999999999635e-03
9.099999999999999645e+00 7.786219999999999947e-03
9.150000000000000355e+00 6.070601999999999596e-03
9.199999999999999289e+00 4.221639000000000121e-03
9.250000000000000000e+00 2.323279000000000143e-03
9.300000000000000711e+00 4.503026999999999941e-04
9.349999999999999645e+00 -1.332159999999999985e-03
9.400000000000000355e+00 -2.967876999999999842e-03
9.449999999999999289e+00 -4.408297000000000257e-03
9.500000000000000000e+00 -5.611661000000000427e-03
9.550000000000000711e+00 -6.588265999999999740e-03
9.599999999999999645e+00 -7.271943999999999804e-03
9.650000000000000355e+00 -7.640697000000000114e-03
9.699999999999999289e+00 -7.684215999999999790e-03
9.750000000000000000e+00 -7.406117000000000256e-03
9.800000000000000711e+00 -6.825345000000000023e-03
9.849999999999999645e+00 -5.976246000000000162e-03
9.900000000000000355e+00 -4.907006999999999688e-03
9.949999999999999289e+00 -3.676534999999999873e-03
1.000000000000000000e+01 -2.350138999999999787e-03
1.005000000000000071e+01 -9.911346000000000565e-04
1.009999999999999964e+01 3.470600000000000009e-04
1.015000000000000036e+01 1.606182999999999960e-03
1.019999999999999929e+01 2.736568999999999894e-03
1.025000000000000000e+01 3.699033999999999916e-03
1.030000000000000071e+01 4.465517999999999918e-03
1.034999999999999964e+01 5.018642000000000242e-03
1.040000000000000036e+01 5.350556999999999709e-03
1.044999999999999929e+01 5.461498999999999868e-03
1.050000000000000000e+01 5.358446000000000216e-03
1.055000000000000071e+01 5.054142999999999657e-03
1.059999999999999964e+01 4.566576000000000142e-03
1.065000000000000036e+01 3.918813999999999631e-03
1.069999999999999929e+01 3.138978000000000167e-03
1.075000000000000000e+01 2.260044000000000115e-03
1.080000000000000071e+01 1.319227000000000073e-03
1.084999999999999964e+01 3.567783000000000261e-04
1.090000000000000036e+01 -5.857914999999999563e-04
1.094999999999999929e+01 -1.467933999999999949e-03
1.100000000000000000e+01 -2.252444000000000147e-03
1.105000000000000071e+01 -2.934981000000000135e-03
1.109999999999999964e+01 -3.473425000000000037e-03
1.115000000000000036e+01 -3.847876000000000074e-03
1.119999999999999929e+01 -4.046822000000000266e-03
1.125000000000000000e+01 -4.067425999999999854e-03
1.130000000000000071e+01 -3.915192999999999972e-03
1.134999999999999964e+01 -3.603143000000000058e-03
1.140000000000000036e+01 -3.150636999999999969e-03
1.144999999999999929e+01 -2.582030999999999823e-03
1.150000000000000000e+01 -1.925309000000000048e-03
1.155000000000000071e+01 -1.210806999999999942e-03
1.159999999999999964e+01 -4.700632999999999960e-04
1.165000000000000036e+01 2.652274999999999945e-04
1.169999999999999929e+01 9.642115999999999621e-04
1.175000000000000000e+01 1.597904000000000034e-03
1.180000000000000071e+01 2.140298000000000114e-03
1.184999999999999964e+01 2.569543999999999995e-03
1.190000000000000036e+01 2.869131000000000025e-03
1.194999999999999929e+01 3.028939999999999931e-03
1.200000000000000000e+01 3.045990000000000156e-03
1.205000000000000071e+01 2.959451000000000095e-03
1.209999999999999964e+01 2.736417000000000103e-03
1.215000000000000036e+01 2.390401999999999805e-03
1.219999999999999929e+01 1.941521999999999996e-03
1.225000000000000000e+01 1.415112000000000054e-03
1.230000000000000071e+01 8.399892999999999639e-04
1.234999999999999964e+01 2.465592999999999756e-04
1.240000000000000036e+01 -3.350540999999999741e-04
1.244999999999999929e+01 -8.767180999999999976e-04
1.250000000000000000e+01 -1.353762000000000108e-03
1.255000000000000071e+01 -1.746158000000000042e-03
1.259999999999999964e+01 -2.039370999999999892e-03
1.265000000000000036e+01 -2.224850000000000005e-03
1.269999999999999929e+01 -2.300107999999999927e-03
1.275000000000000000e+01 -2.268398000000000029e-03
1.280000000000000071e+01 -2.138014000000000147e-03
1.284999999999999964e+01 -1.921291000000000101e-03
1.290000000000000036e+01 -1.633455000000000020e-03
1.294999999999999929e+01 -1.291470000000000075e-03
1.300000000000000000e+01 -9.130370000000000066e-04
1.305000000000000071e+01 -5.198234000000000144e-04
1.309999999999999964e+01 -1.199742000000000007e-04
1.315000000000000036e+01 2.702426000000000069e-04
1.319999999999999929e+01 6.354988999999999473e-04
1.325000000000000000e+01 9.617652000000000189e-04
1.330000000000000071e+01 1.236682999999999923e-03
1.334999999999999964e+01 1.449977000000000080e-03
1.340000000000000036e+01 1.593893999999999997e-03
1.344999999999999929e+01 1.663650999999999932e-03
1.350000000000000000e+01 1.657805999999999950e-03
1.355000000000000071e+01 1.578504000000000105e-03
1.359999999999999964e+01 1.431509999999999987e-03
1.365000000000000036e+01 1.225979000000000088e-03
1.369999999999999929e+01 9.739526999999999560e-04
1.375000000000000000e+01 6.895987999999999814e-04
1.380000000000000071e+01 3.882647000000000030e-04
1.384999999999999964e+01 8.543816000000000192e-05
1.390000000000000036e+01 -2.042671000000000081e-04
1.394999999999999929e+01 -4.679913000000000063e-04
1.400000000000000000e+01 -6.952854999999999756e-04
1.405000000000000071e+01 -8.898292000000000354e-04
1.409999999999999964e+01 -1.037165000000000049e-03
1.415000000000000036e+01 -1.133719999999999953e-03
1.419999999999999929e+01 -1.178594000000000039e-03
1.425000000000000000e+01 -1.173186000000000107e-03
1.430000000000000071e+01 -1.120717999999999931e-03
1.434999999999999964e+01 -1.025744999999999999e-03
1.440000000000000036e+01 -8.937421000000000297e-04
1.444999999999999929e+01 -7.307986999999999730e-04
1.450000000000000000e+01 -5.434587999999999745e-04
1.455000000000000071e+01 -3.386767999999999962e-04
1.459999999999999964e+01 -1.238447999999999904e-04
1.465000000000000036e+01 9.317431999999999462e-05
1.469999999999999929e+01 3.040766000000000085e-04
1.475000000000000000e+01 5.002637999999999790e-04
1.480000000000000071e+01 6.731393000000000012e-04
1.484999999999999964e+01 8.145491999999999837e-04
1.490000000000000036e+01 9.173357999999999729e-04
1.494999999999999929e+01 9.759382000000000473e-04
1.500000000000000000e+01 9.869610999999999922e-04
1.505000000000000071e+01 9.557907000000000035e-04
1.509999999999999964e+01 8.779792999999999712e-04
1.515000000000000036e+01 7.578058000000000146e-04
1.519999999999999929e+01 6.023813999999999514e-04
1.525000000000000000e+01 4.211152000000000233e-04
1.530000000000000071e+01 2.249375999999999925e-04
1.534999999999999964e+01 2.537871999999999950e-05
1.540000000000000036e+01 -1.663835999999999972e-04
1.544999999999999929e+01 -3.403888999999999895e-04
1.550000000000000000e+01 -4.885732999999999526e-04
1.555000000000000071e+01 -6.051952999999999890e-04
1.559999999999999964e+01 -6.869807000000000344e-04
1.565000000000000036e+01 -7.330031000000000090e-04
1.569999999999999929e+01 -7.443534000000000348e-04
1.575000000000000000e+01 -7.236767999999999760e-04
1.580000000000000071e+01 -6.746690000000000282e-04
1.584999999999999964e+01 -6.016132999999999681e-04
1.590000000000000036e+01 -5.090237999999999968e-04
1.594999999999999929e+01 -4.014253000000000070e-04
1.600000000000000000e+01 -2.832698999999999829e-04
1.605000000000000071e+01 -1.620195999999999963e-04
1.610000000000000142e+01 -3.750165999999999764e-05
1.614999999999999858e+01 8.609165000000000437e-05
1.619999999999999929e+01 2.042399000000000027e-04
1.625000000000000000e+01 3.121954999999999826e-04
1.630000000000000071e+01 4.052207999999999743e-04
1.635000000000000142e+01 4.789357000000000163e-04
1.639999999999999858e+01 5.297230999999999902e-04
1.644999999999999929e+01 5.551228999999999972e-04
1.650000000000000000e+01 5.541448999999999941e-04
1.655000000000000071e+01 5.274401000000000393e-04
1.660000000000000142e+01 4.772956999999999981e-04
1.664999999999999858e+01 4.074452999999999799e-04
1.669999999999999929e+01 3.227195000000000194e-04
1.675000000000000000e+01 2.285857000000000026e-04
1.680000000000000071e+01 1.306443999999999921e-04
1.685000000000000142e+01 3.415234999999999837e-05
1.689999999999999858e+01 -5.636340999999999709e-05
1.694999999999999929e+01 -1.373570000000000064e-04
1.700000000000000000e+01 -2.063607999999999979e-04
1.705000000000000071e+01 -2.646918999999999856e-04
1.710000000000000142e+01 -3.093074999999999926e-04
1.714999999999999858e+01 -3.399760000000000260e-04
1.719999999999999929e+01 -3.568447000000000090e-04
1.725000000000000000e+01 -3.602589000000000008e-04
1.730000000000000071e+01 -3.506631000000000071e-04
1.735000000000000142e+01 -3.285965999999999974e-04
1.739999999999999858e+01 -2.947707999999999730e-04
1.744999999999999929e+01 -2.501975000000000249e-04
1.750000000000000000e+01 -1.963245999999999871e-04
1.755000000000000071e+01 -1.351331999999999956e-04
1.760000000000000142e+01 -6.916067000000000135e-05
1.764999999999999858e+01 -1.426963999999999913e-06
1.769999999999999929e+01 6.473522999999999853e-05
1.775000000000000000e+01 1.259277000000000107e-04
1.780000000000000071e+01 1.789755000000000078e-04
1.785000000000000142e+01 2.212132000000000117e-04
1.789999999999999858e+01 2.507243000000000145e-04
1.794999999999999929e+01 2.664980999999999752e-04
1.800000000000000000e+01 2.684823000000000027e-04
1.805000000000000071e+01 2.608671000000000015e-04
1.810000000000000142e+01 2.416774000000000114e-04
1.814999999999999858e+01 2.126379999999999926e-04
1.819999999999999929e+01 1.758519999999999962e-04
1.825000000000000000e+01 1.335910999999999956e-04
1.830000000000000071e+01 8.811481999999999334e-05
1.835000000000000142e+01 4.153936000000000135e-05
1.839999999999999858e+01 -4.236158000000000311e-06
1.844999999999999929e+01 -4.755088999999999833e-05
1.850000000000000000e+01 -8.696723999999999915e-05
1.855000000000000071e+01 -1.212409000000000067e-04
1.860000000000000142e+01 -1.492968999999999969e-04
1.864999999999999858e+01 -1.702293000000000068e-04
1.869999999999999929e+01 -1.833290000000000061e-04
1.875000000000000000e+01 -1.881406000000000126e-04
1.880000000000000071e+01 -1.845320000000000011e-04
1.885000000000000142e+01 -1.727615999999999961e-04
1.889999999999999858e+01 -1.535219000000000048e-04
1.894999999999999929e+01 -1.279429000000000113e-04
1.900000000000000000e+01 -9.754604999999999418e-05
1.905000000000000071e+01 -6.514018000000000217e-05
1.910000000000000142e+01 -3.098136999999999912e-05
1.914999999999999858e+01 3.034879999999999817e-06
1.919999999999999929e+01 3.509215999999999979e-05
1.925000000000000000e+01 6.359501000000000422e-05
1.930000000000000071e+01 8.728117000000000514e-05
1.935000000000000142e+01 1.052914000000000063e-04
1.939999999999999858e+01 1.171919999999999988e-04
1.944999999999999929e+01 1.229517999999999974e-04
1.950000000000000000e+01 1.228847999999999995e-04
1.955000000000000071e+01 1.175708000000000026e-04
1.960000000000000142e+01 1.077690999999999979e-04
1.964999999999999858e+01 9.433971000000000143e-05
1.969999999999999929e+01 7.817935999999999614e-05
1.975000000000000000e+01 6.017754000000000050e-05
1.980000000000000071e+01 4.119038999999999714e-05
1.985000000000000142e+01 2.202748000000000073e-05
1.989999999999999858e+01 3.444413999999999968e-06
1.994999999999999929e+01 -1.386554000000000074e-05
2.000000000000000000e+01 -2.928534999999999906e-05
