# # Once                                                         FEFF 10.0.0 
# # POT  SCF 100  9.0000   0, core-hole, FOLP (folp(0)= 1.150)
# # Abs   Z=30 Rmt= 1.384 Rnm= 1.528 K  shell
# #   RGRID 0.0100
# # Pot 1 Z= 6 Rmt= 0.900 Rnm= 1.123
# # Pot 2 Z= 6 Rmt= 0.926 Rnm= 1.166
# # Pot 3 Z= 1 Rmt= 0.548 Rnm= 0.950
# # Pot 4 Z=16 Rmt= 1.255 Rnm= 1.472
# # Gam_ch=1.897E+00 H-L exch Vi= 0.000E+00 Vr= 0.000E+00
# # Mu=-6.879E+00eV kf=1.991E+00 Vint=-1.303E+01eV Rs_int= 1.821
# # PATH  Rmax= 6.000,  Keep_limit= 0.00, Heap_limit 0.00  Pwcrit= 2.50%
#  S02=1.000  Temp=  10.00  Debye_temp= 315.00  Global_sig2= 0.00000
#  Energy zero shift, vr, vi    0.00000E+00   0.00000E+00
#  Curved wave amplitude ratio filter   4.000%
#     file         sig2 tot  cw amp ratio   deg  nlegs   reff  inp sig2
#           1       0.00299    100.00      1.00     2   2.3554
#           2       0.00302     99.74      1.00     2   2.3577
#           3       0.00309     98.66      1.00     2   2.3675
#           4       0.00307     98.50      1.00     2   2.3689
#           5       0.02852     12.39      1.00     2   3.0677
#           6       0.02925     11.57      1.00     2   3.1481
#           7       0.02434     10.71      1.00     2   3.2410
#           8       0.00571     40.08      1.00     2   3.2649
#           9       0.00608     39.73      1.00     2   3.2754
#          10       0.00567     39.64      1.00     2   3.2781
#          11       0.02426     10.24      1.00     2   3.2961
#          12       0.00596     39.01      1.00     2   3.2978
#          13       0.02457      9.87      1.00     2   3.3416
#          14       0.02496      9.65      1.00     2   3.3688
#          15       0.03425      8.80      1.00     2   3.4864
#          16       0.03609      8.06      1.00     2   3.6004
#          17       0.01374     14.39      2.00     3   3.7180
#          18       0.00414     43.41      2.00     3   3.7285
#          19       0.00411     43.03      2.00     3   3.7294
#          20       0.00412     42.81      2.00     3   3.7371
#          21       0.00415     43.14      2.00     3   3.7406
#          22       0.01398     12.67      2.00     3   3.7693
#          23       0.01190     10.50      2.00     3   3.7997
#          24       0.01192      9.73      2.00     3   3.8339
#          25       0.01213      9.17      2.00     3   3.8565
#          26       0.01238      8.90      2.00     3   3.8635
#          27       0.01643      7.53      2.00     3   3.9118
#          28       0.01058     23.86      1.00     2   3.9386
#          29       0.01669      7.37      2.00     3   3.9530
#          30       0.01040     22.78      1.00     2   4.0035
#          31       0.01496      7.08      2.00     3   4.0086
#          32       0.01493      6.96      2.00     3   4.0372
#          33       0.01502      6.86      2.00     3   4.0610
#          34       0.01502      6.82      2.00     3   4.0740
#          35       0.02501      7.70      1.00     4   4.1606
#          37       0.01463      5.34      1.00     2   4.1796
#          38       0.00442     14.94      1.00     4   4.1817
#          40       0.00445     14.54      1.00     4   4.1834
#          41       0.00450     14.98      1.00     4   4.1938
#          42       0.00451     14.74      1.00     4   4.1960
#          45       0.00426      8.93      2.00     3   4.2256
#          46       0.00426      8.99      2.00     3   4.2273
#          47       0.01353      5.16      1.00     2   4.2298
#          48       0.02533      7.13      1.00     4   4.2407
#          49       0.01880     12.30      2.00     3   4.2591
#          51       0.01173     19.49      2.00     3   4.2742
#          52       0.00422      9.82      2.00     3   4.2770
#          54       0.01131     19.83      2.00     3   4.3105
#          56       0.00422     10.00      2.00     3   4.3190
#          58       0.01842      6.44      1.00     4   4.3345
#          59       0.00421     11.01      2.00     3   4.3467
#          60       0.00440     11.00      2.00     3   4.3478
#          61       0.01947     10.72      2.00     3   4.3485
#          62       0.01129     19.58      1.00     4   4.3687
#          63       0.00600     16.80      2.00     3   4.3763
#          64       0.01791      6.12      1.00     4   4.3897
#          65       0.01118     20.88      1.00     4   4.3911
#          66       0.00599     17.08      2.00     3   4.3974
#          67       0.01689      4.14      2.00     4   4.3983
#          68       0.01675      4.09      2.00     4   4.4123
#          69       0.01816      5.86      1.00     4   4.4348
#          70       0.01796      5.70      1.00     4   4.4621
#          71       0.01219      8.23      2.00     3   4.4643
#          72       0.03266      4.37      1.00     2   4.4855
#          73       0.01203      8.75      2.00     3   4.4888
#          75       0.00586     15.07      2.00     3   4.5540
#          76       0.00948     16.72      2.00     4   4.5588
#          78       0.00948     18.55      2.00     4   4.5694
#          79       0.02948      4.12      1.00     2   4.5787
#          80       0.03520      5.74      1.00     4   4.5795
#          81       0.00585     15.13      2.00     3   4.5837
#          82       0.01707      6.49      2.00     4   4.5987
#          83       0.01217      5.74      2.00     3   4.6104
#          84       0.01263      5.24      2.00     3   4.6171
#          85       0.01714      6.45      2.00     4   4.6504
#          86       0.03806      5.21      1.00     4   4.6934
#          87       0.01134      5.55      2.00     4   4.6967
#          88       0.00548     14.33      1.00     2   4.7005
#          89       0.00598      8.37      1.00     4   4.7107
#          91       0.00543     14.19      1.00     2   4.7157
#          92       0.00605      8.32      1.00     4   4.7154
#          95       0.00458      4.99      2.00     4   4.7243
#          96       0.00470      5.00      2.00     4   4.7252
#          98       0.00982     12.98      2.00     4   4.7273
#          99       0.00618      8.14      1.00     4   4.7350
#         101       0.00613      8.12      1.00     4   4.7379
#         102       0.00561     47.65      2.00     3   4.7411
#         103       0.01167      5.91      2.00     4   4.7424
#         104       0.01405      4.02      1.00     4   4.7477
#         106       0.00966     13.50      2.00     4   4.7533
#         107       0.00558     47.28      2.00     3   4.7556
#         108       0.01975      8.17      2.00     3   4.7586
#         109       0.00619     47.28      1.00     4   4.7816
#         111       0.00620      4.45      1.00     4   4.7913
#         112       0.00615     46.91      1.00     4   4.7955
#         115       0.00532      6.39      2.00     4   4.8191
#         116       0.01860      8.19      2.00     3   4.8376
#         117       0.01218      5.65      2.00     4   4.8400
#         118       0.01236      5.16      2.00     4   4.8477
#         119       0.00531      6.70      2.00     4   4.8505
#         121       0.01497     12.25      2.00     3   4.9239
#         122       0.00491     22.68      2.00     3   4.9265
#         123       0.02422      4.05      2.00     3   4.9322
#         124       0.00491     23.00      2.00     3   4.9357
#         125       0.00459     40.81      2.00     4   4.9671
#         127       0.02334      4.33      2.00     3   4.9745
#         128       0.00460     41.24      2.00     4   4.9757
#         129       0.00498      6.81      2.00     4   4.9775
#         130       0.01498     11.48      2.00     3   4.9781
#         131       0.00501      6.64      2.00     4   4.9916
#         132       0.01533      5.38      2.00     4   5.0042
#         133       0.01583      4.21      2.00     3   5.0091
#         135       0.01571      4.32      1.00     4   5.0317
#         136       0.01323     11.60      1.00     4   5.0341
#         137       0.00890      5.72      2.00     3   5.0464
#         138       0.01598      4.59      2.00     4   5.0547
#         141       0.00879      5.43      2.00     3   5.0820
#         143       0.00949     12.80      2.00     4   5.0870
#         144       0.00641      6.01      1.00     4   5.0913
#         145       0.01531      4.58      1.00     4   5.0966
#         147       0.01312     10.48      1.00     4   5.0991
#         148       0.00684      6.07      1.00     4   5.1017
#         149       0.00873      5.19      2.00     3   5.1048
#         150       0.00644      5.99      1.00     4   5.1052
#         151       0.00880      5.04      2.00     3   5.1105
#         152       0.00954     12.48      2.00     4   5.1219
#         153       0.00685      6.05      1.00     4   5.1235
#         154       0.01413      4.85      2.00     3   5.1371
#         156       0.00969     12.27      2.00     4   5.1447
#         157       0.02229      4.36      2.00     4   5.1464
#         158       0.01441      5.14      2.00     3   5.1475
#         159       0.00998     12.21      2.00     4   5.1511
#         160       0.00538     11.11      1.00     4   5.1525
#         161       0.00538     11.58      1.00     4   5.1558
#         163       0.02170      7.11      2.00     3   5.1880
#         164       0.01363      5.69      2.00     4   5.1962
#         165       0.00477     28.85      2.00     4   5.2055
#         166       0.01254      4.57      2.00     4   5.2053
#         167       0.02164      7.46      2.00     3   5.2101
#         168       0.00478     29.06      2.00     4   5.2145
#         169       0.01670      5.79      2.00     3   5.2215
#         170       0.02154      7.78      2.00     3   5.2232
#         171       0.02156      7.97      2.00     3   5.2286
#         172       0.01306      6.07      2.00     4   5.2315
#         173       0.01238      5.22      2.00     4   5.2334
#         175       0.01157      4.04      2.00     4   5.2401
#         177       0.01137      4.15      2.00     4   5.2472
#         178       0.01141      9.41      2.00     4   5.2472
#         179       0.01656      5.85      2.00     3   5.2489
#         180       0.01629      6.12      2.00     3   5.2633
#         181       0.01636      5.96      2.00     3   5.2631
#         182       0.01133      4.84      2.00     4   5.2680
#         183       0.01136      9.61      2.00     4   5.2685
#         184       0.01259      7.02      2.00     4   5.2759
#         186       0.01251      6.82      2.00     4   5.3114
#         189       0.01254      6.69      2.00     4   5.3339
#         191       0.01261      6.63      2.00     4   5.3397
#         193       0.02424      6.01      1.00     4   5.3597
#         194       0.02410      4.66      1.00     4   5.3615
#         195       0.01247      7.87      2.00     4   5.3616
#         196       0.02408      5.72      1.00     4   5.3625
#         197       0.02407      5.21      1.00     4   5.3647
#         198       0.01251      7.93      2.00     4   5.3719
#         199       0.01607      8.37      2.00     4   5.3944
#         200       0.01602      6.95      2.00     4   5.3950
#         201       0.01602      7.96      2.00     4   5.4024
#         202       0.01603      7.45      2.00     4   5.4036
#         205       0.01531      7.67      2.00     3   5.4221
#         206       0.01479      6.21      1.00     4   5.4272
#         210       0.00631      8.35      2.00     3   5.4347
#         212       0.01523      7.61      2.00     3   5.4373
#         213       0.01475      6.18      1.00     4   5.4408
#         214       0.00647      7.96      2.00     3   5.4426
#         217       0.01145      8.10      2.00     4   5.4446
#         218       0.00628      8.17      2.00     3   5.4452
#         219       0.01128      4.23      2.00     3   5.4456
#         220       0.01137      4.01      2.00     3   5.4464
#         221       0.00637      7.51      2.00     3   5.4477
#         222       0.01140      8.02      2.00     4   5.4721
#         224       0.01132      8.07      2.00     4   5.4862
#         225       0.01131      8.00      2.00     4   5.4863
#         228       0.01127      5.55      2.00     4   5.5393
#         229       0.01124      5.53      2.00     4   5.5582
#         230       0.01228      4.14      2.00     4   5.5603
#         232       0.01177      6.13      2.00     4   5.5767
#         233       0.01178      4.57      2.00     4   5.5775
#         235       0.01174      5.62      2.00     4   5.5857
#         236       0.01177      5.07      2.00     4   5.5867
#         237       0.00540      9.79      2.00     4   5.5892
#         238       0.00542      9.85      2.00     4   5.5937
#         240       0.00537      9.32      2.00     4   5.6005
#         242       0.01091      6.60      2.00     3   5.6061
#         243       0.00534      8.84      2.00     4   5.6084
#         245       0.01081      4.78      2.00     4   5.6114
#         246       0.01073     10.92      2.00     4   5.6112
#         248       0.00668      6.67      2.00     4   5.6203
#         249       0.01082      6.56      2.00     3   5.6221
#         250       0.01080      4.00      2.00     4   5.6256
#         251       0.01079      4.36      2.00     4   5.6255
#         252       0.01070     10.87      2.00     4   5.6256
#         253       0.01157      4.22      2.00     4   5.6300
#         254       0.00953      4.69      2.00     4   5.6308
#         255       0.00906      4.65      2.00     4   5.6324
#         256       0.00666      6.46      2.00     4   5.6358
#         257       0.00728      6.19      2.00     4   5.6429
#         259       0.01145      9.06      2.00     4   5.6467
#         260       0.00902      4.61      2.00     4   5.6471
#         261       0.01151      4.47      2.00     4   5.6522
#         263       0.00945      4.62      2.00     4   5.6555
#         264       0.01138      8.99      2.00     4   5.6620
#         265       0.00711      5.65      2.00     4   5.6667
#         266       0.01141      4.72      2.00     4   5.6664
#         267       0.01138      4.90      2.00     4   5.6716
#         271       0.01181      4.75      2.00     4   5.7767
#         273       0.01182      4.81      2.00     4   5.7850
#         275       0.00970      4.76      1.00     4   5.7953
#         276       0.00969      4.75      1.00     4   5.8104
#         277       0.00979      7.89      2.00     4   5.8321
#         278       0.00979      8.00      2.00     4   5.8422
#         280       0.00925      5.02      2.00     4   5.9369
#         281       0.00928      4.99      2.00     4   5.9568
#         282       0.00972      4.19      2.00     4   5.9607
#         284       0.00972      4.26      2.00     4   5.9698
#   223/ 271 paths used
#  xsedge+50, used to normalize mu           1.0000E+00
#  -----------------------------------------------------------------------
#  omega    e    k    mu    mu0     chi     @#
    9923.637     -6.879   0.000 -6.87703E-05  1.43879E-04 -7.37428E-01
    9923.646     -6.869   0.050 -7.36305E-05  1.45741E-04 -7.59787E-01
    9923.675     -6.840   0.100 -7.83882E-05  1.47604E-04 -7.81735E-01
    9923.723     -6.793   0.150 -9.18977E-05  1.53148E-04 -8.44665E-01
    9923.789     -6.726   0.200 -1.04406E-04  1.58693E-04 -9.03715E-01
    9923.875     -6.640   0.250 -1.22841E-04  1.67497E-04 -9.92133E-01
    9923.980     -6.536   0.300 -1.38184E-04  1.76301E-04 -1.06913E+00
    9924.104     -6.412   0.350 -1.54972E-04  1.86970E-04 -1.15560E+00
    9924.247     -6.269   0.400 -1.65359E-04  1.97639E-04 -1.21955E+00
    9924.408     -6.107   0.450 -1.71414E-04  2.08125E-04 -1.26798E+00
    9924.589     -5.926   0.500 -1.67503E-04  2.18610E-04 -1.28277E+00
    9924.789     -5.726   0.550 -1.53618E-04  2.27420E-04 -1.26046E+00
    9925.009     -5.507   0.600 -1.28059E-04  2.36230E-04 -1.19990E+00
    9925.247     -5.269   0.650 -9.00778E-05  2.42905E-04 -1.09440E+00
    9925.504     -5.012   0.700 -4.26119E-05  2.49580E-04 -9.58259E-01
    9925.780     -4.735   0.750  1.41399E-05  2.54238E-04 -7.87788E-01
    9926.075     -4.440   0.800  7.41741E-05  2.58896E-04 -6.06380E-01
    9926.390     -4.126   0.850  1.35781E-04  2.61796E-04 -4.15055E-01
    9926.723     -3.792   0.900  1.92976E-04  2.64696E-04 -2.37018E-01
    9927.075     -3.440   0.950  2.43737E-04  2.66111E-04 -7.43993E-02
    9927.447     -3.069   1.000  2.84627E-04  2.67527E-04  5.72159E-02
    9927.837     -2.678   1.050  3.14609E-04  2.67707E-04  1.58289E-01
    9928.247     -2.268   1.100  3.33649E-04  2.67887E-04  2.23887E-01
    9928.676     -1.840   1.150  3.42427E-04  2.67087E-04  2.59257E-01
    9929.123     -1.392   1.200  3.43331E-04  2.66288E-04  2.68004E-01
    9929.590     -0.925   1.250  3.38247E-04  2.64740E-04  2.58871E-01
    9930.076     -0.440   1.300  3.30149E-04  2.63193E-04  2.38761E-01
    9930.581      0.065   1.350  3.21197E-04  2.61117E-04  2.17130E-01
    9931.104      0.589   1.400  3.13140E-04  2.59042E-04  1.98183E-01
    9931.647      1.132   1.450  3.07427E-04  2.56633E-04  1.88702E-01
    9932.209      1.694   1.500  3.03672E-04  2.54224E-04  1.86327E-01
    9932.790      2.275   1.550  3.01962E-04  2.51643E-04  1.92326E-01
    9933.390      2.875   1.600  3.00359E-04  2.49061E-04  1.98915E-01
    9934.010      3.494   1.650  2.97714E-04  2.46427E-04  2.01684E-01
    9934.648      4.132   1.700  2.92492E-04  2.43793E-04  1.94253E-01
    9935.305      4.790   1.750  2.83847E-04  2.41207E-04  1.72415E-01
    9935.981      5.466   1.800  2.71952E-04  2.38621E-04  1.36646E-01
    9936.677      6.161   1.850  2.59058E-04  2.36145E-04  9.51537E-02
    9937.391      6.876   1.900  2.44470E-04  2.33669E-04  4.54476E-02
    9938.124      7.609   1.950  2.35643E-04  2.31313E-04  1.84374E-02
    9938.877      8.361   2.000  2.26097E-04  2.28957E-04 -1.23306E-02
    9939.648      9.133   2.050  2.24351E-04  2.26898E-04 -1.11037E-02
    9940.439      9.924   2.100  2.26370E-04  2.24838E-04  6.75570E-03
    9941.249     10.733   2.150  2.31165E-04  2.22779E-04  3.74125E-02
    9942.077     11.562   2.200  2.36813E-04  2.20720E-04  7.26514E-02
    9942.925     12.410   2.250  2.42406E-04  2.20561E-04  9.92061E-02
    9943.792     13.276   2.300  2.45567E-04  2.20402E-04  1.14972E-01
    9944.678     14.162   2.350  2.45696E-04  2.20243E-04  1.16992E-01
    9945.582     15.067   2.400  2.42994E-04  2.20084E-04  1.05948E-01
    9946.506     15.991   2.450  2.38806E-04  2.20254E-04  8.59866E-02
    9947.449     16.934   2.500  2.34181E-04  2.20424E-04  6.39088E-02
    9948.411     17.896   2.550  2.29753E-04  2.20594E-04  4.26467E-02
    9949.392     18.877   2.600  2.25921E-04  2.20764E-04  2.40652E-02
    9950.393     19.877   2.650  2.21304E-04  2.20317E-04  4.61864E-03
    9951.412     20.896   2.700  2.17077E-04  2.19870E-04 -1.30913E-02
    9952.450     21.934   2.750  2.13185E-04  2.19423E-04 -2.93051E-02
    9953.507     22.992   2.800  2.09507E-04  2.18976E-04 -4.45821E-02
    9954.584     24.068   2.850  2.06282E-04  2.18753E-04 -5.86886E-02
    9955.679     25.163   2.900  2.03257E-04  2.18530E-04 -7.18414E-02
    9956.793     26.278   2.950  2.00392E-04  2.18306E-04 -8.42332E-02
    9957.927     27.411   3.000  1.97729E-04  2.18083E-04 -9.56643E-02
    9959.079     28.564   3.050  1.95918E-04  2.18087E-04 -1.03985E-01
    9960.251     29.735   3.100  1.94624E-04  2.18092E-04 -1.09857E-01
    9961.441     30.926   3.150  1.94027E-04  2.18096E-04 -1.12449E-01
    9962.651     32.136   3.200  1.94293E-04  2.18100E-04 -1.11006E-01
    9963.880     33.364   3.250  1.95764E-04  2.18290E-04 -1.04730E-01
    9965.128     34.612   3.300  1.98123E-04  2.18480E-04 -9.43690E-02
    9966.394     35.879   3.350  2.01343E-04  2.18669E-04 -8.00927E-02
    9967.680     37.165   3.400  2.05266E-04  2.18859E-04 -6.26546E-02
    9968.985     38.470   3.450  2.09721E-04  2.19187E-04 -4.34887E-02
    9970.309     39.794   3.500  2.14350E-04  2.19516E-04 -2.36558E-02
    9971.652     41.137   3.550  2.18913E-04  2.19844E-04 -4.24972E-03
    9973.014     42.499   3.600  2.23205E-04  2.20172E-04  1.37935E-02
    9974.395     43.880   3.650  2.27095E-04  2.20578E-04  2.95460E-02
    9975.796     45.280   3.700  2.30483E-04  2.20984E-04  4.29285E-02
    9977.215     46.699   3.750  2.33337E-04  2.21390E-04  5.38192E-02
    9978.653     48.138   3.800  2.35670E-04  2.21796E-04  6.22957E-02
    9980.110     49.595   3.850  2.37531E-04  2.22212E-04  6.85855E-02
    9981.587     51.071   3.900  2.38977E-04  2.22628E-04  7.29833E-02
    9983.082     52.567   3.950  2.40041E-04  2.23044E-04  7.56558E-02
    9984.597     54.081   4.000  2.40737E-04  2.23460E-04  7.66808E-02
    9986.130     55.615   4.050  2.41036E-04  2.23826E-04  7.62100E-02
    9987.683     57.167   4.100  2.40943E-04  2.24192E-04  7.40093E-02
    9989.254     58.739   4.150  2.40420E-04  2.24558E-04  6.99266E-02
    9990.845     60.330   4.200  2.39435E-04  2.24923E-04  6.38284E-02
    9992.455     61.939   4.250  2.37898E-04  2.25187E-04  5.58270E-02
    9994.084     63.568   4.300  2.35897E-04  2.25450E-04  4.58164E-02
    9995.731     65.216   4.350  2.33482E-04  2.25713E-04  3.40181E-02
    9997.398     66.883   4.400  2.30739E-04  2.25976E-04  2.08236E-02
    9999.084     68.569   4.450  2.27660E-04  2.26108E-04  6.77872E-03
   10000.789     70.274   4.500  2.24514E-04  2.26240E-04 -7.53814E-03
   10002.513     71.998   4.550  2.21462E-04  2.26372E-04 -2.14264E-02
   10004.256     73.741   4.600  2.18663E-04  2.26504E-04 -3.41955E-02
   10006.018     75.503   4.650  2.16101E-04  2.26494E-04 -4.53372E-02
   10007.799     77.284   4.700  2.14044E-04  2.26485E-04 -5.42726E-02
   10009.600     79.084   4.750  2.12569E-04  2.26475E-04 -6.06719E-02
   10011.419     80.904   4.800  2.11709E-04  2.26466E-04 -6.43925E-02
   10013.257     82.742   4.850  2.11324E-04  2.26335E-04 -6.55473E-02
   10015.115     84.599   4.900  2.11507E-04  2.26205E-04 -6.42244E-02
   10016.991     86.476   4.950  2.12187E-04  2.26075E-04 -6.07269E-02
   10018.887     88.371   5.000  2.13278E-04  2.25944E-04 -5.54215E-02
   10020.801     90.286   5.050  2.14612E-04  2.25728E-04 -4.86908E-02
   10022.735     92.219   5.100  2.16191E-04  2.25512E-04 -4.08666E-02
   10024.687     94.172   5.150  2.17945E-04  2.25295E-04 -3.22631E-02
   10026.659     96.143   5.200  2.19812E-04  2.25079E-04 -2.31419E-02
   10028.650     98.134   5.250  2.21719E-04  2.24819E-04 -1.36364E-02
   10030.659    100.144   5.300  2.23651E-04  2.24559E-04 -3.99872E-03
   10032.688    102.173   5.350  2.25562E-04  2.24300E-04  5.56551E-03
   10034.736    104.221   5.400  2.27398E-04  2.24040E-04  1.48238E-02
   10036.803    106.288   5.450  2.29128E-04  2.23779E-04  2.36339E-02
   10038.889    108.374   5.500  2.30652E-04  2.23519E-04  3.15542E-02
   10040.994    110.479   5.550  2.31895E-04  2.23259E-04  3.82471E-02
   10043.118    112.603   5.600  2.32786E-04  2.22998E-04  4.33913E-02
   10045.261    114.746   5.650  2.33322E-04  2.22776E-04  4.67884E-02
   10047.423    116.908   5.700  2.33397E-04  2.22554E-04  4.81459E-02
   10049.605    119.089   5.750  2.32998E-04  2.22332E-04  4.74029E-02
   10051.805    121.289   5.800  2.32146E-04  2.22110E-04  4.46366E-02
   10054.024    123.509   5.850  2.30952E-04  2.21948E-04  4.00694E-02
   10056.262    125.747   5.900  2.29419E-04  2.21787E-04  3.39841E-02
   10058.520    128.004   5.950  2.27639E-04  2.21625E-04  2.67902E-02
   10060.796    130.281   6.000  2.25712E-04  2.21463E-04  1.89352E-02
   10063.092    132.576   6.050  2.23842E-04  2.21406E-04  1.08547E-02
   10065.406    134.891   6.100  2.22002E-04  2.21349E-04  2.91071E-03
   10067.740    137.225   6.150  2.20270E-04  2.21292E-04 -4.55937E-03
   10070.093    139.577   6.200  2.18702E-04  2.21235E-04 -1.12954E-02
   10072.464    141.949   6.250  2.17340E-04  2.21178E-04 -1.71144E-02
   10074.855    144.340   6.300  2.16210E-04  2.21121E-04 -2.19005E-02
   10077.265    146.750   6.350  2.15325E-04  2.21064E-04 -2.55908E-02
   10079.694    149.178   6.400  2.14692E-04  2.21007E-04 -2.81606E-02
   10082.142    151.626   6.450  2.14310E-04  2.20950E-04 -2.96118E-02
   10084.609    154.093   6.500  2.14174E-04  2.20893E-04 -2.99660E-02
   10087.095    156.579   6.550  2.14275E-04  2.20891E-04 -2.95113E-02
   10089.600    159.084   6.600  2.14608E-04  2.20889E-04 -2.80151E-02
   10092.124    161.609   6.650  2.15162E-04  2.20887E-04 -2.55355E-02
   10094.667    164.152   6.700  2.15915E-04  2.20885E-04 -2.21697E-02
   10097.229    166.714   6.750  2.16835E-04  2.20883E-04 -1.80579E-02
   10099.811    169.295   6.800  2.17881E-04  2.20881E-04 -1.33823E-02
   10102.411    171.895   6.850  2.19005E-04  2.20879E-04 -8.35963E-03
   10105.030    174.515   6.900  2.20153E-04  2.20877E-04 -3.22770E-03
   10107.669    177.153   6.950  2.21272E-04  2.20875E-04  1.77210E-03
   10110.326    179.811   7.000  2.22310E-04  2.20873E-04  6.41329E-03
   10113.003    182.487   7.050  2.23154E-04  2.20772E-04  1.06367E-02
   10115.698    185.183   7.100  2.23842E-04  2.20671E-04  1.41690E-02
   10118.413    187.897   7.150  2.24349E-04  2.20571E-04  1.68954E-02
   10121.147    190.631   7.200  2.24663E-04  2.20470E-04  1.87620E-02
   10123.899    193.384   7.250  2.24784E-04  2.20369E-04  1.97722E-02
   10126.671    196.156   7.300  2.24726E-04  2.20268E-04  1.99759E-02
   10129.462    198.946   7.350  2.24506E-04  2.20168E-04  1.94557E-02
   10132.272    201.756   7.400  2.24147E-04  2.20067E-04  1.83119E-02
   10135.101    204.585   7.450  2.23673E-04  2.19966E-04  1.66490E-02
   10137.949    207.433   7.500  2.23106E-04  2.19866E-04  1.45667E-02
   10140.816    210.300   7.550  2.22319E-04  2.19624E-04  1.21288E-02
   10143.702    213.186   7.600  2.21479E-04  2.19383E-04  9.44751E-03
   10146.607    216.091   7.650  2.20605E-04  2.19142E-04  6.60523E-03
   10149.531    219.015   7.700  2.19714E-04  2.18901E-04  3.67344E-03
   10152.474    221.959   7.750  2.18818E-04  2.18660E-04  7.17338E-04
   10155.436    224.921   7.800  2.17934E-04  2.18419E-04 -2.19824E-03
   10158.418    227.902   7.850  2.17076E-04  2.18178E-04 -5.00351E-03
   10161.418    230.903   7.900  2.16261E-04  2.17936E-04 -7.62061E-03
   10164.437    233.922   7.950  2.15507E-04  2.17695E-04 -9.96372E-03
   10167.476    236.960   8.000  2.14836E-04  2.17454E-04 -1.19428E-02
   10170.533    240.018   8.050  2.14222E-04  2.17176E-04 -1.34905E-02
   10173.610    243.095   8.100  2.13722E-04  2.16897E-04 -1.45254E-02
   10176.706    246.190   8.150  2.13347E-04  2.16619E-04 -1.49913E-02
   10179.820    249.305   8.200  2.13104E-04  2.16341E-04 -1.48533E-02
   10182.954    252.439   8.250  2.12994E-04  2.16062E-04 -1.41035E-02
   10186.107    255.591   8.300  2.13011E-04  2.15784E-04 -1.27645E-02
   10189.279    258.763   8.350  2.13143E-04  2.15506E-04 -1.08915E-02
   10192.469    261.954   8.400  2.13371E-04  2.15227E-04 -8.57107E-03
   10195.679    265.164   8.450  2.13669E-04  2.14949E-04 -5.91770E-03
   10198.908    268.393   8.500  2.14009E-04  2.14671E-04 -3.06727E-03
   10202.156    271.641   8.550  2.14428E-04  2.14462E-04 -1.57594E-04
   10205.423    274.908   8.600  2.14831E-04  2.14254E-04  2.67957E-03
   10208.709    278.194   8.650  2.15185E-04  2.14045E-04  5.29971E-03
   10212.015    281.499   8.700  2.15464E-04  2.13836E-04  7.57375E-03
   10215.339    284.823   8.750  2.15645E-04  2.13628E-04  9.39704E-03
   10218.682    288.167   8.800  2.15713E-04  2.13419E-04  1.06962E-02
   10222.044    291.529   8.850  2.15660E-04  2.13211E-04  1.14333E-02
   10225.426    294.910   8.900  2.15485E-04  2.13002E-04  1.16060E-02
   10228.826    298.311   8.950  2.15197E-04  2.12793E-04  1.12454E-02
   10232.246    301.730   9.000  2.14807E-04  2.12585E-04  1.04102E-02
   10235.684    305.169   9.050  2.14416E-04  2.12446E-04  9.23739E-03
   10239.142    308.626   9.100  2.13956E-04  2.12307E-04  7.73627E-03
   10242.618    312.103   9.150  2.13445E-04  2.12168E-04  5.99716E-03
   10246.114    315.599   9.200  2.12903E-04  2.12029E-04  4.11056E-03
   10249.629    319.113   9.250  2.12349E-04  2.11890E-04  2.16259E-03
   10253.162    322.647   9.300  2.11800E-04  2.11750E-04  2.32256E-04
   10256.715    326.200   9.350  2.11270E-04  2.11611E-04 -1.60957E-03
   10260.287    329.772   9.400  2.10772E-04  2.11472E-04 -3.30003E-03
   10263.878    333.363   9.450  2.10320E-04  2.11333E-04 -4.78373E-03
   10267.488    336.973   9.500  2.09921E-04  2.11194E-04 -6.01255E-03
   10271.117    340.602   9.550  2.09560E-04  2.11039E-04 -6.99241E-03
   10274.765    344.250   9.600  2.09268E-04  2.10885E-04 -7.65208E-03
   10278.432    347.917   9.650  2.09048E-04  2.10730E-04 -7.96790E-03
   10282.118    351.603   9.700  2.08902E-04  2.10575E-04 -7.93047E-03
   10285.824    355.308   9.750  2.08830E-04  2.10421E-04 -7.54709E-03
   10289.548    359.032   9.800  2.08825E-04  2.10266E-04 -6.84310E-03
   10293.291    362.776   9.850  2.08878E-04  2.10111E-04 -5.86159E-03
   10297.053    366.538   9.900  2.08977E-04  2.09956E-04 -4.66108E-03
   10300.835    370.319   9.950  2.09106E-04  2.09802E-04 -3.31145E-03
   10304.635    374.120  10.000  2.09251E-04  2.09647E-04 -1.88837E-03
   10308.455    377.939  10.050  2.09308E-04  2.09405E-04 -4.62880E-04
   10312.293    381.778  10.100  2.09353E-04  2.09164E-04  9.04983E-04
   10316.151    385.636  10.150  2.09372E-04  2.08922E-04  2.15464E-03
   10320.028    389.512  10.200  2.09356E-04  2.08680E-04  3.23797E-03
   10323.923    393.408  10.250  2.09298E-04  2.08439E-04  4.12102E-03
   10327.838    397.323  10.300  2.09193E-04  2.08197E-04  4.78394E-03
   10331.772    401.257  10.350  2.09041E-04  2.07956E-04  5.21946E-03
   10335.725    405.209  10.400  2.08842E-04  2.07714E-04  5.43036E-03
   10339.697    409.181  10.450  2.08598E-04  2.07472E-04  5.42677E-03
   10343.688    413.172  10.500  2.08313E-04  2.07231E-04  5.22360E-03
   10347.698    417.182  10.550  2.07991E-04  2.06989E-04  4.83890E-03
   10351.727    421.211  10.600  2.07635E-04  2.06748E-04  4.29300E-03
   10355.775    425.259  10.650  2.07251E-04  2.06506E-04  3.60861E-03
   10359.842    429.327  10.700  2.06844E-04  2.06264E-04  2.81141E-03
   10363.928    433.413  10.750  2.06420E-04  2.06023E-04  1.93079E-03
   10368.033    437.518  10.800  2.05987E-04  2.05781E-04  1.00013E-03
   10372.158    441.642  10.850  2.05551E-04  2.05539E-04  5.64271E-05
   10376.301    445.786  10.900  2.05121E-04  2.05298E-04 -8.61015E-04
   10380.464    449.948  10.950  2.04705E-04  2.05056E-04 -1.71266E-03
   10384.645    454.130  11.000  2.04311E-04  2.04815E-04 -2.46137E-03
   10388.846    458.330  11.050  2.03977E-04  2.04612E-04 -3.10364E-03
   10393.065    462.550  11.100  2.03675E-04  2.04409E-04 -3.59518E-03
   10397.304    466.788  11.150  2.03407E-04  2.04207E-04 -3.91631E-03
   10401.561    471.046  11.200  2.03176E-04  2.04004E-04 -4.05663E-03
   10405.838    475.323  11.250  2.02983E-04  2.03801E-04 -4.01552E-03
   10410.134    479.618  11.300  2.02824E-04  2.03598E-04 -3.80180E-03
   10414.449    483.933  11.350  2.02697E-04  2.03396E-04 -3.43250E-03
   10418.782    488.267  11.400  2.02597E-04  2.03193E-04 -2.93129E-03
   10423.135    492.620  11.450  2.02518E-04  2.02990E-04 -2.32647E-03
   10427.507    496.992  11.500  2.02453E-04  2.02788E-04 -1.64908E-03
   10431.898    501.383  11.550  2.02396E-04  2.02585E-04 -9.31212E-04
   10436.308    505.793  11.600  2.02341E-04  2.02382E-04 -2.04588E-04
   10440.738    510.222  11.650  2.02281E-04  2.02180E-04  5.00534E-04
   10445.186    514.670  11.700  2.02211E-04  2.01977E-04  1.15619E-03
   10449.653    519.137  11.750  2.02125E-04  2.01774E-04  1.73739E-03
   10454.139    523.624  11.800  2.02020E-04  2.01571E-04  2.22281E-03
   10458.644    528.129  11.850  2.01892E-04  2.01369E-04  2.59541E-03
   10463.169    532.653  11.900  2.01739E-04  2.01166E-04  2.84309E-03
   10467.712    537.197  11.950  2.01559E-04  2.00963E-04  2.95927E-03
   10472.275    541.759  12.000  2.01353E-04  2.00761E-04  2.94332E-03
   10476.856    546.341  12.050  2.01106E-04  2.00537E-04  2.83476E-03
   10481.457    550.941  12.100  2.00835E-04  2.00312E-04  2.60160E-03
   10486.076    555.561  12.150  2.00541E-04  2.00088E-04  2.25549E-03
   10490.715    560.200  12.200  2.00228E-04  1.99864E-04  1.81364E-03
   10495.373    564.857  12.250  1.99900E-04  1.99640E-04  1.29813E-03
   10500.049    569.534  12.300  1.99563E-04  1.99416E-04  7.34792E-04
   10504.745    574.230  12.350  1.99222E-04  1.99192E-04  1.51829E-04
   10509.460    578.945  12.400  1.98884E-04  1.98968E-04 -4.21846E-04
   10514.194    583.679  12.450  1.98553E-04  1.98744E-04 -9.58277E-04
   10518.947    588.432  12.500  1.98235E-04  1.98520E-04 -1.43210E-03
   10523.719    593.204  12.550  1.97933E-04  1.98295E-04 -1.82195E-03
   10528.510    597.995  12.600  1.97652E-04  1.98071E-04 -2.11165E-03
   10533.320    602.805  12.650  1.97393E-04  1.97847E-04 -2.29088E-03
   10538.149    607.634  12.700  1.97156E-04  1.97623E-04 -2.35557E-03
   10542.997    612.482  12.750  1.96942E-04  1.97399E-04 -2.30778E-03
   10547.865    617.349  12.800  1.96749E-04  1.97175E-04 -2.15527E-03
   10552.751    622.236  12.850  1.96574E-04  1.96951E-04 -1.91063E-03
   10557.656    627.141  12.900  1.96413E-04  1.96727E-04 -1.59037E-03
   10562.581    632.065  12.950  1.96263E-04  1.96503E-04 -1.21372E-03
   10567.524    637.009  13.000  1.96121E-04  1.96278E-04 -8.01471E-04
   10572.487    641.971  13.050  1.95934E-04  1.96009E-04 -3.80871E-04
   10577.468    646.953  13.100  1.95748E-04  1.95740E-04  3.85184E-05
   10582.469    651.953  13.150  1.95557E-04  1.95471E-04  4.38890E-04
   10587.489    656.973  13.200  1.95359E-04  1.95202E-04  8.04154E-04
   10592.527    662.012  13.250  1.95152E-04  1.94933E-04  1.12016E-03
   10597.585    667.070  13.300  1.94932E-04  1.94664E-04  1.37496E-03
   10602.662    672.146  13.350  1.94699E-04  1.94395E-04  1.55927E-03
   10607.758    677.242  13.400  1.94450E-04  1.94126E-04  1.66702E-03
   10612.873    682.357  13.450  1.94186E-04  1.93856E-04  1.69590E-03
   10618.007    687.491  13.500  1.93907E-04  1.93587E-04  1.64767E-03
   10623.160    692.644  13.550  1.93614E-04  1.93318E-04  1.52815E-03
   10628.332    697.816  13.600  1.93310E-04  1.93049E-04  1.34664E-03
   10633.523    703.007  13.650  1.92996E-04  1.92780E-04  1.11503E-03
   10638.733    708.217  13.700  1.92674E-04  1.92511E-04  8.46764E-04
   10643.962    713.447  13.750  1.92349E-04  1.92242E-04  5.55824E-04
   10649.210    718.695  13.800  1.92022E-04  1.91973E-04  2.55990E-04
   10654.478    723.962  13.850  1.91696E-04  1.91704E-04 -3.95619E-05
   10659.764    729.249  13.900  1.91373E-04  1.91434E-04 -3.18450E-04
   10665.069    734.554  13.950  1.91056E-04  1.91165E-04 -5.69234E-04
   10670.394    739.878  14.000  1.90747E-04  1.90896E-04 -7.81730E-04
   10675.737    745.222  14.050  1.90481E-04  1.90664E-04 -9.57968E-04
   10681.100    750.584  14.100  1.90226E-04  1.90433E-04 -1.08444E-03
   10686.481    755.966  14.150  1.89980E-04  1.90201E-04 -1.15819E-03
   10691.882    761.367  14.200  1.89744E-04  1.89969E-04 -1.17907E-03
   10697.302    766.786  14.250  1.89518E-04  1.89737E-04 -1.14943E-03
   10702.741    772.225  14.300  1.89301E-04  1.89505E-04 -1.07366E-03
   10708.198    777.683  14.350  1.89092E-04  1.89274E-04 -9.57571E-04
   10713.675    783.160  14.400  1.88889E-04  1.89042E-04 -8.07954E-04
   10719.171    788.656  14.450  1.88690E-04  1.88810E-04 -6.32096E-04
   10724.686    794.171  14.500  1.88495E-04  1.88578E-04 -4.37482E-04
   10730.220    799.705  14.550  1.88303E-04  1.88346E-04 -2.31623E-04
   10735.773    805.258  14.600  1.88110E-04  1.88115E-04 -2.19902E-05
   10741.345    810.830  14.650  1.87917E-04  1.87883E-04  1.83988E-04
   10746.936    816.421  14.700  1.87722E-04  1.87651E-04  3.78927E-04
   10752.547    822.031  14.750  1.87524E-04  1.87419E-04  5.55550E-04
   10758.176    827.660  14.800  1.87320E-04  1.87187E-04  7.06842E-04
   10763.824    833.309  14.850  1.87111E-04  1.86956E-04  8.26331E-04
   10769.492    838.976  14.900  1.86894E-04  1.86724E-04  9.08465E-04
   10775.178    844.662  14.950  1.86670E-04  1.86492E-04  9.49056E-04
   10780.883    850.368  15.000  1.86437E-04  1.86260E-04  9.45716E-04
   10786.608    856.092  15.050  1.86147E-04  1.85979E-04  9.04509E-04
   10792.351    861.836  15.100  1.85850E-04  1.85697E-04  8.20990E-04
   10798.114    867.599  15.150  1.85545E-04  1.85415E-04  6.99063E-04
   10803.896    873.380  15.200  1.85235E-04  1.85134E-04  5.45132E-04
   10809.696    879.181  15.250  1.84920E-04  1.84852E-04  3.67697E-04
   10815.516    885.001  15.300  1.84603E-04  1.84571E-04  1.76723E-04
   10821.355    890.839  15.350  1.84286E-04  1.84289E-04 -1.71355E-05
   10827.213    896.697  15.400  1.83970E-04  1.84008E-04 -2.03373E-04
   10833.090    902.574  15.450  1.83657E-04  1.83726E-04 -3.72422E-04
   10838.986    908.470  15.500  1.83349E-04  1.83444E-04 -5.16303E-04
   10844.901    914.385  15.550  1.83047E-04  1.83163E-04 -6.29084E-04
   10850.835    920.319  15.600  1.82752E-04  1.82881E-04 -7.07098E-04
   10856.788    926.272  15.650  1.82463E-04  1.82600E-04 -7.48934E-04
   10862.760    932.244  15.700  1.82180E-04  1.82318E-04 -7.55226E-04
   10868.751    938.236  15.750  1.81904E-04  1.82036E-04 -7.28305E-04
   10874.761    944.246  15.800  1.81632E-04  1.81755E-04 -6.71775E-04
   10880.791    950.275  15.850  1.81366E-04  1.81473E-04 -5.90093E-04
   10886.839    956.324  15.900  1.81103E-04  1.81192E-04 -4.88206E-04
   10892.906    962.391  15.950  1.80843E-04  1.80910E-04 -3.71281E-04
   10898.993    968.477  16.000  1.80584E-04  1.80629E-04 -2.44539E-04
   10905.098    974.583  16.050  1.80344E-04  1.80365E-04 -1.16350E-04
   10911.223    980.707  16.100  1.80104E-04  1.80102E-04  1.29239E-05
   10917.367    986.851  16.150  1.79864E-04  1.79839E-04  1.38609E-04
   10923.529    993.014  16.200  1.79621E-04  1.79575E-04  2.55945E-04
   10929.711    999.195  16.250  1.79377E-04  1.79312E-04  3.60208E-04
   10935.912   1005.396  16.300  1.79129E-04  1.79049E-04  4.46926E-04
   10942.131   1011.616  16.350  1.78877E-04  1.78785E-04  5.12182E-04
   10948.370   1017.855  16.400  1.78621E-04  1.78522E-04  5.52953E-04
   10954.628   1024.113  16.450  1.78360E-04  1.78259E-04  5.67432E-04
   10960.905   1030.390  16.500  1.78095E-04  1.77996E-04  5.55277E-04
   10967.201   1036.686  16.550  1.77825E-04  1.77732E-04  5.17735E-04
   10973.516   1043.001  16.600  1.77550E-04  1.77469E-04  4.57601E-04
   10979.850   1049.335  16.650  1.77273E-04  1.77206E-04  3.79027E-04
   10986.203   1055.688  16.700  1.76993E-04  1.76942E-04  2.87166E-04
   10992.576   1062.060  16.750  1.76712E-04  1.76679E-04  1.87732E-04
   10998.967   1068.451  16.800  1.76431E-04  1.76416E-04  8.65011E-05
   11005.377   1074.862  16.850  1.76151E-04  1.76153E-04 -1.11571E-05
   11011.807   1081.291  16.900  1.75872E-04  1.75889E-04 -1.00674E-04
   11018.255   1087.739  16.950  1.75595E-04  1.75626E-04 -1.78543E-04
   11024.722   1094.207  17.000  1.75320E-04  1.75363E-04 -2.42437E-04
   11031.209   1100.693  17.050  1.75037E-04  1.75088E-04 -2.94193E-04
   11037.714   1107.199  17.100  1.74756E-04  1.74814E-04 -3.30719E-04
   11044.239   1113.724  17.150  1.74478E-04  1.74539E-04 -3.52230E-04
   11050.783   1120.267  17.200  1.74202E-04  1.74265E-04 -3.59417E-04
   11057.345   1126.830  17.250  1.73929E-04  1.73990E-04 -3.53234E-04
   11063.927   1133.412  17.300  1.73658E-04  1.73716E-04 -3.34739E-04
   11070.528   1140.012  17.350  1.73388E-04  1.73441E-04 -3.05031E-04
   11077.148   1146.632  17.400  1.73121E-04  1.73167E-04 -2.65270E-04
   11083.787   1153.271  17.450  1.72855E-04  1.72893E-04 -2.16769E-04
   11090.445   1159.929  17.500  1.72590E-04  1.72618E-04 -1.61097E-04
   11097.122   1166.606  17.550  1.72326E-04  1.72344E-04 -1.00187E-04
   11103.818   1173.302  17.600  1.72063E-04  1.72069E-04 -3.63752E-05
   11110.533   1180.017  17.650  1.71799E-04  1.71795E-04  2.76315E-05
   11117.267   1186.751  17.700  1.71535E-04  1.71520E-04  8.88805E-05
   11124.020   1193.505  17.750  1.71270E-04  1.71246E-04  1.44374E-04
   11130.792   1200.277  17.800  1.71004E-04  1.70971E-04  1.91319E-04
   11137.584   1207.068  17.850  1.70736E-04  1.70697E-04  2.27390E-04
   11144.394   1213.879  17.900  1.70465E-04  1.70422E-04  2.50955E-04
   11151.223   1220.708  17.950  1.70192E-04  1.70148E-04  2.61236E-04
   11158.072   1227.556  18.000  1.69917E-04  1.69873E-04  2.58366E-04
   11164.939   1234.424  18.050  1.69625E-04  1.69583E-04  2.46737E-04
   11171.826   1241.310  18.100  1.69331E-04  1.69293E-04  2.24387E-04
   11178.731   1248.216  18.150  1.69036E-04  1.69003E-04  1.93140E-04
   11185.656   1255.141  18.200  1.68739E-04  1.68713E-04  1.55174E-04
   11192.600   1262.084  18.250  1.68442E-04  1.68423E-04  1.12800E-04
   11199.563   1269.047  18.300  1.68144E-04  1.68133E-04  6.82661E-05
   11206.544   1276.029  18.350  1.67847E-04  1.67843E-04  2.36094E-05
   11213.545   1283.030  18.400  1.67550E-04  1.67553E-04 -1.94217E-05
   11220.565   1290.050  18.450  1.67253E-04  1.67263E-04 -5.93867E-05
   11227.604   1297.089  18.500  1.66957E-04  1.66973E-04 -9.51223E-05
   11234.662   1304.147  18.550  1.66662E-04  1.66683E-04 -1.25685E-04
   11241.739   1311.224  18.600  1.66368E-04  1.66393E-04 -1.50291E-04
   11248.835   1318.320  18.650  1.66075E-04  1.66103E-04 -1.68282E-04
   11255.950   1325.435  18.700  1.65783E-04  1.65813E-04 -1.79119E-04
   11263.084   1332.569  18.750  1.65492E-04  1.65522E-04 -1.82420E-04
   11270.238   1339.722  18.800  1.65203E-04  1.65232E-04 -1.78022E-04
   11277.410   1346.895  18.850  1.64915E-04  1.64942E-04 -1.66062E-04
   11284.601   1354.086  18.900  1.64628E-04  1.64652E-04 -1.47043E-04
   11291.812   1361.296  18.950  1.64342E-04  1.64362E-04 -1.21874E-04
   11299.041   1368.526  19.000  1.64057E-04  1.64072E-04 -9.18665E-05
   11306.290   1375.774  19.050  1.63792E-04  1.63802E-04 -5.96184E-05
   11313.557   1383.042  19.100  1.63528E-04  1.63532E-04 -2.52853E-05
   11320.844   1390.328  19.150  1.63263E-04  1.63261E-04  9.25187E-06
   11328.149   1397.634  19.200  1.62998E-04  1.62991E-04  4.20948E-05
   11335.474   1404.959  19.250  1.62733E-04  1.62721E-04  7.14833E-05
   11342.818   1412.302  19.300  1.62466E-04  1.62451E-04  9.59363E-05
   11350.181   1419.665  19.350  1.62199E-04  1.62181E-04  1.14360E-04
   11357.563   1427.047  19.400  1.61931E-04  1.61910E-04  1.26109E-04
   11364.963   1434.448  19.450  1.61661E-04  1.61640E-04  1.31006E-04
   11372.383   1441.868  19.500  1.61391E-04  1.61370E-04  1.29306E-04
   11379.822   1449.307  19.550  1.61119E-04  1.61100E-04  1.21634E-04
   11387.280   1456.765  19.600  1.60847E-04  1.60829E-04  1.08895E-04
   11394.758   1464.242  19.650  1.60574E-04  1.60559E-04  9.21801E-05
   11402.254   1471.738  19.700  1.60301E-04  1.60289E-04  7.26745E-05
   11409.769   1479.253  19.750  1.60027E-04  1.60019E-04  5.15754E-05
   11417.303   1486.788  19.800  1.59753E-04  1.59748E-04  3.00295E-05
   11424.856   1494.341  19.850  1.59480E-04  1.59478E-04  9.08506E-06
   11432.429   1501.913  19.900  1.59206E-04  1.59208E-04 -1.03425E-05
   11440.020   1509.505  19.950  1.58933E-04  1.58938E-04 -2.74949E-05
   11447.631   1517.115  20.000  1.58661E-04  1.58667E-04 -4.17891E-05
