# r  chir_mag  chir_re  chir_im
0.000000000000000000e+00 1.024407761989598424e-02 -1.024407761989598424e-02 0.000000000000000000e+00
3.067961575771282340e-02 1.053619462448217303e-02 -1.046022545790390584e-02 1.262964977656173349e-03
6.135923151542564680e-02 1.128901251552641080e-02 -1.087025648592943559e-02 3.046198861831079987e-03
9.203884727313846326e-02 1.222350437053349760e-02 -1.090349243748764754e-02 5.525206942920891061e-03
1.227184630308512936e-01 1.305833938257706418e-02 -1.000495293780428487e-02 8.391730700093072079e-03
1.533980787885641239e-01 1.359351778804001112e-02 -7.980004394685208738e-03 1.100469244070750689e-02
1.840776945462769265e-01 1.373714302370127038e-02 -5.129776372701847637e-03 1.274340977994878679e-02
2.147573103039897569e-01 1.351753128749079783e-02 -2.094148748666874258e-03 1.335433237293237423e-02
2.454369260617025872e-01 1.309388381889252558e-02 5.077649033059469276e-04 1.308403486183165945e-02
2.761165418194154175e-01 1.274880358706619206e-02 2.427868108250947395e-03 1.251548837842653833e-02
3.067961575771282479e-01 1.281412347763280848e-02 3.920181817695329862e-03 1.219975143255924190e-02
3.374757733348410782e-01 1.350061979946580969e-02 5.568945236682189097e-03 1.229851958247670310e-02
3.681553890925538530e-01 1.474980970357569685e-02 7.907407178032016190e-03 1.245109625745876095e-02
3.988350048502666834e-01 1.627457084687393418e-02 1.104615770382687268e-02 1.195173862800325698e-02
4.295146206079795137e-01 1.771899111896725609e-02 1.452829215640998733e-02 1.014353849955904399e-02
4.601942363656923440e-01 1.877768119208117828e-02 1.749994710612012838e-02 6.808315667948785371e-03
4.908738521234051744e-01 1.924562168704053652e-02 1.910361697298119249e-02 2.333617935804806545e-03
5.215534678811180047e-01 1.903112978281341905e-02 1.887505793639069479e-02 -2.432301113797933310e-03
5.522330836388308350e-01 1.814961450051909980e-02 1.692821566748789128e-02 -6.545534419164771890e-03
5.829126993965436654e-01 1.669848613366762061e-02 1.384473579740865164e-02 -9.336098213720826766e-03
6.135923151542564957e-01 1.480865776591507033e-02 1.036507597000735185e-02 -1.057646183579238897e-02
6.442719309119693261e-01 1.257485135543264486e-02 7.095018243841449447e-03 -1.038208084782541070e-02
6.749515466696821564e-01 9.989064580232047061e-03 4.418579632071747108e-03 -8.958658673210356804e-03
7.056311624273949867e-01 6.946094230250283129e-03 2.655340924572275902e-03 -6.418519270813784726e-03
7.363107781851077061e-01 3.665740641249929689e-03 2.311101986439770013e-03 -2.845428273069907504e-03
7.669903939428205364e-01 4.396746757378309362e-03 4.170861813843306648e-03 1.391148366760497444e-03
7.976700097005333667e-01 1.047885234612681328e-02 9.051900923481086617e-03 5.279151083593806512e-03
8.283496254582461971e-01 1.864311590137781097e-02 1.725036045623493108e-02 7.070419693495740530e-03
8.590292412159590274e-01 2.834211830519617684e-02 2.795617376187397793e-02 4.661332279686261799e-03
8.897088569736718577e-01 3.918863638801794308e-02 3.902255493399253011e-02 -3.604084956798148977e-03
9.203884727313846881e-01 5.068346268673443178e-02 4.735998339007591734e-02 -1.805118730746915062e-02
9.510680884890975184e-01 6.224561294671777240e-02 4.991075070728412388e-02 -3.719453313254431071e-02
9.817477042468103487e-01 7.330451668198539883e-02 4.480623623237214859e-02 -5.801683687231092013e-02
1.012427320004523068e+00 8.343102313085189181e-02 3.212307898116130433e-02 -7.699898322335702039e-02
1.043106935762236009e+00 9.249839457258800246e-02 1.377672104307939988e-02 -9.146668768358977297e-02
1.073786551519948729e+00 1.008510255837411773e-01 -7.499329811201643943e-03 -1.005718122222884064e-01
1.104466167277661670e+00 1.094197082613409810e-01 -2.963572340158633980e-02 -1.053299409211912591e-01
1.135145783035374389e+00 1.196646512538045298e-01 -5.239591639200198020e-02 -1.075839054186870647e-01
1.165825398793087331e+00 1.332286021002986320e-01 -7.752730327661122578e-02 -1.083484086835429516e-01
1.196505014550800050e+00 1.513714494634876839e-01 -1.076695284130296942e-01 -1.063982535758599829e-01
1.227184630308512991e+00 1.745300375302164531e-01 -1.444624998832028662e-01 -9.793528540722376552e-02
1.257864246066225711e+00 2.022988073279355647e-01 -1.867964421108624373e-01 -7.766528607446455956e-02
1.288543861823938652e+00 2.337677264807051791e-01 -2.301685447555573416e-01 -4.086307561927740584e-02
1.319223477581651371e+00 2.679765035598417611e-01 -2.675788022000247790e-01 1.459421369440319118e-02
1.349903093339364313e+00 3.043412144073653347e-01 -2.915466376193421860e-01 8.731628072590982836e-02
1.380582709097077032e+00 3.430130564528052206e-01 -2.961188903182964127e-01 1.731229611973989224e-01
1.411262324854789973e+00 3.851282814536194921e-01 -2.776222757092620119e-01 2.669263291723558140e-01
1.441941940612502693e+00 4.328563076636435802e-01 -2.335742577155278388e-01 3.644278381474761463e-01
1.472621556370215412e+00 4.891339234933743119e-01 -1.603657816899013711e-01 4.620982700411342958e-01
1.503301172127928353e+00 5.570621932348073235e-01 -5.145913938858787812e-02 5.546803080198176028e-01
1.533980787885641073e+00 6.391304773741589562e-01 1.018020092394982673e-01 6.309707743020444015e-01
1.564660403643354014e+00 7.365629148629007084e-01 3.055257775998696523e-01 6.702081219840055892e-01
1.595340019401066733e+00 8.490042834461435373e-01 5.554212090309481598e-01 6.421180217596291762e-01
1.626019635158779675e+00 9.745504760282575063e-01 8.286614495794687452e-01 5.129023613786126701e-01
1.656699250916492394e+00 1.109989081910278674e+00 1.079785626874824489e+00 2.571745748602791148e-01
1.687378866674205335e+00 1.251116305310815413e+00 1.244633522268613568e+00 -1.271982887456052647e-01
1.718058482431918055e+00 1.393059484614961097e+00 1.253917463758795980e+00 -6.068819669065883549e-01
1.748738098189630996e+00 1.530584289591579772e+00 1.054216103295760432e+00 -1.109647094844331106e+00
1.779417713947343715e+00 1.658385433078807925e+00 6.303541097124535364e-01 -1.533915232669851747e+00
1.810097329705056657e+00 1.771361393350096458e+00 2.101108822741308904e-02 -1.771236776950697367e+00
1.840776945462769376e+00 1.864869573588315843e+00 -6.797764492371926037e-01 -1.736560538984443403e+00
1.871456561220482318e+00 1.934954510313666276e+00 -1.338632684913350746e+00 -1.397179835191187491e+00
1.902136176978195037e+00 1.978539904782912862e+00 -1.813897465720898383e+00 -7.901874073089755202e-01
1.932815792735907978e+00 1.993575386354542456e+00 -1.993465256936648222e+00 -2.095448556195603912e-02
1.963495408493620697e+00 1.979130557853564509e+00 -1.827784849620197605e+00 7.590522436095118453e-01
1.994175024251333417e+00 1.935431522151030093e+00 -1.346960964190319743e+00 1.389817015971288816e+00
2.024854640009046136e+00 1.863838314817869879e+00 -6.554997431657454410e-01 1.744767420171742689e+00
2.055534255766759077e+00 1.766765106100413929e+00 9.458678511972191949e-02 1.764231356771192472e+00
2.086213871524472019e+00 1.647548378888038068e+00 7.443865422052098335e-01 1.469797379423563255e+00
2.116893487282184960e+00 1.510271280222342360e+00 1.169853323224027353e+00 9.551767072150221249e-01
2.147573103039897457e+00 1.359554775616916400e+00 1.311876657121028744e+00 3.568876915833866792e-01
2.178252718797610399e+00 1.200327956770044668e+00 1.185921154655669607e+00 -1.854136422810193918e-01
2.208932334555323340e+00 1.037590773827977486e+00 8.695113732706947207e-01 -5.661665706184456637e-01
2.239611950313036282e+00 8.761825603569453058e-01 4.731509244321910890e-01 -7.374442906298855904e-01
2.270291566070748779e+00 7.205690495623642278e-01 1.052566610462883773e-01 -7.128399473181870061e-01
2.300971181828461720e+00 5.746593173308293112e-01 -1.572954196708226393e-01 -5.527128385931654453e-01
2.331650797586174662e+00 4.416626511296368740e-01 -2.844735204653017213e-01 -3.378471748541593822e-01
2.362330413343887603e+00 3.239949166341132281e-01 -2.914171913604076125e-01 -1.415935259267088187e-01
2.393010029101600100e+00 2.232489058543492555e-01 -2.230360207214137358e-01 -9.747175279084915184e-03
2.423689644859313042e+00 1.402746833932222437e-01 -1.323268214534931431e-01 4.654674129393034793e-02
2.454369260617025983e+00 7.562464724346855405e-02 -6.086262769718740751e-02 4.488683348703283865e-02
2.485048876374738480e+00 3.268476328300280037e-02 -2.774131630709362334e-02 1.728331913770355180e-02
2.515728492132451422e+00 2.973989952197452630e-02 -2.916399621932258546e-02 -5.824341001047149587e-03
2.546408107890164363e+00 4.709147169089009100e-02 -4.655807102655671464e-02 -7.067724407473978225e-03
2.577087723647877304e+00 6.008516735849730311e-02 -5.839674621216901784e-02 1.414381024795485255e-02
2.607767339405589802e+00 6.787565997272668183e-02 -5.041981875927654261e-02 4.544168893224496963e-02
2.638446955163302743e+00 7.273035524231528937e-02 -2.062524863461754829e-02 6.974456030712061771e-02
2.669126570921015684e+00 7.690201557432339852e-02 2.183292656141510094e-02 7.373766552554625320e-02
2.699806186678728626e+00 8.176416102500680405e-02 6.212792436895349379e-02 5.315542344604957253e-02
2.730485802436441123e+00 8.755959287850920147e-02 8.652509940848514269e-02 1.341974207658423908e-02
2.761165418194154064e+00 9.372046228981563420e-02 8.747170805616318046e-02 -3.364855630713017159e-02
2.791845033951867006e+00 9.942164367367285760e-02 6.537259715726272125e-02 -7.490718771712780166e-02
2.822524649709579947e+00 1.039867363881173540e-01 2.711970966570892774e-02 -1.003880605067129644e-01
2.853204265467292444e+00 1.070489755389788938e-01 -1.726455670009355986e-02 -1.056476135361994750e-01
2.883883881225005386e+00 1.085426662204248133e-01 -5.810018416704482852e-02 -9.168358080918319331e-02
2.914563496982718327e+00 1.086111722590289153e-01 -8.832421905585220723e-02 -6.320774531380063399e-02
2.945243112740430824e+00 1.074872347357358759e-01 -1.041684012867226533e-01 -2.650376962817748219e-02
2.975922728498143766e+00 1.053830488170883622e-01 -1.046799705257851487e-01 1.215280826416603732e-02
3.006602344255856707e+00 1.024187098361995091e-01 -9.089952247527413598e-02 4.718971220805186217e-02
3.037281960013569648e+00 9.860636284712044619e-02 -6.533815204028586843e-02 7.385215421298463312e-02
3.067961575771282146e+00 9.388977290664439479e-02 -3.189512067523457561e-02 8.830623269947303344e-02
3.098641191528995087e+00 8.822191367911601245e-02 4.119778450903066776e-03 8.812566867105675605e-02
3.129320807286708028e+00 8.165617334698727081e-02 3.636251123358315990e-02 7.311291556531426816e-02
3.160000423044420970e+00 7.443187141851458077e-02 5.851633300402969001e-02 4.599937232858503783e-02
3.190680038802133467e+00 6.704339050083081564e-02 6.587644347374628506e-02 1.245433278410376481e-02
3.221359654559846408e+00 6.027682916475853719e-02 5.689008412769092082e-02 -1.992020236096345848e-02
3.252039270317559350e+00 5.515338104702490613e-02 3.396098110955725335e-02 -4.345741827346192437e-02
3.282718886075272291e+00 5.264909259834371635e-02 3.062890447169042216e-03 -5.255992440574484142e-02
3.313398501832984788e+00 5.317635846498890845e-02 -2.781379979320547716e-02 -4.532237461409630019e-02
3.344078117590697730e+00 5.626659799826082275e-02 -5.087357949000622520e-02 -2.403765712734721657e-02
3.374757733348410671e+00 6.087323734311808621e-02 -6.061700603537099885e-02 5.579391000761863180e-03
3.405437349106123612e+00 6.591840454367105251e-02 -5.513786983069816905e-02 3.612549471102170784e-02
3.436116964863836110e+00 7.058693688416604883e-02 -3.627438070539118486e-02 6.055315815983162986e-02
3.466796580621549051e+00 7.436367253592642002e-02 -8.720100200702204582e-03 7.385063063725461063e-02
3.497476196379261992e+00 7.697313561673554960e-02 2.146075035309014459e-02 7.392090232779023606e-02
3.528155812136974490e+00 7.830501733727414371e-02 4.836562591954021023e-02 6.158280579513978475e-02
3.558835427894687431e+00 7.834857846734766262e-02 6.741547736216740860e-02 3.992058566560901384e-02
3.589515043652400372e+00 7.714089966390846875e-02 7.597934075202869564e-02 1.333634807000421384e-02
3.620194659410113314e+00 7.473121121326255223e-02 7.352065263007422080e-02 -1.339655053546318780e-02
3.650874275167825811e+00 7.116284794823674043e-02 6.142333445409956655e-02 -3.593500956788082262e-02
3.681553890925538752e+00 6.647237001083293462e-02 4.262074198652478219e-02 -5.101027668396990872e-02
3.712233506683251694e+00 6.070263108681742126e-02 2.105679693153515025e-02 -5.693347630214006666e-02
3.742913122440964635e+00 5.392482792486268106e-02 9.569441880378317701e-04 -5.391633634203116948e-02
3.773592738198677132e+00 4.626573238177306147e-02 -1.406362812357924048e-02 -4.407643766031365401e-02
3.804272353956390074e+00 3.794317900173660441e-02 -2.189630546273904632e-02 -3.098768529335886937e-02
3.834951969714103015e+00 2.933523231532829748e-02 -2.255843018575940523e-02 -1.875294863610787663e-02
3.865631585471815956e+00 2.118971169287245035e-02 -1.824075101366928395e-02 -1.078326871057095140e-02
3.896311201229528454e+00 1.531980478408184743e-02 -1.263533456797202165e-02 -8.662836658842664600e-03
3.926990816987241395e+00 1.505559147930709413e-02 -9.666614885186273695e-03 -1.154241705420833847e-02
3.957670432744954336e+00 2.031237041608537422e-02 -1.202515910816851288e-02 -1.637033720921753435e-02
3.988350048502666834e+00 2.760074099151195101e-02 -2.004856313396498335e-02 -1.896987136340012869e-02
4.019029664260379775e+00 3.508824390738235488e-02 -3.141736663036449190e-02 -1.562478590308406107e-02
4.049709280018092272e+00 4.209797936956395648e-02 -4.184626678474213241e-02 -4.596718740625781695e-03
4.080388895775805658e+00 4.834837348656376849e-02 -4.656380856800704932e-02 1.301449001837013016e-02
4.111068511533518155e+00 5.371687635477030709e-02 -4.205136320564724361e-02 3.342432733594526834e-02
4.141748127291231540e+00 5.815849497693781345e-02 -2.739586113498376080e-02 5.130182580235510131e-02
4.172427743048944038e+00 6.166747905918373157e-02 -4.753185411587417843e-03 6.148402395710560880e-02
4.203107358806656535e+00 6.425535103263833869e-02 2.123944153618680802e-02 6.064351786925359367e-02
4.233786974564369920e+00 6.593911939395757926e-02 4.486745084832809149e-02 4.832058899499731830e-02
4.264466590322082418e+00 6.673803730155279668e-02 6.103609172480455730e-02 2.699187155098173307e-02
4.295146206079794915e+00 6.667733152691383836e-02 6.666622278216834119e-02 1.217078267112272098e-03
4.325825821837508300e+00 6.579637825745193735e-02 6.135254116888809450e-02 -2.377034042494104160e-02
4.356505437595220798e+00 6.415815306251483607e-02 4.715328952429335974e-02 -4.350673386306134344e-02
4.387185053352934183e+00 6.185685139689890005e-02 2.769801569761938184e-02 -5.530904077230470312e-02
4.417864669110646680e+00 5.902126747037301363e-02 7.005574643132946727e-03 -5.860402663408721680e-02
4.448544284868359178e+00 5.581250435779077507e-02 -1.156463575975672474e-02 -5.460123480684819092e-02
4.479223900626072563e+00 5.241554748036502537e-02 -2.593256530423697359e-02 -4.555097885235711436e-02
4.509903516383785060e+00 4.902502351808409042e-02 -3.540100348703869443e-02 -3.391492124507106132e-02
4.540583132141497558e+00 4.582621137091066887e-02 -4.034841403786055408e-02 -2.172664569694915393e-02
4.571262747899210943e+00 4.297343388131231318e-02 -4.172505026076772650e-02 -1.028281091374960363e-02
4.601942363656923440e+00 4.056959660717915361e-02 -4.056929843885982018e-02 -1.555411455810579852e-04
4.632621979414635938e+00 3.865224409963469165e-02 -3.768664754844857495e-02 8.585602512157168575e-03
4.663301595172349323e+00 3.719121074081634809e-02 -3.353352690523948854e-02 1.608380333327266709e-02
4.693981210930061820e+00 3.609921707406647806e-02 -2.826939472553578400e-02 2.244982840051171907e-02
4.724660826687775206e+00 3.525123421524438416e-02 -2.190487272858405304e-02 2.761930600943026878e-02
4.755340442445487703e+00 3.450543653958823564e-02 -1.447589479580167239e-02 3.132209476788602037e-02
4.786020058203200200e+00 3.372029689486042564e-02 -6.193030950235020420e-03 3.314671613187292892e-02
4.816699673960913586e+00 3.276649739961168956e-02 2.467491615457411639e-03 3.267345768305533055e-02
4.847379289718626083e+00 3.153522847167593290e-02 1.075480615507332614e-02 2.964464166299868308e-02
4.878058905476338580e+00 2.994488283700221659e-02 1.773107272004544391e-02 2.413099807961224808e-02
4.908738521234051966e+00 2.794711945092821434e-02 2.245167013751846186e-02 1.664223523570411770e-02
4.939418136991764463e+00 2.553217550878264172e-02 2.420318088639882709e-02 8.130068953676752863e-03
4.970097752749476960e+00 2.273292960818557376e-02 2.273246298316896480e-02 -1.456546929318737981e-04
5.000777368507190346e+00 1.962782553690441134e-02 1.838516229477979089e-02 -6.872942797795162338e-03
5.031456984264902843e+00 1.634466463051303248e-02 1.208882584173930769e-02 -1.100037961399694640e-02
5.062136600022616229e+00 1.307163721303470326e-02 5.164518240829955691e-03 -1.200814102054636838e-02
5.092816215780328726e+00 1.009097221938790555e-02 -9.858627403597120149e-04 -1.004269859099778811e-02
5.123495831538041223e+00 7.850729458422838619e-03 -5.219222099862750805e-03 -5.864611982190501283e-03
5.154175447295754608e+00 6.935908848708221934e-03 -6.907568139009212342e-03 -6.263656779660121444e-04
5.184855063053467106e+00 7.490831851518323613e-03 -6.032498293035070888e-03 4.440892497263405035e-03
5.215534678811179603e+00 8.883383652924018575e-03 -3.102293301089515624e-03 8.324078411395029534e-03
5.246214294568892988e+00 1.047058457612454023e-02 1.058356011996267792e-03 1.041695847729309614e-02
5.276893910326605486e+00 1.193382365815985960e-02 5.556638096404277818e-03 1.056124614662704540e-02
5.307573526084318871e+00 1.315525324860332412e-02 9.630726279890358330e-03 8.961573486654980658e-03
5.338253141842031368e+00 1.410816538024958072e-02 1.275063080640969314e-02 6.038356103701477025e-03
5.368932757599743866e+00 1.480168059327545763e-02 1.462358254540316663e-02 2.289231732072394537e-03
5.399612373357457251e+00 1.525192833050349576e-02 1.514569202083477714e-02 -1.797033947602792421e-03
5.430291989115169748e+00 1.546780462621684220e-02 1.435063616288423383e-02 -5.771674079098230645e-03
5.460971604872882246e+00 1.544753702182453600e-02 1.238572212820771706e-02 -9.231483488771742227e-03
5.491651220630595631e+00 1.518345501179122099e-02 9.512122741943098564e-03 -1.183456070318188516e-02
5.522330836388308128e+00 1.467148769081274944e-02 6.101135135216121871e-03 -1.334273964084967817e-02
5.553010452146020626e+00 1.392151100652736818e-02 2.596690046128899768e-03 -1.367719523547125844e-02
5.583690067903734011e+00 1.296531783673065055e-02 -5.641966587695549555e-04 -1.295303627485383004e-02
5.614369683661446508e+00 1.186011732549144965e-02 -3.051015692093578865e-03 -1.146096358169858102e-02
5.645049299419159894e+00 1.068629239380697142e-02 -4.717579629463061058e-03 -9.588601960954052858e-03
5.675728915176872391e+00 9.538230192736345953e-03 -5.619990537964343266e-03 -7.706720545265572514e-03
5.706408530934584888e+00 8.506897789849272168e-03 -5.963127441029578667e-03 -6.066994406539572872e-03
5.737088146692298274e+00 7.654969339976893175e-03 -5.998932639367396055e-03 -4.755140669246157338e-03
5.767767762450010771e+00 6.993247364551181955e-03 -5.923755507464256546e-03 -3.716803652278249069e-03
5.798447378207723268e+00 6.476217742704578652e-03 -5.821515121871212103e-03 -2.837491486638575935e-03
5.829126993965436654e+00 6.027216223760460852e-03 -5.674449645752697655e-03 -2.031737341729581304e-03
5.859806609723149151e+00 5.579535471518857863e-03 -5.427262241694893671e-03 -1.294619881590764474e-03
5.890486225480861648e+00 5.110121984905528249e-03 -5.063089306497015052e-03 -6.917176989570159680e-04
5.921165841238575034e+00 4.655217158808122591e-03 -4.645624859211596944e-03 -2.986912505193266005e-04
5.951845456996287531e+00 4.304715133242854874e-03 -4.302762390740533585e-03 -1.296463929265245134e-04
5.982525072754000917e+00 4.162497718009662388e-03 -4.161319099803701890e-03 -9.904848330267339903e-05
