9.654119686899999579e+03 -1.682131310000007218e+01 -1.582329679199032002e+00 2.744128015499999944e-06 4.020213189700000255e-06 -1.276085174200000100e-06
9.654619686899999579e+03 -1.632131310000007218e+01 -1.540302914301937331e+00 2.868701306900000066e-06 4.255137157299999729e-06 -1.386435850400000086e-06
9.655119686899999579e+03 -1.582131310000007218e+01 -1.497096831183598598e+00 3.004080157499999821e-06 4.517277900300000244e-06 -1.513197742799999999e-06
9.655619686899999579e+03 -1.532131310000007218e+01 -1.452606201306087863e+00 3.151710385600000146e-06 4.811487801100000409e-06 -1.659777415399999977e-06
9.656119686899999579e+03 -1.482131310000007218e+01 -1.406709149115705992e+00 3.313309430899999834e-06 5.143823202099999737e-06 -1.830513771299999977e-06
9.656619686899999579e+03 -1.432131310000007218e+01 -1.359263213781188195e+00 3.490934714100000114e-06 5.521938428200000229e-06 -2.031003714100000115e-06
9.657119686899999579e+03 -1.382131310000007218e+01 -1.310100125361300272e+00 3.687074481599999914e-06 5.955644429800000077e-06 -2.268569948200000163e-06
9.657619686899999579e+03 -1.332131310000007218e+01 -1.259018741959239129e+00 3.904770671499999621e-06 6.457718018199999674e-06 -2.552947346600000190e-06
9.658119686899999579e+03 -1.282131310000007218e+01 -1.205775288657698452e+00 4.147788516400000056e-06 7.045103002999999671e-06 -2.897314486600000039e-06
9.658619686899999579e+03 -1.232131310000007218e+01 -1.150069520016284264e+00 4.420856342900000162e-06 7.740743438899999273e-06 -3.319887095999999959e-06
9.659119686899999579e+03 -1.182131310000007218e+01 -1.091524509575216406e+00 4.730014455199999780e-06 8.576473305099999869e-06 -3.846458849900000089e-06
9.659619686899999579e+03 -1.132131310000007218e+01 -1.029656063516525721e+00 5.083140607400000409e-06 9.597746484300000524e-06 -4.514605876999999977e-06
9.660119686899999579e+03 -1.082131310000007218e+01 -9.638243944149152975e-01 5.490775907899999577e-06 1.087173326199999935e-05 -5.380957354500000068e-06
9.660619686899999579e+03 -1.032131310000007218e+01 -8.931535799638318229e-01 5.967494166600000288e-06 1.250194743599999939e-05 -6.534453268999999647e-06
9.661119686930000171e+03 -9.821313069999479950e+00 -8.163878757434698263e-01 6.534332532199999845e-06 1.465648317700000047e-05 -8.122150644699999920e-06
9.661619686930000171e+03 -9.321313069999479950e+00 -7.316112477223583044e-01 7.223505803200000087e-06 1.762726775799999907e-05 -1.040376195500000040e-05
9.662119686930000171e+03 -8.821313069999479950e+00 -6.356263618878597033e-01 8.088691365500000232e-06 2.196859033099999895e-05 -1.387989896600000057e-05
9.662619686930000171e+03 -8.321313069999479950e+00 -5.222898869973713332e-01 9.231321832300000039e-06 2.887129926800000119e-05 -1.963997743599999989e-05
9.663119686930000171e+03 -7.821313069999479950e+00 -3.762347408103848823e-01 1.088395482099999980e-05 4.139418564900000164e-05 -3.051023082799999845e-05
9.663619686930000171e+03 -7.321313069999479950e+00 -1.015796944550834691e-01 1.375142889599999996e-05 6.960441190499999664e-05 -5.585298300899999837e-05
9.663658999999999651e+03 -7.282000000000000028e+00 0.000000000000000000e+00 1.424094246178155568e-05 7.552903661097260999e-05 -6.128809414926967929e-05
9.663668999999999869e+03 -7.271999999999781750e+00 5.123165932700871755e-02 1.436545921048155262e-05 7.703607350887258550e-05 -6.267061429848964785e-05
9.663697000000000116e+03 -7.243999999999534367e+00 9.986888948025554602e-02 1.471410610684155962e-05 8.125577682299264435e-05 -6.654167071630572245e-05
9.663744999999998981e+03 -7.196000000000669417e+00 1.502407171473840175e-01 1.531178650060156050e-05 8.848955393291265423e-05 -7.317776743256172061e-05
9.663811999999999898e+03 -7.128999999999752646e+00 2.003937340222696761e-01 1.614604871689156166e-05 9.858670114884268807e-05 -8.244065243233575390e-05
9.663896999999999025e+03 -7.044000000000625761e+00 2.499348983886820197e-01 1.720444108084156272e-05 1.113965147809926833e-04 -9.419207370070574415e-05
9.664002000000000407e+03 -6.938999999999243329e+00 3.000443701604951774e-01 1.851186694219155766e-05 1.272204022089426295e-04 -1.087085352675156715e-04
9.664119686930000171e+03 -6.821313069999479950e+00 3.477293653712342225e-01 1.997726633100000093e-05 1.449562568000000058e-04 -1.249789904699999984e-04
9.664126000000000204e+03 -6.814999999999447056e+00 3.501038306559755009e-01 2.005986207118349375e-05 1.461083312397322756e-04 -1.260484691694856206e-04
9.664269000000000233e+03 -6.671999999999417952e+00 4.001320506507538566e-01 2.193077287151350070e-05 1.722044532345323904e-04 -1.502736803625257607e-04
9.664431000000000495e+03 -6.509999999999156017e+00 4.501394464151933228e-01 2.405026622573350060e-05 2.017678921377323630e-04 -1.777176259098857489e-04
9.664611999999999171e+03 -6.329000000000480242e+00 5.001322645286027102e-01 2.641834213384350359e-05 2.347986479493323559e-04 -2.083803058115657751e-04
9.664619686930000171e+03 -6.321313069999479950e+00 5.021452552882987863e-01 2.651891248600000094e-05 2.362014385999999984e-04 -2.096825261100000097e-04
9.664811999999999898e+03 -6.128999999999752646e+00 5.501144793309180603e-01 2.867140987367685913e-05 2.590682495988526476e-04 -2.303968397219450354e-04
9.665030999999999040e+03 -5.910000000000611209e+00 6.000887403201946579e-01 3.112260535353284917e-05 2.851082457818925682e-04 -2.539856404260049539e-04
9.665119686930000171e+03 -5.821313069999479950e+00 6.191801056846223394e-01 3.211524919799999700e-05 2.956534846800000157e-04 -2.635382354799999842e-04
9.665269000000000233e+03 -5.671999999999417952e+00 6.500568818896668155e-01 3.412907849771031689e-05 3.071448809917969557e-04 -2.730158024917879608e-04
9.665525999999999840e+03 -5.414999999999810854e+00 7.000202144707585727e-01 3.759531310145631004e-05 3.269240527155568843e-04 -2.893287396112879505e-04
9.665619686930000171e+03 -5.321313069999479950e+00 7.173689072873798978e-01 3.885889628700000138e-05 3.341343635200000003e-04 -2.952754672299999776e-04
9.665801999999999680e+03 -5.138999999999970925e+00 7.499796991827626380e-01 4.237509815723142741e-05 3.423052554316560747e-04 -2.999301572714246260e-04
9.666097999999999956e+03 -4.842999999999694438e+00 8.001000959502785337e-01 4.808393600187142850e-05 3.555713586564560437e-04 -3.074874226515846346e-04
9.666119686930000171e+03 -4.821313069999479950e+00 8.036493607349904922e-01 4.850220345699999717e-05 3.565433216700000080e-04 -3.080411182100000031e-04
9.666412000000000262e+03 -4.528999999999388848e+00 8.500442383454196449e-01 5.699549705265371456e-05 3.623560559535083585e-04 -3.053605588984392651e-04
9.666619686930000171e+03 -4.321313069999479950e+00 8.815250653707064066e-01 6.302993838800000439e-05 3.664859737099999981e-04 -3.034560353199999795e-04
9.666744999999998981e+03 -4.196000000000669417e+00 8.999873045167785524e-01 6.862296777526177870e-05 3.667642577753738010e-04 -2.981412899991144885e-04
9.667097999999999956e+03 -3.842999999999694438e+00 9.500676056332958419e-01 8.437822278340576161e-05 3.675481686242337560e-04 -2.831699458426545227e-04
9.667119686930000171e+03 -3.821313069999479950e+00 9.530585431881389846e-01 8.534616361199999837e-05 3.675963290199999746e-04 -2.822501654099999905e-04
9.667468999999999141e+03 -3.472000000000509345e+00 1.000002095751271414e+00 1.091242746272195595e-04 3.644148414475723973e-04 -2.552905668209556000e-04
9.667619686930000171e+03 -3.321313069999479950e+00 1.019585569048016227e+00 1.193816937099999943e-04 3.630424089900000139e-04 -2.436607152800000060e-04
9.667859999999998763e+03 -3.081000000000887695e+00 1.050061566564020055e+00 1.431718082575766872e-04 3.592658645157291832e-04 -2.160940562581525231e-04
9.668119686930000171e+03 -2.821313069999479950e+00 1.082029980397048119e+00 1.688798640500000132e-04 3.551848578499999993e-04 -1.863049938000000132e-04
9.668269000000000233e+03 -2.671999999999417952e+00 1.099990374909949997e+00 1.873610663995563556e-04 3.523397388519911065e-04 -1.649786724524347780e-04
9.668619686930000171e+03 -2.321313069999479950e+00 1.141062235088474930e+00 2.307672874000000064e-04 3.456574969900000176e-04 -1.148902095899999976e-04
9.668698000000000320e+03 -2.242999999999330640e+00 1.150033791698531482e+00 2.401637381894792676e-04 3.440657059301429070e-04 -1.039019677408202795e-04
9.669119686930000171e+03 -1.821313069999479950e+00 1.197187190965629977e+00 2.907601518700000161e-04 3.354944995499999820e-04 -4.473434768100000009e-05
9.669145999999998821e+03 -1.795000000000829488e+00 1.200068130043041359e+00 2.931364696769907610e-04 3.349592199378278404e-04 -4.182275026183706625e-05
9.669611999999999171e+03 -1.329000000000480242e+00 1.249989496233149255e+00 3.352206543828307518e-04 3.254795089321478271e-04 9.741145449682931127e-06
9.669619686930000171e+03 -1.321313069999479950e+00 1.250796272811541598e+00 3.359148564899999993e-04 3.253231358099999940e-04 1.059172067899999990e-05
9.670097999999999956e+03 -8.429999999996944382e-01 1.300012819350716997e+00 3.623081995311096671e-04 3.159330730555346702e-04 4.637512647935813069e-05
9.670119686926000213e+03 -8.213130739994376484e-01 1.302200238402855037e+00 3.635048853699999788e-04 3.155073234600000226e-04 4.799756191399999819e-05
9.670602999999999156e+03 -3.380000000004947935e-01 1.350029561825121682e+00 3.744996557597362599e-04 3.065479066450878948e-04 6.795174911188195551e-05
9.670619686926000213e+03 -3.213130739994376484e-01 1.351650697023281111e+00 3.748792625399999939e-04 3.062385727299999998e-04 6.864068980700000671e-05
9.671119686926000213e+03 1.786869260005623516e-01 1.399354762964199583e+00 3.716517813699999760e-04 2.976047612899999852e-04 7.404702007800000377e-05
9.671127000000000407e+03 1.860000000007566712e-01 1.400040428941517145e+00 3.714547304023926595e-04 2.974882218639410595e-04 7.396650853646622250e-05
9.671619686926000213e+03 6.786869260005623516e-01 1.445485350495694377e+00 3.581792684700000023e-04 2.896368789699999913e-04 6.854238949899999715e-05
9.671670000000000073e+03 7.290000000004219771e-01 1.450046028608160009e+00 3.564921767893506569e-04 2.889003789765147499e-04 6.759179781223837607e-05
9.672119686930000171e+03 1.178686930000520050e+00 1.490188593908365666e+00 3.414133311099999788e-04 2.823177078200000143e-04 5.909562329299999933e-05
9.672231999999999971e+03 1.291000000000320114e+00 1.500046887612802804e+00 3.381516325423491423e-04 2.808143819889131554e-04 5.733725055621136151e-05
9.672619686930000171e+03 1.678686930000520050e+00 1.533589316369170952e+00 3.268927656599999879e-04 2.756251393099999961e-04 5.126762635199999925e-05
9.672813000000000102e+03 1.872000000000451081e+00 1.550043464724272013e+00 3.230862906880403599e-04 2.732643754788073934e-04 4.982191521007307410e-05
9.673119686930000171e+03 2.178686930000520050e+00 1.575795144410824244e+00 3.170474019399999893e-04 2.695190756300000034e-04 4.752832630899999906e-05
9.673413000000000466e+03 2.472000000000814879e+00 1.600036161333550533e+00 3.141821420893220061e-04 2.662448342074015691e-04 4.793730788209371287e-05
9.673619686930000171e+03 2.678686930000520050e+00 1.616899651498447277e+00 3.121630988800000125e-04 2.639375967299999984e-04 4.822550215100000087e-05
9.674031999999999243e+03 3.090999999999592518e+00 1.650025330156514647e+00 3.112031629290354113e-04 2.596628374119780533e-04 5.154032551805735153e-05
9.674119686930000171e+03 3.178686930000520050e+00 1.656984800438093597e+00 3.109990126299999732e-04 2.587537211400000041e-04 5.224529149100000332e-05
9.674670000000000073e+03 3.729000000000421977e+00 1.700011282399241486e+00 3.104853415359026879e-04 2.537262988345154722e-04 5.675904270150924262e-05
9.674746462569999494e+03 3.805462569999843225e+00 1.705903678527619149e+00 3.104139701400000155e-04 2.530277698500000075e-04 5.738620029000000123e-05
9.675326999999999316e+03 4.385999999999665278e+00 1.749994293691794933e+00 3.049230536070924192e-04 2.490426110341932326e-04 5.588044258009049637e-05
9.675392288130000452e+03 4.451288130000801146e+00 1.754883498100588524e+00 3.043055367100000051e-04 2.485944339600000270e-04 5.571110275800000101e-05
9.676003999999998996e+03 5.062999999999345135e+00 1.800047516444433171e+00 2.939970161730725358e-04 2.485549889118161566e-04 4.544202726005601157e-05
9.676057163609999407e+03 5.116163609999755835e+00 1.803919295134069900e+00 2.931011071799999941e-04 2.485515607600000251e-04 4.454954641800000227e-05
9.676699000000000524e+03 5.758000000000873086e+00 1.850023384774743596e+00 2.802213555379088326e-04 2.479049885553871973e-04 3.231636698615241826e-05
9.676741089009999996e+03 5.800089010000345269e+00 1.853006625667793283e+00 2.793767540100000157e-04 2.478625889900000078e-04 3.151416502400000247e-05
9.677413000000000466e+03 6.472000000000814879e+00 1.899997074869211211e+00 2.673333229344265652e-04 2.457535402785105457e-04 2.157978265704862448e-05
9.677444064330000401e+03 6.503064330000750459e+00 1.902141500031085508e+00 2.667765213299999843e-04 2.456560330400000105e-04 2.112048829100000131e-05
9.678146999999999025e+03 7.205999999999374239e+00 1.950036053677992820e+00 2.571673055060778325e-04 2.425473498408709742e-04 1.461995567107465539e-05
9.678166089569998803e+03 7.225089569999152417e+00 1.951320326720300313e+00 2.569063487700000187e-04 2.424629275700000133e-04 1.444342120600000055e-05
9.678898999999999432e+03 7.957999999999781693e+00 2.000004191502662287e+00 2.499050107209070995e-04 2.388486009293934594e-04 1.105640979157775374e-05
9.678907164739999644e+03 7.966164739999992861e+00 2.000539864983581939e+00 2.498270086525070338e-04 2.388083308799995007e-04 1.101867774011391174e-05
9.679667289819999496e+03 8.726289819999845321e+00 2.049797180854818990e+00 2.448807388749883198e-04 2.348055471660040331e-04 1.007498379988520395e-05
9.679671000000000276e+03 8.730000000000625704e+00 2.050034703912886336e+00 2.448649149591486125e-04 2.347851035499613531e-04 1.007960091406911085e-05
9.680446464819999164e+03 9.505464819999513537e+00 2.099089615488634930e+00 2.416308621745583119e-04 2.305130520579430056e-04 1.111754749541810212e-05
9.680460999999999331e+03 9.519999999999679829e+00 2.099998151836547589e+00 2.415944710756559729e-04 2.304316905132152544e-04 1.116250712831314457e-05
9.681244689699999071e+03 1.030368969999942053e+01 2.148414749187290251e+00 2.396703719092219392e-04 2.260887436439846013e-04 1.358282416590036308e-05
9.681270999999998821e+03 1.032999999999917051e+01 2.150021291527466349e+00 2.396314056414688162e-04 2.259445551423319828e-04 1.368809202766244271e-05
9.682061964599999556e+03 1.112096459999990472e+01 2.197770388690730048e+00 2.383200880824978742e-04 2.216947266165397864e-04 1.663074594838542634e-05
9.682099000000000160e+03 1.115800000000050929e+01 2.199980749819791637e+00 2.382744142033787788e-04 2.215133633249423211e-04 1.676670864719351955e-05
9.682898289299999306e+03 1.195728929999965473e+01 2.247154511098381047e+00 2.372748793696381341e-04 2.180125714340514300e-04 1.928181947232417316e-05
9.682947000000000116e+03 1.200600000000046563e+01 2.249997424658124245e+00 2.372247950593692970e-04 2.178571904510120689e-04 1.938822546782936838e-05
9.683753663999999844e+03 1.281266400000019345e+01 2.296565290395974568e+00 2.362562913321461337e-04 2.154957695294312347e-04 2.079879866746778258e-05
9.683814000000000306e+03 1.287300000000065481e+01 2.300010526041509351e+00 2.361659524994886108e-04 2.153835552702240957e-04 2.082224520672390164e-05
9.684628088600000410e+03 1.368708860000075944e+01 2.346001036671553575e+00 2.350871202829696543e-04 2.140593977800636942e-04 2.109020130175911904e-05
9.684699999999998909e+03 1.375899999999925782e+01 2.350020282120522275e+00 2.349600079016001507e-04 2.139994803788120687e-04 2.102527794208003945e-05
9.685521563199999946e+03 1.458056320000029515e+01 2.395460209653611727e+00 2.340729335221945415e-04 2.134734986939165052e-04 2.070096299371543494e-05
9.685604999999999563e+03 1.466399999999991266e+01 2.400026902015347741e+00 2.339670082791778173e-04 2.134679323120082560e-04 2.060484164057045374e-05
9.686434087599998747e+03 1.549308759999909668e+01 2.444941376897844965e+00 2.329332303353721142e-04 2.135752450465026213e-04 1.949481828463754215e-05
9.686529000000000451e+03 1.558800000000080033e+01 2.450030577760196948e+00 2.328169638822234148e-04 2.136305710763490779e-04 1.932700250851960303e-05
9.687365662000000157e+03 1.642466200000050591e+01 2.494443240055534972e+00 2.321855827905911634e-04 2.142085905419107751e-04 1.815902633452005466e-05
9.687471999999999753e+03 1.653100000000010183e+01 2.500031486014741233e+00 2.321266231510177725e-04 2.143159869460594617e-04 1.799829703986298180e-05
9.688316286199999013e+03 1.737528619999936197e+01 2.543964580671985054e+00 2.317931086435992116e-04 2.152170916318439545e-04 1.680962533260042010e-05
9.688433999999999287e+03 1.749299999999963617e+01 2.550029789573681427e+00 2.317723365359776770e-04 2.153675481568447848e-04 1.664512776562890832e-05
9.689285960400000477e+03 1.834496040000082573e+01 2.593504293138270356e+00 2.312189176611937182e-04 2.164655492800545409e-04 1.502416920682027303e-05
9.689414999999999054e+03 1.847399999999940334e+01 2.600025638701342512e+00 2.311455041757434553e-04 2.166467957634848364e-04 1.477399136146866060e-05
9.690274684599999091e+03 1.933368459999944022e+01 2.643061344406610669e+00 2.293179168200699903e-04 2.175144213619822301e-04 1.204770158580810416e-05
9.690414999999999054e+03 1.947399999999940334e+01 2.650019172315261073e+00 2.289975000275728308e-04 2.176555135428054778e-04 1.158046000384128010e-05
9.691282458599998790e+03 2.034145859999913952e+01 2.692634767385001293e+00 2.262121604364453740e-04 2.184504545269454299e-04 7.926405664515961058e-06
9.691433999999999287e+03 2.049299999999963617e+01 2.700010519037955525e+00 2.256899359980904225e-04 2.185816327185070363e-04 7.259349370281271102e-06
9.692309282599999278e+03 2.136828259999962754e+01 2.742223683750510954e+00 2.218275913384712070e-04 2.192464185858272491e-04 2.613932912982536656e-06
9.692471999999999753e+03 2.153100000000010183e+01 2.749999798133768714e+00 2.210697966823397349e-04 2.193558902679862736e-04 1.724053377583255562e-06
9.693355156499999794e+03 2.241415650000014281e+01 2.791827263213948029e+00 2.162947473760372104e-04 2.198474699838771581e-04 -3.702755916187714471e-06
9.693529000000000451e+03 2.258800000000080033e+01 2.799987120345187375e+00 2.153229985605574796e-04 2.199262260698218877e-04 -4.785022459367605710e-06
9.694420080300000336e+03 2.347908030000068536e+01 2.841444737846901880e+00 2.105929048825070109e-04 2.204395875797407576e-04 -1.018657954656687525e-05
9.694605999999999767e+03 2.366500000000011639e+01 2.850018635780549481e+00 2.095916815937746047e-04 2.205279645143876132e-04 -1.130986714677947440e-05
9.695504053999999087e+03 2.456305399999943617e+01 2.891075392230589181e+00 2.051059819043304358e-04 2.208613951320459912e-04 -1.626993478180191799e-05
9.695700999999999112e+03 2.475999999999946155e+01 2.900001552369435576e+00 2.041184087054990907e-04 2.209152768870603937e-04 -1.734229191342138423e-05
9.696607077599999684e+03 2.566607760000003324e+01 2.940718559059308124e+00 2.002963885173285601e-04 2.210789216872781620e-04 -2.143593701866222673e-05
9.696815999999998894e+03 2.587499999999924327e+01 2.950027313268241969e+00 1.994132327662766408e-04 2.210984369316062960e-04 -2.236287637022079804e-05
9.697729151199999251e+03 2.678815119999960004e+01 2.990373619564571150e+00 1.965286273105574892e-04 2.211143454992192247e-04 -2.532753721997761640e-05
9.697949000000000524e+03 2.700800000000087309e+01 3.000006287254053383e+00 1.958290000000000117e-04 2.211030000000000005e-04 -2.603023508700000015e-05
9.698870274699998845e+03 2.792927469999919410e+01 3.040039986626868362e+00 1.944522816061578408e-04 2.212396331081526552e-04 -2.754608650048508914e-05
9.699101999999998952e+03 2.816099999999930148e+01 3.050026830034925585e+00 1.941059999999999877e-04 2.212740000000000095e-04 -2.792765536199999824e-05
9.700030448100000285e+03 2.908944810000063441e+01 3.089717114996784808e+00 1.937404879811272386e-04 2.214087875123825944e-04 -2.839863411732562601e-05
9.700272999999999229e+03 2.933199999999957797e+01 3.100002263475568842e+00 1.936449999999999933e-04 2.214440000000000028e-04 -2.852176575599999842e-05
9.701209671399999934e+03 3.026867140000028300e+01 3.139404493821727815e+00 1.941719268161209012e-04 2.215776978488664852e-04 -2.807736708952863098e-05
9.701463999999999942e+03 3.052300000000029101e+01 3.150018058521124598e+00 1.943149999999999988e-04 2.216139999999999961e-04 -2.795660610000000066e-05
9.702407944700000371e+03 3.146694470000072030e+01 3.189101648099320396e+00 1.955728121684863576e-04 2.217475107888337588e-04 -2.676602130589975369e-05
9.702672999999998865e+03 3.173199999999921417e+01 3.199990302128349562e+00 1.959259999999999940e-04 2.217850000000000051e-04 -2.643144916000000034e-05
9.703625267800000074e+03 3.268426780000042697e+01 3.238808119734052582e+00 1.979157670548413342e-04 2.220600651497152379e-04 -2.464246843729462572e-05
9.703902000000000044e+03 3.296100000000039643e+01 3.250001763731375171e+00 1.984939999999999871e-04 2.221400000000000111e-04 -2.412173832000000158e-05
9.704861640899998747e+03 3.392064089999909982e+01 3.288523494207988840e+00 2.008185147762019042e-04 2.224137437182692337e-04 -2.199761077454380490e-05
9.705149999999999636e+03 3.420899999999998897e+01 3.300010892760984582e+00 2.015169999999999885e-04 2.224960000000000056e-04 -2.135830327360000049e-05
9.706117063899999266e+03 3.517606389999961891e+01 3.338247369829235200e+00 2.041357815634569750e-04 2.227677243475927472e-04 -1.894191062376274635e-05
9.706416999999999462e+03 3.547599999999981435e+01 3.350017793679349598e+00 2.049479999999999900e-04 2.228520000000000002e-04 -1.819125276360000052e-05
9.707391536799999813e+03 3.645053680000016527e+01 3.387979372294997571e+00 2.078193218780715430e-04 2.231217784609642360e-04 -1.552683753533334689e-05
9.707702999999999520e+03 3.676199999999987256e+01 3.400022564798412805e+00 2.087369999999999905e-04 2.232079999999999947e-04 -1.467391712799999884e-05
9.708685059699999329e+03 3.774405969999968136e+01 3.437719152720050797e+00 2.118404591592337239e-04 2.235714749694252994e-04 -1.188230598836506342e-05
9.709007999999999811e+03 3.806700000000016360e+01 3.450025298726301148e+00 2.128610000000000072e-04 2.236910000000000103e-04 -1.096231299150000129e-05
9.709997632499998872e+03 3.905663249999922471e+01 3.487466374543393588e+00 2.161081615136054262e-04 2.240522944047619103e-04 -8.033296621742683723e-06
9.710331000000000131e+03 3.939000000000048374e+01 3.499988587383657812e+00 2.172019999999999984e-04 2.241739999999999987e-04 -7.044488610799999786e-06
9.711329255099999500e+03 4.038825509999985286e+01 3.537220720089089721e+00 2.205476040246463277e-04 2.245330150508562724e-04 -4.024656648894296597e-06
9.711673999999999069e+03 4.073299999999942145e+01 3.549988032038209784e+00 2.217029999999999880e-04 2.246569999999999871e-04 -2.979513462499999672e-06
9.712679927799999859e+03 4.173892780000021219e+01 3.586981903897566770e+00 2.250676550551724230e-04 2.250134659775495239e-04 5.137512914855514619e-08
9.713037000000000262e+03 4.209600000000061470e+01 3.600022126216513296e+00 2.262619999999999963e-04 2.251400000000000027e-04 1.129556648199999965e-06
9.714049650299999485e+03 4.310865029999983733e+01 3.636749634441904799e+00 2.295191995891383168e-04 2.255315678929761130e-04 4.008037759959974480e-06
9.714417999999999665e+03 4.347700000000001808e+01 3.650017536962412823e+00 2.307040000000000056e-04 2.256740000000000081e-04 5.057557446600000532e-06
9.715438422699999137e+03 4.449742269999948974e+01 3.686523650140977715e+00 2.337623526065714255e-04 2.260632183727142870e-04 7.730403958692140149e-06
9.715817999999999302e+03 4.487699999999965428e+01 3.700011301139613185e+00 2.348999999999999905e-04 2.262080000000000134e-04 8.726991536000001107e-06
9.716846245099999578e+03 4.590524509999993086e+01 3.736303703319890257e+00 2.376521317052854114e-04 2.265942259607470134e-04 1.108825558540573590e-05
9.717236999999999171e+03 4.629599999999952331e+01 3.750003484602589143e+00 2.386979999999999972e-04 2.267410000000000031e-04 1.198768329950000026e-05
9.718273117400000046e+03 4.733211740000039924e+01 3.786089552367430500e+00 2.410606070616133525e-04 2.271257612598052793e-04 1.395480792979209954e-05
9.718674999999999272e+03 4.773399999999962517e+01 3.799994149738296745e+00 2.419769999999999907e-04 2.272750000000000085e-04 1.471957901250000202e-05
9.719719039600000542e+03 4.877803960000089489e+01 3.835880971610095891e+00 2.438746028395061413e-04 2.276380508074074126e-04 1.624216302743231453e-05
9.720132999999999811e+03 4.919200000000016360e+01 3.850017442479163332e+00 2.446269999999999738e-04 2.277819999999999953e-04 1.684718950579999866e-05
9.721184011699999246e+03 5.024301169999959882e+01 3.885677746916905928e+00 2.460931470801490210e-04 2.281423061789972749e-04 1.793891103970430897e-05
9.721609000000000378e+03 5.066800000000073112e+01 3.900004808457745220e+00 2.466859999999999756e-04 2.282879999999999935e-04 1.838131601279999948e-05
9.722668033800000558e+03 5.172703380000091045e+01 3.935479678307117535e+00 2.477344080428093903e-04 2.286471505930434960e-04 1.905566815127579872e-05
9.723103999999999360e+03 5.216299999999971249e+01 3.949990835702761771e+00 2.481660000000000224e-04 2.287950000000000075e-04 1.933386388499999984e-05
9.724171105699999316e+03 5.323010569999966890e+01 3.985286565896429156e+00 2.488210549841584295e-04 2.291514062601980378e-04 1.961704838635996734e-05
9.724618999999998778e+03 5.367799999999913041e+01 4.000008383005324575e+00 2.490959999999999746e-04 2.293010000000000057e-04 1.973614344090000199e-05
9.725693227599998863e+03 5.475222759999921607e+01 4.035098232660335071e+00 2.493440603851272133e-04 2.295876008404435702e-04 1.968917148277832586e-05
9.726152000000000044e+03 5.521100000000039643e+01 4.049991475959133780e+00 2.494500000000000189e-04 2.297099999999999945e-04 1.966905657599999946e-05
9.727234399400000257e+03 5.629339940000060949e+01 4.084914500553683325e+00 2.493586965090792331e-04 2.299957590173857093e-04 1.928576750679961323e-05
9.727704999999999927e+03 5.676400000000028001e+01 4.100005391753128947e+00 2.493190000000000163e-04 2.301199999999999990e-04 1.911880682799999874e-05
9.728794621199998801e+03 5.785362119999915365e+01 4.134735206443785671e+00 2.488878648941475567e-04 2.304034955921119548e-04 1.839937563787059571e-05
9.729277000000000044e+03 5.833600000000039643e+01 4.150017393579311431e+00 2.486969999999999806e-04 2.305289999999999878e-04 1.808029725839999980e-05
9.730373892800000249e+03 5.943289280000060160e+01 4.184560185544277111e+00 2.479160675159748422e-04 2.308111567013836497e-04 1.701568453850263614e-05
9.730867000000000189e+03 5.992600000000054195e+01 4.199996303673152909e+00 2.475649999999999921e-04 2.309380000000000037e-04 1.653622311480000055e-05
9.731972214399998848e+03 6.103121439999920028e+01 4.234389293208143279e+00 2.463492641600000086e-04 2.311164818285714408e-04 1.514713471369478156e-05
9.732476999999998952e+03 6.153599999999930503e+01 4.250005047121683255e+00 2.457940000000000255e-04 2.311980000000000046e-04 1.451197478279999925e-05
9.733589585899999292e+03 6.264858589999964522e+01 4.284222382316347222e+00 2.442258617394720845e-04 2.313755766322897413e-04 1.277522126603550842e-05
9.734105999999999767e+03 6.316500000000011994e+01 4.300012063680159535e+00 2.434980000000000055e-04 2.314580000000000055e-04 1.196818397240000021e-05
9.735226007299999765e+03 6.428500730000011743e+01 4.334059315532687862e+00 2.416093469134101863e-04 2.316347001808252508e-04 9.913981854278641547e-06
9.735753999999998996e+03 6.481299999999934869e+01 4.350017412904524150e+00 2.407189999999999970e-04 2.317180000000000064e-04 8.944500174399999952e-06
9.736881478600000264e+03 6.594047860000061689e+01 4.383899961755707508e+00 2.385709705423769492e-04 2.318939570444177793e-04 6.634994496547358984e-06
9.737420000000000073e+03 6.647900000000042553e+01 4.399991325741668291e+00 2.375450000000000033e-04 2.319780000000000073e-04 5.530657091400000016e-06
9.738555999899999733e+03 6.761499990000008609e+01 4.433744198729216990e+00 2.351180298696322745e-04 2.320352716438315438e-04 3.063245377493016290e-06
9.739105999999999767e+03 6.816500000000011994e+01 4.449993843418842410e+00 2.339429999999999928e-04 2.320629999999999904e-04 1.868197654569999731e-06
9.740249571000000287e+03 6.930857100000064008e+01 4.483591900843835631e+00 2.314700696322580806e-04 2.321200108709677479e-04 -6.450551264159197877e-07
9.740810999999999694e+03 6.987000000000004718e+01 4.499994849316196088e+00 2.302559999999999991e-04 2.321480000000000006e-04 -1.879372705839999972e-06
9.741962192099999811e+03 7.102119210000016380e+01 4.533442959585700649e+00 2.278708154401392120e-04 2.322047583111949123e-04 -4.304825970002786560e-06
9.742534999999999854e+03 7.159400000000020725e+01 4.549994393273687265e+00 2.266840000000000001e-04 2.322330000000000108e-04 -5.512119924900000442e-06
9.743693863099999362e+03 7.275286309999971479e+01 4.583297262564647312e+00 2.245178634654044884e-04 2.322895136910499002e-04 -7.719459080536286374e-06
9.744278000000000247e+03 7.333700000000060015e+01 4.599992522962911501e+00 2.234260000000000120e-04 2.323179999999999939e-04 -8.832498041999998329e-06
9.745444584099999702e+03 7.450358410000005449e+01 4.633154707885951851e+00 2.214686796552467430e-04 2.322624168664775960e-04 -1.072241891795876839e-05
9.746040999999999258e+03 7.509999999999961062e+01 4.650017506380134336e+00 2.204680000000000040e-04 2.322339999999999995e-04 -1.168829077319999957e-05
9.747214354899999307e+03 7.627335489999966001e+01 4.683015189580599369e+00 2.189257070067939252e-04 2.321786592860191007e-04 -1.316616143238712212e-05
9.747822000000000116e+03 7.688100000000046919e+01 4.700012642240491978e+00 2.181270000000000073e-04 2.321500000000000050e-04 -1.393122864000000026e-05
9.749003175699999701e+03 7.806217570000005423e+01 4.732878617230449336e+00 2.170462242344999818e-04 2.320942222586111102e-04 -1.495109366653801795e-05
9.749621999999999389e+03 7.868099999999974159e+01 4.750006501294677719e+00 2.164799999999999873e-04 2.320649999999999948e-04 -1.548521011350000200e-05
9.750811046400000123e+03 7.987004640000047573e+01 4.782744895950705732e+00 2.158707689693237957e-04 2.320100907654755354e-04 -1.603747349652595301e-05
9.751440999999998894e+03 8.049999999999924682e+01 4.799999123438042581e+00 2.155480000000000037e-04 2.319810000000000004e-04 -1.632995452350000082e-05
9.752637966999998753e+03 8.169696699999910550e+01 4.832613937483323241e+00 2.152941570799347417e-04 2.318391083164763537e-04 -1.644236067112862329e-05
9.753279999999998836e+03 8.233899999999918862e+01 4.850017605484029382e+00 2.151579999999999888e-04 2.317630000000000102e-04 -1.650259170980000194e-05
9.754483937499999229e+03 8.354293749999958152e+01 4.882485657171439009e+00 2.153097077948303495e-04 2.316223137116316631e-04 -1.621290451166366829e-05
9.755136999999998807e+03 8.419599999999915951e+01 4.900007590938541213e+00 2.153919999999999869e-04 2.315460000000000088e-04 -1.605590904120000222e-05
9.756348958000000493e+03 8.540795800000084625e+01 4.932359976438185356e+00 2.158875073486140770e-04 2.314051647953091647e-04 -1.542503474563145359e-05
9.757012999999999010e+03 8.607199999999936324e+01 4.949996455205663004e+00 2.161590000000000017e-04 2.313279999999999915e-04 -1.507969399999999921e-05
9.758233028299999205e+03 8.729202829999955782e+01 4.982236811946716415e+00 2.169305263352847891e-04 2.311883659593354364e-04 -1.417425937253313564e-05
9.758908999999999651e+03 8.796800000000000352e+01 5.000010478756691690e+00 2.173579999999999881e-04 2.311109999999999901e-04 -1.367305831529999968e-05
9.760136148600000524e+03 8.919514860000087708e+01 5.032116094092314640e+00 2.182857345998955088e-04 2.309154512419017756e-04 -1.255608917755999801e-05
9.760823000000000320e+03 8.988200000000067291e+01 5.049996940400661494e+00 2.188050000000000032e-04 2.308060000000000125e-04 -1.193172389540000158e-05
9.762058318800000052e+03 9.111731880000040462e+01 5.081997748252063296e+00 2.198889379542916342e-04 2.306111849875904906e-04 -1.066036646222341694e-05
9.762756999999999607e+03 9.181599999999995987e+01 5.100008115118021657e+00 2.205019999999999973e-04 2.305010000000000077e-04 -9.942245733199998937e-06
9.763999539000000368e+03 9.305853900000072088e+01 5.131881707815654892e+00 2.216910690840163825e-04 2.303068532812499924e-04 -8.566318340747204688e-06
9.764708999999998923e+03 9.376799999999927593e+01 5.149992318415099746e+00 2.223700000000000004e-04 2.301960000000000030e-04 -7.781729740800000871e-06
9.765959808999999950e+03 9.501880900000030294e+01 5.181767901136685950e+00 2.236220775689655275e-04 2.300025432327586195e-04 -6.343717118693841511e-06
9.766681000000000495e+03 9.574000000000084754e+01 5.200000802984041215e+00 2.243439999999999920e-04 2.298909999999999983e-04 -5.515682806600000099e-06
9.767939129000000321e+03 9.699812900000067373e+01 5.231656269332476406e+00 2.256160309779005725e-04 2.296805746072325463e-04 -4.040570383319590338e-06
9.768672000000000480e+03 9.773100000000083298e+01 5.250007878077645351e+00 2.263570000000000013e-04 2.295579999999999865e-04 -3.182546200400000198e-06
9.769937498899998900e+03 9.899649889999925279e+01 5.281546748287982318e+00 2.276281653129850720e-04 2.293483427195522415e-04 -1.709198136826950107e-06
9.770681999999998880e+03 9.974099999999923227e+01 5.300013583592266819e+00 2.283759999999999968e-04 2.292250000000000017e-04 -8.436740737499999645e-07
9.771954918999999791e+03 1.010139190000001435e+02 5.331439286131719690e+00 2.296150247071005856e-04 2.290159851937869858e-04 5.967150923221254085e-07
9.772709999999999127e+03 1.017689999999994797e+02 5.349993428210864543e+00 2.303499999999999884e-04 2.288919999999999898e-04 1.449895773719999921e-06
9.773991388000000370e+03 1.030503880000007229e+02 5.381333793894260253e+00 2.315231457519531218e-04 2.286836493144531223e-04 2.823795470961905702e-06
9.774757999999999811e+03 1.038170000000001636e+02 5.399996735496340072e+00 2.322249999999999933e-04 2.285590000000000050e-04 3.644556102200000163e-06
9.776046908000000258e+03 1.051059080000006105e+02 5.431230268027098518e+00 2.333312035761973824e-04 2.283675656719883808e-04 4.935068389966839807e-06
9.776824999999998909e+03 1.058839999999992614e+02 5.449998780035217649e+00 2.339990000000000071e-04 2.282519999999999959e-04 5.713079084399999796e-06
9.778121477999999115e+03 1.071804779999994679e+02 5.481128630885823583e+00 2.349648326040268431e-04 2.280611952320230095e-04 6.862263065739513643e-06
9.778911000000000058e+03 1.079700000000004110e+02 5.499999596267537427e+00 2.355529999999999994e-04 2.279449999999999868e-04 7.561140800500000265e-06
9.780215097000000242e+03 1.092740970000005944e+02 5.531028807626004351e+00 2.363348386764845606e-04 2.277548062807600816e-04 8.526499212918778033e-06
9.781015999999999622e+03 1.100749999999999744e+02 5.549999217391235362e+00 2.368150000000000018e-04 2.276380000000000048e-04 9.118563657400000316e-06
9.782327766999998858e+03 1.113867669999992103e+02 5.580930796622221024e+00 2.373720686600753365e-04 2.274490166186440799e-04 9.859323924794422624e-06
9.783139999999999418e+03 1.121989999999997707e+02 5.599997675417962562e+00 2.377170000000000010e-04 2.273320000000000115e-04 1.031737188719999960e-05
9.784459485999999742e+03 1.135184860000000953e+02 5.630834503079785947e+00 2.380654970023331738e-04 2.271811488240784056e-04 1.081139305639827633e-05
9.785282999999999447e+03 1.143419999999997998e+02 5.649995001225474489e+00 2.382829999999999952e-04 2.270870000000000028e-04 1.111938308110000043e-05
9.786610254999999597e+03 1.156692549999999500e+02 5.680739904837967202e+00 2.383388392071197242e-04 2.269372772907998314e-04 1.132198926621877845e-05
9.787445999999999913e+03 1.165050000000002655e+02 5.700014248130781169e+00 2.383739999999999915e-04 2.268430000000000099e-04 1.144942405470000013e-05
9.788780074000000241e+03 1.178390740000005934e+02 5.730646957606176706e+00 2.381262696148555777e-04 2.266931384089866978e-04 1.134989837253377473e-05
9.789627000000000407e+03 1.186860000000007602e+02 5.750009197659269766e+00 2.379690000000000115e-04 2.265980000000000012e-04 1.128677840060000053e-05
9.790968942999999854e+03 1.200279430000002066e+02 5.780555618621850300e+00 2.374261230590909121e-04 2.264491663218181749e-04 1.089342124745365418e-05
9.791826999999999316e+03 1.208859999999996688e+02 5.800003104738912008e+00 2.370790000000000115e-04 2.263540000000000083e-04 1.064216912239999940e-05
9.793176862000000256e+03 1.222358620000006084e+02 5.830465846585338952e+00 2.363295498044163973e-04 2.262609270455160010e-04 9.988604950333442061e-06
9.794046000000000276e+03 1.231050000000006293e+02 5.849995996096007289e+00 2.358469999999999935e-04 2.262010000000000117e-04 9.568076099000001418e-06
9.795403830999999627e+03 1.244628309999999800e+02 5.880377601597775339e+00 2.348718359767753476e-04 2.261082138709245078e-04 8.690860795550979964e-06
9.796284999999999854e+03 1.253440000000002073e+02 5.900010140629586175e+00 2.342389999999999913e-04 2.260479999999999879e-04 8.121972454399999176e-06
9.797649849999999788e+03 1.267088500000001403e+02 5.930290845102393682e+00 2.331003147762516418e-04 2.259560827647319470e-04 7.082734756948403569e-06
9.798541999999999462e+03 1.276009999999998143e+02 5.950000890250001007e+00 2.323559999999999959e-04 2.258960000000000069e-04 6.403880524800000466e-06
9.799914918999998918e+03 1.289739189999992561e+02 5.980205539828459926e+00 2.311229655884936300e-04 2.258037485256917125e-04 5.271913053820107570e-06
9.800818999999999505e+03 1.298779999999998438e+02 6.000012574508027718e+00 2.303109999999999977e-04 2.257430000000000103e-04 4.527004973400000469e-06
9.802199037999998836e+03 1.312580379999991749e+02 6.030121649738291900e+00 2.291390200165577230e-04 2.257357841150326892e-04 3.372158362971938996e-06
9.803113999999999578e+03 1.321729999999999166e+02 6.050001291221705380e+00 2.283619999999999932e-04 2.257310000000000111e-04 2.606538430100000089e-06
9.805429000000000087e+03 1.344880000000004259e+02 6.100010632707862257e+00 2.264549999999999994e-04 2.257179999999999961e-04 7.293174298000000263e-07
9.807761999999998807e+03 1.368209999999991453e+02 6.149997418191683884e+00 2.246740000000000109e-04 2.257059999999999969e-04 -1.021335449420000037e-06
9.810114999999999782e+03 1.391740000000001203e+02 6.200004526951174988e+00 2.230810000000000009e-04 2.256939999999999977e-04 -2.585708449799999877e-06
9.812486999999999171e+03 1.415459999999995091e+02 6.250010473767886765e+00 2.217110000000000055e-04 2.256810000000000099e-04 -3.926826831900000310e-06
9.814877000000000407e+03 1.439360000000007460e+02 6.299994455509718705e+00 2.205859999999999917e-04 2.256690000000000106e-04 -5.025919432800000384e-06
9.817287000000000262e+03 1.463460000000006005e+02 6.349998324608631783e+00 2.197119999999999997e-04 2.256570000000000114e-04 -5.876108280000000762e-06
9.819716000000000349e+03 1.487750000000006878e+02 6.400001109621363149e+00 2.190899999999999911e-04 2.256439999999999965e-04 -6.476546909999999864e-06
9.822163999999998850e+03 1.512229999999991890e+02 6.450002835760574982e+00 2.187190000000000043e-04 2.256319999999999973e-04 -6.828526847999999910e-06
9.824630999999999403e+03 1.536899999999997419e+02 6.500003527462714814e+00 2.185970000000000079e-04 2.256190000000000094e-04 -6.934354841200000602e-06
9.827117000000000189e+03 1.561760000000005277e+02 6.550003208417458644e+00 2.187219999999999974e-04 2.256729999999999923e-04 -6.862625660799999393e-06
9.829621999999999389e+03 1.586809999999997274e+02 6.600001901596151299e+00 2.190939999999999999e-04 2.257259999999999866e-04 -6.546798895799999386e-06
9.832145999999998821e+03 1.612049999999991599e+02 6.649999629278909197e+00 2.197029999999999936e-04 2.257790000000000079e-04 -5.998293270899999787e-06
9.834689000000000306e+03 1.637480000000006441e+02 6.699996413080377522e+00 2.205219999999999869e-04 2.258320000000000021e-04 -5.240860640800000204e-06
9.837252000000000407e+03 1.663110000000007460e+02 6.750011716064244105e+00 2.215180000000000024e-04 2.258849999999999964e-04 -4.310721574499999938e-06
9.839833000000000538e+03 1.688920000000008770e+02 6.800006531465275117e+00 2.226410000000000119e-04 2.259379999999999906e-04 -3.253778325599999728e-06
9.842432999999999083e+03 1.714919999999994218e+02 6.850000466166318525e+00 2.238420000000000026e-04 2.259920000000000006e-04 -2.121490860319999965e-06
9.845052999999999884e+03 1.741120000000002221e+02 6.900012558743820357e+00 2.250649999999999873e-04 2.260449999999999948e-04 -9.661592785499999252e-07
9.847690999999998894e+03 1.767499999999992326e+02 6.950004652114762926e+00 2.262630000000000121e-04 2.260979999999999891e-04 1.630078401779999784e-07
9.850347999999999956e+03 1.794070000000002949e+02 6.999995922538436055e+00 2.273900000000000031e-04 2.261510000000000104e-04 1.222531598820000105e-06
9.853024999999999636e+03 1.820839999999999748e+02 7.050005002305099744e+00 2.282960000000000111e-04 2.260639999999999959e-04 2.201680248159999817e-06
9.855719999999999345e+03 1.847789999999996837e+02 7.099994547797226829e+00 2.290650000000000032e-04 2.259779999999999970e-04 3.046725787200000185e-06
9.858434999999999491e+03 1.874939999999998292e+02 7.150001677678725187e+00 2.296730000000000082e-04 2.258910000000000095e-04 3.733210200599999858e-06
9.861168999999999869e+03 1.902280000000002076e+02 7.200007798635347456e+00 2.301030000000000024e-04 2.258050000000000107e-04 4.244546906999999772e-06
9.863921000000000276e+03 1.929800000000006150e+02 7.249994830292107117e+00 2.303469999999999953e-04 2.257179999999999961e-04 4.571579513000000104e-06
9.866692999999999302e+03 1.957519999999996401e+02 7.299999119448512097e+00 2.304019999999999940e-04 2.256319999999999973e-04 4.712820710400000257e-06
9.869484000000000378e+03 1.985430000000007169e+02 7.350002458923351689e+00 2.302750000000000001e-04 2.255459999999999984e-04 4.674079976399999512e-06
9.872293999999999869e+03 2.013530000000002076e+02 7.400004867968136502e+00 2.299790000000000016e-04 2.254590000000000110e-04 4.468304283300000893e-06
9.875122999999999593e+03 2.041819999999999311e+02 7.450006365317275225e+00 2.295339999999999880e-04 2.253730000000000121e-04 4.114589786399999839e-06
9.877970999999999549e+03 2.070299999999998875e+02 7.500006969205210261e+00 2.289629999999999964e-04 2.252859999999999975e-04 3.636499026199999619e-06
9.880837999999999738e+03 2.098970000000000766e+02 7.550006697383025767e+00 2.280999999999999879e-04 2.250110000000000044e-04 3.056526922899999948e-06
9.883724000000000160e+03 2.127830000000004986e+02 7.600005567134368256e+00 2.271669999999999885e-04 2.247360000000000113e-04 2.406135984000000227e-06
9.886628999999998996e+03 2.156879999999993345e+02 7.650003595290709058e+00 2.261890000000000124e-04 2.244600000000000024e-04 1.711698291000000108e-06
9.889552999999999884e+03 2.186120000000002221e+02 7.700000798246167122e+00 2.251909999999999925e-04 2.241850000000000093e-04 9.963588465999999231e-07
9.892495999999999185e+03 2.215549999999995237e+02 7.749997191971426780e+00 2.241920000000000111e-04 2.239099999999999890e-04 2.796165688999999850e-07
9.895458999999998923e+03 2.245179999999992617e+02 7.800009616915430044e+00 2.232090000000000105e-04 2.236349999999999959e-04 -4.218270460499999751e-07
9.898440000000000509e+03 2.274990000000008479e+02 7.850004331313012784e+00 2.222579999999999987e-04 2.233600000000000028e-04 -1.092491731200000033e-06
9.901440000000000509e+03 2.304990000000008479e+02 7.899998283343832028e+00 2.213539999999999952e-04 2.230839999999999939e-04 -1.716379295080000096e-06
9.904459999999999127e+03 2.335189999999994654e+02 7.950007994830712299e+00 2.205160000000000009e-04 2.228090000000000008e-04 -2.275904811400000165e-06
9.907497999999999593e+03 2.365569999999999311e+02 8.000000361760031709e+00 2.197629999999999896e-04 2.225340000000000076e-04 -2.751899950800000062e-06
9.910556000000000495e+03 2.396150000000008333e+02 8.050008312063031468e+00 2.190580000000000023e-04 2.222100000000000019e-04 -3.130805574000000265e-06
9.913631999999999607e+03 2.426909999999999457e+02 8.099999153682540864e+00 2.184699999999999869e-04 2.218859999999999962e-04 -3.394057010399999821e-06
9.916727999999999156e+03 2.457869999999994945e+02 8.150005406186343393e+00 2.180139999999999899e-04 2.215630000000000063e-04 -3.526861990300000471e-06
9.919842000000000553e+03 2.489010000000008915e+02 8.199994779347552054e+00 2.177000000000000061e-04 2.212390000000000005e-04 -3.518474436500000033e-06
9.922975999999998749e+03 2.520349999999990871e+02 8.249999394401276831e+00 2.175319999999999901e-04 2.209149999999999948e-04 -3.364115711499999773e-06
9.926128999999998996e+03 2.551879999999993345e+02 8.300003164545133316e+00 2.175090000000000075e-04 2.205909999999999891e-04 -3.066281077300000059e-06
9.929300999999999476e+03 2.583599999999998431e+02 8.350006104958250575e+00 2.176190000000000047e-04 2.202679999999999992e-04 -2.635682834400000097e-06
9.932492000000000189e+03 2.615510000000005562e+02 8.400008230458103853e+00 2.178430000000000080e-04 2.199439999999999935e-04 -2.091515678640000012e-06
9.935701999999999316e+03 2.647609999999996830e+02 8.450009555511179826e+00 2.181530000000000101e-04 2.196199999999999878e-04 -1.460839765399999866e-06
9.938931000000000495e+03 2.679900000000008617e+02 8.500010094243423353e+00 2.185160000000000065e-04 2.192960000000000092e-04 -7.772749353599999935e-07
9.942179000000000087e+03 2.712380000000004543e+02 8.550009860450012766e+00 2.189980000000000062e-04 2.190749999999999989e-04 -7.627402829999999275e-08
9.945445999999999913e+03 2.745050000000002797e+02 8.600008867605186680e+00 2.194649999999999867e-04 2.188539999999999887e-04 6.092195027199999670e-07
9.948731999999999971e+03 2.777910000000003379e+02 8.650007128871411766e+00 2.198769999999999956e-04 2.186319999999999898e-04 1.240590116559999916e-06
9.952037000000000262e+03 2.810960000000006289e+02 8.700004657108388884e+00 2.202000000000000127e-04 2.184110000000000066e-04 1.783076826460000012e-06
9.955360999999998967e+03 2.844199999999993338e+02 8.750001464881682622e+00 2.204060000000000036e-04 2.181890000000000077e-04 2.208858160399999865e-06
9.958703999999999724e+03 2.877630000000000905e+02 8.799997564471196299e+00 2.204750000000000058e-04 2.179679999999999975e-04 2.499591633600000234e-06
9.962066999999999098e+03 2.911259999999994648e+02 8.850007796595477316e+00 2.204019999999999948e-04 2.177469999999999872e-04 2.647716421199999549e-06
9.965448000000000320e+03 2.945070000000006871e+02 8.900002432255522677e+00 2.201890000000000021e-04 2.175249999999999883e-04 2.656611072499999778e-06
9.968847999999999956e+03 2.979070000000003233e+02 8.949996395867998444e+00 2.198500000000000042e-04 2.173040000000000052e-04 2.539262431199999903e-06
9.972268000000000029e+03 3.013270000000003961e+02 9.000004280209035201e+00 2.194040000000000020e-04 2.170820000000000063e-04 2.315895900600000111e-06
9.975706000000000131e+03 3.047650000000004979e+02 9.049996852527790736e+00 2.189969999999999905e-04 2.169659999999999959e-04 2.025601084980000015e-06
9.979163999999998850e+03 3.082229999999992174e+02 9.100003207888404333e+00 2.185269999999999899e-04 2.168500000000000126e-04 1.673429281500000117e-06
9.982640999999999622e+03 3.116999999999999886e+02 9.150008777806666771e+00 2.180179999999999987e-04 2.167330000000000135e-04 1.282298627170000131e-06
9.986136000000000422e+03 3.151950000000007890e+02 9.199999310519000773e+00 2.174909999999999951e-04 2.166170000000000031e-04 8.724163028200000548e-07
9.989650999999999840e+03 3.187100000000002069e+02 9.250003424809930763e+00 2.169619999999999871e-04 2.165009999999999927e-04 4.604846369399999882e-07
9.993184999999999491e+03 3.222439999999998577e+02 9.300006790426756709e+00 2.164439999999999897e-04 2.163839999999999937e-04 5.987561663999999917e-08
9.996737999999999374e+03 3.257969999999997412e+02 9.350009419381093423e+00 2.159490000000000021e-04 2.162680000000000104e-04 -3.186168310000000224e-07
1.000030899999999929e+04 3.293679999999996539e+02 9.399997362355891894e+00 2.154839999999999989e-04 2.161510000000000113e-04 -6.657731796299999744e-07
1.000389999999999964e+04 3.329590000000000032e+02 9.449998626873716390e+00 2.150599999999999908e-04 2.160350000000000009e-04 -9.731080540000000446e-07
1.000751000000000022e+04 3.365690000000005853e+02 9.499999188477623591e+00 2.146840000000000066e-04 2.159189999999999905e-04 -1.232426786579999901e-06
1.001113899999999921e+04 3.401979999999995812e+02 9.549999058208248570e+00 2.143380000000000068e-04 2.157860000000000106e-04 -1.446318612160000068e-06
1.001478700000000026e+04 3.438460000000006289e+02 9.599998246876134900e+00 2.140520000000000031e-04 2.156530000000000035e-04 -1.598920350960000010e-06
1.001845399999999972e+04 3.475130000000000905e+02 9.649996765067530902e+00 2.138350000000000016e-04 2.155210000000000123e-04 -1.684106956520000229e-06
1.002214099999999962e+04 3.511999999999999886e+02 9.700008152441807141e+00 2.136879999999999910e-04 2.153880000000000052e-04 -1.698295610160000147e-06
1.002584599999999955e+04 3.549049999999999159e+02 9.750005291194076662e+00 2.136130000000000027e-04 2.152559999999999868e-04 -1.641249507840000000e-06
1.002956999999999971e+04 3.586290000000000759e+02 9.800001790649350397e+00 2.136060000000000009e-04 2.151230000000000069e-04 -1.516404178230000059e-06
1.003331300000000010e+04 3.623720000000004688e+02 9.849997660542436861e+00 2.136589999999999952e-04 2.149909999999999885e-04 -1.330934034149999836e-06
1.003707599999999911e+04 3.661349999999994793e+02 9.900006166386301487e+00 2.137619999999999906e-04 2.148580000000000086e-04 -1.095266586540000064e-06
1.004085699999999997e+04 3.699160000000003379e+02 9.950000738971519709e+00 2.139029999999999881e-04 2.147259999999999902e-04 -8.223812546599999517e-07
1.004465799999999945e+04 3.737169999999998140e+02 1.000000783411768523e+01 2.140660000000000067e-04 2.145930000000000103e-04 -5.267957719800000644e-07
1.004847699999999895e+04 3.775359999999993192e+02 1.005000114868389538e+01 2.141129999999999878e-04 2.143369999999999911e-04 -2.232555625700000190e-07
1.005231599999999889e+04 3.813749999999992610e+02 1.010000687428058086e+01 2.141570000000000030e-04 2.140800000000000103e-04 7.631031456000000472e-08
1.005617299999999886e+04 3.852319999999992319e+02 1.014999896855825234e+01 2.141830000000000058e-04 2.138239999999999911e-04 3.586940364799999862e-07
1.006004999999999927e+04 3.891089999999996394e+02 1.020000336415566800e+01 2.141800000000000127e-04 2.135679999999999989e-04 6.124639033600000039e-07
1.006394599999999991e+04 3.930050000000002797e+02 1.025000707772357167e+01 2.141400000000000063e-04 2.133109999999999911e-04 8.284593949099999674e-07
1.006785999999999876e+04 3.969189999999991301e+02 1.029999737802056003e+01 2.140549999999999961e-04 2.130549999999999989e-04 1.000037558999999933e-06
1.007179399999999987e+04 4.008530000000002360e+02 1.034999981869143859e+01 2.139219999999999891e-04 2.127979999999999911e-04 1.123043572979999931e-06
1.007574699999999939e+04 4.048059999999997558e+02 1.040000160596803624e+01 2.137379999999999922e-04 2.125419999999999989e-04 1.195646519319999851e-06
1.007971899999999914e+04 4.087779999999995084e+02 1.045000274922957395e+01 2.135039999999999941e-04 2.122860000000000068e-04 1.217990925000000036e-06
1.008370999999999913e+04 4.127689999999994939e+02 1.050000325767647524e+01 2.132210000000000106e-04 2.120289999999999989e-04 1.191868016250000074e-06
1.008771999999999935e+04 4.167789999999997121e+02 1.055000314033463127e+01 2.128929999999999961e-04 2.117730000000000068e-04 1.120454941589999987e-06
1.009174899999999980e+04 4.208080000000001633e+02 1.060000240605951660e+01 2.125250000000000023e-04 2.115159999999999989e-04 1.008108522759999813e-06
1.009579700000000048e+04 4.248560000000008472e+02 1.065000106354020559e+01 2.121199999999999952e-04 2.112600000000000068e-04 8.603331114000000704e-07
1.009986399999999958e+04 4.289229999999999450e+02 1.069999912130323594e+01 2.116870000000000080e-04 2.110039999999999876e-04 6.837394716399999302e-07
1.010394999999999891e+04 4.330089999999992756e+02 1.074999658771645983e+01 2.112329999999999883e-04 2.107470000000000068e-04 4.860078716400000445e-07
1.010805600000000049e+04 4.371150000000008617e+02 1.080000562230299543e+01 2.107669999999999965e-04 2.104909999999999876e-04 2.757600492799999704e-07
1.011218000000000029e+04 4.412390000000006580e+02 1.085000187451079867e+01 2.102969999999999959e-04 2.102349999999999954e-04 6.223860010500000131e-08
1.011632300000000032e+04 4.453820000000006871e+02 1.089999756007047793e+01 2.098330000000000084e-04 2.099779999999999876e-04 -1.451399432700000036e-07
1.012048599999999897e+04 4.495449999999993338e+02 1.095000467159860413e+01 2.093850000000000019e-04 2.097219999999999954e-04 -3.373462258800000032e-07
1.012466699999999946e+04 4.537259999999998286e+02 1.099999919253505354e+01 2.089589999999999894e-04 2.094649999999999876e-04 -5.063187979999999248e-07
1.012886800000000039e+04 4.579270000000007599e+02 1.105000504657564164e+01 2.086009999999999904e-04 2.092530000000000106e-04 -6.520532733000000977e-07
1.013308699999999953e+04 4.621459999999999013e+02 1.109999843478247072e+01 2.082750000000000074e-04 2.090399999999999908e-04 -7.649505239999999725e-07
1.013732599999999911e+04 4.663849999999994793e+02 1.115000306461097779e+01 2.079860000000000107e-04 2.088269999999999981e-04 -8.412762756600000393e-07
1.014158399999999892e+04 4.706429999999992901e+02 1.120000706816911240e+01 2.077349999999999889e-04 2.086140000000000054e-04 -8.792725456200000911e-07
1.014585999999999876e+04 4.749189999999991301e+02 1.124999878855518887e+01 2.075219999999999962e-04 2.084010000000000127e-04 -8.790500060700000686e-07
1.015015599999999904e+04 4.792149999999994066e+02 1.130000161609648579e+01 2.073459999999999897e-04 2.081879999999999929e-04 -8.423328117599999732e-07
1.015447099999999955e+04 4.835299999999999159e+02 1.135000384152428943e+01 2.072029999999999879e-04 2.079759999999999888e-04 -7.721608142399999449e-07
1.015880500000000029e+04 4.878640000000006580e+02 1.140000547276149589e+01 2.070899999999999976e-04 2.077629999999999961e-04 -6.726057033099999394e-07
1.016315799999999945e+04 4.922169999999998140e+02 1.145000651759249344e+01 2.070010000000000057e-04 2.075500000000000034e-04 -5.485920090000000523e-07
1.016752999999999884e+04 4.965889999999992028e+02 1.150000698366623020e+01 2.069309999999999878e-04 2.073370000000000107e-04 -4.057854628100000170e-07
1.017192100000000028e+04 5.009800000000006435e+02 1.155000687849912389e+01 2.068729999999999961e-04 2.071239999999999908e-04 -2.505061217999999561e-07
1.017633100000000013e+04 5.053900000000004979e+02 1.160000620947784356e+01 2.068220000000000063e-04 2.069109999999999981e-04 -8.961067116799999052e-08
1.018076000000000022e+04 5.098190000000005853e+02 1.165000498386224237e+01 2.067679999999999963e-04 2.066989999999999941e-04 6.971068464299999488e-08
1.018520800000000054e+04 5.142670000000008486e+02 1.170000320878796174e+01 2.067059999999999959e-04 2.064860000000000014e-04 2.202730702200000186e-07
1.018967499999999927e+04 5.187339999999995825e+02 1.175000089126910119e+01 2.066290000000000032e-04 2.062730000000000086e-04 3.553217443400000389e-07
1.019416100000000006e+04 5.232200000000003683e+02 1.179999803820086335e+01 2.065299999999999894e-04 2.060599999999999888e-04 4.689843175999999682e-07
1.019866699999999946e+04 5.277259999999997717e+02 1.185000573097321741e+01 2.064049999999999999e-04 2.058469999999999961e-04 5.566802759799999915e-07
1.020319099999999889e+04 5.322499999999992042e+02 1.190000178050000201e+01 2.062509999999999875e-04 2.056340000000000034e-04 6.153967591200000716e-07
1.020773400000000038e+04 5.367930000000006885e+02 1.194999731486378813e+01 2.060669999999999906e-04 2.054210000000000107e-04 6.438017392600000880e-07
1.021229700000000048e+04 5.413560000000007904e+02 1.200000327668433187e+01 2.058519999999999935e-04 2.052090000000000066e-04 6.421913050500000151e-07
1.021687800000000061e+04 5.459370000000009213e+02 1.204999775455866207e+01 2.056089999999999893e-04 2.049879999999999964e-04 6.195208832400000143e-07
1.022147899999999936e+04 5.505379999999996699e+02 1.210000258244341076e+01 2.053389999999999935e-04 2.047680000000000019e-04 5.692857552000000342e-07
1.022609900000000016e+04 5.551580000000004702e+02 1.215000683139516369e+01 2.050429999999999950e-04 2.045480000000000074e-04 4.945970640000000387e-07
1.023073699999999917e+04 5.597959999999994807e+02 1.219999975163982775e+01 2.047279999999999955e-04 2.043269999999999971e-04 3.996615687299999834e-07
1.023539500000000044e+04 5.644540000000007467e+02 1.225000290787352419e+01 2.043969999999999880e-04 2.041070000000000026e-04 2.895645598299999891e-07
1.024007200000000012e+04 5.691310000000004266e+02 1.230000550582601626e+01 2.040570000000000014e-04 2.038859999999999924e-04 1.700003506860000057e-07
1.024476699999999983e+04 5.738260000000001355e+02 1.234999692603370569e+01 2.037130000000000061e-04 2.036659999999999979e-04 4.698798652600000151e-08
1.024948199999999997e+04 5.785410000000002810e+02 1.239999847050670034e+01 2.033720000000000037e-04 2.034460000000000034e-04 -7.345906100399999974e-08
1.025421600000000035e+04 5.832750000000006594e+02 1.244999947637099247e+01 2.030389999999999918e-04 2.032249999999999931e-04 -1.856574181000000086e-07
1.025896899999999914e+04 5.880279999999994516e+02 1.249999995009000209e+01 2.027200000000000106e-04 2.030049999999999986e-04 -2.845683488999999847e-07
1.026374099999999999e+04 5.928000000000002956e+02 1.254999989802412586e+01 2.024179999999999990e-04 2.027850000000000041e-04 -3.660593706000000511e-07
1.026853199999999924e+04 5.975909999999995534e+02 1.259999932643266618e+01 2.021360000000000040e-04 2.025639999999999938e-04 -4.270980914399999629e-07
1.027334200000000055e+04 6.024010000000008631e+02 1.264999824147597351e+01 2.018769999999999918e-04 2.023439999999999993e-04 -4.658586146400000083e-07
1.027817200000000048e+04 6.072310000000007904e+02 1.270000698261308258e+01 2.016409999999999893e-04 2.021240000000000048e-04 -4.817322354000000009e-07
1.028302000000000044e+04 6.120790000000007467e+02 1.275000484849900495e+01 2.014270000000000079e-04 2.019029999999999946e-04 -4.752614907299999804e-07
1.028788699999999881e+04 6.169459999999991169e+02 1.280000221924268899e+01 2.012340000000000049e-04 2.016830000000000001e-04 -4.480125657099999967e-07
1.029277299999999923e+04 6.218319999999995389e+02 1.284999910062373907e+01 2.010589999999999871e-04 2.014619999999999898e-04 -4.024022134199999476e-07
1.029767900000000009e+04 6.267380000000003974e+02 1.290000567152118727e+01 2.009000000000000044e-04 2.012419999999999953e-04 -3.415076739999999720e-07
1.030260299999999916e+04 6.316619999999994661e+02 1.295000155188320790e+01 2.007520000000000051e-04 2.010220000000000008e-04 -2.688749658800000082e-07
1.030754600000000028e+04 6.366050000000005866e+02 1.299999695999270699e+01 2.006130000000000120e-04 2.008009999999999906e-04 -1.883282458849999875e-07
1.031250900000000001e+04 6.415680000000003247e+02 1.305000195753610193e+01 2.004049999999999896e-04 2.005099999999999895e-04 -1.046463695099999914e-07
1.031749099999999999e+04 6.465500000000002956e+02 1.310000641683489953e+01 2.001980000000000101e-04 2.002179999999999997e-04 -2.033293877200000029e-08
1.032249099999999999e+04 6.515500000000002956e+02 1.315000036425042218e+01 1.999880000000000104e-04 1.999260000000000100e-04 6.108778915200000917e-08
1.032751100000000042e+04 6.565700000000007321e+02 1.320000380319232036e+01 1.997719999999999975e-04 1.996350000000000088e-04 1.364962389150000057e-07
1.033254999999999927e+04 6.616089999999995825e+02 1.325000672174696525e+01 1.995470000000000056e-04 1.993429999999999920e-04 2.031843396100000020e-07
1.033760699999999997e+04 6.666660000000002810e+02 1.329999925855785392e+01 1.993110000000000031e-04 1.990510000000000022e-04 2.588439298899999827e-07
1.034268399999999929e+04 6.717429999999995971e+02 1.335000119081543346e+01 1.990620000000000128e-04 1.987600000000000011e-04 3.015686100000000067e-07
1.034777999999999884e+04 6.768389999999991460e+02 1.340000261975536233e+01 1.987989999999999918e-04 1.984680000000000114e-04 3.298935095999999918e-07
1.035289500000000044e+04 6.819540000000007467e+02 1.345000355099102229e+01 1.985199999999999899e-04 1.981759999999999945e-04 3.429217686400000002e-07
1.035802900000000045e+04 6.870880000000007612e+02 1.350000399005252838e+01 1.982259999999999957e-04 1.978849999999999934e-04 3.404334385999999861e-07
1.036318199999999888e+04 6.922409999999991896e+02 1.355000394238834893e+01 1.979170000000000094e-04 1.975930000000000037e-04 3.229795900100000107e-07
1.036835399999999936e+04 6.974129999999996699e+02 1.360000341336681018e+01 1.975939999999999923e-04 1.973009999999999868e-04 2.919265595999999762e-07
1.037354500000000007e+04 7.026040000000003829e+02 1.365000240827748001e+01 1.972599999999999918e-04 1.970100000000000128e-04 2.493634374000000113e-07
1.037875499999999920e+04 7.078139999999995098e+02 1.370000093233265481e+01 1.969159999999999964e-04 1.967179999999999959e-04 1.979160126200000072e-07
1.038398400000000038e+04 7.130430000000006885e+02 1.374999899066882669e+01 1.965670000000000037e-04 1.964260000000000062e-04 1.405231604000000251e-07
1.038923300000000017e+04 7.182920000000004848e+02 1.380000609806771728e+01 1.962149999999999908e-04 1.961339999999999893e-04 8.016506528399999710e-08
1.039450000000000000e+04 7.235590000000003101e+02 1.385000320574944155e+01 1.958630000000000050e-04 1.958429999999999882e-04 1.966596653099999945e-08
1.039978600000000006e+04 7.288450000000003683e+02 1.389999986292721168e+01 1.955129999999999965e-04 1.955509999999999985e-04 -3.843574460099999735e-08
1.040509200000000055e+04 7.341510000000008631e+02 1.395000548190996170e+01 1.951669999999999967e-04 1.952590000000000087e-04 -9.192949927200001320e-08
1.041041599999999926e+04 7.394749999999995680e+02 1.400000121894674088e+01 1.948289999999999874e-04 1.949680000000000076e-04 -1.389240584640000220e-07
1.041576000000000022e+04 7.448190000000005284e+02 1.405000586055172107e+01 1.945559999999999987e-04 1.947370000000000025e-04 -1.801445776419999968e-07
1.042112199999999939e+04 7.501809999999996990e+02 1.410000069722749849e+01 1.942930000000000048e-04 1.945059999999999975e-04 -2.122896835800000058e-07
1.042650399999999900e+04 7.555629999999993061e+02 1.415000438190493881e+01 1.940400000000000057e-04 1.942749999999999924e-04 -2.342645659999999745e-07
1.043190400000000045e+04 7.609630000000007612e+02 1.419999833743982087e+01 1.937979999999999900e-04 1.940439999999999873e-04 -2.454190894399999605e-07
1.043732400000000052e+04 7.663830000000008340e+02 1.425000108506987928e+01 1.935670000000000121e-04 1.938130000000000094e-04 -2.455726997800000218e-07
1.044276299999999901e+04 7.718219999999993206e+02 1.430000335535745037e+01 1.933460000000000018e-04 1.935820000000000043e-04 -2.350259703799999972e-07
1.044822099999999955e+04 7.772799999999998590e+02 1.435000515329243242e+01 1.931360000000000021e-04 1.933509999999999992e-04 -2.145384025800000014e-07
1.045369700000000012e+04 7.827560000000004266e+02 1.439999737031419258e+01 1.929339999999999929e-04 1.931199999999999941e-04 -1.852922670399999976e-07
1.045919299999999930e+04 7.882519999999996116e+02 1.444999826977243274e+01 1.927400000000000012e-04 1.928889999999999891e-04 -1.488252439509999870e-07
1.046470800000000054e+04 7.937670000000008486e+02 1.449999871121857709e+01 1.925510000000000069e-04 1.926580000000000111e-04 -1.069458044060000050e-07
1.047024200000000019e+04 7.993010000000004993e+02 1.454999869937440948e+01 1.923659999999999942e-04 1.924270000000000060e-04 -6.164687585500001268e-08
1.047579500000000007e+04 8.048540000000003829e+02 1.459999823889704196e+01 1.921810000000000087e-04 1.921960000000000010e-04 -1.502207779919999932e-08
1.048136700000000019e+04 8.104260000000004993e+02 1.464999733437993967e+01 1.919959999999999961e-04 1.919649999999999959e-04 3.081537358999999682e-08
1.048695899999999892e+04 8.160179999999992333e+02 1.470000491784666963e+01 1.918090000000000062e-04 1.917350000000000066e-04 7.381529070999999280e-08
1.049256899999999951e+04 8.216279999999998154e+02 1.475000310851984153e+01 1.916160000000000031e-04 1.915040000000000015e-04 1.120794395359999988e-07
1.049819800000000032e+04 8.272570000000006303e+02 1.480000086876742849e+01 1.914169999999999869e-04 1.912729999999999964e-04 1.439641099990000047e-07
1.050384599999999955e+04 8.329049999999998590e+02 1.484999820293695727e+01 1.912100000000000073e-04 1.910419999999999913e-04 1.681775203140000019e-07
1.050951399999999921e+04 8.385729999999995243e+02 1.490000392297867293e+01 1.909950000000000103e-04 1.908110000000000134e-04 1.838622358129999983e-07
1.051519999999999891e+04 8.442589999999992187e+02 1.495000038834715639e+01 1.907710000000000070e-04 1.905800000000000083e-04 1.906409856000000149e-07
1.052090599999999904e+04 8.499649999999993497e+02 1.500000518947294026e+01 1.905379999999999975e-04 1.903490000000000032e-04 1.886132074690000313e-07
1.052662999999999920e+04 8.556889999999995098e+02 1.505000080352494152e+01 1.902360000000000129e-04 1.900559999999999977e-04 1.795827740640000111e-07
1.053237399999999980e+04 8.614330000000001064e+02 1.510000470376822257e+01 1.899269999999999995e-04 1.897629999999999922e-04 1.631081299679999974e-07
1.053813600000000042e+04 8.671950000000007321e+02 1.514999948352456727e+01 1.896110000000000113e-04 1.894710000000000025e-04 1.400942889870000028e-07
1.054391799999999967e+04 8.729769999999999754e+02 1.520000250044720680e+01 1.892899999999999986e-04 1.891779999999999970e-04 1.116950422939999897e-07
1.054971899999999914e+04 8.787779999999994516e+02 1.525000506799754874e+01 1.889650000000000043e-04 1.888849999999999915e-04 7.927125679999999806e-08
1.055553800000000047e+04 8.845970000000007758e+02 1.529999861318791687e+01 1.886369999999999898e-04 1.885930000000000017e-04 4.433104776599999863e-08
1.056137700000000041e+04 8.904360000000007176e+02 1.535000032309406492e+01 1.883079999999999867e-04 1.882999999999999962e-04 8.468585370000000276e-09
1.056723500000000058e+04 8.962940000000008922e+02 1.540000159649233424e+01 1.879799999999999993e-04 1.880069999999999907e-04 -2.670338623800000069e-08
1.057311199999999917e+04 9.021709999999994807e+02 1.545000243762076586e+01 1.876550000000000050e-04 1.877140000000000124e-04 -5.962753981400000393e-08
1.057900799999999981e+04 9.080670000000001210e+02 1.550000285066271566e+01 1.873330000000000036e-04 1.874219999999999955e-04 -8.887495013400000083e-08
1.058492299999999886e+04 9.139819999999991751e+02 1.555000283974763242e+01 1.870159999999999997e-04 1.871289999999999900e-04 -1.132121093549999983e-07
1.059085699999999997e+04 9.199160000000002810e+02 1.560000240895206147e+01 1.867039999999999932e-04 1.868360000000000116e-04 -1.316599661519999944e-07
1.059680999999999949e+04 9.258689999999998008e+02 1.565000156230034989e+01 1.864000000000000043e-04 1.865439999999999948e-04 -1.435392655039999900e-07
1.060278199999999924e+04 9.318409999999995534e+02 1.570000030376558620e+01 1.861020000000000014e-04 1.862509999999999893e-04 -1.484969910449999786e-07
1.060877299999999923e+04 9.378319999999995389e+02 1.574999863727037663e+01 1.858110000000000003e-04 1.859580000000000109e-04 -1.465252341840000129e-07
1.061478399999999965e+04 9.438429999999999609e+02 1.580000487264585551e+01 1.855270000000000009e-04 1.856650000000000054e-04 -1.379578212550000193e-07
1.062081300000000010e+04 9.498720000000004120e+02 1.585000237559912861e+01 1.852489999999999877e-04 1.853729999999999885e-04 -1.234539690479999889e-07
1.062686099999999897e+04 9.559199999999992770e+02 1.589999948222973103e+01 1.849759999999999989e-04 1.850800000000000101e-04 -1.039598061599999943e-07
1.063292900000000009e+04 9.619880000000003974e+02 1.595000442411063446e+01 1.847069999999999919e-04 1.847870000000000046e-04 -8.065693848200000141e-08
1.063901499999999942e+04 9.680739999999997281e+02 1.600000072352006342e+01 1.844399999999999892e-04 1.844949999999999878e-04 -5.488523305499999624e-08
1.064512099999999919e+04 9.741799999999994952e+02 1.605000481439090265e+01 1.841869999999999901e-04 1.842160000000000130e-04 -2.869366837600000194e-08
1.065124499999999898e+04 9.803039999999992915e+02 1.610000032175624085e+01 1.839339999999999910e-04 1.839370000000000111e-04 -2.615050722700000117e-09
1.065738899999999921e+04 9.864479999999995243e+02 1.615000357724312252e+01 1.836800000000000032e-04 1.836580000000000092e-04 2.217284668200000247e-08
1.066355099999999948e+04 9.926099999999997863e+02 1.619999830736508173e+01 1.834240000000000111e-04 1.833790000000000073e-04 4.465498704800000484e-08
1.066973300000000017e+04 9.987920000000004848e+02 1.625000074271174100e+01 1.831649999999999988e-04 1.831009999999999940e-04 6.401998294299999454e-08
1.067593399999999929e+04 1.004992999999999597e+03 1.630000276120146196e+01 1.829020000000000049e-04 1.828219999999999921e-04 7.967620428600000338e-08
1.068215400000000045e+04 1.011213000000000761e+03 1.635000436665880486e+01 1.826339999999999865e-04 1.825429999999999902e-04 9.125087264099999130e-08
1.068839300000000003e+04 1.017452000000000339e+03 1.640000556286158684e+01 1.823630000000000021e-04 1.822639999999999883e-04 9.857128742399998239e-08
1.069464999999999964e+04 1.023708999999999946e+03 1.644999837578324531e+01 1.820869999999999932e-04 1.819850000000000135e-04 1.016404423500000134e-07
1.070092699999999968e+04 1.029986000000000104e+03 1.649999878880258208e+01 1.818070000000000027e-04 1.817060000000000116e-04 1.006102487880000169e-07
1.070722299999999996e+04 1.036282000000000380e+03 1.654999880348167807e+01 1.815239999999999920e-04 1.814279999999999983e-04 9.575751697200000025e-08
1.071353800000000047e+04 1.042597000000000889e+03 1.659999842341998999e+01 1.812369999999999997e-04 1.811489999999999964e-04 8.746163558399999984e-08
1.071987199999999939e+04 1.048930999999999813e+03 1.664999765217370253e+01 1.809459999999999986e-04 1.808699999999999945e-04 7.619040228000000050e-08
1.072622599999999875e+04 1.055284999999999172e+03 1.670000435158830854e+01 1.806540000000000088e-04 1.805909999999999926e-04 6.248376363600000169e-08
1.073259799999999996e+04 1.061657000000000380e+03 1.675000278501465445e+01 1.803589999999999989e-04 1.803119999999999907e-04 4.694098358399999562e-08
1.073898899999999958e+04 1.068048000000000002e+03 1.680000083781163056e+01 1.800639999999999890e-04 1.800340000000000046e-04 3.020664462199999630e-08
1.074539899999999943e+04 1.074457999999999856e+03 1.684999851336750964e+01 1.797679999999999905e-04 1.797550000000000027e-04 1.295467321749999939e-08
1.075182899999999972e+04 1.080888000000000147e+03 1.690000358036464689e+01 1.794719999999999920e-04 1.794760000000000008e-04 -4.128522323200000026e-09
1.075827700000000004e+04 1.087336000000000467e+03 1.695000048853803776e+01 1.791770000000000092e-04 1.791969999999999989e-04 -2.036717262599999901e-08
1.076474499999999898e+04 1.093803999999999405e+03 1.700000474918686066e+01 1.788829999999999880e-04 1.789179999999999970e-04 -3.512035097400000162e-08
1.077123099999999977e+04 1.100290000000000191e+03 1.705000090359421705e+01 1.785950000000000070e-04 1.786430000000000038e-04 -4.839081583999999656e-08
1.077773699999999917e+04 1.106795999999999594e+03 1.710000437188791622e+01 1.783090000000000033e-04 1.783689999999999993e-04 -5.916856467999999421e-08
1.078426099999999860e+04 1.113319999999999027e+03 1.714999978582679674e+01 1.780259999999999926e-04 1.780940000000000062e-04 -6.700822368799999860e-08
1.079080500000000029e+04 1.119864000000000715e+03 1.720000247543493188e+01 1.777469999999999907e-04 1.778190000000000131e-04 -7.160575529100000611e-08
1.079736799999999857e+04 1.126426999999998998e+03 1.725000476966944518e+01 1.774710000000000090e-04 1.775439999999999928e-04 -7.282144704000000029e-08
1.080394900000000052e+04 1.133008000000000948e+03 1.729999908617111259e+01 1.771979999999999931e-04 1.772689999999999997e-04 -7.069274997200000526e-08
1.081054999999999927e+04 1.139608999999999696e+03 1.735000062176534996e+01 1.769279999999999974e-04 1.769940000000000066e-04 -6.543662873400000640e-08
1.081717000000000007e+04 1.146229000000000497e+03 1.740000177202687226e+01 1.766609999999999947e-04 1.767190000000000134e-04 -5.743526547100000863e-08
1.082380899999999929e+04 1.152867999999999711e+03 1.745000254026803788e+01 1.763970000000000121e-04 1.764439999999999932e-04 -4.720918019599999670e-08
1.083046700000000055e+04 1.159526000000000977e+03 1.750000292976339367e+01 1.761339999999999911e-04 1.761690000000000001e-04 -3.537843474900000117e-08
1.083714400000000023e+04 1.166203000000000657e+03 1.755000294375006575e+01 1.758720000000000129e-04 1.758940000000000069e-04 -2.261645051999999818e-08
1.084384000000000015e+04 1.172899000000000569e+03 1.760000258542844165e+01 1.756100000000000076e-04 1.756189999999999867e-04 -9.602636177200000434e-09
1.085055500000000029e+04 1.179614000000000715e+03 1.765000185796258236e+01 1.753469999999999866e-04 1.753439999999999936e-04 3.022737681599999589e-09
1.085728899999999885e+04 1.186347999999999274e+03 1.770000076448077309e+01 1.750839999999999927e-04 1.750690000000000004e-04 1.469492421510000098e-08
1.086404199999999946e+04 1.193100999999999885e+03 1.774999930807606319e+01 1.748189999999999944e-04 1.747940000000000073e-04 2.495027035400000165e-08
1.087081499999999869e+04 1.199873999999999114e+03 1.780000486451101693e+01 1.745530000000000074e-04 1.745200000000000028e-04 3.344030076000000422e-08
1.087760599999999977e+04 1.206665000000000191e+03 1.785000267075001545e+01 1.742849999999999890e-04 1.742450000000000097e-04 3.993259787500000141e-08
1.088441599999999926e+04 1.213474999999999682e+03 1.790000012325396739e+01 1.740140000000000046e-04 1.739699999999999894e-04 4.430685356999999283e-08
1.089124599999999919e+04 1.220304999999999609e+03 1.795000453607285706e+01 1.737409999999999888e-04 1.736949999999999963e-04 4.654192263999999863e-08
1.089809399999999914e+04 1.227152999999999565e+03 1.800000126963416491e+01 1.734670000000000114e-04 1.734200000000000032e-04 4.670148573999999942e-08
1.090496199999999953e+04 1.234020999999999958e+03 1.805000492893178432e+01 1.731570000000000093e-04 1.731109999999999897e-04 4.551486345299999010e-08
1.091184799999999996e+04 1.240907000000000380e+03 1.810000095556193855e+01 1.728450000000000028e-04 1.728020000000000033e-04 4.257651197800000132e-08
1.091875399999999900e+04 1.247812999999999420e+03 1.815000387366512058e+01 1.725309999999999919e-04 1.724929999999999899e-04 3.805764806899999476e-08
1.092567799999999988e+04 1.254737000000000307e+03 1.819999920511059344e+01 1.722170000000000081e-04 1.721840000000000035e-04 3.217275258400000110e-08
1.093262199999999939e+04 1.261680999999999813e+03 1.825000139407742239e+01 1.719009999999999928e-04 1.718760000000000058e-04 2.517863086800000165e-08
1.093958499999999913e+04 1.268643999999999551e+03 1.830000321309186617e+01 1.715839999999999889e-04 1.715669999999999923e-04 1.737081561600000036e-08
1.094656699999999910e+04 1.275625999999999522e+03 1.835000466517816520e+01 1.712670000000000121e-04 1.712580000000000059e-04 9.081452098200000964e-09
1.095356699999999910e+04 1.282625999999999522e+03 1.839999862103797668e+01 1.709500000000000082e-04 1.709489999999999925e-04 6.685165783800000115e-10
1.096058699999999953e+04 1.289645999999999958e+03 1.844999936753855607e+01 1.706330000000000043e-04 1.706400000000000061e-04 -7.496402903999999747e-09
1.096762600000000020e+04 1.296685000000000628e+03 1.849999975588350765e+01 1.703160000000000004e-04 1.703309999999999926e-04 -1.504654658009999991e-08
1.097468399999999929e+04 1.303742999999999711e+03 1.854999978896898227e+01 1.700010000000000009e-04 1.700229999999999949e-04 -2.164137755500000118e-08
1.098176099999999860e+04 1.310819999999999027e+03 1.859999946965998063e+01 1.696869999999999900e-04 1.697140000000000085e-04 -2.698859913599999934e-08
1.098885699999999997e+04 1.317916000000000395e+03 1.864999880079077599e+01 1.693739999999999948e-04 1.694049999999999950e-04 -3.086491337999999797e-08
1.099597299999999996e+04 1.325032000000000380e+03 1.870000480303353996e+01 1.690630000000000041e-04 1.690960000000000087e-04 -3.313267023999999973e-08
1.100310699999999997e+04 1.332166000000000395e+03 1.875000342471192383e+01 1.687530000000000020e-04 1.687869999999999952e-04 -3.374845428899999644e-08
1.101026000000000022e+04 1.339319000000000642e+03 1.880000170525213576e+01 1.684450000000000042e-04 1.684780000000000088e-04 -3.276560143999999840e-08
1.101743199999999888e+04 1.346490999999999303e+03 1.884999964736870126e+01 1.681390000000000109e-04 1.681689999999999954e-04 -3.032642027700000122e-08
1.102462399999999980e+04 1.353683000000000220e+03 1.890000419735276793e+01 1.678340000000000062e-04 1.678609999999999976e-04 -2.664826947199999881e-08
1.103183399999999892e+04 1.360892999999999347e+03 1.895000145233121813e+01 1.675299999999999901e-04 1.675520000000000113e-04 -2.200359884800000140e-08
1.103906300000000010e+04 1.368122000000000526e+03 1.899999837695523297e+01 1.672260000000000012e-04 1.672429999999999978e-04 -1.669724008260000038e-08
1.104631199999999990e+04 1.375371000000000322e+03 1.905000186275797347e+01 1.669569999999999941e-04 1.669680000000000047e-04 -1.120597383600000154e-08
1.105357899999999972e+04 1.382638000000000147e+03 1.909999811641651135e+01 1.666879999999999870e-04 1.666930000000000115e-04 -5.559878322000000709e-09
1.106086599999999999e+04 1.389925000000000409e+03 1.915000090049556647e+01 1.664179999999999913e-04 1.664179999999999913e-04 -2.914128956199999827e-11
1.106817199999999866e+04 1.397230999999999085e+03 1.920000332886404237e+01 1.661490000000000113e-04 1.661439999999999868e-04 5.149816038399999478e-09
1.107549599999999919e+04 1.404554999999999609e+03 1.924999858693634280e+01 1.658789999999999885e-04 1.658689999999999937e-04 9.782688229599998647e-09
1.108284000000000015e+04 1.411899000000000569e+03 1.930000032983281955e+01 1.656080000000000041e-04 1.655940000000000005e-04 1.372034054820000036e-08
1.109020299999999952e+04 1.419261999999999944e+03 1.935000172515716343e+01 1.653360000000000040e-04 1.653190000000000074e-04 1.685757843000000026e-08
1.109758499999999913e+04 1.426643999999999551e+03 1.940000277559687802e+01 1.650629999999999882e-04 1.650439999999999872e-04 1.912876464399999978e-08
1.110498599999999897e+04 1.434044999999999391e+03 1.945000348381179478e+01 1.647899999999999994e-04 1.647689999999999940e-04 2.050368959100000013e-08
1.111240599999999904e+04 1.441464999999999463e+03 1.950000385243444612e+01 1.645159999999999949e-04 1.644949999999999895e-04 2.098265321000000015e-08
1.111984499999999935e+04 1.448903999999999769e+03 1.955000388407042067e+01 1.642400000000000132e-04 1.642199999999999964e-04 2.059400910000000023e-08
1.112730299999999988e+04 1.456362000000000307e+03 1.960000358129870079e+01 1.639640000000000043e-04 1.639450000000000033e-04 1.939272615999999974e-08
1.113477999999999884e+04 1.463838999999999260e+03 1.965000294667198943e+01 1.636879999999999954e-04 1.636700000000000101e-04 1.746097027999999911e-08
1.114227599999999984e+04 1.471335000000000264e+03 1.970000198271708669e+01 1.634100000000000092e-04 1.633949999999999899e-04 1.490727746699999990e-08
1.114979099999999926e+04 1.478849999999999682e+03 1.975000069193515273e+01 1.631319999999999960e-04 1.631210000000000125e-04 1.186560097309999917e-08
1.115732499999999891e+04 1.486383999999999332e+03 1.979999907680209859e+01 1.628540000000000098e-04 1.628459999999999923e-04 8.491604669999999421e-09
1.116487899999999900e+04 1.493937999999999420e+03 1.985000375106069370e+01 1.625759999999999966e-04 1.625709999999999991e-04 4.956480905100000376e-09
1.117245099999999911e+04 1.501509999999999536e+03 1.990000147794302876e+01 1.622980000000000104e-04 1.622960000000000060e-04 1.437458917920000029e-09
1.118004199999999946e+04 1.509100999999999885e+03 1.994999888783677733e+01 1.620190000000000085e-04 1.620210000000000129e-04 -1.893328799700000354e-09
1.118765300000000025e+04 1.516712000000000671e+03 2.000000254482677065e+01 1.617420000000000110e-04 1.617459999999999926e-04 -4.880782597599999326e-09
