# # Once                                                         FEFF 10.0.0 
# # POT  SCF 100  9.0000   0, NO core-hole, FOLP (folp(0)= 1.000)
# # Abs   Z=30 Rmt= 1.196 Rnm= 1.520 K  shell
# #   RGRID 0.0100
# # Pot 1 Z= 6 Rmt= 0.781 Rnm= 1.123
# # Pot 2 Z= 6 Rmt= 0.804 Rnm= 1.166
# # Pot 3 Z= 1 Rmt= 0.550 Rnm= 0.957
# # Pot 4 Z=16 Rmt= 1.094 Rnm= 1.478
# # Gam_ch=1.897E+00 H-L exch Vi= 0.000E+00 Vr= 0.000E+00
# # Mu=-4.447E+00eV kf=1.399E+00 Vint=-9.167E+00eV Rs_int= 2.592
# FMS rfms= 9.0000
# # PATH  Rmax= 0.100,  Keep_limit= 0.00, Heap_limit 0.00  Pwcrit= 2.50%
#  S02=1.000  Temp=  10.00  Debye_temp= 315.00  Global_sig2= 0.00000
#  Energy zero shift, vr, vi    0.00000E+00   0.00000E+00
#  Curved wave amplitude ratio filter   4.000%
#     file         sig2 tot  cw amp ratio   deg  nlegs   reff  inp sig2
#     0/   0 paths used
#  xsedge+ 50, used to normalize mu           1.0000E+00
#  -----------------------------------------------------------------------
#  omega    e    k    mu    mu0     chi     @#
      9554.6072389551      -24.4474631000       -2.2911494664    3.4161050557E-06    4.0773528331E-06   -6.6124777737E-07
      9555.6072389551      -23.4474631000       -2.2331362757    3.6052249072E-06    4.3097261015E-06   -7.0450119430E-07
      9556.6072389551      -22.4474631000       -2.1735752517    3.8142344132E-06    4.5692085015E-06   -7.5497408828E-07
      9557.6072389551      -21.4474631000       -2.1123354666    4.0463332417E-06    4.8607100154E-06   -8.1437677371E-07
      9558.6072389551      -20.4474631000       -2.0492663191    4.3054349559E-06    5.1903818394E-06   -8.8494688350E-07
      9559.6072389551      -19.4474631000       -1.9841936954    4.5963764432E-06    5.5660305545E-06   -9.6965411130E-07
      9560.6072389551      -18.4474631000       -1.9169132400    4.9252055700E-06    5.9977086795E-06   -1.0725031095E-06
      9561.6072389551      -17.4474631000       -1.8471837768    5.2995835236E-06    6.4985754241E-06   -1.1989919004E-06
      9562.6072389551      -16.4474631000       -1.7747167214    5.7293592320E-06    7.0861829059E-06   -1.3568236739E-06
      9563.6072389551      -15.4474631000       -1.6991619081    6.2274088848E-06    7.7844536741E-06   -1.5570447893E-06
      9564.6072389551      -14.4474631000       -1.6200872587    6.8108964920E-06    8.6268228061E-06   -1.8159263141E-06
      9565.1072389551      -13.9474631000       -1.5790658039    7.1416753313E-06    9.1163049842E-06   -1.9746296529E-06
      9565.6072389551      -13.4474631000       -1.5369497306    7.5032273230E-06    9.6614260740E-06   -2.1581987510E-06
      9566.1072389551      -12.9474631000       -1.4936466613    7.8999655630E-06    1.0271958096E-05   -2.3719925332E-06
      9566.6072389551      -12.4474631000       -1.4490501841    8.3371906042E-06    1.0960065497E-05   -2.6228748925E-06
      9567.1072389551      -11.9474631000       -1.4030367413    8.8213282710E-06    1.1741077017E-05   -2.9197487459E-06
      9567.6072389551      -11.4474631000       -1.3554622724    9.3602497942E-06    1.2634574387E-05   -3.2743245930E-06
      9568.1072389551      -10.9474631000       -1.3061560932    9.9637103230E-06    1.3665959412E-05   -3.7022490891E-06
      9568.6072389551      -10.4474631000       -1.2549141860    1.0643961555E-05    1.4868761683E-05   -4.2248001275E-06
      9569.1072389751       -9.9474630800       -1.2014889076    1.1416627184E-05    1.6288125579E-05   -4.8714983953E-06
      9569.6072389751       -9.4474630800       -1.1455747332    1.2301986660E-05    1.7986234921E-05   -5.6842482612E-06
      9570.1072389751       -8.9474630800       -1.0867876258    1.3326916155E-05    2.0051039267E-05   -6.7241231115E-06
      9570.6072389751       -8.4474630800       -1.0246331595    1.4527928002E-05    2.2610836357E-05   -8.0829083544E-06
      9571.1072389751       -7.9474630800       -0.9584566200    1.5956133921E-05    2.5859736539E-05   -9.9036026180E-06
      9571.6072389751       -7.4474630800       -0.8873583607    1.7685756969E-05    3.0104418426E-05   -1.2418661456E-05
      9572.1072389751       -6.9474630800       -0.8100436294    1.9829583560E-05    3.5854931803E-05   -1.6025348243E-05
      9572.6072389751       -6.4474630800       -0.7245250921    2.2568808553E-05    4.4011563560E-05   -2.1442755007E-05
      9573.1072389751       -5.9474630800       -0.6274570930    2.6213821785E-05    5.6266012565E-05   -3.0052190779E-05
      9573.6072389751       -5.4474630800       -0.5123165798    3.1325677844E-05    7.5921258268E-05   -4.4595580424E-05
      9574.1072389751       -4.9474630800       -0.3622625460    3.8866993720E-05    1.0873645518E-04   -6.9869461455E-05
      9574.6072389751       -4.4474630800        0.0000000000    4.9812629036E-05    1.5806721235E-04   -1.0825458332E-04
      9575.1072389751       -3.9474630800        0.3622625460    6.3136013953E-05    2.0915029382E-04   -1.4601427986E-04
      9575.6072389751       -3.4474630800        0.5123165798    7.7980807931E-05    2.4725813127E-04   -1.6927732334E-04
      9576.1072389751       -2.9474630800        0.6274570930    9.6035884521E-05    2.7287263895E-04   -1.7683675443E-04
      9576.6072389751       -2.4474630800        0.7245250921    1.1926461923E-04    2.9016720941E-04   -1.7090259018E-04
      9577.1072389751       -1.9474630800        0.8100436294    1.4913480390E-04    3.0183585616E-04   -1.5270105225E-04
      9577.6072389751       -1.4474630800        0.8873583607    1.8543023349E-04    3.0944723532E-04   -1.2401700183E-04
      9578.1072389771       -0.9474630780        0.9584566200    2.2502151804E-04    3.1401864001E-04   -8.8997121965E-05
      9578.6072389771       -0.4474630780        1.0246331595    2.6250866629E-04    3.1628218337E-04   -5.3773517073E-05
      9579.1072389770        0.0525369219        1.0867876258    2.9329748792E-04    3.1677728553E-04   -2.3479797609E-05
      9579.6072389771        0.5525369220        1.1455747332    3.1610498906E-04    3.1593604826E-04    1.6894080194E-07
      9580.1072389751        1.0525369200        1.2014889076    3.3197722866E-04    3.1409305223E-04    1.7884176434E-05
      9580.6072389751        1.5525369200        1.2549141860    3.4223999891E-04    3.1151520343E-04    3.0724795474E-05
      9581.1072389751        2.0525369200        1.3061560932    3.4783768397E-04    3.0840373192E-04    3.9433952051E-05
      9581.6072389751        2.5525369200        1.3554622724    3.4998576741E-04    3.0492714210E-04    4.5058625310E-05
      9582.1072389751        3.0525369200        1.4030367413    3.5025692098E-04    3.0121232745E-04    4.9044593525E-05
      9582.6072389751        3.5525369200        1.4490501841    3.5007856286E-04    2.9735401144E-04    5.2724551425E-05
      9583.1072389751        4.0525369200        1.4936466613    3.5004592074E-04    2.9342455653E-04    5.6621364213E-05
      9583.6072389751        4.5525369200        1.5369497306    3.4984635669E-04    2.8948527367E-04    6.0361083015E-05
      9584.1072389751        5.0525369200        1.5790658039    3.4823661406E-04    2.8557681624E-04    6.2659797813E-05
      9584.6072389751        5.5525369200        1.6200872587    3.4370630119E-04    2.8171480501E-04    6.1991496188E-05
      9585.2340146151        6.1793125600        1.6700872977    3.3315727763E-04    2.7694490944E-04    5.6212368190E-05
      9585.8798401751        6.8251381200        1.7200873036    3.1840660387E-04    2.7197615683E-04    4.6430447032E-05
      9586.5447156651        7.4900136100        1.7700872793    3.0329683238E-04    2.6698150487E-04    3.6315327512E-05
      9587.2286410651        8.1739390100        1.8200872856    2.9275071314E-04    2.6385360978E-04    2.8897103361E-05
      9587.9316163851        8.8769143300        1.8700873770    2.8759095257E-04    2.6309471991E-04    2.4496232661E-05
      9588.6536416251        9.5989395700        1.9200873252    2.8422324756E-04    2.6244569023E-04    2.1777557325E-05
      9589.3947167551       10.3400147000        1.9700873572    2.8089199734E-04    2.6107522468E-04    1.9816772658E-05
      9590.1548418551       11.1001398000        2.0200873613    2.7748594459E-04    2.5912905302E-04    1.8356891566E-05
      9590.9340168551       11.8793148000        2.0700873396    2.7422437589E-04    2.5680248602E-04    1.7421889868E-05
      9591.7322417551       12.6775397000        2.1200873943    2.7123088277E-04    2.5411459801E-04    1.7116284761E-05
      9592.5495166551       13.4948146000        2.1700873240    2.6848009407E-04    2.5102154843E-04    1.7458545640E-05
      9593.3858413551       14.3311393000        2.2200873288    2.6585761824E-04    2.4757433665E-04    1.8283281595E-05
      9594.2412160551       15.1865140000        2.2700873101    2.6308639095E-04    2.4382928954E-04    1.9257101414E-05
      9595.1156406551       16.0609386000        2.3200873610    2.5998429505E-04    2.4000492407E-04    1.9979370977E-05
      9596.0091152551       16.9544132000        2.3700872976    2.5653752623E-04    2.3635524160E-04    2.0182284638E-05
      9596.9216396551       17.8669376000        2.4200873029    2.5273997858E-04    2.3297742319E-04    1.9762555381E-05
      9597.8532140551       18.7985120000        2.4700872865    2.4864484346E-04    2.2989468401E-04    1.8750159453E-05
      9598.8038382551       19.7491362000        2.5200873342    2.4433816150E-04    2.2711196427E-04    1.7226197225E-05
      9599.7735124551       20.7188104000        2.5700872766    2.3986257815E-04    2.2462070627E-04    1.5241871873E-05
      9600.7622366551       21.7075346000        2.6200872821    2.3518450067E-04    2.2241327854E-04    1.2771222137E-05
      9601.7700106551       22.7153086000        2.6700872676    2.3016792123E-04    2.2046336802E-04    9.7045532106E-06
      9602.7968346551       23.7421326000        2.7200873124    2.2465915427E-04    2.1875096964E-04    5.9081846275E-06
      9603.8427085551       24.7880065000        2.7700872596    2.1858589750E-04    2.1725966951E-04    1.3262279917E-06
      9604.9076323551       25.8529303000        2.8200872653    2.1202945630E-04    2.1597863664E-04   -3.9491803351E-06
      9605.9916060551       26.9369040000        2.8700873265    2.0525522761E-04    2.1488538126E-04   -9.6301536461E-06
      9607.0946296551       28.0399276000        2.9200872946    1.9870453629E-04    2.1397225791E-04   -1.5267721616E-05
      9608.2167032551       29.1620012000        2.9700873176    1.9287722113E-04    2.1323201354E-04   -2.0354792409E-05
      9609.3578267551       30.3031247000        3.0200872517    1.8820745296E-04    2.1265573300E-04   -2.4448280043E-05
      9610.5180001551       31.4632981000        3.0700872401    1.8497905473E-04    2.1223581633E-04   -2.7256761602E-05
      9611.6972234551       32.6425214000        3.1200872801    1.8329279434E-04    2.1195036252E-04   -2.8657568182E-05
      9612.8954967551       33.8407947000        3.1700872349    1.8310937238E-04    2.1179443330E-04   -2.8685060918E-05
      9614.1128198551       35.0581178000        3.2200872408    1.8429439135E-04    2.1178197831E-04   -2.7487586958E-05
      9615.3491929551       36.2944909000        3.2700871651    1.8659725926E-04    2.1187540996E-04   -2.5278150701E-05
      9616.6046159551       37.5499139000        3.3200872682    1.8977865384E-04    2.1208739789E-04   -2.2308744043E-05
      9617.8790888551       38.8243868000        3.3700874155    1.9357787913E-04    2.1241181633E-04   -1.8833937192E-05
      9619.1726117551       40.1179097000        3.4200874809    1.9774566788E-04    2.1282445712E-04   -1.5078789235E-05
      9620.4851845551       41.4304825000        3.4700874677    2.0210494296E-04    2.1333823218E-04   -1.1233289214E-05
      9621.8168071551       42.7621051000        3.5200873794    2.0649848039E-04    2.1393323910E-04   -7.4347587010E-06
      9623.1674798551       44.1127778000        3.5700874575    2.1083601583E-04    2.1461179934E-04   -3.7757835164E-06
      9624.5372023551       45.4825003000        3.6200873425    2.1506562571E-04    2.1537044729E-04   -3.0482157776E-07
      9625.9259747551       46.8712727000        3.6700873901    2.1915065291E-04    2.1619306043E-04    2.9575924815E-06
      9627.3337971551       48.2790951000        3.7200873650    2.2308424364E-04    2.1708763136E-04    5.9966122790E-06
      9628.7606694551       49.7059674000        3.7700873829    2.2681363560E-04    2.1802425796E-04    8.7893776334E-06
      9630.2065916551       51.1518896000        3.8200872194    2.3031676215E-04    2.1902178565E-04    1.1294976501E-05
      9631.6715637551       52.6168617000        3.8700873213    2.3351369660E-04    2.2005601332E-04    1.3457683272E-05
      9633.1555858551       54.1008838000        3.9200871357    2.3634832498E-04    2.2112752275E-04    1.5220802228E-05
      9634.6586577551       55.6039557000        3.9700873166    2.3876574024E-04    2.2222964384E-04    1.6536096401E-05
      9636.1807796551       57.1260776000        4.0200872151    2.4073304061E-04    2.2335842006E-04    1.7374620550E-05
      9637.7219514551       58.6672494000        4.0700872600    2.4221541701E-04    2.2449533414E-04    1.7720082868E-05
      9639.2821732551       60.2274712000        4.1200870326    2.4321904168E-04    2.2564615963E-04    1.7572882054E-05
      9640.8614448551       61.8067428000        4.1700873594    2.4373315656E-04    2.2679913937E-04    1.6934017193E-05
      9642.4597664551       63.4050644000        4.2200870102    2.4375574134E-04    2.2795021215E-04    1.5805529190E-05
      9644.0771379551       65.0224359000        4.2700874045    2.4327419686E-04    2.2909146746E-04    1.4182729405E-05
      9645.7135593551       66.6588573000        4.3200871369    2.4228406035E-04    2.3021301461E-04    1.2071045744E-05
      9647.3690306551       68.3143286000        4.3700873990    2.4079713891E-04    2.3130726542E-04    9.4898734836E-06
      9649.0435518551       69.9888498000        4.4200875951    2.3886755247E-04    2.3237607671E-04    6.4914757566E-06
      9650.7371230551       71.6824210000        4.4700873463    2.3657884887E-04    2.3340687753E-04    3.1719713436E-06
      9652.4497441551       73.3950421000        4.5200876093    2.3406375634E-04    2.3439087328E-04   -3.2711693867E-07
      9654.1814151551       75.1267131000        4.5700872495    2.3150444503E-04    2.3533103988E-04   -3.8265948566E-06
      9655.9321360551       76.8774340000        4.6200875770    2.2909069692E-04    2.3621987853E-04   -7.1291816102E-06
      9657.7019069551       78.6472049000        4.6700872937    2.2699722622E-04    2.3704373996E-04   -1.0046513733E-05
      9659.4907277551       80.4360257000        4.7200875012    2.2539038695E-04    2.3781179310E-04   -1.2421406159E-05
      9661.2985984551       82.2438964000        4.7700872916    2.2436225329E-04    2.3851132861E-04   -1.4149075327E-05
      9663.1255190551       84.0708170000        4.8200875611    2.2395731413E-04    2.3914103718E-04   -1.5183723058E-05
      9664.9714895551       85.9167875000        4.8700872460    2.2416149518E-04    2.3970003782E-04   -1.5538542641E-05
      9666.8365100551       87.7818080000        4.9200874025    2.2490580792E-04    2.4018139211E-04   -1.5275584193E-05
      9668.7205803551       89.6658783000        4.9700873309    2.2610523340E-04    2.4058944863E-04   -1.4484215231E-05
      9670.6237006551       91.5689986000        5.0200875471    2.2765026986E-04    2.4091867189E-04   -1.3268402029E-05
      9672.5458708551       93.4911688000        5.0700872027    2.2944267420E-04    2.4116887515E-04   -1.1726200956E-05
      9674.4870910551       95.4323890000        5.1200874783    2.3140391348E-04    2.4134648414E-04   -9.9425706606E-06
      9676.4473610551       97.3926590000        5.1700872031    2.3346795396E-04    2.4145202702E-04   -7.9840730591E-06
      9678.4266810551       99.3719790000        5.2200873716    2.3557241098E-04    2.4147452965E-04   -5.9021186715E-06
      9680.4250510551      101.3703490000        5.2700871633    2.3769299821E-04    2.4143105472E-04   -3.7380565020E-06
      9682.4424710551      103.3877690000        5.3200873890    2.3978760877E-04    2.4131759946E-04   -1.5299906851E-06
      9684.4789400551      105.4242380000        5.3700870854    2.4181778086E-04    2.4113614895E-04    6.8163190431E-07
      9686.5344600551      107.4797580000        5.4200875237    2.4374359918E-04    2.4089403289E-04    2.8495662845E-06
      9688.6090300551      109.5543280000        5.4700872829    2.4550770476E-04    2.4059235167E-04    4.9153530863E-06
      9690.7026490551      111.6479470000        5.5200873067    2.4704997198E-04    2.4023829628E-04    6.8116756955E-06
      9692.8153190551      113.7606170000        5.5700872823    2.4829319608E-04    2.3982923805E-04    8.4639580357E-06
      9694.9470380551      115.8923360000        5.6200875141    2.4917985944E-04    2.3938437693E-04    9.7954825088E-06
      9697.0978070551      118.0431050000        5.6700870942    2.4962949801E-04    2.3889427454E-04    1.0735223477E-05
      9699.2676260551      120.2129240000        5.7200875283    2.4959281274E-04    2.3836626764E-04    1.1226545101E-05
      9701.4564950551      122.4017930000        5.7700870235    2.4905302127E-04    2.3781452909E-04    1.1238492175E-05
      9703.6644140551      124.6097120000        5.8200873593    2.4800363291E-04    2.3723212613E-04    1.0771506779E-05
      9705.8913830551      126.8366810000        5.8700870640    2.4650385306E-04    2.3663959690E-04    9.8642561549E-06
      9708.1374020551      129.0827000000        5.9200873040    2.4462724702E-04    2.3603575693E-04    8.5914900816E-06
      9710.4024710551      131.3477690000        5.9700872103    2.4249477670E-04    2.3543950015E-04    7.0552765545E-06
      9712.6865900551      133.6318880000        6.0200873568    2.4014701006E-04    2.3483079671E-04    5.3162133430E-06
