0.000000000000000000e+00 -8.032755000000000312e-01
5.000000000000000278e-02 -8.164970000000000283e-01
1.000000000000000056e-01 -8.293789000000000300e-01
1.499999999999999944e-01 -8.657740000000000435e-01
2.000000000000000111e-01 -8.990753000000000217e-01
2.500000000000000000e-01 -9.471910000000000052e-01
2.999999999999999889e-01 -9.867164999999999964e-01
3.499999999999999778e-01 -1.027182000000000039e+00
4.000000000000000222e-01 -1.051738000000000062e+00
4.500000000000000111e-01 -1.061150000000000038e+00
5.000000000000000000e-01 -1.048275000000000068e+00
5.500000000000000444e-01 -1.007597000000000076e+00
5.999999999999999778e-01 -9.432709999999999706e-01
6.500000000000000222e-01 -8.480290999999999801e-01
6.999999999999999556e-01 -7.357240999999999920e-01
7.500000000000000000e-01 -6.009799000000000113e-01
8.000000000000000444e-01 -4.629519999999999746e-01
8.499999999999999778e-01 -3.197006000000000014e-01
9.000000000000000222e-01 -1.885213000000000028e-01
9.499999999999999556e-01 -6.919203999999999632e-02
1.000000000000000000e+00 2.743235000000000118e-02
1.050000000000000044e+00 1.022437999999999958e-01
1.100000000000000089e+00 1.528078999999999965e-01
1.149999999999999911e+00 1.821724000000000121e-01
1.199999999999999956e+00 1.943371999999999877e-01
1.250000000000000000e+00 1.944392000000000065e-01
1.300000000000000044e+00 1.884177999999999964e-01
1.350000000000000089e+00 1.822061000000000097e-01
1.399999999999999911e+00 1.785167000000000004e-01
1.449999999999999956e+00 1.820212999999999970e-01
1.500000000000000000e+00 1.891562999999999994e-01
1.550000000000000044e+00 2.009868999999999961e-01
1.600000000000000089e+00 2.094581000000000082e-01
1.649999999999999911e+00 2.117856999999999934e-01
1.699999999999999956e+00 2.018781000000000048e-01
1.750000000000000000e+00 1.779077000000000019e-01
1.800000000000000044e+00 1.402286000000000088e-01
1.850000000000000089e+00 9.868809000000000609e-02
1.899999999999999911e+00 4.883267000000000163e-02
1.949999999999999956e+00 2.036924999999999847e-02
2.000000000000000000e+00 -9.036614000000000105e-03
2.049999999999999822e+00 -9.698464000000000390e-03
2.100000000000000089e+00 5.714132000000000239e-03
2.149999999999999911e+00 3.371224999999999916e-02
2.200000000000000178e+00 6.683725999999999556e-02
2.250000000000000000e+00 9.335074000000000150e-02
2.299999999999999822e+00 1.115391000000000021e-01
2.350000000000000089e+00 1.175249000000000016e-01
2.399999999999999911e+00 1.105489999999999945e-01
2.450000000000000178e+00 9.321385000000000087e-02
2.500000000000000000e+00 7.257882999999999696e-02
2.549999999999999822e+00 5.115337999999999830e-02
2.600000000000000089e+00 3.103250999999999926e-02
2.649999999999999911e+00 1.034879000000000007e-02
2.700000000000000178e+00 -9.460945000000000119e-03
2.750000000000000000e+00 -2.823940000000000131e-02
2.799999999999999822e+00 -4.607619000000000298e-02
2.850000000000000089e+00 -6.275716000000000627e-02
2.899999999999999911e+00 -7.784385000000000610e-02
2.950000000000000178e+00 -9.124274999999999747e-02
3.000000000000000000e+00 -1.026711000000000013e-01
3.049999999999999822e+00 -1.102255000000000040e-01
3.100000000000000089e+00 -1.144995000000000041e-01
3.149999999999999911e+00 -1.150608000000000047e-01
3.200000000000000178e+00 -1.116052000000000016e-01
3.250000000000000000e+00 -1.035390000000000060e-01
3.299999999999999822e+00 -9.199079000000000284e-02
3.350000000000000089e+00 -7.726249999999999785e-02
3.399999999999999911e+00 -6.010184999999999833e-02
3.450000000000000178e+00 -4.173845000000000333e-02
3.500000000000000000e+00 -2.308514999999999873e-02
3.549999999999999822e+00 -4.957200000000000148e-03
3.600000000000000089e+00 1.197574000000000034e-02
3.649999999999999911e+00 2.696528000000000119e-02
3.700000000000000178e+00 4.001716000000000301e-02
3.750000000000000000e+00 5.104522999999999699e-02
3.799999999999999822e+00 6.007218000000000280e-02
3.850000000000000089e+00 6.715662000000000020e-02
3.899999999999999911e+00 7.248103999999999658e-02
3.950000000000000178e+00 7.607687000000000477e-02
4.000000000000000000e+00 7.790888999999999454e-02
4.049999999999999822e+00 7.805275000000000407e-02
4.099999999999999645e+00 7.625672000000000006e-02
4.150000000000000355e+00 7.237019999999999564e-02
4.200000000000000178e+00 6.628278999999999421e-02
4.250000000000000000e+00 5.813585000000000280e-02
4.299999999999999822e+00 4.785729999999999845e-02
4.349999999999999645e+00 3.569499999999999756e-02
4.400000000000000355e+00 2.206156000000000089e-02
4.450000000000000178e+00 7.523896000000000403e-03
4.500000000000000000e+00 -7.296424000000000139e-03
4.549999999999999822e+00 -2.165718000000000157e-02
4.599999999999999645e+00 -3.482082000000000233e-02
4.650000000000000355e+00 -4.623501000000000000e-02
4.700000000000000178e+00 -5.527585000000000137e-02
4.750000000000000000e+00 -6.158981000000000178e-02
4.799999999999999822e+00 -6.503301000000000220e-02
4.849999999999999645e+00 -6.573249000000000453e-02
4.900000000000000355e+00 -6.383825999999999390e-02
4.950000000000000178e+00 -5.973450999999999761e-02
5.000000000000000000e+00 -5.388568999999999998e-02
5.049999999999999822e+00 -4.677694000000000296e-02
5.099999999999999645e+00 -3.882251999999999925e-02
5.150000000000000355e+00 -3.039590000000000000e-02
5.200000000000000178e+00 -2.177718000000000015e-02
5.250000000000000000e+00 -1.307258000000000031e-02
5.299999999999999822e+00 -4.455971000000000411e-03
5.349999999999999645e+00 3.981977000000000259e-03
5.400000000000000355e+00 1.214856999999999916e-02
5.450000000000000178e+00 2.003755000000000119e-02
5.500000000000000000e+00 2.734728999999999979e-02
5.549999999999999822e+00 3.383370000000000127e-02
5.599999999999999645e+00 3.921792000000000333e-02
5.650000000000000355e+00 4.329017999999999755e-02
5.700000000000000178e+00 4.568660000000000082e-02
5.750000000000000000e+00 4.622442000000000217e-02
5.799999999999999822e+00 4.482948999999999962e-02
5.849999999999999645e+00 4.157965000000000272e-02
5.900000000000000355e+00 3.660043000000000324e-02
5.950000000000000178e+00 3.019285999999999845e-02
6.000000000000000000e+00 2.274597999999999898e-02
6.049999999999999822e+00 1.469950000000000076e-02
6.099999999999999645e+00 6.441843000000000048e-03
6.150000000000000355e+00 -1.603173000000000055e-03
6.200000000000000178e+00 -9.065119999999999428e-03
6.250000000000000000e+00 -1.564716000000000024e-02
6.299999999999999822e+00 -2.113570999999999853e-02
6.349999999999999645e+00 -2.540032000000000054e-02
6.400000000000000355e+00 -2.838579999999999923e-02
6.450000000000000178e+00 -3.009941000000000005e-02
6.500000000000000000e+00 -3.059624000000000024e-02
6.549999999999999822e+00 -3.021611000000000088e-02
6.599999999999999645e+00 -2.877510999999999958e-02
6.650000000000000355e+00 -2.637491000000000141e-02
6.700000000000000178e+00 -2.313936000000000118e-02
6.750000000000000000e+00 -1.921348999999999974e-02
6.799999999999999822e+00 -1.476148000000000043e-02
6.849999999999999645e+00 -9.962959999999999872e-03
6.900000000000000355e+00 -5.007349000000000348e-03
6.950000000000000178e+00 -8.677432000000000168e-05
7.000000000000000000e+00 4.611904000000000003e-03
7.049999999999999822e+00 9.043796999999999253e-03
7.099999999999999645e+00 1.295019000000000031e-02
7.150000000000000355e+00 1.618104999999999891e-02
7.200000000000000178e+00 1.862497999999999931e-02
7.250000000000000000e+00 2.021558999999999856e-02
7.299999999999999822e+00 2.093274999999999997e-02
7.349999999999999645e+00 2.079960000000000142e-02
7.400000000000000355e+00 1.987662999999999930e-02
7.450000000000000178e+00 1.825463000000000086e-02
7.500000000000000000e+00 1.604718000000000117e-02
7.549999999999999822e+00 1.337554000000000000e-02
7.599999999999999645e+00 1.037155000000000021e-02
7.650000000000000355e+00 7.174164999999999709e-03
7.700000000000000178e+00 3.912043999999999938e-03
7.750000000000000000e+00 6.986826999999999708e-04
7.799999999999999822e+00 -2.369659999999999996e-03
7.849999999999999645e+00 -5.213543999999999644e-03
7.900000000000000355e+00 -7.767976000000000221e-03
7.950000000000000178e+00 -9.978931999999999386e-03
8.000000000000000000e+00 -1.179979999999999918e-02
8.050000000000000711e+00 -1.321982000000000018e-02
8.099999999999999645e+00 -1.417777999999999920e-02
8.150000000000000355e+00 -1.464006999999999982e-02
8.199999999999999289e+00 -1.457875999999999964e-02
8.250000000000000000e+00 -1.397683000000000085e-02
8.300000000000000711e+00 -1.283492999999999960e-02
8.349999999999999645e+00 -1.117807999999999996e-02
8.400000000000000355e+00 -9.060800000000000798e-03
8.449999999999999289e+00 -6.569361000000000124e-03
8.500000000000000000e+00 -3.819999000000000138e-03
8.550000000000000711e+00 -9.447837999999999853e-04
8.599999999999999645e+00 1.927080000000000069e-03
8.650000000000000355e+00 4.638989999999999954e-03
8.699999999999999289e+00 7.042314000000000039e-03
8.750000000000000000e+00 9.009718999999999367e-03
8.800000000000000711e+00 1.044657000000000051e-02
8.849999999999999645e+00 1.129874999999999977e-02
8.900000000000000355e+00 1.155588999999999922e-02
8.949999999999999289e+00 1.124954000000000058e-02
9.000000000000000000e+00 1.044682000000000076e-02
9.050000000000000711e+00 9.300443999999999725e-03
9.099999999999999645e+00 7.832260000000000610e-03
9.150000000000000355e+00 6.147139000000000249e-03
9.199999999999999289e+00 4.345502999999999692e-03
9.250000000000000000e+00 2.515901999999999982e-03
9.300000000000000711e+00 7.308265000000000204e-04
9.349999999999999645e+00 -9.541352000000000123e-04
9.400000000000000355e+00 -2.498283000000000014e-03
9.449999999999999289e+00 -3.871915000000000079e-03
9.500000000000000000e+00 -5.051805000000000358e-03
9.550000000000000711e+00 -6.060738999999999883e-03
9.599999999999999645e+00 -6.839383000000000094e-03
9.650000000000000355e+00 -7.363457000000000335e-03
9.699999999999999289e+00 -7.610297000000000242e-03
9.750000000000000000e+00 -7.562183999999999573e-03
9.800000000000000711e+00 -7.210580000000000288e-03
9.849999999999999645e+00 -6.560296000000000183e-03
9.900000000000000355e+00 -5.632635000000000419e-03
9.949999999999999289e+00 -4.466722999999999701e-03
1.000000000000000000e+01 -3.118577999999999888e-03
1.005000000000000071e+01 -1.662098000000000091e-03
1.009999999999999964e+01 -1.574050000000000015e-04
1.015000000000000036e+01 1.316155999999999967e-03
1.019999999999999929e+01 2.681688000000000214e-03
1.025000000000000000e+01 3.870753000000000214e-03
1.030000000000000071e+01 4.828411999999999808e-03
1.034999999999999964e+01 5.516697999999999567e-03
1.040000000000000036e+01 5.916239000000000220e-03
1.044999999999999929e+01 6.025988999999999825e-03
1.050000000000000000e+01 5.861334000000000162e-03
1.055000000000000071e+01 5.450995000000000146e-03
1.059999999999999964e+01 4.833289000000000162e-03
1.065000000000000036e+01 4.052293000000000214e-03
1.069999999999999929e+01 3.154365000000000120e-03
1.075000000000000000e+01 2.185355999999999844e-03
1.080000000000000071e+01 1.188625999999999919e-03
1.084999999999999964e+01 2.038563000000000018e-04
1.090000000000000036e+01 -7.335065999999999678e-04
1.094999999999999929e+01 -1.592399999999999892e-03
1.100000000000000000e+01 -2.346126999999999935e-03
1.105000000000000071e+01 -3.001232999999999852e-03
1.109999999999999964e+01 -3.519177999999999976e-03
1.115000000000000036e+01 -3.883981999999999799e-03
1.119999999999999929e+01 -4.084334000000000228e-03
1.125000000000000000e+01 -4.114327000000000088e-03
1.130000000000000071e+01 -3.974237999999999729e-03
1.134999999999999964e+01 -3.671183000000000172e-03
1.140000000000000036e+01 -3.219468000000000069e-03
1.144999999999999929e+01 -2.640487999999999863e-03
1.150000000000000000e+01 -1.962081999999999975e-03
1.155000000000000071e+01 -1.217313999999999940e-03
1.159999999999999964e+01 -4.427470000000000082e-04
1.165000000000000036e+01 3.236819000000000154e-04
1.169999999999999929e+01 1.044992000000000013e-03
1.175000000000000000e+01 1.687492999999999979e-03
1.180000000000000071e+01 2.222884999999999965e-03
1.184999999999999964e+01 2.629943999999999945e-03
1.190000000000000036e+01 2.895612000000000099e-03
1.194999999999999929e+01 3.015415999999999930e-03
1.200000000000000000e+01 2.993181000000000140e-03
1.205000000000000071e+01 2.870903000000000170e-03
1.209999999999999964e+01 2.626846999999999863e-03
1.215000000000000036e+01 2.279281000000000189e-03
1.219999999999999929e+01 1.849736000000000045e-03
1.225000000000000000e+01 1.361446000000000097e-03
1.230000000000000071e+01 8.380120999999999924e-04
1.234999999999999964e+01 3.023764999999999873e-04
1.240000000000000036e+01 -2.238673000000000106e-04
1.244999999999999929e+01 -7.208870999999999508e-04
1.250000000000000000e+01 -1.170842000000000063e-03
1.255000000000000071e+01 -1.558052000000000091e-03
1.259999999999999964e+01 -1.869198999999999991e-03
1.265000000000000036e+01 -2.093642000000000159e-03
1.269999999999999929e+01 -2.223834999999999961e-03
1.275000000000000000e+01 -2.255800999999999987e-03
1.280000000000000071e+01 -2.189589000000000032e-03
1.284999999999999964e+01 -2.029575000000000042e-03
1.290000000000000036e+01 -1.784528999999999976e-03
1.294999999999999929e+01 -1.467369000000000052e-03
1.300000000000000000e+01 -1.094579000000000038e-03
1.305000000000000071e+01 -6.899824999999999622e-04
1.309999999999999964e+01 -2.658512000000000136e-04
1.315000000000000036e+01 1.571048000000000073e-04
1.319999999999999929e+01 5.591314999999999914e-04
1.325000000000000000e+01 9.224374000000000462e-04
1.330000000000000071e+01 1.231911000000000030e-03
1.334999999999999964e+01 1.475582000000000022e-03
1.340000000000000036e+01 1.644898000000000107e-03
1.344999999999999929e+01 1.734903000000000096e-03
1.350000000000000000e+01 1.744333999999999945e-03
1.355000000000000071e+01 1.675653000000000038e-03
1.359999999999999964e+01 1.534926999999999949e-03
1.365000000000000036e+01 1.331509999999999942e-03
1.369999999999999929e+01 1.077482000000000049e-03
1.375000000000000000e+01 7.868712000000000362e-04
1.380000000000000071e+01 4.747371999999999920e-04
1.384999999999999964e+01 1.562501000000000102e-04
1.390000000000000036e+01 -1.541106999999999948e-04
1.394999999999999929e+01 -4.431511999999999864e-04
1.400000000000000000e+01 -6.993356000000000268e-04
1.405000000000000071e+01 -9.258935999999999946e-04
1.409999999999999964e+01 -1.104292999999999898e-03
1.415000000000000036e+01 -1.227103000000000005e-03
1.419999999999999929e+01 -1.289746000000000035e-03
1.425000000000000000e+01 -1.290789000000000086e-03
1.430000000000000071e+01 -1.232032000000000092e-03
1.434999999999999964e+01 -1.118375000000000011e-03
1.440000000000000036e+01 -9.574530000000000367e-04
1.444999999999999929e+01 -7.590821000000000417e-04
1.450000000000000000e+01 -5.345646999999999812e-04
1.455000000000000071e+01 -2.959222000000000176e-04
1.459999999999999964e+01 -5.513303999999999823e-05
1.465000000000000036e+01 1.765562000000000088e-04
1.469999999999999929e+01 3.891907000000000005e-04
1.475000000000000000e+01 5.745029999999999712e-04
1.480000000000000071e+01 7.261354999999999936e-04
1.484999999999999964e+01 8.397011999999999489e-04
1.490000000000000036e+01 9.127146000000000044e-04
1.494999999999999929e+01 9.444359999999999951e-04
1.500000000000000000e+01 9.356733999999999581e-04
1.505000000000000071e+01 8.948105999999999942e-04
1.509999999999999964e+01 8.194604999999999988e-04
1.515000000000000036e+01 7.130206999999999951e-04
1.519999999999999929e+01 5.798395000000000242e-04
1.525000000000000000e+01 4.252254000000000233e-04
1.530000000000000071e+01 2.554260999999999836e-04
1.534999999999999964e+01 7.753311999999999943e-05
1.540000000000000036e+01 -1.007181999999999940e-04
1.544999999999999929e+01 -2.712696000000000226e-04
1.550000000000000000e+01 -4.261716000000000245e-04
1.555000000000000071e+01 -5.580907000000000402e-04
1.559999999999999964e+01 -6.608392000000000476e-04
1.565000000000000036e+01 -7.298574000000000164e-04
1.569999999999999929e+01 -7.625800000000000070e-04
1.575000000000000000e+01 -7.586300999999999722e-04
1.580000000000000071e+01 -7.198063999999999461e-04
1.584999999999999964e+01 -6.498628999999999474e-04
1.590000000000000036e+01 -5.541113000000000288e-04
1.594999999999999929e+01 -4.389048999999999793e-04
1.600000000000000000e+01 -3.110782999999999994e-04
1.605000000000000071e+01 -1.801030999999999867e-04
1.610000000000000142e+01 -4.852417000000000335e-05
1.614999999999999858e+01 7.834597999999999693e-05
1.619999999999999929e+01 1.959964000000000129e-04
1.625000000000000000e+01 3.007449999999999945e-04
1.630000000000000071e+01 3.896783000000000126e-04
1.635000000000000142e+01 4.605472000000000211e-04
1.639999999999999858e+01 5.116644000000000270e-04
1.644999999999999929e+01 5.418410000000000457e-04
1.650000000000000000e+01 5.503838000000000480e-04
1.655000000000000071e+01 5.371586999999999499e-04
1.660000000000000142e+01 5.027004999999999755e-04
1.664999999999999858e+01 4.483388000000000043e-04
1.669999999999999929e+01 3.762980000000000079e-04
1.675000000000000000e+01 2.897320999999999903e-04
1.680000000000000071e+01 1.926631999999999954e-04
1.685000000000000142e+01 8.981090000000000438e-05
1.689999999999999858e+01 -1.368210999999999969e-05
1.694999999999999929e+01 -1.126006999999999941e-04
1.700000000000000000e+01 -2.020431999999999903e-04
1.705000000000000071e+01 -2.808695000000000050e-04
1.710000000000000142e+01 -3.432606000000000047e-04
1.714999999999999858e+01 -3.867353000000000240e-04
1.719999999999999929e+01 -4.100636999999999750e-04
1.725000000000000000e+01 -4.132650000000000082e-04
1.730000000000000071e+01 -3.974928999999999767e-04
1.735000000000000142e+01 -3.648322000000000067e-04
1.739999999999999858e+01 -3.180441999999999796e-04
1.744999999999999929e+01 -2.602982000000000212e-04
1.750000000000000000e+01 -1.949257000000000030e-04
1.755000000000000071e+01 -1.252228000000000032e-04
1.760000000000000142e+01 -5.431150999999999731e-05
1.764999999999999858e+01 1.493932000000000082e-05
1.769999999999999929e+01 7.994780000000000050e-05
1.775000000000000000e+01 1.384272999999999884e-04
1.780000000000000071e+01 1.883905999999999916e-04
1.785000000000000142e+01 2.281681999999999883e-04
1.789999999999999858e+01 2.564507999999999740e-04
1.794999999999999929e+01 2.723541000000000221e-04
1.800000000000000000e+01 2.754985000000000051e-04
1.805000000000000071e+01 2.693082999999999979e-04
1.810000000000000142e+01 2.512670000000000051e-04
1.814999999999999858e+01 2.224066000000000129e-04
1.819999999999999929e+01 1.843671999999999922e-04
1.825000000000000000e+01 1.393153999999999909e-04
1.830000000000000071e+01 8.980563000000000163e-05
1.835000000000000142e+01 3.859461999999999946e-05
1.839999999999999858e+01 -1.156822000000000018e-05
1.844999999999999929e+01 -5.814875999999999856e-05
1.850000000000000000e+01 -9.900861000000000004e-05
1.855000000000000071e+01 -1.325362999999999867e-04
1.860000000000000142e+01 -1.577152999999999975e-04
1.864999999999999858e+01 -1.741260000000000063e-04
1.869999999999999929e+01 -1.818877000000000102e-04
1.875000000000000000e+01 -1.815563000000000018e-04
1.880000000000000071e+01 -1.739990999999999923e-04
1.885000000000000142e+01 -1.602673000000000097e-04
1.889999999999999858e+01 -1.414874000000000101e-04
1.894999999999999929e+01 -1.187826999999999969e-04
1.900000000000000000e+01 -9.323124000000000558e-05
1.905000000000000071e+01 -6.694632000000000111e-05
1.910000000000000142e+01 -3.922301000000000108e-05
1.914999999999999858e+01 -1.090199999999999997e-05
1.919999999999999929e+01 1.712992999999999881e-05
1.925000000000000000e+01 4.392543000000000001e-05
1.930000000000000071e+01 6.848852999999999528e-05
1.935000000000000142e+01 8.981589000000000109e-05
1.939999999999999858e+01 1.069636999999999937e-04
1.944999999999999929e+01 1.191298999999999993e-04
1.950000000000000000e+01 1.257386000000000094e-04
1.955000000000000071e+01 1.265108999999999884e-04
1.960000000000000142e+01 1.215097999999999932e-04
1.964999999999999858e+01 1.111496000000000039e-04
1.969999999999999929e+01 9.616894000000000288e-05
1.975000000000000000e+01 7.756804000000000281e-05
1.980000000000000071e+01 5.652208999999999809e-05
1.985000000000000142e+01 3.428114000000000226e-05
1.989999999999999858e+01 1.207098000000000043e-05
1.994999999999999929e+01 -8.993237999999999496e-06
2.000000000000000000e+01 -2.797171999999999991e-05
