# # Once                                                         FEFF 10.0.0 
# # POT  SCF 100  9.0000   0, NO core-hole, FOLP (folp(0)= 1.150)
# # Abs   Z=30 Rmt= 1.380 Rnm= 1.525 K  shell
# #   RGRID 0.0100
# # Pot 1 Z= 6 Rmt= 0.898 Rnm= 1.123
# # Pot 2 Z= 6 Rmt= 0.926 Rnm= 1.165
# # Pot 3 Z= 1 Rmt= 0.549 Rnm= 0.951
# # Pot 4 Z=16 Rmt= 1.260 Rnm= 1.481
# # Gam_ch=1.897E+00 H-L exch Vi=-5.000E-01 Vr= 0.000E+00
# # Mu=-7.253E+00eV kf=1.981E+00 Vint=-1.305E+01eV Rs_int= 1.831
# # PATH  Rmax= 9.000,  Keep_limit= 0.00, Heap_limit 0.00  Pwcrit= 2.50%
#  S02=1.000  Temp=  10.00  Debye_temp= 315.00  Global_sig2= 0.00000
#  Energy zero shift, vr, vi    0.00000E+00   0.00000E+00
#  Curved wave amplitude ratio filter   4.000%
#     file         sig2 tot  cw amp ratio   deg  nlegs   reff  inp sig2
#           1       0.00297    100.00      2.00     2   2.3598
#           2       0.00303     49.72      1.00     2   2.3652
#           3       0.00313     49.12      1.00     2   2.3772
#           4       0.02138      6.71      1.00     2   3.1368
#           5       0.02917      6.43      1.00     2   3.1910
#           6       0.00563     21.34      1.00     2   3.2994
#           7       0.00600     20.86      1.00     2   3.3295
#           8       0.02389      5.77      1.00     2   3.3367
#           9       0.00582     20.55      1.00     2   3.3493
#          10       0.02412      5.67      1.00     2   3.3604
#          11       0.02417      5.63      1.00     2   3.3708
#          12       0.00613     19.98      1.00     2   3.3870
#          13       0.03570      5.09      1.00     2   3.5119
#          14       0.02490      4.95      1.00     2   3.5517
#          15       0.00406     24.70      2.00     3   3.7424
#          16       0.00421     24.56      2.00     3   3.7575
#          17       0.02508      4.28      1.00     2   3.7650
#          18       0.00415     24.27      2.00     3   3.7716
#          19       0.01085      8.23      2.00     3   3.7891
#          20       0.00436     23.88      2.00     3   3.7965
#          21       0.01397      7.33      2.00     3   3.8066
#          22       0.01188      5.76      2.00     3   3.8647
#          23       0.01203      5.57      2.00     3   3.8816
#          24       0.01217      5.79      2.00     3   3.9200
#          25       0.01165     13.42      1.00     2   3.9651
#          26       0.01288      4.97      2.00     3   4.0160
#          27       0.01349      6.47      2.00     3   4.1037
#          28       0.00443      8.83      1.00     4   4.1854
#          29       0.00455      8.41      1.00     4   4.1854
#          30       0.00451      8.10      1.00     4   4.1940
#          31       0.00459      7.53      1.00     4   4.2060
#          33       0.01894      5.20      1.00     4   4.2290
#          35       0.00413      5.68      2.00     3   4.2477
#          36       0.00432      5.60      2.00     3   4.2537
#          37       0.00432      5.62      2.00     3   4.2580
#          39       0.00433      5.85      2.00     3   4.2720
#          41       0.02015      7.65      2.00     3   4.2852
#          45       0.01128     12.87      2.00     3   4.3410
#          46       0.00419      7.04      2.00     3   4.3568
#          47       0.00443      7.08      2.00     3   4.3881
#          48       0.00623     10.86      2.00     3   4.4054
#          49       0.01130     14.55      1.00     4   4.4229
#          53       0.01211      5.90      2.00     3   4.5050
#          54       0.01108      4.52      2.00     4   4.5261
#          57       0.00613      9.21      2.00     3   4.5669
#          58       0.00954     13.22      2.00     4   4.5869
#          60       0.00605      8.79      1.00     2   4.6667
#          61       0.01715      4.53      2.00     4   4.6886
#          62       0.00607     11.72      2.00     4   4.7194
#          64       0.00534      8.51      1.00     2   4.7250
#          66       0.01175      4.24      2.00     4   4.7256
#          67       0.00606      5.79      1.00     4   4.7305
#          70       0.00626      5.65      1.00     4   4.7544
#          71       0.00547     23.73      2.00     3   4.7669
#          72       0.00968      9.74      2.00     4   4.7690
#          73       0.00551     29.65      2.00     3   4.7709
#          74       0.02121      5.51      2.00     3   4.7763
#          75       0.00577      8.18      1.00     2   4.7968
#          76       0.00618     31.87      1.00     4   4.8167
#          78       0.00554      4.34      2.00     4   4.8334
#          80       0.00945     24.14      2.00     5   4.8508
#          81       0.00591     27.08      2.00     3   4.8519
#          83       0.00614     23.77      1.00     4   4.8671
#          86       0.02014      6.52      2.00     5   4.9000
#          87       0.00677     28.68      1.00     4   4.9070
#          88       0.00503     13.85      2.00     3   4.9099
#          89       0.00485     15.67      2.00     3   4.9292
#          90       0.01552      8.55      2.00     3   4.9557
#          91       0.00453     28.91      2.00     4   4.9750
#          92       0.00874      4.18      2.00     3   4.9777
#          93       0.00513     16.32      2.00     3   4.9812
#          94       0.00506      4.46      2.00     4   5.0072
#          95       0.00467     21.77      2.00     4   5.0101
#          96       0.00963     11.07      2.00     5   5.0148
#          98       0.00483     28.33      2.00     4   5.0362
#         102       0.01382      8.94      1.00     4   5.0605
#         103       0.00929      8.19      2.00     4   5.0779
#         104       0.00657      4.34      1.00     4   5.1250
#         106       0.00529      9.00      1.00     4   5.1333
#         107       0.00542      6.78      1.00     4   5.1532
#         108       0.01157      4.44      2.00     5   5.1535
#         109       0.00955      8.82      2.00     4   5.1538
#         110       0.00548     10.14      1.00     4   5.1655
#         111       0.00967      8.74      2.00     4   5.1702
#         114       0.00481     17.84      2.00     4   5.1892
#         115       0.02175      5.35      2.00     3   5.1963
#         116       0.01942      5.74      2.00     5   5.1969
#         117       0.01166      5.30      2.00     4   5.2067
#         118       0.02168      5.50      2.00     3   5.2073
#         119       0.00983      8.30      2.00     4   5.2118
#         120       0.00470     21.20      2.00     4   5.2138
#         121       0.00669      4.25      1.00     4   5.2157
#         123       0.01407      4.21      2.00     4   5.2167
#         124       0.02231      5.02      2.00     3   5.2200
#         125       0.01647      4.10      2.00     3   5.2594
#         126       0.00493     47.56      2.00     5   5.2597
#         127       0.00494     21.22      2.00     4   5.2614
#         128       0.02174      6.10      2.00     3   5.2672
#         129       0.01634      4.16      2.00     3   5.2702
#         130       0.00590      5.01      2.00     5   5.2738
#         132       0.02214      5.97      2.00     3   5.2774
#         133       0.01164      7.31      2.00     4   5.2773
#         136       0.00509     38.18      2.00     5   5.2895
#         139       0.01062      7.87      2.00     4   5.3054
#         140       0.01185     11.76      2.00     5   5.3070
#         142       0.00526     46.00      2.00     5   5.3164
#         143       0.01295      4.42      2.00     5   5.3229
#         144       0.02408      4.03      1.00     4   5.3366
#         145       0.01239      5.16      2.00     4   5.3362
#         146       0.02412      4.27      1.00     4   5.3369
#         147       0.01565      4.18      2.00     3   5.3480
#         148       0.01242      5.10      2.00     4   5.3530
#         149       0.02406      5.33      1.00     4   5.3544
#         150       0.01145      5.76      2.00     4   5.3557
#         151       0.02436      5.14      1.00     4   5.3691
#         152       0.01660      4.01      2.00     3   5.3697
#         156       0.02147      4.97      2.00     5   5.3807
#         157       0.01303     13.16      2.00     5   5.3820
#         158       0.01272      4.97      2.00     4   5.3849
#         159       0.01161      6.96      2.00     4   5.3913
#         160       0.01260      6.16      2.00     4   5.3960
#         161       0.01313     13.09      2.00     5   5.3989
#         162       0.01597      5.87      2.00     4   5.3999
#         163       0.01597      5.61      2.00     4   5.3997
#         164       0.00477     23.88      2.00     5   5.4180
#         165       0.00671      4.37      2.00     3   5.4252
#         166       0.00486     19.37      2.00     5   5.4325
#         167       0.02252     10.57      2.00     5   5.4344
#         168       0.01610      6.66      2.00     4   5.4352
#         172       0.01340     12.30      2.00     5   5.4400
#         173       0.00495     25.75      2.00     5   5.4457
#         176       0.01506      5.37      2.00     3   5.4616
#         177       0.01630      6.34      2.00     4   5.4613
#         178       0.01471      4.63      1.00     4   5.4634
#         179       0.01629      4.87      2.00     4   5.4645
#         180       0.01496      4.93      2.00     3   5.4686
#         182       0.00615      5.72      2.00     3   5.4807
#         183       0.01281      4.64      2.00     4   5.4809
#         184       0.01131      6.14      2.00     4   5.4829
#         185       0.01124      6.14      2.00     4   5.4937
#         186       0.00630      5.27      2.00     3   5.4989
#         187       0.01182     13.97      2.00     5   5.4988
#         188       0.01225      5.34      2.00     5   5.4985
#         189       0.01092     14.47      2.00     5   5.5009
#         192       0.02318     13.88      1.00     6   5.5162
#         193       0.01233      4.50      2.00     4   5.5213
#         194       0.01168      5.81      2.00     4   5.5321
#         195       0.01373     11.92      2.00     5   5.5360
#         198       0.01547      5.08      2.00     3   5.5476
#         199       0.00641      5.31      2.00     3   5.5512
#         200       0.01520      4.32      1.00     4   5.5518
#         201       0.01177      6.52      2.00     4   5.5572
#         203       0.00775      8.96      2.00     5   5.5679
#         205       0.01133      5.74      2.00     4   5.5702
#         207       0.01171      4.26      2.00     4   5.5775
#         208       0.00805      9.11      2.00     5   5.5832
#         209       0.01718      4.99      2.00     5   5.5895
#         210       0.01135      5.23      2.00     3   5.5933
#         211       0.01162      5.79      2.00     4   5.5929
#         212       0.02280      4.51      2.00     5   5.5941
#         213       0.00796      9.06      2.00     5   5.6004
#         214       0.01345     11.20      2.00     5   5.6216
#         215       0.01122      8.65      2.00     5   5.6232
#         216       0.01122      8.82      2.00     5   5.6233
#         217       0.00815      9.12      2.00     5   5.6252
#         218       0.01198      4.95      2.00     4   5.6295
#         219       0.00527      7.12      2.00     4   5.6303
#         221       0.01063      8.40      2.00     4   5.6369
#         222       0.01071      4.69      2.00     4   5.6379
#         223       0.01071      4.95      2.00     3   5.6398
#         226       0.01062      8.73      2.00     4   5.6416
#         228       0.00536      6.63      2.00     4   5.6515
#         230       0.01141      8.72      2.00     5   5.6574
#         232       0.01078      9.25      2.00     5   5.6623
#         233       0.01126      5.71      2.00     5   5.6640
#         234       0.00652      5.30      2.00     4   5.6647
#         235       0.01157      4.10      2.00     5   5.6653
#         236       0.00555      7.32      2.00     4   5.6773
#         237       0.01899     12.32      2.00     6   5.6802
#         238       0.01150      9.12      2.00     5   5.6846
#         239       0.01130      7.05      2.00     4   5.6856
#         240       0.01113      8.51      2.00     5   5.6863
#         241       0.01106      8.66      2.00     5   5.6863
#         242       0.01113     13.21      2.00     5   5.6874
#         243       0.01147      8.09      2.00     5   5.6880
#         245       0.01148      6.60      2.00     4   5.6935
#         247       0.00634     20.43      1.00     6   5.7026
#         248       0.01078      5.99      2.00     5   5.7052
#         249       0.00699      4.68      2.00     4   5.7067
#         251       0.01422      7.43      2.00     5   5.7097
#         252       0.00631     17.10      1.00     6   5.7118
#         255       0.01114      4.86      2.00     3   5.7175
#         256       0.01092      6.17      2.00     5   5.7177
#         259       0.01102      8.43      2.00     4   5.7217
#         260       0.00677     20.95      1.00     6   5.7259
#         261       0.01446     10.49      2.00     6   5.7293
#         262       0.01166      6.45      2.00     5   5.7301
#         264       0.01064      5.69      2.00     5   5.7363
#         265       0.01110     11.41      2.00     5   5.7371
#         266       0.01127      8.24      2.00     5   5.7381
#         267       0.00689      4.80      2.00     4   5.7468
#         268       0.01240      6.21      2.00     6   5.7508
#         269       0.01041      4.45      1.00     4   5.7616
#         271       0.01222      4.15      2.00     5   5.7646
#         272       0.01178      6.67      2.00     4   5.7726
#         273       0.01161     12.30      2.00     5   5.7767
#         274       0.01139      7.41      2.00     5   5.7765
#         275       0.01158      8.18      2.00     5   5.7768
#         276       0.01130      4.66      2.00     5   5.7781
#         277       0.01218      5.91      2.00     5   5.7816
#         278       0.01217      5.53      2.00     5   5.7815
#         280       0.01203      7.82      2.00     5   5.8004
#         282       0.01241      6.99      2.00     5   5.8138
#         283       0.01236      4.74      2.00     5   5.8172
#         284       0.01731      9.87      2.00     6   5.8189
#         286       0.00976      4.06      1.00     4   5.8198
#         287       0.01754     10.85      2.00     6   5.8250
#         288       0.01001      5.89      2.00     4   5.8366
#         289       0.01312     10.77      2.00     6   5.8418
#         290       0.00973      6.52      2.00     4   5.8439
#         291       0.00990      4.28      2.00     5   5.8446
#         292       0.00991      4.05      2.00     5   5.8446
#         294       0.00973     12.00      2.00     5   5.8457
#         295       0.01773     10.84      2.00     6   5.8495
#         296       0.01110      6.65      2.00     5   5.8573
#         298       0.01105      4.05      2.00     5   5.8601
#         299       0.01157      7.71      2.00     5   5.8602
#         300       0.00989     13.01      2.00     5   5.8618
#         301       0.01217      5.77      2.00     5   5.8640
#         302       0.01167      6.05      2.00     5   5.8639
#         303       0.00954     13.48      2.00     5   5.8656
#         306       0.00989     10.10      2.00     5   5.8801
#         307       0.01000      5.18      2.00     5   5.8812
#         308       0.00998      4.06      1.00     4   5.8915
#         309       0.01002      6.76      2.00     4   5.9018
#         310       0.01002     12.18      2.00     5   5.9060
#         311       0.01014      4.62      2.00     5   5.9061
#         312       0.01377      7.23      2.00     5   5.9063
#         313       0.01608      6.70      2.00     6   5.9096
#         314       0.01616      6.72      2.00     6   5.9101
#         315       0.01159      8.45      1.00     6   5.9097
#         316       0.01207      8.40      1.00     6   5.9098
#         317       0.00971     11.16      1.00     6   5.9114
#         319       0.01114     13.40      2.00     5   5.9218
#         320       0.01069      4.36      2.00     5   5.9259
#         322       0.01021     12.57      2.00     6   5.9288
#         323       0.01386      6.46      2.00     5   5.9345
#         324       0.01063      4.32      2.00     5   5.9366
#         325       0.01911     18.93      2.00     6   5.9392
#         326       0.01096      4.42      2.00     5   5.9415
#         329       0.01909     25.38      2.00     7   5.9442
#         330       0.01239      4.73      2.00     5   5.9449
#         331       0.01233      6.15      2.00     5   5.9450
#         333       0.01380     10.52      2.00     6   5.9455
#         334       0.00973     12.95      2.00     5   5.9466
#         337       0.01639     11.16      2.00     6   5.9603
#         338       0.01194      6.70      1.00     6   5.9601
#         339       0.01165      7.45      1.00     6   5.9604
#         340       0.01405      7.10      2.00     5   5.9613
#         341       0.01013      9.64      1.00     6   5.9620
#         344       0.01525      4.59      2.00     5   5.9847
#         347       0.05718      7.11      2.00     7   5.9926
#         348       0.03401      7.08      2.00     7   5.9933
#         349       0.01711      6.40      2.00     6   5.9996
#         350       0.01740      6.68      2.00     6   6.0004
#         351       0.01226      7.81      1.00     6   6.0001
#         352       0.01223      7.58      1.00     6   6.0000
#         353       0.00993     10.33      1.00     6   6.0017
#         354       0.01085      4.07      2.00     5   6.0024
#         355       0.01067     10.82      2.00     5   6.0048
#         356       0.00955      6.27      2.00     5   6.0111
#         357       0.00882      4.30      1.00     6   6.0111
#         359       0.00875      4.25      1.00     6   6.0227
#         360       0.01060     11.49      2.00     5   6.0239
#         361       0.00894      4.25      1.00     6   6.0347
#         362       0.00973      5.45      2.00     5   6.0444
#         363       0.01378      9.83      2.00     6   6.0439
#         364       0.02716      7.03      2.00     5   6.0511
#         365       0.00995      6.73      2.00     5   6.0592
#         366       0.01085      7.23      2.00     6   6.0663
#         367       0.01126      7.18      2.00     6   6.0662
#         368       0.01054      7.49      2.00     6   6.0681
#         369       0.01019      7.70      2.00     6   6.0680
#         370       0.01100     20.83      2.00     6   6.0698
#         371       0.00985      6.34      2.00     5   6.0704
#         372       0.01073     12.13      2.00     5   6.0759
#         373       0.01129      6.01      2.00     6   6.0798
#         374       0.00981      6.85      2.00     5   6.0846
#         376       0.01124      5.62      2.00     6   6.0864
#         377       0.01145      7.19      2.00     6   6.0941
#         378       0.01142      7.06      2.00     6   6.0975
#         379       0.01077      5.96      2.00     6   6.0997
#         380       0.01082      9.16      2.00     6   6.1006
#         381       0.01411      8.00      2.00     6   6.1027
#         382       0.01129      4.39      2.00     6   6.1032
#         383       0.01083      7.47      2.00     6   6.1032
#         385       0.01029      8.01      2.00     6   6.1034
#         386       0.01169     17.60      2.00     6   6.1051
#         388       0.01800     11.80      2.00     7   6.1082
#         391       0.01056      6.81      2.00     6   6.1293
#         392       0.01009      6.86      2.00     6   6.1293
#         393       0.01008      6.95      2.00     6   6.1293
#         394       0.01074      6.88      2.00     6   6.1296
#         395       0.01038      7.95      2.00     6   6.1293
#         396       0.01011      5.87      2.00     6   6.1293
#         397       0.01022      5.87      2.00     6   6.1293
#         398       0.01022     14.66      2.00     6   6.1304
#         399       0.00992     11.53      2.00     6   6.1304
#         400       0.01005      6.91      2.00     5   6.1311
#         401       0.01129     20.78      2.00     6   6.1309
#         402       0.01196      7.65      2.00     6   6.1377
#         403       0.01011      5.45      2.00     6   6.1456
#         404       0.01034      5.23      2.00     6   6.1456
#         406       0.01054      5.47      2.00     6   6.1524
#         407       0.03011      4.36      2.00     6   6.1536
#         408       0.02829      8.51      1.00     6   6.1560
#         409       0.01101      5.93      2.00     6   6.1561
#         410       0.01012      5.07      2.00     6   6.1587
#         411       0.01040      4.94      2.00     6   6.1587
#         412       0.00996     10.23      2.00     6   6.1594
#         413       0.01029     13.09      2.00     6   6.1594
#         414       0.01000      4.65      2.00     6   6.1605
#         415       0.01010      6.74      2.00     6   6.1605
#         416       0.00969      6.67      2.00     5   6.1694
#         417       0.01640      5.14      2.00     6   6.1712
#         419       0.01709      4.63      2.00     6   6.1780
#         420       0.01719      5.87      2.00     6   6.1780
#         423       0.00625      7.44      1.00     4   6.1845
#         424       0.01048     14.64      2.00     6   6.1862
#         425       0.01020     11.22      2.00     6   6.1862
#         426       0.01036      6.53      2.00     6   6.1860
#         427       0.01035      7.05      2.00     6   6.1863
#         428       0.01037      5.50      2.00     6   6.1863
#         429       0.01048      5.62      2.00     6   6.1860
#         430       0.00979      5.53      2.00     5   6.1874
#         431       0.00988      7.38      2.00     5   6.1997
#         433       0.01043     11.59      1.00     6   6.2281
#         434       0.01069      4.64      2.00     3   6.2295
#         437       0.01606      5.57      2.00     6   6.2419
#         438       0.00595      7.93      1.00     4   6.2423
#         439       0.01742      4.98      2.00     6   6.2468
#         440       0.01055      9.27      1.00     6   6.2481
#         441       0.02064      6.00      2.00     6   6.2486
#         442       0.01852      4.51      2.00     6   6.2516
#         445       0.01052     12.42      1.00     6   6.2602
#         446       0.01796      4.91      2.00     6   6.2633
#         447       0.01864      4.44      2.00     6   6.2685
#         451       0.01081      4.86      2.00     6   6.2825
#         452       0.01019     14.12      2.00     6   6.2842
#         453       0.01452     32.23      2.00     5   6.2847
#         454       0.01587      5.36      2.00     6   6.2853
#         455       0.01567     37.81      2.00     5   6.2881
#         456       0.00982     10.45      2.00     6   6.2887
#         458       0.00987      8.91      2.00     6   6.3025
#         459       0.01761      4.76      2.00     6   6.3049
#         462       0.01109      4.55      2.00     6   6.3069
#         463       0.01065      4.68      2.00     6   6.3069
#         465       0.01007     14.28      2.00     6   6.3086
#         466       0.01884      4.31      2.00     6   6.3099
#         469       0.00999     11.04      2.00     6   6.3155
#         470       0.00597      7.46      1.00     4   6.3168
#         471       0.01591     49.42      1.00     6   6.3340
#         472       0.01216      4.56      2.00     4   6.3423
#         473       0.01396      4.63      2.00     7   6.3526
#         474       0.01414      4.45      2.00     7   6.3530
#         475       0.01098     11.54      2.00     7   6.3528
#         476       0.01056     11.41      2.00     7   6.3527
#         480       0.01111      4.70      2.00     6   6.3545
#         481       0.01022     27.09      2.00     7   6.3544
#         482       0.01021     14.79      2.00     6   6.3561
#         483       0.00948      7.22      2.00     5   6.3576
#         486       0.01348     16.49      2.00     7   6.3671
#         488       0.01540     15.59      2.00     7   6.3671
#         489       0.01158      8.78      2.00     7   6.3672
#         490       0.01077     11.42      2.00     7   6.3692
#         492       0.01702     34.80      2.00     5   6.3719
#         493       0.01950      7.04      2.00     6   6.3727
#         494       0.01536      6.12      2.00     7   6.3816
#         495       0.01128     11.53      2.00     7   6.3825
#         496       0.01757     10.27      2.00     7   6.3826
#         497       0.01371     10.66      2.00     7   6.3826
#         498       0.01087      8.45      2.00     7   6.3827
#         499       0.01042     23.87      2.00     7   6.3844
#         500       0.01508     38.62      1.00     6   6.3850
#         502       0.01833      4.38      2.00     6   6.3984
#         503       0.04688     12.40      2.00     7   6.3991
#         504       0.02177      6.43      2.00     7   6.4001
#         505       0.01898     10.86      2.00     7   6.4002
#         510       0.01512      5.30      2.00     7   6.4091
#         511       0.01110     11.43      2.00     7   6.4095
#         512       0.01102     10.51      2.00     7   6.4096
#         513       0.01480      5.97      2.00     7   6.4099
#         514       0.01039     26.83      2.00     7   6.4112
#         515       0.01540      5.58      2.00     6   6.4126
#         516       0.02892      8.27      2.00     7   6.4163
#         517       0.00949      6.38      2.00     5   6.4165
#         518       0.01729     44.58      1.00     6   6.4269
#         519       0.00695     14.07      2.00     5   6.4278
#         522       0.00699     15.90      2.00     5   6.4465
#         524       0.01941      5.38      2.00     6   6.4487
#         527       0.00976      6.57      2.00     6   6.4541
#         529       0.01020      6.79      2.00     5   6.4555
#         531       0.00982      5.89      2.00     6   6.4668
#         532       0.02142      5.92      2.00     7   6.4750
#         533       0.02117     10.60      2.00     7   6.4751
#         535       0.04359     13.87      2.00     7   6.4754
#         538       0.00993      7.30      2.00     6   6.4799
#         543       0.02190     10.44      2.00     7   6.4919
#         544       0.04397     13.82      2.00     7   6.4918
#         546       0.00714     40.25      2.00     6   6.4923
#         547       0.02147      5.80      2.00     7   6.4922
#         548       0.02633      5.36      2.00     6   6.4929
#         552       0.00715     16.07      2.00     5   6.5011
#         558       0.01140      6.37      2.00     7   6.5111
#         560       0.01096      6.45      2.00     7   6.5110
#         562       0.00991     24.20      2.00     7   6.5127
#         563       0.01394      4.09      2.00     7   6.5247
#         564       0.01156      4.43      2.00     7   6.5255
#         566       0.01131      5.55      2.00     7   6.5258
#         568       0.01007     20.89      2.00     7   6.5274
#         569       0.00733     32.95      2.00     6   6.5280
#         570       0.03443     11.31      2.00     7   6.5277
#         571       0.02663      5.96      2.00     6   6.5284
#         572       0.01035      5.20      2.00     7   6.5306
#         573       0.01090      5.34      2.00     7   6.5311
#         574       0.04976     12.97      2.00     7   6.5326
#         575       0.02159     10.11      2.00     7   6.5331
#         577       0.02293      5.72      2.00     7   6.5334
#         580       0.01155      6.11      2.00     7   6.5388
#         581       0.01158      6.41      2.00     7   6.5388
#         583       0.01001     26.34      2.00     7   6.5404
#         586       0.01118      5.70      2.00     7   6.5520
#         588       0.02666      5.69      2.00     6   6.5545
#         589       0.00737     39.52      2.00     6   6.5562
#         601       0.01053     12.09      2.00     7   6.5734
#         604       0.02084      5.89      2.00     6   6.5760
#         606       0.01055     10.94      2.00     7   6.5818
#         607       0.01298      4.72      2.00     5   6.5848
#         608       0.02006      5.90      2.00     6   6.5867
#         611       0.02221      4.07      2.00     7   6.5919
#         612       0.01203      4.10      2.00     5   6.5923
#         614       0.02249      4.29      2.00     7   6.5940
#         615       0.02026      4.22      2.00     7   6.5943
#         616       0.02343      6.90      2.00     7   6.5943
#         617       0.01117      4.15      2.00     5   6.5956
#         618       0.00890     12.62      2.00     6   6.5957
#         619       0.01082     12.60      2.00     7   6.5957
#         620       0.01188      4.27      2.00     5   6.5964
#         621       0.02184     15.48      2.00     7   6.5964
#         626       0.02088      5.53      2.00     6   6.6251
#         628       0.02219      5.10      2.00     7   6.6286
#         629       0.02208      9.29      2.00     7   6.6291
#         631       0.04570     12.60      2.00     7   6.6294
#         634       0.01309     11.48      2.00     6   6.6423
#         637       0.00682      7.65      1.00     6   6.6506
#         638       0.02858      5.86      2.00     6   6.6504
#         644       0.02071      5.61      2.00     6   6.6635
#         649       0.00699      6.47      1.00     6   6.6710
#         650       0.00896     13.01      2.00     6   6.6710
#         654       0.01699      9.00      2.00     7   6.6765
#         655       0.01281      4.15      2.00     5   6.6806
#         656       0.00695      8.54      1.00     6   6.6855
#         658       0.02155      5.59      2.00     6   6.6860
#         660       0.00913     12.84      2.00     6   6.6875
#         662       0.01235     10.29      2.00     6   6.6958
#         663       0.01534      4.15      2.00     6   6.7002
#         665       0.01072     28.05      2.00     6   6.7071
#         666       0.02068      4.16      2.00     7   6.7137
#         667       0.02308      8.25      2.00     7   6.7146
#         668       0.03721     11.96      2.00     7   6.7147
#         672       0.02988      8.65      2.00     7   6.7163
#         674       0.02895      8.82      2.00     7   6.7164
#         675       0.00713      5.55      4.00     5   6.7166
#         676       0.01800      5.29      2.00     7   6.7181
#         677       0.01796      5.19      2.00     7   6.7180
#         679       0.01487      8.45      2.00     6   6.7246
#         683       0.01073     32.17      2.00     6   6.7311
#         684       0.00869     12.27      2.00     6   6.7317
#         685       0.01944      7.93      2.00     6   6.7318
#         689       0.01442     11.04      2.00     6   6.7357
#         691       0.01863      8.23      2.00     6   6.7363
#         692       0.01020      5.72      2.00     6   6.7449
#         701       0.03203      8.71      2.00     7   6.7507
#         702       0.01866      5.22      2.00     7   6.7523
#         704       0.03112      5.92      2.00     7   6.7570
#         706       0.02198      9.65      2.00     7   6.7578
#         710       0.01082     86.26      2.00     7   6.7769
#         712       0.03015      9.06      2.00     7   6.7777
#         717       0.02265      9.12      2.00     7   6.7794
#         718       0.02175      9.30      2.00     7   6.7793
#         719       0.01827      5.42      2.00     7   6.7793
#         720       0.01798      6.83      2.00     6   6.7804
#         721       0.02123      5.24      2.00     7   6.7804
#         722       0.02106      5.23      2.00     7   6.7805
#         723       0.01146     31.61      2.00     6   6.7813
#         724       0.01541      4.71      2.00     7   6.7810
#         725       0.02109      4.64      2.00     7   6.7811
#         726       0.02984      8.12      2.00     7   6.7810
#         728       0.01810     14.01      2.00     7   6.7822
#         730       0.01814      4.83      2.00     7   6.7827
#         733       0.01871      6.41      2.00     6   6.7885
#         734       0.00699      4.36      2.00     4   6.7891
#         735       0.01183      9.24      2.00     7   6.7901
#         736       0.01784      4.33      2.00     7   6.7930
#         737       0.01729      5.02      2.00     7   6.7963
#         738       0.01772      5.01      2.00     7   6.7963
#         739       0.01207      6.31      2.00     6   6.8001
#         740       0.01108      9.07      2.00     6   6.8006
#         741       0.00788      5.84      2.00     6   6.8006
#         742       0.01943      6.14      2.00     7   6.8007
#         743       0.01949      5.75      2.00     7   6.8031
#         744       0.02230      6.02      2.00     7   6.8031
#         745       0.01103     70.27      2.00     7   6.8073
#         746       0.02101      5.72      2.00     7   6.8077
#         752       0.02030      7.94      2.00     6   6.8164
#         755       0.01776      4.23      2.00     7   6.8231
#         756       0.01505     21.99      2.00     7   6.8248
#         757       0.00943     11.42      2.00     6   6.8253
#         759       0.02238      6.13      2.00     7   6.8293
#         762       0.01719      4.59      2.00     7   6.8304
#         763       0.02091      4.50      2.00     7   6.8301
#         767       0.02172      8.91      2.00     7   6.8314
#         769       0.01880     12.18      2.00     7   6.8320
#         770       0.01574      4.47      2.00     7   6.8330
#         771       0.01157     82.89      2.00     7   6.8364
#         772       0.01175      8.06      2.00     6   6.8389
#         773       0.01615      9.83      2.00     7   6.8392
#         776       0.01577      4.45      2.00     7   6.8465
#         777       0.00586      4.06      2.00     4   6.8473
#         778       0.01763      4.22      2.00     7   6.8473
#         783       0.00565      7.00      2.00     5   6.8629
#         784       0.00828      5.88      2.00     6   6.8650
#         785       0.01219      8.89      2.00     6   6.8650
#         788       0.01840      6.47      2.00     6   6.8673
#         789       0.02294      7.95      2.00     7   6.8696
#         791       0.01777      4.87      2.00     7   6.8698
#         793       0.02186      4.84      2.00     7   6.8698
#         795       0.02296      8.79      2.00     7   6.8700
#         796       0.02145      4.10      2.00     7   6.8712
#         797       0.01559      4.47      2.00     7   6.8716
#         798       0.01848     13.06      2.00     7   6.8714
#         799       0.02048      8.94      2.00     6   6.8736
#         800       0.01772      5.93      2.00     7   6.8763
#         801       0.01775      6.06      2.00     7   6.8764
#         803       0.01798      4.66      2.00     7   6.8865
#         804       0.01791      4.59      2.00     7   6.8868
#         805       0.00835      8.38      2.00     5   6.8893
#         806       0.01784      5.89      2.00     7   6.8953
#         807       0.03437      6.69      2.00     7   6.8970
#         808       0.01604     23.02      2.00     7   6.8993
#         811       0.01790      6.64      2.00     7   6.9086
#         812       0.01789      5.82      2.00     7   6.9120
#         813       0.01609     22.72      2.00     7   6.9161
#         814       0.00592      6.45      2.00     5   6.9170
#         815       0.01964      8.29      2.00     6   6.9170
#         816       0.01961      8.47      2.00     6   6.9172
#         817       0.02036      5.36      2.00     6   6.9315
#         818       0.01085     35.28      2.00     7   6.9352
#         819       0.02009      5.85      2.00     6   6.9387
#         820       0.01983      4.37      2.00     7   6.9393
#         821       0.01971      4.30      2.00     7   6.9394
#         822       0.02021     11.92      2.00     7   6.9405
#         824       0.00659      5.19      2.00     5   6.9430
#         827       0.01092     29.65      2.00     7   6.9504
#         830       0.01965      8.13      2.00     6   6.9530
#         832       0.02322      8.03      2.00     7   6.9534
#         833       0.01597      4.12      2.00     7   6.9547
#         834       0.01568      4.13      2.00     7   6.9546
#         835       0.02006      4.63      2.00     7   6.9548
#         838       0.02066      4.90      2.00     7   6.9551
#         839       0.01995     13.54      2.00     7   6.9567
#         842       0.02439      5.84      2.00     7   6.9570
#         843       0.02339      6.15      2.00     7   6.9569
#         844       0.01173      4.02      2.00     6   6.9589
#         848       0.01953      4.93      2.00     7   6.9587
#         849       0.02007      4.95      2.00     7   6.9586
#         850       0.01661     21.65      2.00     7   6.9600
#         851       0.01927     13.93      2.00     7   6.9604
#         854       0.01170     36.96      2.00     7   6.9657
#         856       0.02116     10.21      2.00     7   6.9750
#         857       0.02012      4.14      2.00     7   6.9761
#         858       0.02921      7.79      2.00     6   6.9801
#         859       0.02863      7.92      2.00     6   6.9801
#         860       0.02772     10.46      2.00     6   6.9806
#         861       0.01996      8.67      2.00     6   6.9813
#         863       0.02004      7.59      2.00     6   6.9844
#         866       0.01248      4.57      2.00     6   6.9942
#         867       0.02044      6.02      2.00     6   6.9965
#         868       0.00719     10.20      2.00     5   6.9980
#         869       0.02253     10.09      2.00     6   7.0002
#         870       0.02060     12.04      2.00     7   7.0007
#         871       0.02035      4.46      2.00     7   7.0008
#         872       0.02014      4.05      2.00     7   7.0005
#         873       0.02208     10.10      2.00     6   7.0109
#         874       0.03958      7.86      2.00     7   7.0148
#         875       0.01594      4.12      2.00     7   7.0157
#         876       0.01607      4.11      2.00     7   7.0161
#         877       0.02003     14.80      2.00     7   7.0172
#         878       0.01358      5.46      2.00     6   7.0180
#         879       0.02717      8.63      2.00     6   7.0300
#         880       0.02781      7.18      2.00     6   7.0337
#         883       0.02480      4.72      2.00     7   7.0380
#         884       0.02474      6.30      2.00     7   7.0381
#         885       0.01313      5.60      2.00     6   7.0394
#         888       0.01999      4.69      2.00     7   7.0397
#         889       0.02050      4.76      2.00     7   7.0397
#         890       0.01966     13.40      2.00     7   7.0413
#         891       0.02345      9.40      2.00     6   7.0520
#         892       0.01668     20.12      2.00     7   7.0560
#         893       0.01570      5.58      2.00     6   7.0601
#         894       0.00756      8.95      2.00     5   7.0712
#         895       0.03004      9.60      2.00     6   7.0718
#         896       0.03124      6.74      2.00     6   7.0730
#         897       0.03092      7.41      2.00     6   7.0736
#         898       0.01224      6.21      2.00     6   7.0750
#         899       0.02440      4.72      2.00     7   7.0780
#         900       0.01381     16.99      2.00     7   7.0852
#         901       0.02294      9.19      2.00     6   7.0880
#         902       0.01456      5.74      2.00     6   7.0901
#         903       0.01232      6.07      2.00     6   7.0947
#         904       0.01236      6.18      2.00     6   7.0948
#         905       0.02473      4.09      2.00     7   7.0981
#         906       0.02178     11.30      2.00     7   7.0997
#         907       0.01851      4.07      2.00     7   7.0995
#         908       0.01212      4.29      2.00     6   7.1030
#         911       0.01562      6.57      2.00     7   7.1058
#         912       0.02424      9.46      2.00     6   7.1129
#         915       0.01457     15.15      2.00     7   7.1182
#         916       0.02161     11.90      2.00     7   7.1187
#         917       0.01625      6.74      2.00     7   7.1357
#         918       0.00642      4.22      2.00     5   7.1361
#         919       0.00644      4.41      2.00     5   7.1361
#         920       0.01600     17.89      2.00     7   7.1394
#         921       0.01238     14.81      2.00     7   7.1405
#         922       0.01242     15.17      2.00     7   7.1406
#         923       0.01558     16.87      2.00     7   7.1452
#         924       0.00588     12.18      2.00     6   7.1475
#         925       0.01240      6.40      2.00     6   7.1495
#         926       0.01263      5.17      2.00     6   7.1525
#         927       0.01240      5.71      2.00     6   7.1529
#         928       0.01244      5.09      2.00     6   7.1532
#         929       0.01278      6.05      2.00     6   7.1547
#         930       0.01918      9.55      2.00     6   7.1547
#         931       0.02326      6.57      2.00     6   7.1558
#         932       0.01292      5.30      2.00     6   7.1578
#         933       0.01285      5.29      2.00     6   7.1577
#         934       0.01309      5.39      2.00     6   7.1578
#         935       0.01308      5.46      2.00     6   7.1577
#         936       0.01413      6.83      2.00     6   7.1589
#         937       0.01308      5.67      2.00     6   7.1589
#         938       0.01921     10.35      2.00     6   7.1589
#         941       0.01573      6.61      2.00     7   7.1651
#         945       0.02189     12.48      2.00     7   7.1706
#         946       0.01243     15.06      2.00     7   7.1752
#         947       0.00936      7.47      2.00     6   7.1765
#         948       0.00701     14.24      2.00     6   7.1819
#         949       0.01251      8.84      2.00     7   7.1818
#         950       0.00628      6.55      2.00     6   7.1962
#         951       0.00828     11.32      2.00     6   7.1972
#         952       0.01369     14.60      2.00     7   7.1983
#         953       0.01326     14.40      2.00     7   7.1991
#         954       0.01966     10.29      2.00     6   7.2029
#         955       0.02361     14.49      2.00     7   7.2036
#         956       0.02460     14.47      2.00     7   7.2036
#         957       0.02491     14.43      2.00     7   7.2036
#         958       0.02390     14.74      2.00     7   7.2036
#         959       0.01950     20.86      2.00     7   7.2047
#         960       0.01948     16.82      2.00     7   7.2047
#         961       0.01248     15.57      2.00     7   7.2045
#         962       0.01761      7.07      2.00     7   7.2076
#         963       0.01249     13.45      2.00     7   7.2079
#         964       0.02009      9.23      2.00     6   7.2114
#         967       0.01766      7.01      2.00     7   7.2244
#         968       0.00709      8.03      2.00     6   7.2268
#         969       0.00946      5.92      2.00     6   7.2324
#         970       0.02036      9.81      2.00     6   7.2416
#         971       0.01370      6.34      2.00     6   7.2416
#         972       0.01264      6.62      2.00     7   7.2435
#         973       0.00755      5.54      2.00     6   7.2443
#         974       0.01360     10.80      2.00     7   7.2479
#         975       0.01443     13.55      2.00     7   7.2479
#         976       0.01242      9.97      2.00     7   7.2480
#         977       0.02339     11.76      2.00     7   7.2541
#         978       0.02381      8.86      2.00     7   7.2541
#         979       0.01952     13.97      2.00     7   7.2549
#         980       0.01952     17.43      2.00     7   7.2549
#         981       0.02336     12.08      2.00     7   7.2560
#         982       0.02352     13.96      2.00     7   7.2560
#         983       0.01312      6.12      2.00     7   7.2613
#         984       0.02090      6.84      2.00     7   7.2641
#         985       0.00742     12.58      2.00     6   7.2668
#         986       0.01847      6.70      2.00     7   7.2687
#         987       0.01385      7.23      2.00     7   7.2745
#         988       0.01982      6.88      2.00     6   7.2794
#         989       0.02110      5.80      2.00     7   7.2823
#         990       0.01049      6.89      2.00     6   7.2842
#         991       0.01455     13.69      2.00     7   7.2897
#         992       0.01330     12.70      2.00     7   7.2914
#         993       0.02086      9.57      2.00     6   7.2925
#         994       0.02107      7.45      2.00     7   7.2944
#         995       0.02067     19.14      2.00     7   7.2967
#         996       0.02065     15.41      2.00     7   7.2967
#         997       0.02608     13.10      2.00     7   7.2965
#         998       0.02645     12.34      2.00     7   7.2965
#         999       0.02636     13.22      2.00     7   7.2968
#        1000       0.02665     13.91      2.00     7   7.2968
#        1001       0.01225      7.70      2.00     7   7.2988
#        1002       0.01516      7.94      2.00     7   7.2989
#        1003       0.01083      5.65      2.00     6   7.3172
#        1004       0.01230      8.46      2.00     7   7.3183
#        1005       0.01415      5.29      2.00     5   7.3249
#        1006       0.01831      8.81      2.00     7   7.3266
#        1007       0.01233      8.89      2.00     7   7.3338
#        1008       0.00876      4.11      2.00     6   7.3348
#        1009       0.00869      4.40      2.00     6   7.3348
#        1010       0.01777      6.92      2.00     6   7.3371
#        1011       0.01233      7.43      2.00     7   7.3372
#        1012       0.01489      5.98      2.00     7   7.3630
#        1013       0.01088     15.18      2.00     7   7.3630
#        1014       0.01846      6.29      2.00     7   7.3648
#        1015       0.01092      5.66      2.00     6   7.3709
#        1016       0.01874      7.26      2.00     7   7.3769
#        1017       0.02854     13.35      2.00     7   7.3780
#        1018       0.01379      8.98      2.00     7   7.3777
#        1019       0.02148     11.36      2.00     7   7.3779
#        1020       0.01334      9.36      2.00     7   7.3780
#        1021       0.01152     10.61      2.00     7   7.3796
#        1022       0.01879     19.84      2.00     7   7.3796
#        1023       0.03203     10.29      2.00     7   7.3812
#        1024       0.02927     10.79      2.00     7   7.3812
#        1025       0.01932     10.43      2.00     7   7.3811
#        1026       0.01397     10.36      2.00     7   7.3812
#        1027       0.01340     10.38      2.00     7   7.3812
#        1028       0.01892     10.24      2.00     7   7.3815
#        1029       0.01112     11.91      2.00     7   7.3829
#        1030       0.01815     21.34      2.00     7   7.3829
#        1031       0.01098     12.33      2.00     7   7.3980
#        1032       0.01514      5.35      2.00     7   7.3980
#        1033       0.01876      6.63      2.00     6   7.4115
#        1034       0.00959      4.01      2.00     6   7.4134
#        1035       0.00954      4.28      2.00     6   7.4134
#        1036       0.01512      6.03      2.00     7   7.4260
#        1037       0.01100     14.99      2.00     7   7.4260
#        1038       0.01445      5.69      2.00     6   7.4378
#        1039       0.01732      5.47      2.00     7   7.4503
#        1040       0.01382      6.41      2.00     7   7.4523
#        1041       0.01973      9.09      2.00     7   7.4645
#        1042       0.03356      8.34      2.00     7   7.4649
#        1043       0.03285     10.90      2.00     7   7.4650
#        1044       0.01418      9.55      2.00     7   7.4649
#        1045       0.01418      9.65      2.00     7   7.4650
#        1046       0.02113     10.06      2.00     7   7.4653
#        1047       0.01135     11.03      2.00     7   7.4666
#        1048       0.01882     20.18      2.00     7   7.4666
#        1049       0.01676      6.73      2.00     7   7.4880
#        1051       0.01416      6.10      2.00     7   7.5114
#        1052       0.01608      5.35      2.00     7   7.5130
#        1054       0.01406      5.78      2.00     7   7.5213
#        1055       0.01663      8.77      2.00     7   7.5227
#        1056       0.02151      5.82      2.00     7   7.5227
#        1057       0.01062      9.31      2.00     7   7.5284
#        1058       0.01424      4.72      2.00     7   7.5410
#        1059       0.01639     10.11      2.00     7   7.5412
#        1060       0.02071      5.85      2.00     7   7.5412
#        1062       0.01412      6.16      2.00     7   7.5502
#        1063       0.01419      6.22      2.00     7   7.5552
#        1064       0.01234      5.22      2.00     6   7.5564
#        1065       0.01072      7.91      2.00     7   7.5622
#        1066       0.01553      5.01      2.00     7   7.5658
#        1067       0.01074      9.25      2.00     7   7.5904
#        1068       0.01800     10.12      2.00     7   7.5958
#        1069       0.02237      6.15      2.00     7   7.5958
#        1071       0.01705      5.13      2.00     7   7.6055
#        1072       0.01478      5.42      2.00     7   7.6106
#        1073       0.01521      5.14      2.00     7   7.6545
#        1074       0.00753      4.39      2.00     6   7.6707
#        1075       0.01044      4.93      2.00     7   7.6713
#        1076       0.01542      5.65      2.00     7   7.6795
#        1077       0.01060      4.54      2.00     7   7.7089
#        1078       0.01084      4.13      2.00     6   7.7336
#        1079       0.01066      5.07      2.00     7   7.7347
#        1080       0.01028      5.36      2.00     6   7.7485
#        1081       0.01374      4.00      2.00     7   7.7641
#        1082       0.02062      4.22      2.00     7   7.7641
#        1084       0.02352     54.50      2.00     7   7.8026
#        1085       0.02545     64.08      2.00     7   7.8054
#        1086       0.00991      5.53      2.00     6   7.8183
#        1087       0.01191      7.66      2.00     7   7.8229
#        1088       0.01077      5.20      2.00     6   7.8245
#        1089       0.01186      5.39      2.00     6   7.8290
#        1090       0.01607      4.37      2.00     7   7.8336
#        1091       0.01081      4.68      2.00     6   7.8341
#        1092       0.01077      4.56      2.00     5   7.8636
#        1093       0.01162     10.47      2.00     7   7.8749
#        1094       0.02762     58.60      2.00     7   7.8918
#        1095       0.01598      4.16      2.00     7   7.9046
#        1097       0.01237      5.07      2.00     6   7.9204
#        1098       0.01083      7.76      2.00     7   7.9344
#        1100       0.01145     22.27      2.00     7   7.9456
#        1101       0.00768      7.94      2.00     7   7.9501
#        1102       0.01261      5.31      2.00     7   7.9576
#        1103       0.01149     25.28      2.00     7   7.9637
#        1104       0.01010     12.86      2.00     7   7.9707
#        1105       0.01206      9.44      2.00     7   7.9755
#        1107       0.01296      4.90      2.00     7   8.0117
#        1110       0.01177     25.13      2.00     7   8.0211
#        1111       0.01084      8.00      2.00     7   8.0332
#        1115       0.01040      5.26      2.00     6   8.0684
#        1116       0.01124      6.27      2.00     7   8.0774
#        1120       0.01119      7.82      2.00     7   8.1047
#        1121       0.01321      6.00      2.00     7   8.1137
#        1122       0.01175      4.94      2.00     7   8.1135
#        1123       0.01863      5.28      2.00     6   8.1161
#        1130       0.01369      5.62      2.00     7   8.2006
#        1131       0.01044     10.48      2.00     7   8.2278
#        1133       0.01414      4.85      2.00     6   8.2643
#        1135       0.01274      5.13      2.00     6   8.2798
#        1136       0.00829     12.28      2.00     7   8.3802
#        1137       0.01942     14.46      2.00     7   8.4071
#        1138       0.01255      5.18      2.00     6   8.4305
#        1139       0.00882     11.38      2.00     7   8.4370
#        1140       0.01643      5.22      2.00     7   8.4473
#        1141       0.01595      4.95      2.00     7   8.4609
#        1143       0.01455      4.48      2.00     7   8.5083
#        1144       0.01646     17.74      2.00     7   8.5152
#        1145       0.01119      4.47      2.00     7   8.5650
#        1146       0.01265      4.95      2.00     6   8.5774
#        1147       0.01717     15.48      2.00     7   8.5911
#        1149       0.01764      4.95      2.00     7   8.6391
#        1150       0.01442      4.64      2.00     6   8.6849
#        1151       0.01788      4.63      2.00     7   8.7349
#        1154       0.00798      6.36      2.00     7   8.9034
#        1155       0.01784      4.35      2.00     7   8.9995
#   833/1050 paths used
#  -----------------------------------------------------------------------
#       k          chi          mag           phase @#
     0.0000   -7.980497E+00  1.431626E+01 -5.913024E-01
     0.0500   -7.442998E+00  1.415124E+01 -5.538442E-01
     0.1000   -6.904596E+00  1.398538E+01 -5.163406E-01
     0.1500   -5.324963E+00  1.349825E+01 -4.055159E-01
     0.2000   -3.771612E+00  1.300506E+01 -2.942384E-01
     0.2500   -1.389556E+00  1.222740E+01 -1.138889E-01
     0.3000    7.767699E-01  1.144030E+01  6.794996E-02
     0.3500    3.213478E+00  1.044649E+01  3.126835E-01
     0.4000    5.029743E+00  9.451126E+00  5.611788E-01
     0.4500    6.373452E+00  8.380952E+00  8.640347E-01
     0.5000    6.761755E+00  7.329916E+00  1.174475E+00
     0.5500    6.338050E+00  6.342750E+00  1.532296E+00
     0.6000    5.105313E+00  5.401031E+00  1.903239E+00
     0.6500    3.412570E+00  4.629820E+00  2.312846E+00
     0.7000    1.534929E+00  3.919406E+00  2.739198E+00
     0.7500   -1.569679E-01  3.415902E+00  3.187561E+00
     0.8000   -1.430793E+00  2.958762E+00  3.646331E+00
     0.8500   -2.183277E+00  2.669622E+00  4.099209E+00
     0.9000   -2.352739E+00  2.384568E+00  4.548816E+00
     0.9500   -2.123822E+00  2.197118E+00  4.971414E+00
     1.0000   -1.549254E+00  1.979215E+00  5.384094E+00
     1.0500   -8.945938E-01  1.817097E+00  5.768432E+00
     1.1000   -2.249510E-01  1.614437E+00  6.143393E+00
     1.1500    3.040655E-01  1.446228E+00  6.495013E+00
     1.2000    6.554523E-01  1.245014E+00  6.837619E+00
     1.2500    8.308627E-01  1.076369E+00  7.165029E+00
     1.3000    8.259009E-01  8.870241E-01  7.480580E+00
     1.3500    7.267409E-01  7.283727E-01  7.787033E+00
     1.4000    5.491079E-01  5.624453E-01  8.072190E+00
     1.4500    3.752852E-01  4.267806E-01  8.350304E+00
     1.5000    2.217801E-01  2.958679E-01  8.577333E+00
     1.5500    1.175572E-01  1.941710E-01  8.774470E+00
     1.6000    6.750582E-02  1.108030E-01  8.769674E+00
     1.6500    5.291517E-02  6.406602E-02  8.452897E+00
     1.7000    6.841886E-02  6.848023E-02  7.896322E+00
     1.7500    8.641317E-02  8.667889E-02  7.775661E+00
     1.8000    1.000348E-01  1.000449E-01  7.868237E+00
     1.8500    1.026806E-01  1.038890E-01  8.006654E+00
     1.9000    9.484182E-02  9.895344E-02  8.143263E+00
     1.9500    8.321770E-02  8.717382E-02  8.156403E+00
     2.0000    7.292723E-02  8.096305E-02  8.303291E+00
     2.0500    6.651332E-02  7.615370E-02  8.362619E+00
     2.1000    6.260835E-02  7.255043E-02  8.383673E+00
     2.1500    6.310404E-02  7.257339E-02  8.370548E+00
     2.2000    6.728095E-02  7.747223E-02  8.372706E+00
     2.2500    6.040595E-02  7.597828E-02  8.505701E+00
     2.3000    5.273314E-02  7.357917E-02  8.625740E+00
     2.3500    4.605405E-02  7.033034E-02  8.710827E+00
     2.4000    4.367052E-02  6.857837E-02  8.734441E+00
     2.4500    4.036438E-02  6.633350E-02  8.770601E+00
     2.5000    4.135939E-02  6.881147E-02  8.779959E+00
     2.5500    4.357687E-02  7.653081E-02  8.818999E+00
     2.6000    4.288886E-02  8.763947E-02  8.913401E+00
     2.6500    3.476653E-02  9.411685E-02  9.046417E+00
     2.7000    2.249380E-02  1.016330E-01  9.201606E+00
     2.7500    5.308843E-03  1.094407E-01  9.376250E+00
     2.8000   -1.639962E-02  1.169303E-01  9.565493E+00
     2.8500   -3.906293E-02  1.210536E-01  9.753349E+00
     2.9000   -6.232396E-02  1.244837E-01  9.949139E+00
     2.9500   -8.423675E-02  1.270795E-01  1.014942E+01
     3.0000   -1.030474E-01  1.288723E-01  1.035142E+01
     3.0500   -1.161168E-01  1.288244E-01  1.054767E+01
     3.1000   -1.243400E-01  1.283758E-01  1.074416E+01
     3.1500   -1.274512E-01  1.276438E-01  1.094063E+01
     3.2000   -1.254320E-01  1.267027E-01  1.113732E+01
     3.2500   -1.181707E-01  1.251022E-01  1.133002E+01
     3.3000   -1.066033E-01  1.234799E-01  1.152455E+01
     3.3500   -9.095725E-02  1.216122E-01  1.172143E+01
     3.4000   -7.189303E-02  1.192955E-01  1.191956E+01
     3.4500   -5.090103E-02  1.165457E-01  1.211439E+01
     3.5000   -2.892542E-02  1.135150E-01  1.230871E+01
     3.5500   -7.119603E-03  1.102028E-01  1.250172E+01
     3.6000    1.339496E-02  1.066452E-01  1.269231E+01
     3.6500    3.131989E-02  1.030143E-01  1.287530E+01
     3.7000    4.660051E-02  9.945131E-02  1.305405E+01
     3.7500    5.908060E-02  9.609439E-02  1.322853E+01
     3.8000    6.885305E-02  9.305994E-02  1.339926E+01
     3.8500    7.619489E-02  9.070036E-02  1.356379E+01
     3.9000    8.143302E-02  8.879469E-02  1.372710E+01
     3.9500    8.468440E-02  8.732116E-02  1.389080E+01
     4.0000    8.593292E-02  8.621455E-02  1.405632E+01
     4.0500    8.533552E-02  8.565073E-02  1.422299E+01
     4.1000    8.248740E-02  8.526947E-02  1.439331E+01
     4.1500    7.722131E-02  8.496860E-02  1.456751E+01
     4.2000    6.947528E-02  8.466093E-02  1.474545E+01
     4.2500    5.952143E-02  8.449395E-02  1.492632E+01
     4.3000    4.739457E-02  8.420816E-02  1.511016E+01
     4.3500    3.350488E-02  8.377121E-02  1.529649E+01
     4.4000    1.840031E-02  8.316425E-02  1.548486E+01
     4.4500    2.728465E-03  8.254326E-02  1.567490E+01
     4.5000   -1.287751E-02  8.174027E-02  1.586616E+01
     4.5500   -2.771957E-02  8.075644E-02  1.605834E+01
     4.6000   -4.113868E-02  7.959479E-02  1.625113E+01
     4.6500   -5.265928E-02  7.837921E-02  1.644467E+01
     4.7000   -6.173241E-02  7.700082E-02  1.663812E+01
     4.7500   -6.803809E-02  7.547310E-02  1.683116E+01
     4.8000   -7.142130E-02  7.381333E-02  1.702348E+01
     4.8500   -7.198261E-02  7.212706E-02  1.721546E+01
     4.9000   -6.979571E-02  7.036452E-02  1.740600E+01
     4.9500   -6.516015E-02  6.855737E-02  1.759488E+01
     5.0000   -5.846431E-02  6.673841E-02  1.778201E+01
     5.0500   -5.015205E-02  6.501088E-02  1.796845E+01
     5.1000   -4.062603E-02  6.334128E-02  1.815326E+01
     5.1500   -3.029851E-02  6.175174E-02  1.833672E+01
     5.2000   -1.954176E-02  6.025488E-02  1.851926E+01
     5.2500   -8.605742E-03  5.892019E-02  1.870297E+01
     5.3000    2.152793E-03  5.767727E-02  1.888689E+01
     5.3500    1.243770E-02  5.650850E-02  1.907148E+01
     5.4000    2.195376E-02  5.539112E-02  1.925708E+01
     5.4500    3.053322E-02  5.435930E-02  1.944599E+01
     5.5000    3.775792E-02  5.332281E-02  1.963636E+01
     5.5500    4.335912E-02  5.225878E-02  1.982813E+01
     5.6000    4.712703E-02  5.115001E-02  2.002109E+01
     5.6500    4.900185E-02  5.003325E-02  2.021695E+01
     5.7000    4.884608E-02  4.884726E-02  2.041339E+01
     5.7500    4.674044E-02  4.759408E-02  2.061003E+01
     5.8000    4.287206E-02  4.628083E-02  2.080656E+01
     5.8500    3.753273E-02  4.497862E-02  2.100400E+01
     5.9000    3.101432E-02  4.363785E-02  2.120063E+01
     5.9500    2.369104E-02  4.227353E-02  2.139625E+01
     6.0000    1.594077E-02  4.089984E-02  2.159079E+01
     6.0500    8.108437E-03  3.969642E-02  2.178544E+01
     6.1000    4.724127E-04  3.851107E-02  2.197888E+01
     6.1500   -6.690258E-03  3.735092E-02  2.217124E+01
     6.2000   -1.314874E-02  3.621983E-02  2.236266E+01
     6.2500   -1.871848E-02  3.511903E-02  2.255329E+01
     6.3000   -2.326071E-02  3.404806E-02  2.274325E+01
     6.3500   -2.668243E-02  3.300565E-02  2.293261E+01
     6.4000   -2.893664E-02  3.199064E-02  2.312144E+01
     6.4500   -3.002178E-02  3.100247E-02  2.330975E+01
     6.5000   -2.997922E-02  3.004141E-02  2.349759E+01
     6.5500   -2.913574E-02  2.936723E-02  2.368759E+01
     6.6000   -2.729796E-02  2.871571E-02  2.387749E+01
     6.6500   -2.457471E-02  2.808686E-02  2.406740E+01
     6.7000   -2.109648E-02  2.747975E-02  2.425748E+01
     6.7500   -1.700989E-02  2.689168E-02  2.444792E+01
     6.8000   -1.247490E-02  2.631782E-02  2.463890E+01
     6.8500   -7.663913E-03  2.575157E-02  2.483055E+01
     6.9000   -2.760566E-03  2.518553E-02  2.502291E+01
     6.9500    2.044372E-03  2.461268E-02  2.521590E+01
     7.0000    6.561336E-03  2.402768E-02  2.540933E+01
     7.0500    1.072527E-02  2.354710E-02  2.560565E+01
     7.1000    1.429079E-02  2.304769E-02  2.580155E+01
     7.1500    1.713425E-02  2.253374E-02  2.599664E+01
     7.2000    1.917944E-02  2.201233E-02  2.619060E+01
     7.2500    2.039905E-02  2.149254E-02  2.638318E+01
     7.3000    2.080932E-02  2.098431E-02  2.657430E+01
     7.3500    2.045967E-02  2.049717E-02  2.676404E+01
     7.4000    1.942040E-02  2.003890E-02  2.695264E+01
     7.4500    1.777175E-02  1.961459E-02  2.714049E+01
     7.5000    1.559680E-02  1.922601E-02  2.732807E+01
     7.5500    1.299222E-02  1.889999E-02  2.751640E+01
     7.6000    1.003188E-02  1.861101E-02  2.770505E+01
     7.6500    6.804952E-03  1.835378E-02  2.789450E+01
     7.7000    3.408049E-03  1.812127E-02  2.808514E+01
     7.7500   -5.155423E-05  1.790571E-02  2.827721E+01
     7.8000   -3.455869E-03  1.769956E-02  2.847085E+01
     7.8500   -6.679731E-03  1.749612E-02  2.866606E+01
     7.9000   -9.597257E-03  1.728999E-02  2.886279E+01
     7.9500   -1.208986E-02  1.707709E-02  2.906094E+01
     8.0000   -1.405430E-02  1.685454E-02  2.926040E+01
     8.0500   -1.545939E-02  1.667622E-02  2.946075E+01
     8.1000   -1.621825E-02  1.649279E-02  2.966241E+01
     8.1500   -1.629866E-02  1.630201E-02  2.986541E+01
     8.2000   -1.569672E-02  1.610132E-02  3.006978E+01
     8.2500   -1.443863E-02  1.588776E-02  3.027555E+01
     8.3000   -1.258172E-02  1.565802E-02  3.048272E+01
     8.3500   -1.021449E-02  1.540867E-02  3.069123E+01
     8.4000   -7.454509E-03  1.513643E-02  3.090098E+01
     8.4500   -4.443775E-03  1.483856E-02  3.111178E+01
     8.5000   -1.340854E-03  1.451317E-02  3.132341E+01
     8.5500    1.714781E-03  1.424245E-02  3.153662E+01
     8.6000    4.574688E-03  1.394524E-02  3.175016E+01
     8.6500    7.094484E-03  1.362242E-02  3.196371E+01
     8.7000    9.155738E-03  1.327601E-02  3.217693E+01
     8.7500    1.067445E-02  1.290906E-02  3.238949E+01
     8.8000    1.160565E-02  1.252539E-02  3.260111E+01
     8.8500    1.194366E-02  1.212930E-02  3.281154E+01
     8.9000    1.171859E-02  1.172531E-02  3.302057E+01
     8.9500    1.098987E-02  1.131784E-02  3.322805E+01
     9.0000    9.838188E-03  1.091106E-02  3.343390E+01
     9.0500    8.414917E-03  1.059272E-02  3.363949E+01
     9.1000    6.732227E-03  1.028144E-02  3.384361E+01
     9.1500    4.881569E-03  9.979197E-03  3.404638E+01
     9.2000    2.951258E-03  9.687362E-03  3.424795E+01
     9.2500    1.023458E-03  9.406705E-03  3.444850E+01
     9.3000   -8.277619E-04  9.137458E-03  3.464823E+01
     9.3500   -2.537553E-03  8.879374E-03  3.484734E+01
     9.4000   -4.050893E-03  8.631780E-03  3.504602E+01
     9.4500   -5.322928E-03  8.393654E-03  3.524444E+01
     9.5000   -6.319291E-03  8.163710E-03  3.544277E+01
     9.5500   -7.069469E-03  7.992950E-03  3.564286E+01
     9.6000   -7.510874E-03  7.827146E-03  3.584307E+01
     9.6500   -7.637473E-03  7.665092E-03  3.604340E+01
     9.7000   -7.455796E-03  7.505800E-03  3.624381E+01
     9.7500   -6.984928E-03  7.348582E-03  3.644423E+01
     9.8000   -6.255704E-03  7.193096E-03  3.664455E+01
     9.8500   -5.309025E-03  7.039359E-03  3.684469E+01
     9.9000   -4.193392E-03  6.887719E-03  3.704454E+01
     9.9500   -2.961936E-03  6.738785E-03  3.724403E+01
    10.0000   -1.669321E-03  6.593324E-03  3.744314E+01
    10.0500   -3.619848E-04  6.478492E-03  3.764321E+01
    10.1000    9.134132E-04  6.367861E-03  3.784305E+01
    10.1500    2.109894E-03  6.261973E-03  3.804277E+01
    10.2000    3.185739E-03  6.161146E-03  3.824254E+01
    10.2500    4.105064E-03  6.065392E-03  3.844252E+01
    10.3000    4.838100E-03  5.974380E-03  3.864294E+01
    10.3500    5.361444E-03  5.887434E-03  3.884399E+01
    10.4000    5.658515E-03  5.803571E-03  3.904586E+01
    10.4500    5.720287E-03  5.721574E-03  3.924869E+01
    10.5000    5.546244E-03  5.640093E-03  3.945259E+01
    10.5500    5.145336E-03  5.557748E-03  3.965757E+01
    10.6000    4.536619E-03  5.473247E-03  3.986362E+01
    10.6500    3.749264E-03  5.385473E-03  4.007064E+01
    10.7000    2.821703E-03  5.293563E-03  4.027851E+01
    10.7500    1.799814E-03  5.196951E-03  4.048706E+01
    10.8000    7.342745E-04  5.095386E-03  4.069610E+01
    10.8500   -3.226722E-04  4.988918E-03  4.090543E+01
    10.9000   -1.320634E-03  4.877865E-03  4.111487E+01
    10.9500   -2.214275E-03  4.762756E-03  4.132424E+01
    11.0000   -2.965950E-03  4.644267E-03  4.153342E+01
    11.0500   -3.583094E-03  4.564332E-03  4.174343E+01
    11.1000   -4.019601E-03  4.482446E-03  4.195306E+01
    11.1500   -4.263420E-03  4.399401E-03  4.216222E+01
    11.2000   -4.312412E-03  4.315966E-03  4.237091E+01
    11.2500   -4.173460E-03  4.232816E-03  4.257916E+01
    11.3000   -3.861217E-03  4.150477E-03  4.278705E+01
    11.3500   -3.396717E-03  4.069290E-03  4.299467E+01
    11.4000   -2.806046E-03  3.989404E-03  4.320216E+01
    11.4500   -2.119112E-03  3.910784E-03  4.340964E+01
    11.5000   -1.368504E-03  3.833243E-03  4.361723E+01
    11.5500   -5.883643E-04  3.756494E-03  4.382502E+01
    11.6000    1.868254E-04  3.680188E-03  4.403308E+01
    11.6500    9.235667E-04  3.603973E-03  4.424145E+01
    11.7000    1.590768E-03  3.527526E-03  4.445014E+01
    11.7500    2.161179E-03  3.450580E-03  4.465912E+01
    11.8000    2.612699E-03  3.372938E-03  4.486839E+01
    11.8500    2.929446E-03  3.294471E-03  4.507789E+01
    11.9000    3.102454E-03  3.215107E-03  4.528759E+01
    11.9500    3.129967E-03  3.134819E-03  4.549745E+01
    12.0000    3.017309E-03  3.053604E-03  4.570743E+01
    12.0500    2.804405E-03  3.007467E-03  4.592267E+01
    12.1000    2.467049E-03  2.958967E-03  4.613802E+01
    12.1500    2.025826E-03  2.908290E-03  4.635328E+01
    12.2000    1.506251E-03  2.855764E-03  4.656830E+01
    12.2500    9.368449E-04  2.801797E-03  4.678295E+01
    12.3000    3.471988E-04  2.746816E-03  4.699715E+01
    12.3500   -2.337844E-04  2.691216E-03  4.721087E+01
    12.4000   -7.793292E-04  2.635321E-03  4.742410E+01
    12.4500   -1.265897E-03  2.579369E-03  4.763687E+01
    12.5000   -1.674011E-03  2.523518E-03  4.784920E+01
    12.5500   -1.988857E-03  2.467866E-03  4.806109E+01
    12.6000   -2.200699E-03  2.412485E-03  4.827254E+01
    12.6500   -2.305101E-03  2.357456E-03  4.848354E+01
    12.7000   -2.302897E-03  2.302898E-03  4.869405E+01
    12.7500   -2.199871E-03  2.248978E-03  4.890404E+01
    12.8000   -2.006120E-03  2.195912E-03  4.911350E+01
    12.8500   -1.735171E-03  2.143941E-03  4.932246E+01
    12.9000   -1.402959E-03  2.093292E-03  4.953098E+01
    12.9500   -1.026817E-03  2.044130E-03  4.973920E+01
    13.0000   -6.246240E-04  1.996519E-03  4.994728E+01
    13.0500   -2.164243E-04  1.960886E-03  5.015489E+01
    13.1000    1.863712E-04  1.926234E-03  5.036239E+01
    13.1500    5.673248E-04  1.892563E-03  5.056993E+01
    13.2000    9.114259E-04  1.859767E-03  5.077766E+01
    13.2500    1.205429E-03  1.827638E-03  5.098571E+01
    13.3000    1.438218E-03  1.795891E-03  5.119418E+01
    13.3500    1.601249E-03  1.764205E-03  5.140309E+01
    13.4000    1.689051E-03  1.732276E-03  5.161242E+01
    13.4500    1.699691E-03  1.699863E-03  5.182205E+01
    13.5000    1.635055E-03  1.666829E-03  5.203185E+01
    13.5500    1.500837E-03  1.633166E-03  5.224160E+01
    13.6000    1.306138E-03  1.598994E-03  5.245115E+01
    13.6500    1.062741E-03  1.564543E-03  5.266031E+01
    13.7000    7.841399E-04  1.530115E-03  5.286902E+01
    13.7500    4.845486E-04  1.496029E-03  5.307724E+01
    13.8000    1.780228E-04  1.462567E-03  5.328505E+01
    13.8500   -1.221672E-04  1.429925E-03  5.349262E+01
    13.9000   -4.039064E-04  1.398181E-03  5.370013E+01
    13.9500   -6.564197E-04  1.367286E-03  5.390783E+01
    14.0000   -8.703909E-04  1.337076E-03  5.411593E+01
    14.0500   -1.049880E-03  1.319930E-03  5.432675E+01
    14.1000   -1.178886E-03  1.303035E-03  5.453780E+01
    14.1500   -1.252814E-03  1.286320E-03  5.474913E+01
    14.2000   -1.269529E-03  1.269715E-03  5.496075E+01
    14.2500   -1.229454E-03  1.253163E-03  5.517270E+01
    14.3000   -1.135543E-03  1.236614E-03  5.538498E+01
    14.3500   -9.931246E-04  1.220024E-03  5.559763E+01
    14.4000   -8.096279E-04  1.203343E-03  5.581066E+01
    14.4500   -5.942323E-04  1.186502E-03  5.602411E+01
    14.5000   -3.574647E-04  1.169414E-03  5.623802E+01
    14.5500   -1.107534E-04  1.151970E-03  5.645238E+01
    14.6000    1.340705E-04  1.134050E-03  5.666717E+01
    14.6500    3.653404E-04  1.115542E-03  5.688232E+01
    14.7000    5.721841E-04  1.096364E-03  5.709774E+01
    14.7500    7.451797E-04  1.076479E-03  5.731325E+01
    14.8000    8.769571E-04  1.055915E-03  5.752871E+01
    14.8500    9.626512E-04  1.034765E-03  5.774392E+01
    14.9000    1.000124E-03  1.013180E-03  5.795876E+01
    14.9500    9.899220E-04  9.913484E-04  5.817312E+01
    15.0000    9.349900E-04  9.694701E-04  5.838697E+01
    15.0500    8.462345E-04  9.531727E-04  5.859770E+01
    15.1000    7.233952E-04  9.368165E-04  5.880799E+01
    15.1500    5.733680E-04  9.205070E-04  5.901784E+01
    15.2000    4.038898E-04  9.043359E-04  5.922728E+01
    15.2500    2.231298E-04  8.883770E-04  5.943638E+01
    15.3000    3.931631E-05  8.726830E-04  5.964519E+01
    15.3500   -1.395924E-04  8.572853E-04  5.985382E+01
    15.4000   -3.061911E-04  8.421942E-04  6.006235E+01
    15.4500   -4.538680E-04  8.273996E-04  6.027089E+01
    15.5000   -5.770064E-04  8.128724E-04  6.047953E+01
    15.5500   -6.711513E-04  7.985656E-04  6.068837E+01
    15.6000   -7.331431E-04  7.844161E-04  6.089749E+01
    15.6500   -7.612204E-04  7.703465E-04  6.110698E+01
    15.7000   -7.550910E-04  7.562687E-04  6.131687E+01
    15.7500   -7.159621E-04  7.420889E-04  6.152720E+01
    15.8000   -6.465200E-04  7.277135E-04  6.173795E+01
    15.8500   -5.508402E-04  7.130556E-04  6.194907E+01
    15.9000   -4.342161E-04  6.980426E-04  6.216050E+01
    15.9500   -3.028969E-04  6.826215E-04  6.237210E+01
    16.0000   -1.637414E-04  6.667637E-04  6.258374E+01
    16.0500   -2.637658E-05  6.532892E-04  6.279147E+01
    16.1000    1.062872E-04  6.394355E-04  6.299885E+01
    16.1500    2.283458E-04  6.252588E-04  6.320570E+01
    16.2000    3.347558E-04  6.108411E-04  6.341185E+01
    16.2500    4.215912E-04  5.962860E-04  6.361714E+01
    16.3000    4.861937E-04  5.817147E-04  6.382143E+01
    16.3500    5.272089E-04  5.672590E-04  6.402463E+01
    16.4000    5.445145E-04  5.530538E-04  6.422669E+01
    16.4500    5.390615E-04  5.392298E-04  6.442764E+01
    16.5000    5.126613E-04  5.259041E-04  6.462754E+01
    16.5500    4.677539E-04  5.131728E-04  6.482654E+01
    16.6000    4.071915E-04  5.011036E-04  6.502486E+01
    16.6500    3.340644E-04  4.897298E-04  6.522276E+01
    16.7000    2.515810E-04  4.790476E-04  6.542053E+01
    16.7500    1.630028E-04  4.690151E-04  6.561850E+01
    16.8000    7.161908E-05  4.595556E-04  6.581696E+01
    16.8500   -1.926353E-05  4.505631E-04  6.601621E+01
    16.9000   -1.063429E-04  4.419106E-04  6.621647E+01
    16.9500   -1.863780E-04  4.334602E-04  6.641791E+01
    17.0000   -2.562920E-04  4.250724E-04  6.662062E+01
    17.0500   -3.166399E-04  4.195267E-04  6.682873E+01
    17.1000   -3.619657E-04  4.138257E-04  6.703822E+01
    17.1500   -3.902058E-04  4.078523E-04  6.724900E+01
    17.2000   -4.001210E-04  4.015147E-04  6.746090E+01
    17.2500   -3.914460E-04  3.947490E-04  6.767369E+01
    17.3000   -3.649585E-04  3.875200E-04  6.788715E+01
    17.3500   -3.224522E-04  3.798202E-04  6.810102E+01
    17.4000   -2.666144E-04  3.716673E-04  6.831505E+01
    17.4500   -2.008209E-04  3.631009E-04  6.852899E+01
    17.5000   -1.288752E-04  3.541784E-04  6.874262E+01
    17.5500   -5.472314E-05  3.449707E-04  6.895573E+01
    17.6000    1.782305E-05  3.355572E-04  6.916818E+01
    17.6500    8.532285E-05  3.260214E-04  6.937983E+01
    17.7000    1.448874E-04  3.164459E-04  6.959062E+01
    17.7500    1.942910E-04  3.069081E-04  6.980054E+01
    17.8000    2.320140E-04  2.974759E-04  7.000961E+01
    17.8500    2.572281E-04  2.882045E-04  7.021794E+01
    17.9000    2.697391E-04  2.791331E-04  7.042566E+01
    17.9500    2.699054E-04  2.702830E-04  7.063297E+01
    18.0000    2.585509E-04  2.616575E-04  7.084008E+01
    18.0500    2.401393E-04  2.565623E-04  7.104557E+01
    18.1000    2.124771E-04  2.516563E-04  7.125135E+01
    18.1500    1.769449E-04  2.468999E-04  7.145762E+01
    18.2000    1.351868E-04  2.422418E-04  7.166458E+01
    18.2500    8.908441E-05  2.376239E-04  7.187235E+01
    18.3000    4.071413E-05  2.329863E-04  7.208098E+01
    18.3500   -7.723569E-06  2.282727E-04  7.229047E+01
    18.4000   -5.400396E-05  2.234346E-04  7.250075E+01
    18.4500   -9.600223E-05  2.184345E-04  7.271167E+01
    18.5000   -1.318290E-04  2.132484E-04  7.292307E+01
    18.5500   -1.599601E-04  2.078667E-04  7.313474E+01
    18.6000   -1.793413E-04  2.022940E-04  7.334644E+01
    18.6500   -1.894540E-04  1.965479E-04  7.355794E+01
    18.7000   -1.903321E-04  1.906571E-04  7.376902E+01
    18.7500   -1.825280E-04  1.846589E-04  7.397949E+01
    18.8000   -1.670369E-04  1.785956E-04  7.418917E+01
    18.8500   -1.451887E-04  1.725121E-04  7.439796E+01
    18.9000   -1.185262E-04  1.664522E-04  7.460578E+01
    18.9500   -8.868396E-05  1.604557E-04  7.481262E+01
    19.0000   -5.728159E-05  1.545561E-04  7.501855E+01
    19.0500   -2.647408E-05  1.504483E-04  7.522133E+01
    19.1000    3.664027E-06  1.464787E-04  7.542324E+01
    19.1500    3.200325E-05  1.426664E-04  7.562447E+01
    19.2000    5.758143E-05  1.390198E-04  7.582528E+01
    19.2500    7.960215E-05  1.355357E-04  7.602596E+01
    19.3000    9.742740E-05  1.322001E-04  7.622680E+01
    19.3500    1.105723E-04  1.289889E-04  7.642808E+01
    19.4000    1.187077E-04  1.258708E-04  7.663003E+01
    19.4500    1.216723E-04  1.228091E-04  7.683285E+01
    19.5000    1.194917E-04  1.197654E-04  7.703664E+01
    19.5500    1.123990E-04  1.167021E-04  7.724142E+01
    19.6000    1.008479E-04  1.135856E-04  7.744715E+01
    19.6500    8.551084E-05  1.103887E-04  7.765368E+01
    19.7000    6.725592E-05  1.070925E-04  7.786081E+01
    19.7500    4.710021E-05  1.036875E-04  7.806828E+01
    19.8000    2.614277E-05  1.001741E-04  7.827579E+01
    19.8500    5.484476E-06  9.656231E-05  7.848299E+01
    19.9000   -1.385472E-05  9.287071E-05  7.868956E+01
    19.9500   -3.100928E-05  8.912499E-05  7.889518E+01
    20.0000   -4.532233E-05  8.535577E-05  7.909957E+01
