# # Once                                                         FEFF 10.0.0 
# # POT  SCF 100  9.0000   0, NO core-hole, FOLP (folp(0)= 1.150)
# # Abs   Z=30 Rmt= 1.380 Rnm= 1.525 K  shell
# #   RGRID 0.0100
# # Pot 1 Z= 6 Rmt= 0.896 Rnm= 1.121
# # Pot 2 Z= 6 Rmt= 0.925 Rnm= 1.166
# # Pot 3 Z= 1 Rmt= 0.550 Rnm= 0.957
# # Pot 4 Z=16 Rmt= 1.261 Rnm= 1.481
# # Gam_ch=1.897E+00 H-L exch Vi=-5.000E-01 Vr= 0.000E+00
# # Mu=-7.339E+00eV kf=1.974E+00 Vint=-1.292E+01eV Rs_int= 1.837
# # PATH  Rmax= 9.000,  Keep_limit= 0.00, Heap_limit 0.00  Pwcrit= 2.50%
#  S02=1.000  Temp=  10.00  Debye_temp= 315.00  Global_sig2= 0.00000
#  Energy zero shift, vr, vi    0.00000E+00   0.00000E+00
#  Curved wave amplitude ratio filter   4.000%
#     file         sig2 tot  cw amp ratio   deg  nlegs   reff  inp sig2
#           1       0.00306    100.00      2.00     2   2.3612
#           2       0.00305     49.84      1.00     2   2.3644
#           3       0.00319     49.15      1.00     2   2.3780
#           4       0.02214      7.21      1.00     2   3.0585
#           5       0.02768      7.06      1.00     2   3.0845
#           6       0.02692      6.93      1.00     2   3.1089
#           7       0.00602     21.09      1.00     2   3.3115
#           8       0.02960      5.88      1.00     2   3.3249
#           9       0.00629     20.84      1.00     2   3.3269
#          10       0.00622     20.63      1.00     2   3.3402
#          11       0.00622     19.41      1.00     2   3.4221
#          12       0.03136      4.56      1.00     2   3.6847
#          13       0.01124      9.35      2.00     3   3.7316
#          14       0.00418     24.93      2.00     3   3.7493
#          15       0.01361      9.06      2.00     3   3.7519
#          16       0.00426     24.79      2.00     3   3.7587
#          17       0.01328      8.77      2.00     3   3.7710
#          18       0.00434     24.34      2.00     3   3.7737
#          19       0.02332      4.25      1.00     2   3.7904
#          20       0.00434     24.51      2.00     3   3.8052
#          21       0.03902      4.14      1.00     2   3.8312
#          22       0.03696      4.05      1.00     2   3.8639
#          23       0.01448      6.46      2.00     3   3.9184
#          24       0.01331      7.48      2.00     3   4.0972
#          25       0.00900     12.23      1.00     2   4.1046
#          26       0.01948      5.81      1.00     4   4.1517
#          29       0.01144     11.72      1.00     2   4.1730
#          30       0.02479      5.70      1.00     4   4.1769
#          32       0.01010     11.62      1.00     2   4.1869
#          33       0.00458      9.00      1.00     4   4.1870
#          34       0.00455      7.21      1.00     4   4.1882
#          35       0.00451      8.77      1.00     4   4.1904
#          37       0.02375      5.57      1.00     4   4.2018
#          39       0.00459      8.52      1.00     4   4.2073
#          40       0.00430      5.82      2.00     3   4.2573
#          41       0.00438      5.68      2.00     3   4.2636
#          42       0.00459      5.82      2.00     3   4.2806
#          43       0.01433      4.16      2.00     3   4.2811
#          44       0.01236     11.89      2.00     3   4.2920
#          46       0.01215     12.04      2.00     3   4.3147
#          47       0.00461      6.38      2.00     3   4.3166
#          49       0.00427      6.66      2.00     3   4.3318
#          50       0.00432      6.36      2.00     3   4.3319
#          52       0.01145     12.06      2.00     3   4.4188
#          53       0.01131     11.73      1.00     4   4.4201
#          54       0.01138     12.27      1.00     4   4.4336
#          55       0.01641      6.66      2.00     3   4.4411
#          56       0.01272      5.28      2.00     3   4.4634
#          57       0.01274      5.38      2.00     3   4.4840
#          58       0.00611     11.72      2.00     3   4.5150
#          59       0.00622     11.30      2.00     3   4.5154
#          60       0.01134     13.22      1.00     4   4.5155
#          62       0.00605     10.18      2.00     3   4.5218
#          63       0.01244      6.62      2.00     3   4.5330
#          64       0.01087      5.38      2.00     4   4.5350
#          66       0.00957     10.41      2.00     4   4.5915
#          67       0.00695      9.13      1.00     2   4.5923
#          68       0.00968     10.95      2.00     4   4.6030
#          69       0.00961     14.22      2.00     4   4.6297
#          70       0.01707      4.36      2.00     4   4.6321
#          71       0.00560      9.29      2.00     3   4.6417
#          72       0.01688      4.43      2.00     4   4.6491
#          73       0.00573      9.61      2.00     3   4.6715
#          74       0.00613      9.20      2.00     3   4.6846
#          75       0.00579     23.33      2.00     3   4.7089
#          77       0.00605      6.15      1.00     4   4.7214
#          78       0.00612      6.14      1.00     4   4.7224
#          80       0.01021      9.10      2.00     4   4.7237
#          83       0.00610      6.10      1.00     4   4.7288
#          89       0.01019      9.17      2.00     4   4.7482
#          90       0.00638      5.93      1.00     4   4.7559
#          93       0.01772      4.22      2.00     4   4.7974
#          94       0.00980     10.42      2.00     4   4.8018
#          96       0.00633     23.41      1.00     4   4.8254
#          97       0.00980      5.58      2.00     5   4.8419
#          98       0.00654      5.93      1.00     4   4.8431
#          99       0.01929      6.52      2.00     5   4.8451
#         100       0.00943     19.98      2.00     5   4.8519
#         101       0.00647      5.19      1.00     4   4.8578
#         102       0.01127      4.37      2.00     4   4.8582
#         103       0.01910      6.50      2.00     5   4.8644
#         104       0.00954     20.72      2.00     5   4.8671
#         105       0.00519     12.86      2.00     3   4.8692
#         106       0.01227      4.96      2.00     4   4.8912
#         107       0.00945     25.00      2.00     5   4.8985
#         108       0.00929      4.48      2.00     3   4.9001
#         109       0.01206      5.03      2.00     4   4.8999
#         110       0.01720      5.07      2.00     3   4.9019
#         113       0.01240      4.46      2.00     4   4.9400
#         114       0.01216      4.34      2.00     4   4.9462
#         115       0.00532      5.84      2.00     4   4.9467
#         116       0.00562      5.07      2.00     4   4.9489
#         117       0.00473     19.98      2.00     4   4.9857
#         119       0.00507      5.71      2.00     4   4.9996
#         121       0.01910      5.49      2.00     3   5.0099
#         122       0.02037      6.14      2.00     5   5.0117
#         123       0.00966     13.43      2.00     5   5.0127
#         124       0.00981      8.53      2.00     4   5.0167
#         125       0.01726      5.40      2.00     3   5.0201
#         126       0.00960      8.60      2.00     5   5.0233
#         128       0.00512      5.12      2.00     4   5.0270
#         129       0.00972      9.07      2.00     5   5.0365
#         130       0.01474      4.91      2.00     4   5.0388
#         133       0.00517      4.20      2.00     4   5.0589
#         134       0.01438      4.65      2.00     4   5.0605
#         136       0.01412      8.26      2.00     3   5.1021
#         140       0.01202      5.68      2.00     4   5.1290
#         141       0.00675      4.50      1.00     4   5.1378
#         142       0.01510      7.47      2.00     3   5.1404
#         143       0.00544      5.51      1.00     4   5.1460
#         144       0.00494     17.07      2.00     4   5.1467
#         145       0.01460      7.44      2.00     3   5.1563
#         147       0.01995      6.87      2.00     5   5.1899
#         149       0.01298      8.98      1.00     4   5.1999
#         150       0.02171      5.96      2.00     3   5.2361
#         151       0.01070      5.16      2.00     5   5.2413
#         152       0.01202     12.51      2.00     5   5.2455
#         153       0.00696      4.49      1.00     4   5.2491
#         156       0.00521     37.87      2.00     5   5.2632
#         158       0.01321      7.39      1.00     4   5.2683
#         159       0.01277      6.91      2.00     5   5.2680
#         160       0.00551     11.68      2.00     5   5.2748
#         161       0.01188      6.13      2.00     4   5.2768
#         166       0.00992     12.67      1.00     6   5.2815
#         167       0.01318      7.40      1.00     4   5.2826
#         169       0.00984      9.22      1.00     6   5.2836
#         170       0.01246      6.59      2.00     5   5.2886
#         172       0.00569     10.63      2.00     5   5.2913
#         175       0.01002      9.54      1.00     6   5.3006
#         176       0.01568      4.37      2.00     3   5.3020
#         177       0.01245      4.93      2.00     4   5.3146
#         178       0.01338      4.11      2.00     4   5.3191
#         179       0.00573      6.91      2.00     5   5.3220
#         180       0.01239      4.88      2.00     5   5.3247
#         182       0.01194      4.88      2.00     5   5.3316
#         183       0.01272      4.57      2.00     4   5.3342
#         184       0.02403      5.01      1.00     4   5.3409
#         185       0.01274      4.98      2.00     4   5.3482
#         186       0.01306      4.93      2.00     4   5.3523
#         188       0.01171      7.11      2.00     4   5.3795
#         189       0.01144      4.27      2.00     4   5.3846
#         190       0.01154      4.23      2.00     4   5.3853
#         191       0.02206     10.36      2.00     5   5.3852
#         192       0.01154      7.81      2.00     4   5.3864
#         193       0.01143      8.04      2.00     4   5.3874
#         196       0.01140      7.75      2.00     4   5.3924
#         198       0.01620      6.65      2.00     4   5.4068
#         199       0.01196      4.22      2.00     3   5.4085
#         200       0.02230     10.47      2.00     5   5.4080
#         201       0.01512      5.05      2.00     3   5.4134
#         204       0.00487     17.39      2.00     5   5.4235
#         206       0.01363      5.04      2.00     5   5.4352
#         211       0.00668      5.00      2.00     3   5.4709
#         214       0.00657      5.21      2.00     3   5.4830
#         215       0.01262      6.33      2.00     4   5.4828
#         216       0.01255      6.45      2.00     4   5.4844
#         217       0.01213      4.79      2.00     4   5.4946
#         218       0.00630      5.88      2.00     3   5.5012
#         219       0.00676      4.32      2.00     3   5.5110
#         220       0.02246     10.42      2.00     5   5.5122
#         221       0.01180      6.88      2.00     4   5.5133
#         222       0.02309     11.87      1.00     6   5.5134
#         223       0.01248      6.23      2.00     4   5.5193
#         224       0.01194      5.57      2.00     3   5.5205
#         225       0.01151      6.07      2.00     4   5.5250
#         226       0.02324     12.39      1.00     6   5.5270
#         228       0.02032      4.92      2.00     5   5.5364
#         229       0.00976      4.63      2.00     5   5.5579
#         230       0.00791      9.53      2.00     5   5.5756
#         231       0.01168      4.60      2.00     5   5.5779
#         232       0.01095      5.26      2.00     4   5.5791
#         233       0.01087      8.81      2.00     4   5.5804
#         234       0.00798      9.57      2.00     5   5.5847
#         235       0.01149      4.43      2.00     5   5.6003
#         236       0.00810      9.36      2.00     5   5.6031
#         237       0.01153     12.09      2.00     5   5.6082
#         238       0.01215      7.26      2.00     5   5.6080
#         239       0.01171     12.36      2.00     5   5.6088
#         240       0.01240      7.26      2.00     5   5.6084
#         241       0.02322     13.29      1.00     6   5.6088
#         242       0.01072     14.50      2.00     5   5.6107
#         243       0.01079     14.18      2.00     5   5.6107
#         244       0.01308     11.91      2.00     5   5.6112
#         245       0.01204      5.10      2.00     5   5.6148
#         246       0.01159     13.23      2.00     5   5.6151
#         247       0.01112     15.21      2.00     5   5.6171
#         248       0.01774      5.52      2.00     5   5.6264
#         249       0.01147      8.72      2.00     5   5.6298
#         250       0.00814     10.25      2.00     5   5.6321
#         251       0.01178      6.99      2.00     4   5.6370
#         252       0.01114      4.43      2.00     4   5.6392
#         253       0.01108      4.49      2.00     4   5.6409
#         255       0.01126      5.41      2.00     5   5.6429
#         256       0.01181      4.05      2.00     5   5.6427
#         257       0.02192      4.24      2.00     5   5.6441
#         258       0.00537      7.48      2.00     4   5.6458
#         259       0.01129      4.28      2.00     4   5.6520
#         260       0.00556      5.72      2.00     4   5.6579
#         262       0.02225      4.18      2.00     5   5.6675
#         265       0.00684      5.76      2.00     4   5.6758
#         266       0.00559      5.73      2.00     4   5.6764
#         268       0.01408     11.44      2.00     6   5.6833
#         269       0.01895     10.34      2.00     6   5.6847
#         270       0.01175      7.82      2.00     5   5.6864
#         271       0.01047      4.86      1.00     4   5.6875
#         273       0.01063      5.78      2.00     5   5.6956
#         274       0.01137      8.83      2.00     5   5.6957
#         275       0.01927     10.84      2.00     6   5.6963
#         276       0.01121     11.99      2.00     5   5.6969
#         277       0.01223      8.46      2.00     6   5.6998
#         278       0.00732      4.75      2.00     4   5.7014
#         279       0.00648     16.99      1.00     6   5.7010
#         281       0.00742      4.44      2.00     4   5.7049
#         282       0.00597      5.10      1.00     6   5.7050
#         285       0.00604      6.43      1.00     6   5.7066
#         286       0.01399      9.31      2.00     5   5.7068
#         287       0.01150      4.60      2.00     5   5.7126
#         288       0.01159      5.08      2.00     5   5.7145
#         290       0.01110      7.91      2.00     5   5.7155
#         292       0.01412      9.18      2.00     5   5.7194
#         293       0.01630      4.80      2.00     5   5.7203
#         294       0.01200      8.26      2.00     6   5.7221
#         295       0.01850     13.71      2.00     6   5.7231
#         296       0.00615      5.98      1.00     6   5.7248
#         297       0.02203      4.31      2.00     5   5.7271
#         298       0.01141      4.42      2.00     5   5.7277
#         299       0.01099      7.54      2.00     5   5.7288
#         301       0.01085     10.24      2.00     5   5.7370
#         303       0.01735      4.46      2.00     5   5.7528
#         306       0.01728      4.31      2.00     5   5.7636
#         307       0.01078      9.36      2.00     5   5.7672
#         309       0.01200      4.30      2.00     5   5.7715
#         311       0.01028      6.77      2.00     5   5.7755
#         312       0.01090      8.89      2.00     5   5.7799
#         317       0.01222      7.74      2.00     5   5.7901
#         319       0.01015      5.68      2.00     4   5.7973
#         320       0.01419      7.74      2.00     5   5.8010
#         322       0.01116      5.21      2.00     5   5.8015
#         323       0.01262      8.73      2.00     5   5.8022
#         325       0.00984     14.12      2.00     5   5.8040
#         326       0.01189      8.53      2.00     5   5.8081
#         329       0.01110      6.78      2.00     5   5.8096
#         332       0.01305      7.39      2.00     6   5.8182
#         333       0.01044      6.49      2.00     5   5.8192
#         334       0.01071      6.32      2.00     5   5.8199
#         335       0.01167      8.21      2.00     5   5.8322
#         336       0.01004      5.43      2.00     5   5.8560
#         337       0.00990      9.69      2.00     5   5.8572
#         338       0.01024      5.03      2.00     5   5.8720
#         341       0.01030      4.63      2.00     5   5.8980
#         342       0.01100      5.96      2.00     5   5.9023
#         344       0.01377      6.60      2.00     5   5.9111
#         345       0.01650     14.22      2.00     6   5.9180
#         346       0.01173      7.41      1.00     6   5.9185
#         347       0.01272      8.09      1.00     6   5.9187
#         348       0.01007     10.45      1.00     6   5.9205
#         350       0.01030      4.34      2.00     5   5.9295
#         351       0.01961      5.93      2.00     7   5.9345
#         353       0.01134      6.99      2.00     5   5.9356
#         354       0.01078      4.30      1.00     6   5.9359
#         355       0.01967     21.17      2.00     6   5.9363
#         356       0.01246      4.32      1.00     6   5.9360
#         357       0.05710      7.48      2.00     7   5.9375
#         359       0.03295      7.38      2.00     7   5.9383
#         360       0.01118      7.64      1.00     6   5.9387
#         362       0.01901     22.11      2.00     7   5.9451
#         363       0.01274      4.18      1.00     6   5.9508
#         364       0.01952     21.01      2.00     6   5.9512
#         365       0.01113      4.18      1.00     6   5.9512
#         366       0.01659      9.73      2.00     6   5.9516
#         367       0.01127      7.34      1.00     6   5.9531
#         368       0.05485      7.43      2.00     7   5.9572
#         369       0.03259      7.36      2.00     7   5.9577
#         371       0.01923     22.92      2.00     7   5.9605
#         372       0.01136      5.76      2.00     5   5.9625
#         374       0.01046     10.69      2.00     5   5.9643
#         377       0.01571      4.88      2.00     6   5.9845
#         378       0.01740      9.03      2.00     6   5.9846
#         379       0.01781      4.03      2.00     6   5.9865
#         381       0.01907     27.37      2.00     7   5.9919
#         382       0.01730      8.80      2.00     6   5.9931
#         384       0.01531      4.95      2.00     6   5.9927
#         386       0.01813      4.07      2.00     6   5.9955
#         389       0.01026     14.23      2.00     6   6.0001
#         390       0.00887      4.67      1.00     6   6.0134
#         391       0.00891      4.90      1.00     6   6.0152
#         392       0.00874      4.65      1.00     6   6.0164
#         393       0.01001      7.07      2.00     5   6.0182
#         394       0.00977      5.40      2.00     5   6.0205
#         395       0.01242     19.18      2.00     5   6.0311
#         396       0.01946     19.27      2.00     6   6.0323
#         397       0.01211     18.22      2.00     5   6.0330
#         398       0.01839      6.71      2.00     6   6.0329
#         400       0.00890      4.53      1.00     6   6.0366
#         401       0.01170     14.19      2.00     5   6.0386
#         402       0.01806      6.70      2.00     6   6.0391
#         406       0.01024     13.86      2.00     6   6.0424
#         407       0.01030     13.33      2.00     6   6.0442
#         408       0.01324     10.48      2.00     6   6.0490
#         410       0.01123      5.88      2.00     6   6.0676
#         411       0.01534      4.60      2.00     5   6.0737
#         413       0.01113      4.98      2.00     6   6.0784
#         414       0.01108      4.11      2.00     6   6.0788
#         415       0.01101      8.37      2.00     6   6.0790
#         416       0.01135     17.64      2.00     6   6.0808
#         417       0.01123      5.53      2.00     6   6.0807
#         422       0.01080      9.61      2.00     6   6.0928
#         424       0.01301     10.03      2.00     6   6.0953
#         426       0.05501      7.09      2.00     7   6.1014
#         427       0.01077      7.77      2.00     6   6.1019
#         430       0.03424      7.01      2.00     7   6.1051
#         431       0.00632      7.84      1.00     4   6.1063
#         432       0.01796     14.65      2.00     7   6.1061
#         433       0.01072      8.75      2.00     6   6.1077
#         434       0.01760      5.78      2.00     6   6.1100
#         438       0.01726      5.24      2.00     6   6.1158
#         439       0.01748      6.71      2.00     6   6.1158
#         441       0.01786      9.70      2.00     7   6.1165
#         443       0.01088      8.60      2.00     6   6.1206
#         444       0.01092      9.42      2.00     6   6.1203
#         445       0.01379      9.27      2.00     6   6.1223
#         446       0.01054      6.73      2.00     6   6.1242
#         449       0.01815     10.22      2.00     7   6.1298
#         450       0.02115      4.20      2.00     6   6.1318
#         451       0.01012      5.15      2.00     6   6.1334
#         452       0.00998      4.74      2.00     6   6.1335
#         453       0.01038      5.23      2.00     6   6.1334
#         454       0.01012      7.07      2.00     6   6.1335
#         455       0.00992     10.78      2.00     6   6.1347
#         456       0.01024     13.59      2.00     6   6.1347
#         458       0.01193      8.90      2.00     6   6.1385
#         461       0.01074      8.95      2.00     6   6.1465
#         462       0.00991      7.03      2.00     6   6.1472
#         463       0.01023      7.88      2.00     6   6.1472
#         464       0.01082     10.08      2.00     6   6.1522
#         465       0.01203      8.86      2.00     6   6.1529
#         467       0.02075      4.07      2.00     6   6.1535
#         468       0.01397      9.36      2.00     6   6.1542
#         472       0.01008      6.69      2.00     6   6.1623
#         473       0.01032      7.32      2.00     6   6.1623
#         475       0.00976      4.89      2.00     5   6.1808
#         476       0.01193      8.67      2.00     6   6.1840
#         477       0.02708      6.31      2.00     5   6.1878
#         480       0.00995      6.54      2.00     6   6.1926
#         481       0.01023      6.36      2.00     6   6.1926
#         482       0.02558      7.11      2.00     5   6.1975
#         484       0.02015      6.27      2.00     6   6.2223
#         485       0.01473     33.92      2.00     5   6.2228
#         489       0.02570      6.48      2.00     5   6.2357
#         490       0.01372      4.82      2.00     6   6.2393
#         492       0.01746      7.44      2.00     6   6.2399
#         493       0.01110      5.19      2.00     6   6.2400
#         494       0.01042      8.35      1.00     6   6.2411
#         495       0.00994     15.06      2.00     6   6.2418
#         496       0.02032      6.06      2.00     6   6.2462
#         497       0.02566      6.44      2.00     5   6.2520
#         500       0.02021      5.97      2.00     6   6.2629
#         501       0.01701      7.05      2.00     6   6.2657
#         505       0.02701      4.33      2.00     6   6.2930
#         506       0.00984      8.47      2.00     6   6.2950
#         507       0.02658      8.96      1.00     6   6.2953
#         508       0.01034      4.00      2.00     6   6.2982
#         511       0.01628      6.17      2.00     6   6.3186
#         513       0.02517      4.89      2.00     7   6.3382
#         514       0.02228      7.52      2.00     7   6.3382
#         515       0.02024     12.59      2.00     7   6.3388
#         516       0.04873     13.80      2.00     7   6.3387
#         518       0.01536     40.75      1.00     6   6.3393
#         519       0.01555      4.32      2.00     7   6.3407
#         520       0.01963      6.08      2.00     6   6.3425
#         521       0.01698     13.23      2.00     7   6.3558
#         522       0.01369     13.56      2.00     7   6.3558
#         523       0.01542      6.80      2.00     7   6.3564
#         524       0.01105     13.37      2.00     7   6.3563
#         525       0.01116      8.73      2.00     7   6.3565
#         526       0.01015     25.51      2.00     7   6.3583
#         527       0.01393     14.45      1.00     6   6.3592
#         528       0.05389      7.69      2.00     7   6.3604
#         529       0.01876      9.21      2.00     7   6.3610
#         531       0.03065      4.45      2.00     6   6.3612
#         532       0.02448      6.17      2.00     7   6.3613
#         533       0.02880      8.64      2.00     7   6.3613
#         534       0.02699      7.43      1.00     6   6.3635
#         537       0.01084     10.91      2.00     7   6.3676
#         538       0.01374     19.36      2.00     7   6.3680
#         540       0.01577     18.85      2.00     7   6.3680
#         541       0.01871      6.01      2.00     6   6.3698
#         542       0.01069     15.55      2.00     7   6.3705
#         545       0.00963      6.65      2.00     5   6.3742
#         546       0.01606      5.73      2.00     6   6.3750
#         547       0.01368     13.22      1.00     6   6.3754
#         548       0.02910      4.38      2.00     6   6.3756
#         549       0.02693      7.42      1.00     6   6.3783
#         550       0.01845      8.93      2.00     7   6.3816
#         551       0.05087      7.32      2.00     7   6.3814
#         552       0.02358      5.87      2.00     7   6.3820
#         553       0.02819      8.63      2.00     7   6.3820
#         555       0.00680     13.90      2.00     5   6.3831
#         558       0.01161     10.86      2.00     7   6.3847
#         559       0.01361     18.93      2.00     7   6.3847
#         561       0.01577     18.39      2.00     7   6.3847
#         562       0.01077     14.51      2.00     7   6.3866
#         565       0.01707      6.54      2.00     6   6.4088
#         569       0.01060     10.62      2.00     7   6.4148
#         571       0.01377     18.95      2.00     7   6.4153
#         572       0.01566     17.35      2.00     7   6.4153
#         573       0.01023      4.20      2.00     3   6.4164
#         574       0.01729      6.71      2.00     6   6.4160
#         575       0.01081     13.72      2.00     7   6.4173
#         576       0.01533      5.37      2.00     6   6.4176
#         578       0.01576      5.40      2.00     6   6.4323
#         581       0.01358      8.56      1.00     6   6.4557
#         582       0.01580      6.10      2.00     6   6.4567
#         583       0.00979      5.60      2.00     6   6.4583
#         584       0.01018     14.58      2.00     6   6.4629
#         585       0.01042     13.52      2.00     6   6.4665
#         587       0.02004      4.21      2.00     6   6.4726
#         588       0.03388     11.64      2.00     7   6.4784
#         595       0.01957      7.84      2.00     6   6.4816
#         597       0.01951      8.05      2.00     6   6.4831
#         600       0.01940      7.79      2.00     6   6.4878
#         604       0.00719     32.86      2.00     6   6.4996
#         605       0.02607      6.26      2.00     6   6.5001
#         608       0.03423     11.75      2.00     7   6.5014
#         611       0.00833     13.15      2.00     6   6.5157
#         612       0.01134      4.29      2.00     7   6.5166
#         613       0.01141      4.35      2.00     7   6.5161
#         614       0.01387      4.32      2.00     7   6.5167
#         615       0.01170      5.64      2.00     7   6.5168
#         616       0.00989     20.10      2.00     7   6.5186
#         618       0.01025      8.08      2.00     7   6.5270
#         620       0.01912      6.68      2.00     7   6.5282
#         621       0.02961      8.23      2.00     7   6.5285
#         622       0.01085      7.05      2.00     7   6.5295
#         623       0.00924     14.00      2.00     6   6.5306
#         626       0.01174      4.23      2.00     4   6.5342
#         627       0.01152      4.43      2.00     5   6.5352
#         628       0.01042      6.82      2.00     7   6.5372
#         629       0.01092      7.18      2.00     7   6.5394
#         630       0.01123      6.49      2.00     7   6.5397
#         631       0.00807     11.88      2.00     6   6.5446
#         633       0.01107      6.90      2.00     7   6.5541
#         634       0.01037      7.11      2.00     7   6.5558
#         635       0.01188      4.77      2.00     5   6.5641
#         638       0.01249      8.01      2.00     7   6.5670
#         639       0.01053     11.32      2.00     7   6.5725
#         643       0.01026      5.25      2.00     7   6.5757
#         648       0.01031      6.20      2.00     7   6.5790
#         654       0.00759      4.06      2.00     4   6.5873
#         655       0.01038      5.70      2.00     7   6.5958
#         656       0.01211      4.81      2.00     5   6.6044
#         657       0.03439     11.69      2.00     7   6.6055
#         658       0.02789      6.48      2.00     6   6.6066
#         663       0.02281      6.21      2.00     6   6.6183
#         666       0.01515      9.65      2.00     6   6.6429
#         667       0.01252     11.10      2.00     6   6.6517
#         668       0.01088     29.11      2.00     6   6.6606
#         669       0.01864      5.01      2.00     7   6.6682
#         670       0.01227      6.11      2.00     6   6.6691
#         671       0.02857      4.21      2.00     7   6.6712
#         672       0.02023      5.36      2.00     6   6.6725
#         675       0.01947      8.74      2.00     6   6.6755
#         677       0.01685      8.98      2.00     7   6.6779
#         678       0.01244      6.03      2.00     6   6.6871
#         681       0.02805      4.10      2.00     7   6.6937
#         682       0.01754      8.91      2.00     7   6.6964
#         684       0.02044      4.24      2.00     7   6.7012
#         685       0.02423      8.11      2.00     7   6.7009
#         686       0.02471      8.12      2.00     7   6.7013
#         688       0.02134      4.36      2.00     7   6.7017
#         689       0.01973      5.01      2.00     7   6.7034
#         690       0.02674      4.78      2.00     7   6.7036
#         691       0.02871      4.76      2.00     7   6.7036
#         692       0.02232      5.22      2.00     7   6.7036
#         693       0.02283      5.15      2.00     7   6.7036
#         694       0.02197      9.32      2.00     7   6.7043
#         695       0.01963      4.93      2.00     7   6.7040
#         696       0.02323      6.40      2.00     7   6.7040
#         697       0.02229      6.42      2.00     7   6.7039
#         698       0.03532     13.35      2.00     7   6.7038
#         699       0.02040      4.51      2.00     7   6.7044
#         702       0.02150     16.12      2.00     7   6.7063
#         703       0.02162     15.79      2.00     7   6.7060
#         705       0.02391      5.68      2.00     7   6.7079
#         706       0.01969      4.02      2.00     7   6.7082
#         707       0.02060      4.77      2.00     7   6.7099
#         708       0.02578      4.15      2.00     7   6.7102
#         709       0.02209      4.56      2.00     7   6.7102
#         710       0.02342      7.18      2.00     7   6.7105
#         711       0.02227     17.02      2.00     7   6.7125
#         712       0.02648      8.80      2.00     6   6.7167
#         714       0.01731      4.09      2.00     7   6.7229
#         715       0.02105      9.19      2.00     7   6.7231
#         716       0.01858      5.58      2.00     7   6.7250
#         717       0.01738     10.02      2.00     7   6.7255
#         720       0.01858      7.09      2.00     6   6.7321
#         721       0.03465      4.43      2.00     7   6.7357
#         722       0.03096      5.95      2.00     7   6.7360
#         726       0.01045      5.52      2.00     6   6.7511
#         727       0.01536     25.12      2.00     7   6.7595
#         729       0.01247      4.39      2.00     6   6.7659
#         730       0.01041      4.66      2.00     6   6.7698
#         732       0.01124     73.95      2.00     7   6.7771
#         733       0.01760      5.38      2.00     7   6.7795
#         736       0.00824      4.16      2.00     4   6.7811
#         738       0.01621     15.39      2.00     7   6.7842
#         739       0.02658      8.38      2.00     6   6.7859
#         741       0.01938      4.85      2.00     7   6.7883
#         742       0.01706      4.25      2.00     7   6.7888
#         743       0.02198      6.55      2.00     7   6.7887
#         745       0.02367     10.02      2.00     7   6.7890
#         747       0.02035      5.07      2.00     7   6.7900
#         748       0.02037      9.76      2.00     6   6.7907
#         749       0.01802      5.07      2.00     7   6.7902
#         750       0.01574      5.03      2.00     7   6.7908
#         752       0.01129     24.83      2.00     7   6.7909
#         753       0.01867     13.42      2.00     7   6.7920
#         754       0.01222      5.69      2.00     6   6.7948
#         756       0.01234      5.16      2.00     6   6.7981
#         757       0.02700      8.55      2.00     6   6.7987
#         758       0.01897      6.77      2.00     7   6.7996
#         759       0.02907     10.60      2.00     7   6.8000
#         760       0.02302      5.11      2.00     7   6.8000
#         762       0.01729      4.16      2.00     7   6.8016
#         763       0.02132      6.63      2.00     7   6.8039
#         764       0.01576      4.92      2.00     7   6.8049
#         765       0.01743      4.73      2.00     7   6.8056
#         766       0.02284      5.28      2.00     7   6.8056
#         768       0.01578     14.66      2.00     7   6.8062
#         772       0.01166     22.23      2.00     7   6.8089
#         774       0.02042      8.94      2.00     7   6.8111
#         776       0.01203      8.42      2.00     6   6.8120
#         777       0.01922      6.82      2.00     7   6.8128
#         778       0.02935     10.46      2.00     7   6.8128
#         779       0.02290      5.33      2.00     7   6.8128
#         782       0.02123      6.61      2.00     7   6.8204
#         787       0.02057      8.53      2.00     7   6.8241
#         790       0.02214     11.24      2.00     7   6.8324
#         792       0.01160     13.53      2.00     7   6.8388
#         793       0.01626      4.07      2.00     7   6.8397
#         795       0.01076      5.04      2.00     6   6.8539
#         797       0.02199     10.32      2.00     7   6.8629
#         798       0.02726      7.15      2.00     6   6.8643
#         801       0.02918      6.92      2.00     6   6.8699
#         802       0.01895      7.30      2.00     7   6.8708
#         805       0.02221      9.81      2.00     7   6.8751
#         808       0.01233      4.93      2.00     6   6.8799
#         809       0.00583      5.55      2.00     5   6.8823
#         810       0.01766      5.80      2.00     7   6.8853
#         811       0.01992      5.47      2.00     6   6.8925
#         812       0.01103     10.57      2.00     6   6.8935
#         813       0.01917      6.12      2.00     7   6.8938
#         814       0.02275      5.77      2.00     7   6.8943
#         818       0.02532      9.56      2.00     7   6.8955
#         820       0.01930      5.36      2.00     7   6.8971
#         821       0.02773      4.70      2.00     7   6.8973
#         822       0.02122      5.62      2.00     7   6.8973
#         825       0.01984     15.43      2.00     7   6.8991
#         826       0.01871      6.42      2.00     7   6.9009
#         827       0.02126      6.01      2.00     7   6.9006
#         832       0.01887      7.83      2.00     6   6.9035
#         833       0.01824      7.51      2.00     6   6.9040
#         835       0.01892      6.96      2.00     7   6.9148
#         836       0.01910      6.78      2.00     7   6.9152
#         837       0.01963      8.28      2.00     6   6.9207
#         840       0.01122     29.08      2.00     7   6.9374
#         844       0.01064      9.21      2.00     7   6.9475
#         845       0.02049      4.34      2.00     7   6.9511
#         847       0.01693     11.01      2.00     7   6.9520
#         848       0.02086     10.38      2.00     7   6.9523
#         849       0.01078      5.54      2.00     7   6.9587
#         852       0.02294      5.53      2.00     7   6.9677
#         854       0.01426      5.80      2.00     6   6.9730
#         855       0.01095      7.91      2.00     7   6.9781
#         856       0.02786      7.76      2.00     6   6.9866
#         857       0.02742      9.14      2.00     6   6.9872
#         858       0.02379      5.09      2.00     7   6.9932
#         859       0.00782      4.61      2.00     5   7.0006
#         860       0.02171      7.36      2.00     6   7.0005
#         861       0.02150      7.09      2.00     6   7.0004
#         862       0.00708      8.52      2.00     5   7.0151
#         863       0.01216      6.41      2.00     6   7.0272
#         865       0.02451     10.07      2.00     6   7.0389
#         866       0.03413      6.92      2.00     7   7.0532
#         867       0.02704      4.55      2.00     7   7.0576
#         868       0.02134     11.77      2.00     7   7.0594
#         869       0.01640      7.83      2.00     7   7.0719
#         872       0.02422      4.13      2.00     7   7.0790
#         873       0.01529     16.45      2.00     7   7.0895
#         874       0.02297      4.27      2.00     7   7.0921
#         875       0.02431      7.49      2.00     6   7.0931
#         876       0.01288      5.73      2.00     6   7.0931
#         877       0.01287      6.63      2.00     6   7.0943
#         878       0.01923     10.44      2.00     6   7.0943
#         879       0.01650      4.35      2.00     7   7.0941
#         880       0.01688      8.04      2.00     7   7.1008
#         881       0.00912      4.43      2.00     7   7.1008
#         882       0.01874      7.59      2.00     7   7.1133
#         883       0.01655      6.01      2.00     7   7.1157
#         884       0.01631      4.21      2.00     7   7.1179
#         885       0.01631      7.72      2.00     7   7.1206
#         886       0.00935      4.46      2.00     7   7.1206
#         887       0.03346     11.65      2.00     7   7.1241
#         888       0.02007     12.34      2.00     7   7.1243
#         889       0.01548     19.76      2.00     7   7.1251
#         890       0.02086     12.21      2.00     7   7.1264
#         891       0.03803     11.42      2.00     7   7.1260
#         892       0.01988     18.51      2.00     7   7.1268
#         893       0.01965     17.76      2.00     7   7.1283
#         894       0.03650      8.23      2.00     7   7.1316
#         895       0.02012     16.72      2.00     7   7.1339
#         896       0.02227     15.89      2.00     7   7.1438
#         897       0.01672      5.32      2.00     7   7.1489
#         899       0.02048     10.23      2.00     6   7.1510
#         900       0.01256      8.41      2.00     7   7.1568
#         901       0.01295      6.57      2.00     7   7.1588
#         902       0.00754     10.77      2.00     6   7.1597
#         903       0.01420      5.31      2.00     6   7.1615
#         904       0.03521      6.06      2.00     7   7.1616
#         905       0.02207      4.54      2.00     7   7.1670
#         906       0.00701      4.76      2.00     6   7.1740
#         907       0.01434      5.20      2.00     6   7.1756
#         908       0.01537      5.94      2.00     6   7.1810
#         909       0.03667      6.01      2.00     7   7.1836
#         910       0.00946      6.10      2.00     6   7.1861
#         911       0.00711     12.18      2.00     6   7.1898
#         912       0.00748      4.99      2.00     6   7.1940
#         913       0.01303      5.81      2.00     7   7.1942
#         914       0.03185      5.87      2.00     6   7.1996
#         915       0.01371     13.60      2.00     7   7.2003
#         916       0.01466     15.09      2.00     7   7.2003
#         917       0.01763      7.79      2.00     6   7.2014
#         918       0.01840      7.67      2.00     6   7.2026
#         919       0.01200     10.38      2.00     7   7.2037
#         920       0.02270     13.01      2.00     7   7.2095
#         921       0.02446     13.20      2.00     7   7.2096
#         922       0.02312      9.07      2.00     7   7.2095
#         923       0.02460     15.61      2.00     7   7.2096
#         924       0.01957     15.26      2.00     7   7.2108
#         925       0.01957     19.25      2.00     7   7.2108
#         927       0.01141      4.66      2.00     6   7.2194
#         929       0.01771     14.43      2.00     7   7.2229
#         930       0.02546      7.21      2.00     7   7.2288
#         931       0.01931      9.97      2.00     7   7.2316
#         932       0.01799     14.07      2.00     7   7.2370
#         933       0.02533      6.79      2.00     7   7.2453
#         934       0.01871      9.30      2.00     7   7.2464
#         935       0.01351      6.07      2.00     7   7.2498
#         936       0.02081      5.45      2.00     7   7.2760
#         937       0.01542      8.48      2.00     7   7.3041
#         938       0.01350     10.09      2.00     7   7.3159
#         939       0.02125     13.21      2.00     7   7.3154
#         940       0.03273     15.69      2.00     7   7.3161
#         941       0.01745      7.62      2.00     7   7.3160
#         942       0.01455     10.41      2.00     7   7.3161
#         943       0.01794     11.63      2.00     7   7.3178
#         944       0.01146     11.99      2.00     7   7.3179
#         945       0.01850     22.62      2.00     7   7.3179
#         946       0.01377     11.76      2.00     7   7.3243
#         947       0.01897      7.18      2.00     7   7.3264
#         948       0.01351     11.08      2.00     7   7.3498
#         949       0.01088     12.41      2.00     7   7.3711
#         950       0.01467      5.63      2.00     7   7.3711
#         953       0.01330      8.76      2.00     7   7.4367
#         954       0.01669      6.03      2.00     7   7.4375
#         955       0.01332      8.65      2.00     7   7.4400
#         956       0.01758      9.75      2.00     7   7.4441
#         957       0.01401      6.73      2.00     7   7.4694
#         958       0.01548      9.11      2.00     7   7.4782
#         959       0.01924      6.26      2.00     7   7.4782
#         960       0.01560      4.54      2.00     7   7.4905
#         961       0.01572      4.50      2.00     7   7.5019
#         962       0.01361      4.49      2.00     5   7.5117
#         963       0.01557      4.57      2.00     7   7.5163
#         964       0.01545      5.60      2.00     7   7.5232
#         965       0.01401      4.31      2.00     7   7.5315
#         966       0.01061      8.26      2.00     7   7.5345
#         967       0.01990     33.23      2.00     7   7.5473
#         968       0.01940     31.34      2.00     7   7.5506
#         969       0.01617      7.64      2.00     7   7.5640
#         970       0.01367      4.43      2.00     6   7.5779
#         971       0.01636      6.49      2.00     7   7.5932
#         972       0.01648      6.02      2.00     7   7.6025
#         973       0.01619      6.34      2.00     7   7.6092
#         974       0.01264      4.22      2.00     7   7.6099
#         975       0.01278      4.57      2.00     7   7.6099
#         976       0.01404      5.07      2.00     6   7.6295
#         977       0.01499      5.27      2.00     7   7.6297
#         978       0.01731      5.16      2.00     7   7.6452
#         979       0.01742      5.15      2.00     7   7.6492
#         980       0.01289      4.07      2.00     6   7.6565
#         981       0.01272      5.33      2.00     6   7.6825
#         982       0.01055      4.71      2.00     7   7.6835
#         983       0.02383     60.49      2.00     7   7.7367
#         984       0.01143      4.43      2.00     6   7.7535
#         986       0.01089      4.90      2.00     6   7.7716
#         987       0.01566      4.90      2.00     7   7.7906
#         988       0.01477     10.31      2.00     7   7.7997
#         989       0.01071      4.75      2.00     5   7.8503
#         992       0.01182      4.09      2.00     6   7.8608
#         993       0.01099      8.07      2.00     7   7.8882
#         994       0.01120     23.22      2.00     7   7.8970
#         996       0.01233      7.57      2.00     7   7.9469
#         997       0.01186      4.82      2.00     7   7.9719
#         998       0.01286      5.17      2.00     7   7.9774
#         999       0.00973      4.98      2.00     6   8.0104
#        1001       0.01079      6.16      2.00     7   8.0485
#        1002       0.01173      5.06      2.00     7   8.0491
#        1010       0.01254      5.12      2.00     6   8.4302
#        1011       0.01561     16.06      2.00     7   8.5291
#        1012       0.01771      4.94      2.00     7   8.5893
#        1014       0.01368      4.32      2.00     5   8.8342
#        1015       0.01500      5.26      2.00     7   8.9436
#   713/ 924 paths used
#  -----------------------------------------------------------------------
#       k          chi          mag           phase @#
     0.0000    1.025417E+00  4.435463E+00  2.908296E+00
     0.0500    8.429020E-01  4.357128E+00  2.946912E+00
     0.1000    6.652883E-01  4.279653E+00  2.985506E+00
     0.1500    1.816873E-01  4.061012E+00  3.096838E+00
     0.2000   -2.544463E-01  3.848972E+00  3.207748E+00
     0.2500   -8.294576E-01  3.536930E+00  3.378311E+00
     0.3000   -1.275643E+00  3.238340E+00  3.546484E+00
     0.3500   -1.664555E+00  2.897308E+00  3.753607E+00
     0.4000   -1.866635E+00  2.573721E+00  3.953015E+00
     0.4500   -1.925306E+00  2.256411E+00  4.163798E+00
     0.5000   -1.838508E+00  1.961483E+00  4.356408E+00
     0.5500   -1.694024E+00  1.718766E+00  4.542507E+00
     0.6000   -1.505951E+00  1.506031E+00  4.702103E+00
     0.6500   -1.352753E+00  1.366499E+00  4.854347E+00
     0.7000   -1.209301E+00  1.257465E+00  4.990056E+00
     0.7500   -1.092420E+00  1.202926E+00  5.144375E+00
     0.8000   -9.637517E-01  1.160183E+00  5.302840E+00
     0.8500   -8.072344E-01  1.135531E+00  5.492427E+00
     0.9000   -6.147860E-01  1.102413E+00  5.691605E+00
     0.9500   -3.853145E-01  1.063743E+00  5.912531E+00
     1.0000   -1.447461E-01  1.008177E+00  6.139115E+00
     1.0500    9.083204E-02  9.484354E-01  6.379103E+00
     1.1000    2.890400E-01  8.706714E-01  6.621580E+00
     1.1500    4.374965E-01  7.892093E-01  6.870765E+00
     1.2000    5.139430E-01  6.931832E-01  7.118376E+00
     1.2500    5.294943E-01  5.983375E-01  7.369556E+00
     1.3000    4.798807E-01  4.942328E-01  7.612400E+00
     1.3500    3.962181E-01  3.962191E-01  7.856226E+00
     1.4000    2.881735E-01  2.951989E-01  8.072586E+00
     1.4500    1.869784E-01  2.040889E-01  8.266382E+00
     1.5000    1.074385E-01  1.199625E-01  8.315000E+00
     1.5500    6.212394E-02  6.247908E-02  7.960654E+00
     1.6000    5.730388E-02  7.464251E-02  7.158447E+00
     1.6500    8.158917E-02  1.179516E-01  7.047050E+00
     1.7000    1.267693E-01  1.594008E-01  7.202666E+00
     1.7500    1.717773E-01  1.882962E-01  7.431983E+00
     1.8000    1.999509E-01  2.027051E-01  7.688949E+00
     1.8500    2.040762E-01  2.053587E-01  7.965800E+00
     1.9000    1.799779E-01  1.944485E-01  8.242209E+00
     1.9500    1.153074E-01  1.493709E-01  8.542869E+00
     2.0000    8.677558E-02  1.465786E-01  8.791231E+00
     2.0500    4.105906E-02  1.183875E-01  9.070600E+00
     2.1000    9.421654E-03  8.494950E-02  9.313640E+00
     2.1500    4.503362E-04  4.993277E-02  9.415759E+00
     2.2000    1.304759E-02  2.576380E-02  8.893737E+00
     2.2500    2.601420E-02  2.732177E-02  8.164609E+00
     2.3000    4.430115E-02  4.484542E-02  8.009938E+00
     2.3500    5.990642E-02  6.228402E-02  8.131178E+00
     2.4000    6.864255E-02  7.637824E-02  8.307939E+00
     2.4500    6.784561E-02  8.298445E-02  8.467600E+00
     2.5000    6.385450E-02  8.902421E-02  8.624900E+00
     2.5500    5.720796E-02  9.513339E-02  8.779595E+00
     2.6000    4.790759E-02  1.017846E-01  8.934721E+00
     2.6500    3.370982E-02  1.051554E-01  9.098445E+00
     2.7000    1.748278E-02  1.090939E-01  9.263830E+00
     2.7500   -9.470017E-04  1.136016E-01  9.433114E+00
     2.8000   -2.158552E-02  1.185760E-01  9.607838E+00
     2.8500   -4.228034E-02  1.211374E-01  9.781311E+00
     2.9000   -6.336182E-02  1.239901E-01  9.961153E+00
     2.9500   -8.395627E-02  1.269194E-01  1.014759E+01
     3.0000   -1.028337E-01  1.297059E-01  1.034020E+01
     3.0500   -1.172543E-01  1.309973E-01  1.053341E+01
     3.1000   -1.273455E-01  1.319078E-01  1.073180E+01
     3.1500   -1.320357E-01  1.322830E-01  1.093441E+01
     3.2000   -1.306365E-01  1.320138E-01  1.114015E+01
     3.2500   -1.227105E-01  1.305790E-01  1.134450E+01
     3.3000   -1.092963E-01  1.286037E-01  1.155063E+01
     3.3500   -9.109720E-02  1.259420E-01  1.175776E+01
     3.4000   -6.943160E-02  1.225155E-01  1.196386E+01
     3.4500   -4.630407E-02  1.184583E-01  1.216477E+01
     3.5000   -2.315576E-02  1.140547E-01  1.236193E+01
     3.5500   -1.317238E-03  1.094533E-01  1.255434E+01
     3.6000    1.823436E-02  1.048180E-01  1.274122E+01
     3.6500    3.461524E-02  1.003051E-01  1.291872E+01
     3.7000    4.806517E-02  9.611959E-02  1.309003E+01
     3.7500    5.876976E-02  9.240089E-02  1.325571E+01
     3.8000    6.708954E-02  8.925342E-02  1.341697E+01
     3.8500    7.343147E-02  8.693103E-02  1.357239E+01
     3.9000    7.816429E-02  8.522660E-02  1.372720E+01
     3.9500    8.138179E-02  8.407355E-02  1.388344E+01
     4.0000    8.299546E-02  8.336668E-02  1.404276E+01
     4.0500    8.302759E-02  8.321346E-02  1.420402E+01
     4.1000    8.103483E-02  8.328266E-02  1.437003E+01
     4.1500    7.674669E-02  8.346050E-02  1.454101E+01
     4.2000    6.998573E-02  8.364994E-02  1.471682E+01
     4.2500    6.095278E-02  8.400010E-02  1.489602E+01
     4.3000    4.955501E-02  8.425784E-02  1.507921E+01
     4.3500    3.608651E-02  8.437564E-02  1.526603E+01
     4.4000    2.101178E-02  8.431355E-02  1.545610E+01
     4.4500    4.991402E-03  8.421239E-02  1.564866E+01
     4.5000   -1.134435E-02  8.388230E-02  1.584362E+01
     4.5500   -2.720130E-02  8.330246E-02  1.604060E+01
     4.6000   -4.177117E-02  8.245618E-02  1.623918E+01
     4.6500   -5.439382E-02  8.144950E-02  1.643924E+01
     4.7000   -6.437202E-02  8.019552E-02  1.663975E+01
     4.7500   -7.125136E-02  7.870046E-02  1.684016E+01
     4.8000   -7.479142E-02  7.697578E-02  1.703996E+01
     4.8500   -7.504755E-02  7.510540E-02  1.723951E+01
     4.9000   -7.214817E-02  7.306848E-02  1.743764E+01
     4.9500   -6.647873E-02  7.090494E-02  1.763396E+01
     5.0000   -5.855386E-02  6.865639E-02  1.782813E+01
     5.0500   -4.896104E-02  6.642004E-02  1.802072E+01
     5.1000   -3.827778E-02  6.418262E-02  1.821056E+01
     5.1500   -2.707024E-02  6.198293E-02  1.839759E+01
     5.2000   -1.583225E-02  5.985536E-02  1.858186E+01
     5.2500   -4.874318E-03  5.788879E-02  1.876525E+01
     5.3000    5.427134E-03  5.604618E-02  1.894654E+01
     5.3500    1.484012E-02  5.433914E-02  1.912617E+01
     5.4000    2.319634E-02  5.277103E-02  1.930467E+01
     5.4500    3.048357E-02  5.138754E-02  1.948460E+01
     5.5000    3.647615E-02  5.011976E-02  1.966463E+01
     5.5500    4.107451E-02  4.894861E-02  1.984525E+01
     5.6000    4.419401E-02  4.785248E-02  2.002678E+01
     5.6500    4.583647E-02  4.685648E-02  2.021132E+01
     5.7000    4.587400E-02  4.588643E-02  2.039708E+01
     5.7500    4.432544E-02  4.492586E-02  2.058403E+01
     5.8000    4.127166E-02  4.396288E-02  2.077206E+01
     5.8500    3.688446E-02  4.305461E-02  2.096233E+01
     5.9000    3.131293E-02  4.213195E-02  2.115329E+01
     5.9500    2.480943E-02  4.119481E-02  2.134484E+01
     6.0000    1.765850E-02  4.024436E-02  2.153691E+01
     6.0500    1.015793E-02  3.946016E-02  2.173079E+01
     6.1000    2.549953E-03  3.867048E-02  2.192516E+01
     6.1500   -4.869869E-03  3.787396E-02  2.212009E+01
     6.2000   -1.181871E-02  3.706716E-02  2.231566E+01
     6.2500   -1.803431E-02  3.624492E-02  2.251194E+01
     6.3000   -2.328421E-02  3.540114E-02  2.270894E+01
     6.3500   -2.737668E-02  3.452958E-02  2.290662E+01
     6.4000   -3.017266E-02  3.362480E-02  2.310484E+01
     6.4500   -3.159680E-02  3.268285E-02  2.330343E+01
     6.5000   -3.164521E-02  3.170191E-02  2.350213E+01
     6.5500   -3.065482E-02  3.096325E-02  2.370321E+01
     6.6000   -2.843411E-02  3.018276E-02  2.390401E+01
     6.6500   -2.515254E-02  2.936393E-02  2.410414E+01
     6.7000   -2.103213E-02  2.851323E-02  2.430319E+01
     6.7500   -1.632764E-02  2.763984E-02  2.450078E+01
     6.8000   -1.130386E-02  2.675522E-02  2.469655E+01
     6.8500   -6.213368E-03  2.587240E-02  2.489022E+01
     6.9000   -1.278022E-03  2.500508E-02  2.508161E+01
     6.9500    3.323080E-03  2.416665E-02  2.527069E+01
     7.0000    7.458045E-03  2.336903E-02  2.545757E+01
     7.0500    1.116067E-02  2.273299E-02  2.564592E+01
     7.1000    1.425854E-02  2.214226E-02  2.583239E+01
     7.1500    1.671449E-02  2.160321E-02  2.601741E+01
     7.2000    1.851270E-02  2.111885E-02  2.620148E+01
     7.2500    1.964923E-02  2.068867E-02  2.638520E+01
     7.3000    2.012578E-02  2.030888E-02  2.656916E+01
     7.3500    1.994765E-02  1.997296E-02  2.675388E+01
     7.4000    1.912575E-02  1.967241E-02  2.693983E+01
     7.4500    1.768166E-02  1.939768E-02  2.712733E+01
     7.5000    1.565384E-02  1.913897E-02  2.731658E+01
     7.5500    1.311695E-02  1.890901E-02  2.750774E+01
     7.6000    1.015077E-02  1.868865E-02  2.770015E+01
     7.6500    6.860806E-03  1.847252E-02  2.789381E+01
     7.7000    3.369970E-03  1.825621E-02  2.808868E+01
     7.7500   -1.861822E-04  1.803632E-02  2.828466E+01
     7.8000   -3.666027E-03  1.781051E-02  2.848165E+01
     7.8500   -6.929424E-03  1.757734E-02  2.867956E+01
     7.9000   -9.845265E-03  1.733605E-02  2.887829E+01
     7.9500   -1.229819E-02  1.708635E-02  2.907780E+01
     8.0000   -1.419399E-02  1.682809E-02  2.927804E+01
     8.0500   -1.551198E-02  1.661480E-02  2.947873E+01
     8.1000   -1.617809E-02  1.640040E-02  2.968029E+01
     8.1500   -1.617195E-02  1.618346E-02  2.988285E+01
     8.2000   -1.549898E-02  1.596177E-02  3.008652E+01
     8.2500   -1.419158E-02  1.573252E-02  3.029142E+01
     8.3000   -1.230999E-02  1.549245E-02  3.049761E+01
     8.3500   -9.942213E-03  1.523806E-02  3.070510E+01
     8.4000   -7.202236E-03  1.496594E-02  3.091386E+01
     8.4500   -4.226014E-03  1.467296E-02  3.112377E+01
     8.5000   -1.164817E-03  1.435659E-02  3.133470E+01
     8.5500    1.848098E-03  1.410154E-02  3.154736E+01
     8.6000    4.672197E-03  1.382226E-02  3.176074E+01
     8.6500    7.165054E-03  1.351803E-02  3.197457E+01
     8.7000    9.206306E-03  1.318905E-02  3.218856E+01
     8.7500    1.070677E-02  1.283648E-02  3.240241E+01
     8.8000    1.161470E-02  1.246234E-02  3.261577E+01
     8.8500    1.191839E-02  1.206946E-02  3.282834E+01
     8.9000    1.164490E-02  1.166130E-02  3.303977E+01
     8.9500    1.085517E-02  1.124186E-02  3.324977E+01
     9.0000    9.636330E-03  1.081551E-02  3.345804E+01
     9.0500    8.145356E-03  1.046975E-02  3.366606E+01
     9.1000    6.409439E-03  1.012366E-02  3.387195E+01
     9.1500    4.534221E-03  9.781684E-03  3.407553E+01
     9.2000    2.618335E-03  9.448249E-03  3.427672E+01
     9.2500    7.475398E-04  9.127474E-03  3.447553E+01
     9.3000   -1.008566E-03  8.822958E-03  3.467208E+01
     9.3500   -2.597232E-03  8.537544E-03  3.486663E+01
     9.4000   -3.981042E-03  8.273112E-03  3.505955E+01
     9.4500   -5.134976E-03  8.030440E-03  3.525129E+01
     9.5000   -6.042967E-03  7.809150E-03  3.544239E+01
     9.5500   -6.744258E-03  7.656511E-03  3.563518E+01
     9.6000   -7.185706E-03  7.521542E-03  3.582836E+01
     9.6500   -7.360117E-03  7.401605E-03  3.602239E+01
     9.7000   -7.264518E-03  7.293576E-03  3.621761E+01
     9.7500   -6.901952E-03  7.194111E-03  3.641428E+01
     9.8000   -6.283689E-03  7.099907E-03  3.661254E+01
     9.8500   -5.431169E-03  7.007921E-03  3.681239E+01
     9.9000   -4.377063E-03  6.915532E-03  3.701378E+01
     9.9500   -3.165063E-03  6.820645E-03  3.721656E+01
    10.0000   -1.848272E-03  6.721721E-03  3.742055E+01
    10.0500   -4.832881E-04  6.647006E-03  3.762634E+01
    10.1000    8.774441E-04  6.567383E-03  3.783312E+01
    10.1500    2.171552E-03  6.482309E-03  3.804071E+01
    10.2000    3.339908E-03  6.391529E-03  3.824895E+01
    10.2500    4.330231E-03  6.295007E-03  3.845768E+01
    10.3000    5.100124E-03  6.192869E-03  3.866675E+01
    10.3500    5.619372E-03  6.085351E-03  3.887603E+01
    10.4000    5.871372E-03  5.972767E-03  3.908539E+01
    10.4500    5.853688E-03  5.855488E-03  3.929471E+01
    10.5000    5.577714E-03  5.733944E-03  3.950388E+01
    10.5500    5.067536E-03  5.608623E-03  3.971278E+01
    10.6000    4.358035E-03  5.480091E-03  3.992129E+01
    10.6500    3.492392E-03  5.349002E-03  4.012929E+01
    10.7000    2.519143E-03  5.216105E-03  4.033668E+01
    10.7500    1.489035E-03  5.082237E-03  4.054335E+01
    10.8000    4.519443E-04  4.948309E-03  4.074924E+01
    10.8500   -5.458638E-04  4.815260E-03  4.095431E+01
    10.9000   -1.463882E-03  4.684009E-03  4.115856E+01
    10.9500   -2.268772E-03  4.555389E-03  4.136204E+01
    11.0000   -2.935006E-03  4.430077E-03  4.156488E+01
    11.0500   -3.477771E-03  4.346157E-03  4.176832E+01
    11.1000   -3.859634E-03  4.266337E-03  4.197131E+01
    11.1500   -4.073308E-03  4.190900E-03  4.217405E+01
    11.2000   -4.117415E-03  4.119899E-03  4.237678E+01
    11.2500   -3.995912E-03  4.053140E-03  4.257974E+01
    11.3000   -3.717692E-03  3.990190E-03  4.278321E+01
    11.3500   -3.296404E-03  3.930392E-03  4.298741E+01
    11.4000   -2.750410E-03  3.872908E-03  4.319256E+01
    11.4500   -2.102772E-03  3.816770E-03  4.339882E+01
    11.5000   -1.381047E-03  3.760941E-03  4.360629E+01
    11.5500   -6.167500E-04  3.704370E-03  4.381503E+01
    11.6000    1.556721E-04  3.646063E-03  4.402501E+01
    11.6500    9.003802E-04  3.585131E-03  4.423616E+01
    11.7000    1.582145E-03  3.520840E-03  4.444835E+01
    11.7500    2.168630E-03  3.452651E-03  4.466141E+01
    11.8000    2.632710E-03  3.380241E-03  4.487513E+01
    11.8500    2.954494E-03  3.303513E-03  4.508927E+01
    11.9000    3.122802E-03  3.222592E-03  4.530359E+01
    11.9500    3.135849E-03  3.137799E-03  4.551783E+01
    12.0000    3.001069E-03  3.049623E-03  4.573178E+01
    12.0500    2.762693E-03  2.995827E-03  4.595021E+01
    12.1000    2.400014E-03  2.938656E-03  4.616821E+01
    12.1500    1.937435E-03  2.878581E-03  4.638556E+01
    12.2000    1.403804E-03  2.816182E-03  4.660205E+01
    12.2500    8.301220E-04  2.752130E-03  4.681749E+01
    12.3000    2.472756E-04  2.687157E-03  4.703174E+01
    12.3500   -3.159807E-04  2.622022E-03  4.724469E+01
    12.4000   -8.345846E-04  2.557477E-03  4.745631E+01
    12.4500   -1.288166E-03  2.494226E-03  4.766660E+01
    12.5000   -1.661475E-03  2.432887E-03  4.787565E+01
    12.5500   -1.944316E-03  2.373955E-03  4.808359E+01
    12.6000   -2.131137E-03  2.317778E-03  4.829063E+01
    12.6500   -2.220437E-03  2.264538E-03  4.849701E+01
    12.7000   -2.214174E-03  2.214250E-03  4.870299E+01
    12.7500   -2.117271E-03  2.166774E-03  4.890885E+01
    12.8000   -1.937277E-03  2.121834E-03  4.911486E+01
    12.8500   -1.684159E-03  2.079050E-03  4.932122E+01
    12.9000   -1.370167E-03  2.037980E-03  4.952815E+01
    12.9500   -1.009646E-03  1.998152E-03  4.973576E+01
    13.0000   -6.187370E-04  1.959101E-03  4.994415E+01
    13.0500   -2.191449E-04  1.932306E-03  5.015183E+01
    13.1000    1.804925E-04  1.905881E-03  5.036033E+01
    13.1500    5.629517E-04  1.879474E-03  5.056968E+01
    13.2000    9.115617E-04  1.852761E-03  5.077987E+01
    13.2500    1.211040E-03  1.825447E-03  5.099086E+01
    13.3000    1.448340E-03  1.797276E-03  5.120260E+01
    13.3500    1.613432E-03  1.768033E-03  5.141498E+01
    13.4000    1.699960E-03  1.737550E-03  5.162789E+01
    13.4500    1.705688E-03  1.705709E-03  5.184121E+01
    13.5000    1.632692E-03  1.672451E-03  5.205476E+01
    13.5500    1.487243E-03  1.637780E-03  5.226839E+01
    13.6000    1.279379E-03  1.601766E-03  5.248189E+01
    13.6500    1.022178E-03  1.564545E-03  5.269509E+01
    13.7000    7.308016E-04  1.526319E-03  5.290779E+01
    13.7500    4.214015E-04  1.487343E-03  5.311982E+01
    13.8000    1.100092E-04  1.447917E-03  5.333102E+01
    13.8500   -1.884707E-04  1.408365E-03  5.354130E+01
    13.9000   -4.610647E-04  1.369019E-03  5.375058E+01
    13.9500   -6.972697E-04  1.330197E-03  5.395883E+01
    14.0000   -8.893131E-04  1.292186E-03  5.416611E+01
    14.0500   -1.044790E-03  1.268534E-03  5.437484E+01
    14.1000   -1.149901E-03  1.245911E-03  5.458273E+01
    14.1500   -1.202940E-03  1.224504E-03  5.478993E+01
    14.2000   -1.204232E-03  1.204444E-03  5.499664E+01
    14.2500   -1.155848E-03  1.185799E-03  5.520311E+01
    14.3000   -1.061353E-03  1.168566E-03  5.540958E+01
    14.3500   -9.256150E-04  1.152676E-03  5.561633E+01
    14.4000   -7.546779E-04  1.137993E-03  5.582363E+01
    14.4500   -5.556842E-04  1.124322E-03  5.603171E+01
    14.5000   -3.368071E-04  1.111420E-03  5.624078E+01
    14.5500   -1.071456E-04  1.099008E-03  5.645102E+01
    14.6000    1.234677E-04  1.086785E-03  5.666252E+01
    14.6500    3.447834E-04  1.074450E-03  5.687534E+01
    14.7000    5.465885E-04  1.061711E-03  5.708946E+01
    14.7500    7.192782E-04  1.048308E-03  5.730483E+01
    14.8000    8.544928E-04  1.034019E-03  5.752132E+01
    14.8500    9.457447E-04  1.018671E-03  5.773878E+01
    14.9000    9.889515E-04  1.002143E-03  5.795703E+01
    14.9500    9.827998E-04  9.843655E-04  5.817587E+01
    15.0000    9.288857E-04  9.653212E-04  5.839509E+01
    15.0500    8.379516E-04  9.504344E-04  5.861091E+01
    15.1000    7.104120E-04  9.343836E-04  5.882649E+01
    15.1500    5.541730E-04  9.173018E-04  5.904158E+01
    15.2000    3.784039E-04  8.993574E-04  5.925599E+01
    15.2500    1.928395E-04  8.807470E-04  5.946952E+01
    15.3000    7.094046E-06  8.616865E-04  5.968203E+01
    15.3500   -1.699450E-04  8.424027E-04  5.989339E+01
    15.4000   -3.305884E-04  8.231238E-04  6.010355E+01
    15.4500   -4.686537E-04  8.040689E-04  6.031250E+01
    15.5000   -5.796025E-04  7.854378E-04  6.052027E+01
    15.5500   -6.605288E-04  7.674008E-04  6.072697E+01
    15.6000   -7.100327E-04  7.500893E-04  6.093277E+01
    15.6500   -7.280311E-04  7.335890E-04  6.113788E+01
    15.7000   -7.155531E-04  7.179354E-04  6.134254E+01
    15.7500   -6.745594E-04  7.031132E-04  6.154702E+01
    15.8000   -6.078082E-04  6.890599E-04  6.175159E+01
    15.8500   -5.187689E-04  6.756726E-04  6.195648E+01
    15.9000   -4.115656E-04  6.628177E-04  6.216192E+01
    15.9500   -2.909223E-04  6.503420E-04  6.236807E+01
    16.0000   -1.620771E-04  6.380847E-04  6.257503E+01
    16.0500   -3.307346E-05  6.287324E-04  6.277923E+01
    16.1000    9.406594E-05  6.193126E-04  6.298433E+01
    16.1500    2.138940E-04  6.096906E-04  6.319030E+01
    16.2000    3.212170E-04  5.997523E-04  6.339705E+01
    16.2500    4.114007E-04  5.894088E-04  6.360444E+01
    16.3000    4.806693E-04  5.785995E-04  6.381230E+01
    16.3500    5.263601E-04  5.672934E-04  6.402045E+01
    16.4000    5.471029E-04  5.554890E-04  6.422867E+01
    16.4500    5.428977E-04  5.432136E-04  6.443675E+01
    16.5000    5.150818E-04  5.305201E-04  6.464449E+01
    16.5500    4.661875E-04  5.174840E-04  6.485167E+01
    16.6000    3.997104E-04  5.041988E-04  6.505812E+01
    16.6500    3.198161E-04  4.907710E-04  6.526367E+01
    16.7000    2.310212E-04  4.773142E-04  6.546822E+01
    16.7500    1.378839E-04  4.639437E-04  6.567169E+01
    16.8000    4.473481E-05  4.507701E-04  6.587404E+01
    16.8500   -4.453000E-05  4.378945E-04  6.607531E+01
    16.9000   -1.265847E-04  4.254026E-04  6.627559E+01
    16.9500   -1.987392E-04  4.133607E-04  6.647500E+01
    17.0000   -2.589460E-04  4.018127E-04  6.667374E+01
    17.0500   -3.090082E-04  3.936441E-04  6.687613E+01
    17.1000   -3.449028E-04  3.860089E-04  6.707855E+01
    17.1500   -3.658373E-04  3.788604E-04  6.728129E+01
    17.2000   -3.714688E-04  3.721300E-04  6.748462E+01
    17.2500   -3.619180E-04  3.657322E-04  6.768879E+01
    17.3000   -3.378007E-04  3.595696E-04  6.789399E+01
    17.3500   -3.002650E-04  3.535390E-04  6.810036E+01
    17.4000   -2.510148E-04  3.475373E-04  6.830796E+01
    17.4500   -1.923024E-04  3.414664E-04  6.851683E+01
    17.5000   -1.268761E-04  3.352382E-04  6.872690E+01
    17.5500   -5.787222E-05  3.287782E-04  6.893809E+01
    17.6000    1.134306E-05  3.220286E-04  6.915027E+01
    17.6500    7.737475E-05  3.149495E-04  6.936325E+01
    17.7000    1.370210E-04  3.075201E-04  6.957685E+01
    17.7500    1.874924E-04  2.997379E-04  6.979084E+01
    17.8000    2.266023E-04  2.916176E-04  7.000501E+01
    17.8500    2.529054E-04  2.831892E-04  7.021914E+01
    17.9000    2.657706E-04  2.744946E-04  7.043304E+01
    17.9500    2.653796E-04  2.655848E-04  7.064653E+01
    18.0000    2.526599E-04  2.565163E-04  7.085945E+01
    18.0500    2.323527E-04  2.506553E-04  7.107035E+01
    18.1000    2.027140E-04  2.447028E-04  7.128037E+01
    18.1500    1.656980E-04  2.387225E-04  7.148946E+01
    18.2000    1.234529E-04  2.327736E-04  7.169761E+01
    18.2500    7.817907E-05  2.269071E-04  7.190488E+01
    18.3000    3.201359E-05  2.211639E-04  7.211137E+01
    18.3500   -1.305532E-05  2.155731E-04  7.231723E+01
    18.4000   -5.524448E-05  2.101508E-04  7.252264E+01
    18.4500   -9.300935E-05  2.049004E-04  7.272780E+01
    18.5000   -1.250630E-04  1.998138E-04  7.293291E+01
    18.5500   -1.503893E-04  1.948725E-04  7.313819E+01
    18.6000   -1.682550E-04  1.900503E-04  7.334381E+01
    18.6500   -1.782254E-04  1.853153E-04  7.354992E+01
    18.7000   -1.801805E-04  1.806329E-04  7.375664E+01
    18.7500   -1.743284E-04  1.759679E-04  7.396404E+01
    18.8000   -1.612102E-04  1.712872E-04  7.417215E+01
    18.8500   -1.416891E-04  1.665613E-04  7.438096E+01
    18.9000   -1.169195E-04  1.617657E-04  7.459042E+01
    18.9500   -8.829409E-05  1.568824E-04  7.480045E+01
    19.0000   -5.736909E-05  1.518997E-04  7.501094E+01
    19.0500   -2.642314E-05  1.485634E-04  7.521941E+01
    19.1000    4.332812E-06  1.451281E-04  7.542808E+01
    19.1500    3.346196E-05  1.415953E-04  7.563680E+01
    19.2000    5.966491E-05  1.379714E-04  7.584543E+01
    19.2500    8.185259E-05  1.342669E-04  7.605381E+01
    19.3000    9.920167E-05  1.304958E-04  7.626183E+01
    19.3500    1.111879E-04  1.266746E-04  7.646936E+01
    19.4000    1.175965E-04  1.228210E-04  7.667630E+01
    19.4500    1.185093E-04  1.189535E-04  7.688257E+01
    19.5000    1.142745E-04  1.150897E-04  7.708811E+01
    19.5500    1.054621E-04  1.112460E-04  7.729290E+01
    19.6000    9.281100E-05  1.074366E-04  7.749692E+01
    19.6500    7.717442E-05  1.036735E-04  7.770018E+01
    19.7000    5.946616E-05  9.996581E-05  7.790272E+01
    19.7500    4.061191E-05  9.631997E-05  7.810457E+01
    19.8000    2.150684E-05  9.273994E-05  7.830578E+01
    19.8500    2.980200E-06  8.922747E-05  7.850641E+01
    19.9000   -1.423325E-05  8.578251E-05  7.870651E+01
    19.9500   -2.951512E-05  8.240372E-05  7.890613E+01
    20.0000   -4.237909E-05  7.908880E-05  7.910532E+01
