9.554634451434299990e+03 3.435334581999999830e-06
9.555634451434299990e+03 3.626033983799999981e-06
9.556634451434299990e+03 3.836863924900000095e-06
9.557634451434299990e+03 4.071076140299999724e-06
9.558634451434299990e+03 4.332651170200000299e-06
9.559634451434299990e+03 4.626513247500000128e-06
9.560634451434299990e+03 4.958825909499999874e-06
9.561634451434299990e+03 5.337406197399999725e-06
9.562634451434299990e+03 5.772317199799999761e-06
9.563634451434299990e+03 6.276736078299999782e-06
9.564634451434299990e+03 6.868260957999999995e-06
9.565134451434299990e+03 7.203874233400000075e-06
9.565634451434299990e+03 7.570942587500000390e-06
9.566134451434299990e+03 7.974015271399999697e-06
9.566634451434299990e+03 8.418565120600000722e-06
9.567134451434299990e+03 8.911238611400000190e-06
9.567634451434299990e+03 9.460193395200000086e-06
9.568134451434299990e+03 1.007556201200000041e-05
9.568634451434299990e+03 1.077010181099999949e-05
9.569134451424299186e+03 1.156012684999999943e-05
9.569634451424299186e+03 1.246687979300000073e-05
9.570134451424299186e+03 1.351861368700000067e-05
9.570634451424299186e+03 1.475386595699999954e-05
9.571134451424299186e+03 1.622682668000000129e-05
9.571634451424299186e+03 1.801658340600000144e-05
9.572134451424299186e+03 2.024396918300000104e-05
9.572634451424299186e+03 2.310421797700000011e-05
9.573134451424299186e+03 2.693368101599999905e-05
9.573634451424299186e+03 3.234364674700000177e-05
9.574134451424299186e+03 4.038922230900000068e-05
9.574634451424299186e+03 5.214911163100000138e-05
9.575134451424299186e+03 6.656606072400000570e-05
9.575634451424299186e+03 8.258495625899999772e-05
9.576134451424299186e+03 1.017842698300000048e-04
9.576634451424299186e+03 1.257417682300000013e-04
9.577134451424299186e+03 1.550421134500000020e-04
9.577634451424299186e+03 1.886795436100000055e-04
9.578134451425299631e+03 2.238843058400000132e-04
9.578634451425299631e+03 2.575948092299999996e-04
9.579134451425099542e+03 2.879242136699999908e-04
9.579634451425299631e+03 3.141358662500000083e-04
9.580134451424299186e+03 3.354090497899999768e-04
9.580634451424299186e+03 3.505516106899999782e-04
9.581134451424299186e+03 3.589851563499999831e-04
9.581634451424299186e+03 3.615408732500000185e-04
9.582134451424299186e+03 3.597487478800000206e-04
9.582634451424299186e+03 3.551822999099999941e-04
9.583134451424299186e+03 3.491609528800000001e-04
9.583634451424299186e+03 3.428804880099999746e-04
9.584134451424299186e+03 3.369999759999999932e-04
9.584634451424299186e+03 3.316383540899999816e-04
9.585261227064300328e+03 3.253294057899999790e-04
9.585907052624299467e+03 3.186230428799999813e-04
9.586571928104300241e+03 3.110430762300000107e-04
9.587255853514299815e+03 3.036688886400000119e-04
9.587958828834300220e+03 2.971637883999999892e-04
9.588680854074300441e+03 2.907458244000000027e-04
9.589421929234300478e+03 2.839179719299999823e-04
9.590182054334300119e+03 2.772472852600000258e-04
9.590961229334299787e+03 2.713679321699999955e-04
9.591759454234299483e+03 2.665451987200000128e-04
9.592576729034299206e+03 2.627527707399999741e-04
9.593413053834299717e+03 2.597977546100000085e-04
9.594268428534300256e+03 2.573387018599999909e-04
9.595142853134300822e+03 2.551122844099999926e-04
9.596036327634299596e+03 2.529215067000000188e-04
9.596948852134299159e+03 2.505402680799999815e-04
9.597880426434299807e+03 2.478178048800000000e-04
9.598831050734299424e+03 2.446505051800000022e-04
9.599800724934300888e+03 2.409710648999999867e-04
9.600789449034300560e+03 2.367045209099999923e-04
9.601797223134299202e+03 2.317523262399999939e-04
9.602824047034300747e+03 2.260584395299999980e-04
9.603869920934299444e+03 2.196704469399999996e-04
9.604934844734299986e+03 2.127873275000000000e-04
9.606018818534299498e+03 2.057458481300000037e-04
9.607121842134300095e+03 1.990048487499999907e-04
9.608243915734299662e+03 1.930434979299999949e-04
9.609385039234299256e+03 1.882659477100000092e-04
9.610545212634300697e+03 1.849427156400000106e-04
9.611724435934300345e+03 1.831506704000000058e-04
9.612922709134300021e+03 1.828728740300000072e-04
9.614140032334300486e+03 1.839628013900000128e-04
9.615376405434299159e+03 1.862197604400000052e-04
9.616631828434299678e+03 1.894199913000000094e-04
9.617906301334300224e+03 1.933391800199999919e-04
9.619199824234299740e+03 1.977300874199999965e-04
9.620512396934300341e+03 2.024119779899999892e-04
9.621844019634299912e+03 2.072042389300000019e-04
9.623194692234299509e+03 2.119549865400000119e-04
9.624564414734299135e+03 2.165459836899999880e-04
9.625953187234299548e+03 2.208672396500000108e-04
9.627361009634299990e+03 2.248335364600000054e-04
9.628787881834299696e+03 2.283901922300000118e-04
9.630233804134299135e+03 2.315293609000000012e-04
9.631698776234299658e+03 2.342511273800000117e-04
9.633182798234300208e+03 2.366020013899999949e-04
9.634685870234299728e+03 2.386056434099999984e-04
9.636207992134299275e+03 2.402890314900000092e-04
9.637749163934300668e+03 2.416347160300000058e-04
9.639309385634300270e+03 2.426133492900000026e-04
9.640888657334300660e+03 2.431754290299999914e-04
9.642486978834300317e+03 2.432583020299999897e-04
9.644104350334300761e+03 2.428158396099999998e-04
9.645740771734299415e+03 2.418252777099999984e-04
9.647396243134300676e+03 2.402860918700000070e-04
9.649070764334299383e+03 2.382534592599999950e-04
9.650764335534300699e+03 2.358393958100000131e-04
9.652476956634300223e+03 2.331956131799999997e-04
9.654208627634299773e+03 2.305304759500000100e-04
9.655959348534299352e+03 2.280499662500000131e-04
9.657729119434299719e+03 2.259516931200000126e-04
9.659517940134299351e+03 2.243919509099999931e-04
9.661325810834299773e+03 2.234657319599999922e-04
9.663152731434300222e+03 2.232015852400000093e-04
9.664998702034299640e+03 2.235788678999999890e-04
9.666863722434300144e+03 2.245296364900000060e-04
9.668747792834299617e+03 2.259709906800000097e-04
9.670650913134299117e+03 2.277957200399999922e-04
9.672573083334300463e+03 2.299048598000000092e-04
9.674514303434300018e+03 2.321927008799999951e-04
9.676474573534300362e+03 2.345673346000000023e-04
9.678453893434299971e+03 2.369516290000000093e-04
9.680452263534300073e+03 2.392731650600000081e-04
9.682469683534300202e+03 2.414681127899999955e-04
9.684506152534300782e+03 2.434852421900000061e-04
9.686561672534300669e+03 2.452670965200000222e-04
9.688636242534299527e+03 2.467732938699999934e-04
9.690729861534300653e+03 2.479525018400000167e-04
9.692842531534299269e+03 2.487648150999999795e-04
9.694974250534300154e+03 2.491954576299999910e-04
9.697125019534300009e+03 2.492107765199999742e-04
9.699294838534300652e+03 2.488126282200000031e-04
9.701483707534300265e+03 2.480088875499999947e-04
9.703691626534300667e+03 2.468249171599999994e-04
9.705918595534300039e+03 2.453095073699999959e-04
9.708164614534300199e+03 2.435293711199999983e-04
9.710429683534299329e+03 2.415552260599999976e-04
9.712713802534299248e+03 2.394192532400000073e-04
