0.000000000000000000e+00 -6.269628999999999897e-01
5.000000000000000278e-02 -6.513094000000000383e-01
1.000000000000000056e-01 -6.752694999999999670e-01
1.499999999999999944e-01 -7.442923999999999651e-01
2.000000000000000111e-01 -8.095849000000000517e-01
2.500000000000000000e-01 -9.084524999999999961e-01
2.999999999999999889e-01 -9.959831000000000101e-01
3.499999999999999778e-01 -1.096583000000000085e+00
4.000000000000000222e-01 -1.174082000000000070e+00
4.500000000000000111e-01 -1.238132999999999928e+00
5.000000000000000000e-01 -1.266674999999999995e+00
5.500000000000000444e-01 -1.257773000000000030e+00
5.999999999999999778e-01 -1.207446999999999937e+00
6.500000000000000222e-01 -1.109620000000000051e+00
6.999999999999999556e-01 -9.775551000000000101e-01
7.500000000000000000e-01 -8.080692999999999904e-01
8.000000000000000444e-01 -6.248449000000000364e-01
8.499999999999999778e-01 -4.294047999999999754e-01
9.000000000000000222e-01 -2.462518999999999958e-01
9.499999999999999556e-01 -7.825166999999999540e-02
1.000000000000000000e+00 5.810097000000000178e-02
1.050000000000000044e+00 1.628089000000000064e-01
1.100000000000000089e+00 2.306257999999999919e-01
1.149999999999999911e+00 2.666059000000000068e-01
1.199999999999999956e+00 2.747365999999999975e-01
1.250000000000000000e+00 2.637499999999999845e-01
1.300000000000000044e+00 2.412239999999999940e-01
1.350000000000000089e+00 2.164618000000000098e-01
1.399999999999999911e+00 1.944124000000000130e-01
1.449999999999999956e+00 1.816075000000000050e-01
1.500000000000000000e+00 1.764043000000000139e-01
1.550000000000000044e+00 1.800171999999999883e-01
1.600000000000000089e+00 1.853275000000000061e-01
1.649999999999999911e+00 1.882187999999999917e-01
1.699999999999999956e+00 1.826466999999999952e-01
1.750000000000000000e+00 1.646578999999999959e-01
1.800000000000000044e+00 1.341180999999999901e-01
1.850000000000000089e+00 9.865253000000000216e-02
1.899999999999999911e+00 5.455871999999999805e-02
1.949999999999999956e+00 3.212451999999999669e-02
2.000000000000000000e+00 1.139321999999999904e-03
2.049999999999999822e+00 -4.512768000000000226e-04
2.100000000000000089e+00 1.163005999999999936e-02
2.149999999999999911e+00 3.467507999999999702e-02
2.200000000000000178e+00 6.245135999999999743e-02
2.250000000000000000e+00 8.352242999999999473e-02
2.299999999999999822e+00 9.773750999999999967e-02
2.350000000000000089e+00 1.022264999999999979e-01
2.399999999999999911e+00 9.672561999999999827e-02
2.450000000000000178e+00 8.325543000000000526e-02
2.500000000000000000e+00 6.695636000000000643e-02
2.549999999999999822e+00 4.943764999999999965e-02
2.600000000000000089e+00 3.196660999999999947e-02
2.649999999999999911e+00 1.262261999999999933e-02
2.700000000000000178e+00 -6.658200000000000403e-03
2.750000000000000000e+00 -2.568045000000000050e-02
2.799999999999999822e+00 -4.433470999999999940e-02
2.850000000000000089e+00 -6.177482000000000112e-02
2.899999999999999911e+00 -7.772737000000000396e-02
2.950000000000000178e+00 -9.187818999999999847e-02
3.000000000000000000e+00 -1.037600999999999940e-01
3.049999999999999822e+00 -1.115089999999999970e-01
3.100000000000000089e+00 -1.156961999999999990e-01
3.149999999999999911e+00 -1.158418999999999977e-01
3.200000000000000178e+00 -1.116473000000000049e-01
3.250000000000000000e+00 -1.028238000000000069e-01
3.299999999999999822e+00 -9.029368999999999590e-02
3.350000000000000089e+00 -7.448219000000000367e-02
3.399999999999999911e+00 -5.623965000000000214e-02
3.450000000000000178e+00 -3.683132000000000073e-02
3.500000000000000000e+00 -1.720674999999999982e-02
3.549999999999999822e+00 1.719005000000000012e-03
3.600000000000000089e+00 1.918496000000000090e-02
3.649999999999999911e+00 3.443271999999999999e-02
3.700000000000000178e+00 4.736931999999999948e-02
3.750000000000000000e+00 5.787816999999999962e-02
3.799999999999999822e+00 6.599452999999999570e-02
3.850000000000000089e+00 7.186721000000000081e-02
3.899999999999999911e+00 7.570340999999999876e-02
3.950000000000000178e+00 7.763011999999999690e-02
4.000000000000000000e+00 7.771704999999999586e-02
4.049999999999999822e+00 7.614186000000000565e-02
4.099999999999999645e+00 7.272518000000000038e-02
4.150000000000000355e+00 6.739125999999999450e-02
4.200000000000000178e+00 6.008639000000000341e-02
4.250000000000000000e+00 5.097343000000000013e-02
4.299999999999999822e+00 4.003026999999999974e-02
4.349999999999999645e+00 2.751912999999999929e-02
4.400000000000000355e+00 1.385490999999999980e-02
4.450000000000000178e+00 -4.018437999999999828e-04
4.500000000000000000e+00 -1.464541999999999927e-02
4.549999999999999822e+00 -2.817228999999999914e-02
4.599999999999999645e+00 -4.029391999999999696e-02
4.650000000000000355e+00 -5.050158999999999898e-02
4.700000000000000178e+00 -5.824967999999999813e-02
4.750000000000000000e+00 -6.324833000000000538e-02
4.799999999999999822e+00 -6.540677999999999770e-02
4.849999999999999645e+00 -6.488623999999999781e-02
4.900000000000000355e+00 -6.186983000000000066e-02
4.950000000000000178e+00 -5.674520999999999732e-02
5.000000000000000000e+00 -4.997127999999999987e-02
5.049999999999999822e+00 -4.202630000000000254e-02
5.099999999999999645e+00 -3.333002000000000187e-02
5.150000000000000355e+00 -2.427117999999999984e-02
5.200000000000000178e+00 -1.516130000000000082e-02
5.250000000000000000e+00 -6.140752000000000189e-03
5.299999999999999822e+00 2.549192000000000038e-03
5.349999999999999645e+00 1.076587000000000030e-02
5.400000000000000355e+00 1.838135000000000116e-02
5.450000000000000178e+00 2.538112999999999828e-02
5.500000000000000000e+00 3.148557999999999912e-02
5.549999999999999822e+00 3.651622999999999675e-02
5.599999999999999645e+00 4.029303000000000051e-02
5.650000000000000355e+00 4.271993999999999791e-02
5.700000000000000178e+00 4.356366999999999878e-02
5.750000000000000000e+00 4.275816000000000339e-02
5.799999999999999822e+00 4.031909999999999661e-02
5.849999999999999645e+00 3.636732000000000159e-02
5.900000000000000355e+00 3.104532000000000125e-02
5.950000000000000178e+00 2.462438000000000127e-02
6.000000000000000000e+00 1.743362000000000037e-02
6.049999999999999822e+00 9.810935999999999269e-03
6.099999999999999645e+00 2.093366000000000150e-03
6.150000000000000355e+00 -5.358675000000000244e-03
6.200000000000000178e+00 -1.221910000000000010e-02
6.250000000000000000e+00 -1.821245000000000155e-02
6.299999999999999822e+00 -2.312492000000000020e-02
6.349999999999999645e+00 -2.681038999999999992e-02
6.400000000000000355e+00 -2.919189000000000159e-02
6.450000000000000178e+00 -3.025918999999999831e-02
6.500000000000000000e+00 -3.006307999999999897e-02
6.549999999999999822e+00 -2.893151999999999877e-02
6.599999999999999645e+00 -2.673640999999999865e-02
6.650000000000000355e+00 -2.363103999999999899e-02
6.700000000000000178e+00 -1.979480999999999949e-02
6.750000000000000000e+00 -1.542355999999999935e-02
6.799999999999999822e+00 -1.072004000000000012e-02
6.849999999999999645e+00 -5.884796000000000298e-03
6.900000000000000355e+00 -1.108007000000000046e-03
6.950000000000000178e+00 3.437458000000000007e-03
7.000000000000000000e+00 7.601331999999999707e-03
7.049999999999999822e+00 1.138051999999999987e-02
7.099999999999999645e+00 1.457601000000000036e-02
7.150000000000000355e+00 1.709911000000000070e-02
7.200000000000000178e+00 1.888980000000000173e-02
7.250000000000000000e+00 1.991605000000000111e-02
7.299999999999999822e+00 2.017218999999999957e-02
7.349999999999999645e+00 1.967761999999999983e-02
7.400000000000000355e+00 1.847622000000000153e-02
7.450000000000000178e+00 1.663618000000000041e-02
7.500000000000000000e+00 1.424894999999999981e-02
7.549999999999999822e+00 1.143365000000000006e-02
7.599999999999999645e+00 8.295761999999999928e-03
7.650000000000000355e+00 4.967181999999999674e-03
7.700000000000000178e+00 1.580596999999999992e-03
7.750000000000000000e+00 -1.736031000000000076e-03
7.799999999999999822e+00 -4.863936000000000127e-03
7.849999999999999645e+00 -7.696767000000000192e-03
7.900000000000000355e+00 -1.014262999999999970e-02
7.950000000000000178e+00 -1.212531000000000025e-02
8.000000000000000000e+00 -1.358509999999999926e-02
8.050000000000000711e+00 -1.452298999999999951e-02
8.099999999999999645e+00 -1.487243000000000072e-02
8.150000000000000355e+00 -1.462545999999999985e-02
8.199999999999999289e+00 -1.379592999999999965e-02
8.250000000000000000e+00 -1.242157999999999977e-02
8.300000000000000711e+00 -1.056529999999999969e-02
8.349999999999999645e+00 -8.314617999999999315e-03
8.400000000000000355e+00 -5.779010000000000223e-03
8.449999999999999289e+00 -3.084607999999999968e-03
8.500000000000000000e+00 -3.667184999999999889e-04
8.550000000000000711e+00 2.267435999999999844e-03
8.599999999999999645e+00 4.690983999999999605e-03
8.650000000000000355e+00 6.791389000000000106e-03
8.699999999999999289e+00 8.478960000000000663e-03
8.750000000000000000e+00 9.692364000000000188e-03
8.800000000000000711e+00 1.040141999999999976e-02
8.849999999999999645e+00 1.060697000000000029e-02
8.900000000000000355e+00 1.033805999999999961e-02
8.949999999999999289e+00 9.646909000000000386e-03
9.000000000000000000e+00 8.602616000000000429e-03
9.050000000000000711e+00 7.331418999999999610e-03
9.099999999999999645e+00 5.841083999999999860e-03
9.150000000000000355e+00 4.209603000000000129e-03
9.199999999999999289e+00 2.512120000000000065e-03
9.250000000000000000e+00 8.180448999999999577e-04
9.300000000000000711e+00 -8.107347000000000425e-04
9.349999999999999645e+00 -2.320725000000000045e-03
9.400000000000000355e+00 -3.667019000000000094e-03
9.449999999999999289e+00 -4.813076999999999807e-03
9.500000000000000000e+00 -5.730349000000000033e-03
9.550000000000000711e+00 -6.443655000000000389e-03
9.599999999999999645e+00 -6.895079999999999612e-03
9.650000000000000355e+00 -7.074129999999999655e-03
9.699999999999999289e+00 -6.978141999999999678e-03
9.750000000000000000e+00 -6.612854999999999948e-03
9.800000000000000711e+00 -5.993046999999999611e-03
9.849999999999999645e+00 -5.143087999999999653e-03
9.900000000000000355e+00 -4.097163000000000020e-03
9.949999999999999289e+00 -2.898958000000000090e-03
1.000000000000000000e+01 -1.600597999999999951e-03
1.005000000000000071e+01 -2.577200000000000194e-04
1.009999999999999964e+01 1.074934999999999953e-03
1.015000000000000036e+01 2.334474999999999918e-03
1.019999999999999929e+01 3.460556999999999956e-03
1.025000000000000000e+01 4.399433000000000336e-03
1.030000000000000071e+01 5.107760000000000251e-03
1.034999999999999964e+01 5.555730000000000043e-03
1.040000000000000036e+01 5.729139999999999754e-03
1.044999999999999929e+01 5.630111999999999617e-03
1.050000000000000000e+01 5.276394999999999696e-03
1.055000000000000071e+01 4.699324999999999856e-03
1.059999999999999964e+01 3.940741999999999683e-03
1.065000000000000036e+01 3.049263999999999881e-03
1.069999999999999929e+01 2.076385999999999944e-03
1.075000000000000000e+01 1.072884999999999985e-03
1.080000000000000071e+01 8.585718000000000050e-05
1.084999999999999964e+01 -8.433667000000000377e-04
1.090000000000000036e+01 -1.680393999999999985e-03
1.094999999999999929e+01 -2.398143000000000150e-03
1.100000000000000000e+01 -2.976626999999999919e-03
1.105000000000000071e+01 -3.435520999999999974e-03
1.109999999999999964e+01 -3.738064000000000144e-03
1.115000000000000036e+01 -3.879296999999999867e-03
1.119999999999999929e+01 -3.859420000000000125e-03
1.125000000000000000e+01 -3.683618000000000049e-03
1.130000000000000071e+01 -3.362055999999999985e-03
1.134999999999999964e+01 -2.909947999999999875e-03
1.140000000000000036e+01 -2.347558999999999930e-03
1.144999999999999929e+01 -1.699977999999999993e-03
1.150000000000000000e+01 -9.965181000000000906e-04
1.155000000000000071e+01 -2.696732999999999986e-04
1.159999999999999964e+01 4.463849999999999893e-04
1.165000000000000036e+01 1.117685999999999897e-03
1.169999999999999929e+01 1.712551999999999998e-03
1.175000000000000000e+01 2.203699999999999843e-03
1.180000000000000071e+01 2.570097999999999827e-03
1.184999999999999964e+01 2.798380999999999959e-03
1.190000000000000036e+01 2.883623000000000089e-03
1.194999999999999929e+01 2.829405000000000114e-03
1.200000000000000000e+01 2.647163000000000120e-03
1.205000000000000071e+01 2.377049000000000002e-03
1.209999999999999964e+01 2.007576000000000065e-03
1.215000000000000036e+01 1.563399999999999946e-03
1.219999999999999929e+01 1.071478999999999964e-03
1.225000000000000000e+01 5.589323999999999681e-04
1.230000000000000071e+01 5.117928999999999903e-05
1.234999999999999964e+01 -4.294489999999999874e-04
1.240000000000000036e+01 -8.645130000000000219e-04
1.244999999999999929e+01 -1.239712999999999926e-03
1.250000000000000000e+01 -1.544708000000000105e-03
1.255000000000000071e+01 -1.772675000000000032e-03
1.259999999999999964e+01 -1.919815999999999970e-03
1.265000000000000036e+01 -1.984932000000000016e-03
1.269999999999999929e+01 -1.969149999999999807e-03
1.275000000000000000e+01 -1.875799000000000043e-03
1.280000000000000071e+01 -1.710387999999999969e-03
1.284999999999999964e+01 -1.480610999999999950e-03
1.290000000000000036e+01 -1.196327000000000067e-03
1.294999999999999929e+01 -8.694571999999999804e-04
1.300000000000000000e+01 -5.137889000000000301e-04
1.305000000000000071e+01 -1.461274999999999998e-04
1.309999999999999964e+01 2.222403999999999873e-04
1.315000000000000036e+01 5.740852999999999972e-04
1.319999999999999929e+01 8.928334000000000227e-04
1.325000000000000000e+01 1.163584999999999967e-03
1.330000000000000071e+01 1.373981999999999938e-03
1.334999999999999964e+01 1.514895999999999951e-03
1.340000000000000036e+01 1.580926999999999983e-03
1.344999999999999929e+01 1.570715999999999996e-03
1.350000000000000000e+01 1.487042000000000051e-03
1.355000000000000071e+01 1.336680999999999937e-03
1.359999999999999964e+01 1.129971999999999921e-03
1.365000000000000036e+01 8.800801999999999497e-04
1.369999999999999929e+01 6.019979000000000389e-04
1.375000000000000000e+01 3.113767999999999831e-04
1.380000000000000071e+01 2.334533000000000032e-05
1.384999999999999964e+01 -2.485182999999999750e-04
1.390000000000000036e+01 -4.929151000000000539e-04
1.394999999999999929e+01 -7.011782999999999948e-04
1.400000000000000000e+01 -8.672648000000000249e-04
1.405000000000000071e+01 -9.999175999999998943e-04
1.409999999999999964e+01 -1.085875999999999942e-03
1.415000000000000036e+01 -1.123391000000000060e-03
1.419999999999999929e+01 -1.112359000000000047e-03
1.425000000000000000e+01 -1.054276000000000041e-03
1.430000000000000071e+01 -9.522416999999999600e-04
1.434999999999999964e+01 -8.109731999999999488e-04
1.440000000000000036e+01 -6.368076999999999982e-04
1.444999999999999929e+01 -4.376221000000000126e-04
1.450000000000000000e+01 -2.226355000000000066e-04
1.455000000000000071e+01 -2.067348999999999966e-06
1.459999999999999964e+01 2.133523000000000071e-04
1.465000000000000036e+01 4.129916000000000186e-04
1.469999999999999929e+01 5.869939000000000450e-04
1.475000000000000000e+01 7.269543000000000272e-04
1.480000000000000071e+01 8.265168999999999945e-04
1.484999999999999964e+01 8.818225999999999756e-04
1.490000000000000036e+01 8.917518999999999620e-04
1.494999999999999929e+01 8.579320999999999779e-04
1.500000000000000000e+01 7.845086000000000464e-04
1.505000000000000071e+01 6.829887999999999888e-04
1.509999999999999964e+01 5.555232000000000009e-04
1.515000000000000036e+01 4.100263999999999949e-04
1.519999999999999929e+01 2.546224999999999834e-04
1.525000000000000000e+01 9.708069999999999363e-05
1.530000000000000071e+01 -5.561959999999999853e-05
1.534999999999999964e+01 -1.975637999999999938e-04
1.540000000000000036e+01 -3.240116999999999932e-04
1.544999999999999929e+01 -4.313653999999999883e-04
1.550000000000000000e+01 -5.170384999999999998e-04
1.555000000000000071e+01 -5.792834000000000177e-04
1.559999999999999964e+01 -6.170317000000000033e-04
1.565000000000000036e+01 -6.297937000000000413e-04
1.569999999999999929e+01 -6.176409000000000109e-04
1.575000000000000000e+01 -5.812703000000000444e-04
1.580000000000000071e+01 -5.221247999999999514e-04
1.584999999999999964e+01 -4.425248000000000224e-04
1.590000000000000036e+01 -3.457598000000000095e-04
1.594999999999999929e+01 -2.360906000000000126e-04
1.600000000000000000e+01 -1.186328999999999937e-04
1.605000000000000071e+01 -1.238960000000000078e-06
1.610000000000000142e+01 1.133558999999999966e-04
1.614999999999999858e+01 2.196210000000000035e-04
1.619999999999999929e+01 3.125310999999999866e-04
1.625000000000000000e+01 3.879306000000000225e-04
1.630000000000000071e+01 4.428144000000000069e-04
1.635000000000000142e+01 4.754906999999999840e-04
1.639999999999999858e+01 4.856141000000000233e-04
1.644999999999999929e+01 4.740942999999999850e-04
1.650000000000000000e+01 4.429033999999999987e-04
1.655000000000000071e+01 3.948189999999999751e-04
1.660000000000000142e+01 3.331432000000000056e-04
1.664999999999999858e+01 2.614351000000000001e-04
1.669999999999999929e+01 1.832884000000000119e-04
1.675000000000000000e+01 1.021680999999999951e-04
1.680000000000000071e+01 2.131035999999999903e-05
1.685000000000000142e+01 -5.632574999999999854e-05
1.689999999999999858e+01 -1.280739999999999938e-04
1.694999999999999929e+01 -1.915657999999999879e-04
1.700000000000000000e+01 -2.447446000000000148e-04
1.705000000000000071e+01 -2.888939999999999889e-04
1.710000000000000142e+01 -3.196590000000000239e-04
1.714999999999999858e+01 -3.358680999999999971e-04
1.719999999999999929e+01 -3.369550999999999818e-04
1.725000000000000000e+01 -3.230541000000000077e-04
1.730000000000000071e+01 -2.950534000000000099e-04
1.735000000000000142e+01 -2.545908999999999954e-04
1.739999999999999858e+01 -2.039808000000000105e-04
1.744999999999999929e+01 -1.460750999999999933e-04
1.750000000000000000e+01 -8.407046000000000484e-05
1.755000000000000071e+01 -2.128212999999999947e-05
1.760000000000000142e+01 3.908851999999999824e-05
1.764999999999999858e+01 9.416724999999999868e-05
1.769999999999999929e+01 1.415773999999999906e-04
1.775000000000000000e+01 1.795520000000000048e-04
1.780000000000000071e+01 2.069822999999999986e-04
1.785000000000000142e+01 2.234050000000000066e-04
1.789999999999999858e+01 2.289420999999999980e-04
1.794999999999999929e+01 2.242087999999999937e-04
1.800000000000000000e+01 2.102092999999999865e-04
1.805000000000000071e+01 1.908361000000000074e-04
1.810000000000000142e+01 1.644678000000000112e-04
1.814999999999999858e+01 1.324429000000000123e-04
1.819999999999999929e+01 9.623528999999999591e-05
1.825000000000000000e+01 5.742506999999999804e-05
1.830000000000000071e+01 1.766903999999999914e-05
1.835000000000000142e+01 -2.133931000000000152e-05
1.839999999999999858e+01 -5.792619000000000045e-05
1.844999999999999929e+01 -9.051171999999999744e-05
1.850000000000000000e+01 -1.176981000000000040e-04
1.855000000000000071e+01 -1.383616000000000002e-04
1.860000000000000142e+01 -1.517368000000000005e-04
1.864999999999999858e+01 -1.574773999999999976e-04
1.869999999999999929e+01 -1.556843000000000029e-04
1.875000000000000000e+01 -1.468924000000000033e-04
1.880000000000000071e+01 -1.320167000000000129e-04
1.885000000000000142e+01 -1.122637999999999940e-04
1.889999999999999858e+01 -8.901986000000000187e-05
1.894999999999999929e+01 -6.373158000000000349e-05
1.900000000000000000e+01 -3.779466000000000314e-05
1.905000000000000071e+01 -1.286332000000000071e-05
1.910000000000000142e+01 1.100640999999999920e-05
1.914999999999999858e+01 3.299431999999999821e-05
1.919999999999999929e+01 5.246059000000000318e-05
1.925000000000000000e+01 6.892403999999999545e-05
1.930000000000000071e+01 8.203037999999999844e-05
1.935000000000000142e+01 9.152172000000000302e-05
1.939999999999999858e+01 9.721708000000000671e-05
1.944999999999999929e+01 9.900941000000000180e-05
1.950000000000000000e+01 9.687999999999999401e-05
1.955000000000000071e+01 9.092569999999999581e-05
1.960000000000000142e+01 8.139060999999999356e-05
1.964999999999999858e+01 6.869209000000000523e-05
1.969999999999999929e+01 5.343092999999999904e-05
1.975000000000000000e+01 3.637875000000000131e-05
1.980000000000000071e+01 1.843970999999999967e-05
1.985000000000000142e+01 5.891566999999999567e-07
1.989999999999999858e+01 -1.620375999999999951e-05
1.994999999999999929e+01 -3.105865999999999851e-05
2.000000000000000000e+01 -4.325980000000000211e-05
