# # Once                                                         FEFF 10.0.0 
# # POT  SCF 100  9.0000   0, NO core-hole, FOLP (folp(0)= 1.000)
# # Abs   Z=30 Rmt= 1.200 Rnm= 1.523 K  shell
# #   RGRID 0.0100
# # Pot 1 Z= 6 Rmt= 0.782 Rnm= 1.123
# # Pot 2 Z= 6 Rmt= 0.804 Rnm= 1.165
# # Pot 3 Z= 1 Rmt= 0.549 Rnm= 0.952
# # Pot 4 Z=16 Rmt= 1.092 Rnm= 1.477
# # Gam_ch=1.897E+00 H-L exch Vi= 0.000E+00 Vr= 0.000E+00
# # Mu=-4.492E+00eV kf=1.405E+00 Vint=-9.236E+00eV Rs_int= 2.581
# FMS rfms= 9.0000
# # PATH  Rmax= 0.100,  Keep_limit= 0.00, Heap_limit 0.00  Pwcrit= 2.50%
#  S02=1.000  Temp=  10.00  Debye_temp= 315.00  Global_sig2= 0.00000
#  Energy zero shift, vr, vi    0.00000E+00   0.00000E+00
#  Curved wave amplitude ratio filter   4.000%
#     file         sig2 tot  cw amp ratio   deg  nlegs   reff  inp sig2
#     0/   0 paths used
#  xsedge+ 50, used to normalize mu           1.0000E+00
#  -----------------------------------------------------------------------
#  omega    e    k    mu    mu0     chi     @#
      9554.6045179811      -24.4915073000       -2.2911494664    3.4329456013E-06    4.0721019125E-06   -6.3915631123E-07
      9555.6045179811      -23.4915073000       -2.2331362757    3.6232643789E-06    4.3040705899E-06   -6.8080621098E-07
      9556.6045179811      -22.4915073000       -2.1735752517    3.8336673143E-06    4.5630846342E-06   -7.2941731994E-07
      9557.6045179811      -21.4915073000       -2.1123354666    4.0673990742E-06    4.8540399959E-06   -7.8664092171E-07
      9558.6045179811      -20.4915073000       -2.0492663191    4.3284318663E-06    5.1830697893E-06   -8.5463792296E-07
      9559.6045179811      -19.4915073000       -1.9841936954    4.6216800979E-06    5.5579569749E-06   -9.3627687705E-07
      9560.6045179811      -18.4915073000       -1.9169132400    4.9532957427E-06    5.9887227444E-06   -1.0354270017E-06
      9561.6045179811      -17.4915073000       -1.8471837768    5.3310823102E-06    6.4884840399E-06   -1.1574017298E-06
      9562.6045179811      -16.4915073000       -1.7747167214    5.7650872445E-06    7.0747348279E-06   -1.3096475835E-06
      9563.6045179811      -15.4915073000       -1.6991619081    6.2684700641E-06    7.7713158446E-06   -1.5028457805E-06
      9564.6045179811      -14.4915073000       -1.6200872587    6.8588099956E-06    8.6115440411E-06   -1.7527340455E-06
      9565.1045179811      -13.9915073000       -1.5790658039    7.1937692076E-06    9.0997347336E-06   -1.9059655260E-06
      9565.6045179811      -13.4915073000       -1.5369497306    7.5601398675E-06    9.6433793589E-06   -2.0832394914E-06
      9566.1045179811      -12.9915073000       -1.4936466613    7.9624700604E-06    1.0252212791E-05   -2.2897427303E-06
      9566.6045179811      -12.4915073000       -1.4490501841    8.4062326139E-06    1.0938352427E-05   -2.5321198133E-06
      9567.1045179811      -11.9915073000       -1.4030367413    8.8980759183E-06    1.1717066681E-05   -2.8189907627E-06
      9567.6045179811      -11.4915073000       -1.3554622724    9.4461626697E-06    1.2607858849E-05   -3.1616961792E-06
      9568.1045179811      -10.9915073000       -1.3061560932    1.0060635522E-05    1.3636027174E-05   -3.5753916526E-06
      9568.6045179811      -10.4915073000       -1.2549141860    1.0754270161E-05    1.4834962101E-05   -4.0806919406E-06
      9569.1045179511       -9.9915073300       -1.2014889076    1.1543412416E-05    1.6249617147E-05   -4.7062047315E-06
      9569.6045179511       -9.4915073300       -1.1455747332    1.2449359200E-05    1.7941909014E-05   -5.4925498139E-06
      9570.1045179511       -8.9915073300       -1.0867876258    1.3500455721E-05    1.9999402221E-05   -6.4989465005E-06
      9570.6045179511       -8.4915073300       -1.0246331595    1.4735397855E-05    2.2549823191E-05   -7.8144253359E-06
      9571.1045179511       -7.9915073300       -0.9584566200    1.6208653612E-05    2.5786403121E-05   -9.5777495091E-06
      9571.6045179511       -7.4915073300       -0.8873583607    1.7999812724E-05    3.0014408843E-05   -1.2014596119E-05
      9572.1045179511       -6.9915073300       -0.8100436294    2.0230651428E-05    3.5741505874E-05   -1.5510854445E-05
      9572.6045179511       -6.4915073300       -0.7245250921    2.3098258701E-05    4.3863713361E-05   -2.0765454661E-05
      9573.1045179511       -5.9915073300       -0.6274570930    2.6942801990E-05    5.6064612241E-05   -2.9121810250E-05
      9573.6045179511       -5.4915073300       -0.5123165798    3.2383467715E-05    7.5631167011E-05   -4.3247699296E-05
      9574.1045179511       -4.9915073300       -0.3622625460    4.0488396940E-05    1.0829430241E-04   -6.7805905471E-05
      9574.6045179511       -4.4915073300        0.0000000000    5.2330129389E-05    1.5739088095E-04   -1.0506075156E-04
      9575.1045179511       -3.9915073300        0.3622625460    6.6854225860E-05    2.0824025978E-04   -1.4138603392E-04
      9575.6045179511       -3.4915073300        0.5123165798    8.2857027589E-05    2.4619708731E-04   -1.6334005973E-04
      9576.1045179511       -2.9915073300        0.6274570930    1.0184821981E-04    2.7173337268E-04   -1.6988515288E-04
      9576.6045179511       -2.4915073300        0.7245250921    1.2534494797E-04    2.8901734514E-04   -1.6367239718E-04
      9577.1045179511       -1.9915073300        0.8100436294    1.5407021856E-04    3.0072356608E-04   -1.4665334752E-04
      9577.6045179511       -1.4915073300        0.8873583607    1.8722927865E-04    3.0840091875E-04   -1.2117164010E-04
      9578.1045179471       -0.9915073340        0.9584566200    2.2253082593E-04    3.1305958083E-04   -9.0528754902E-05
      9578.6045179471       -0.4915073340        1.0246331595    2.5704464396E-04    3.1542226963E-04   -5.8377625675E-05
      9579.1045179473        0.0084926662        1.0867876258    2.8862439832E-04    3.1602440004E-04   -2.7400001722E-05
      9579.6045179471        0.5084926660        1.1455747332    3.1590530591E-04    3.1528994491E-04    6.1536100633E-07
      9580.1045179511        1.0084926700        1.2014889076    3.3774498761E-04    3.1354733364E-04    2.4197653978E-05
      9580.6045179511        1.5084926700        1.2549141860    3.5283052049E-04    3.1106217545E-04    4.1768345040E-05
      9581.1045179511        2.0084926700        1.3061560932    3.6021094987E-04    3.0804509632E-04    5.2165853555E-05
      9581.6045179511        2.5084926700        1.3554622724    3.6041725966E-04    3.0464902560E-04    5.5768234053E-05
      9582.1045179511        3.0084926700        1.4030367413    3.5557955392E-04    3.0100558932E-04    5.4573964594E-05
      9582.6045179511        3.5084926700        1.4490501841    3.4841838396E-04    2.9721544150E-04    5.1202942466E-05
      9583.1045179511        4.0084926700        1.4936466613    3.4108860755E-04    2.9335055411E-04    4.7738053441E-05
      9583.6045179511        4.5084926700        1.5369497306    3.3486980014E-04    2.8946213214E-04    4.5407668003E-05
      9584.1045179511        5.0084926700        1.5790658039    3.3003258186E-04    2.8559732494E-04    4.4435256923E-05
      9584.6045179511        5.5084926700        1.6200872587    3.2620822936E-04    2.8177839753E-04    4.4429831828E-05
      9585.2312935911        6.1352683100        1.6700872977    3.2188528510E-04    2.7707034776E-04    4.4814937335E-05
      9585.8771191511        6.7810938700        1.7200873036    3.1680712942E-04    2.7218339085E-04    4.4623738567E-05
      9586.5419946311        7.4459693500        1.7700872793    3.0994242759E-04    2.6723893366E-04    4.2703493931E-05
      9587.2259200311        8.1298947500        1.8200872856    3.0200454505E-04    2.6366364017E-04    3.8340904874E-05
      9587.9288953511        8.8328700700        1.8700873770    2.9570203002E-04    2.6282414180E-04    3.2877888224E-05
      9588.6509205911        9.5548953100        1.9200873252    2.9033782564E-04    2.6224454166E-04    2.8093283983E-05
      9589.3919957811       10.2959705000        1.9700873572    2.8480567975E-04    2.6098043407E-04    2.3825245672E-05
      9590.1521208811       11.0560956000        2.0200873613    2.7923097523E-04    2.5909619358E-04    2.0134781652E-05
      9590.9312958811       11.8352706000        2.0700873396    2.7411828488E-04    2.5681715094E-04    1.7301133934E-05
      9591.7295207811       12.6334955000        2.1200873943    2.6973841830E-04    2.5417047045E-04    1.5567947855E-05
      9592.5467955811       13.4507703000        2.1700873240    2.6610720740E-04    2.5110881777E-04    1.4998389631E-05
      9593.3831203811       14.2870951000        2.2200873288    2.6309055226E-04    2.4766326067E-04    1.5427291591E-05
      9594.2384950811       15.1424698000        2.2700873101    2.6042507247E-04    2.4393389286E-04    1.6491179611E-05
      9595.1129196811       16.0168944000        2.3200873610    2.5786262655E-04    2.4014771588E-04    1.7714910668E-05
      9596.0063941811       16.9103689000        2.3700872976    2.5522607054E-04    2.3654562071E-04    1.8680449837E-05
      9596.9189185811       17.8228933000        2.4200873029    2.5230726507E-04    2.3321082484E-04    1.9096440230E-05
      9597.8504929811       18.7544677000        2.4700872865    2.4898152836E-04    2.3017006489E-04    1.8811463466E-05
      9598.8011172811       19.7050920000        2.5200873342    2.4518780452E-04    2.2742034567E-04    1.7767458849E-05
      9599.7707914811       20.6747662000        2.5700872766    2.4089719795E-04    2.2495484580E-04    1.5942352146E-05
      9600.7595155811       21.6634903000        2.6200872821    2.3607240634E-04    2.2276357415E-04    1.3308832192E-05
      9601.7672896811       22.6712644000        2.6700872676    2.3064957327E-04    2.2082110245E-04    9.8284708217E-06
      9602.7941135811       23.6980883000        2.7200873124    2.2461696957E-04    2.1911720777E-04    5.4997618052E-06
      9603.8399874811       24.7439622000        2.7700872596    2.1805215642E-04    2.1762740050E-04    4.2475592031E-07
      9604.9049112811       25.8088860000        2.8200872653    2.1117284444E-04    2.1634609338E-04   -5.1732489388E-06
      9605.9888849811       26.8928597000        2.8700873265    2.0430684072E-04    2.1525220660E-04   -1.0945365874E-05
      9607.0919086811       27.9958834000        2.9200872946    1.9787785399E-04    2.1433845594E-04   -1.6460601952E-05
      9608.2139821811       29.1179569000        2.9700873176    1.9230518134E-04    2.1358889487E-04   -2.1283713528E-05
      9609.3551056811       30.2590804000        3.0200872517    1.8793571188E-04    2.1299553361E-04   -2.5059821731E-05
      9610.5152790811       31.4192538000        3.0700872401    1.8498662647E-04    2.1256474629E-04   -2.7578119825E-05
      9611.6945024811       32.5984772000        3.1200872801    1.8349542671E-04    2.1226427058E-04   -2.8768843865E-05
      9612.8927756811       33.7967504000        3.1700872349    1.8341455123E-04    2.1210199850E-04   -2.8687447267E-05
      9614.1100988811       35.0140736000        3.2200872408    1.8460418323E-04    2.1207178428E-04   -2.7467601044E-05
      9615.3464719811       36.2504467000        3.2700871651    1.8687088150E-04    2.1215342198E-04   -2.5282540484E-05
      9616.6018949811       37.5058697000        3.3200872682    1.9002129968E-04    2.1234768239E-04   -2.2326382706E-05
      9617.8763678811       38.7803426000        3.3700874155    1.9385875112E-04    2.1265370797E-04   -1.8794956848E-05
      9619.1698906811       40.0738654000        3.4200874809    1.9818050368E-04    2.1305376775E-04   -1.4873264067E-05
      9620.4824634811       41.3864382000        3.4700874677    2.0281069927E-04    2.1354925948E-04   -1.0738560207E-05
      9621.8140861811       42.7180609000        3.5200873794    2.0758051462E-04    2.1413082113E-04   -6.5503065163E-06
      9623.1647587811       44.0687335000        3.5700874575    2.1233642512E-04    2.1479074900E-04   -2.4543238798E-06
      9624.5344812811       45.4384560000        3.6200873425    2.1695255974E-04    2.1553040085E-04    1.4221588936E-06
      9625.9232537811       46.8272285000        3.6700873901    2.2130418947E-04    2.1633395628E-04    4.9702331900E-06
      9627.3310760811       48.2350508000        3.7200873650    2.2531059388E-04    2.1720962684E-04    8.1009670337E-06
      9628.7579483811       49.6619231000        3.7700873829    2.2888571065E-04    2.1813288046E-04    1.0752830195E-05
      9630.2038705811       51.1078453000        3.8200872194    2.3200631538E-04    2.1911173617E-04    1.2894579211E-05
      9631.6688427811       52.5728175000        3.8700873213    2.3465146454E-04    2.2012749853E-04    1.4523966013E-05
      9633.1528647811       54.0568395000        3.9200871357    2.3685139324E-04    2.2118589351E-04    1.5665499725E-05
      9634.6559367811       55.5599115000        3.9700873166    2.3862468236E-04    2.2226959754E-04    1.6355084820E-05
      9636.1780586811       57.0820334000        4.0200872151    2.4001589134E-04    2.2338033617E-04    1.6635555167E-05
      9637.7192304811       58.6232052000        4.0700872600    2.4104539796E-04    2.2450504383E-04    1.6540354125E-05
      9639.2794521811       60.1834269000        4.1200870326    2.4174021254E-04    2.2564403829E-04    1.6096174247E-05
      9640.8587237811       61.7626985000        4.1700873594    2.4209112824E-04    2.2677979485E-04    1.5311333388E-05
      9642.4570453811       63.3610201000        4.2200870102    2.4210109749E-04    2.2791886046E-04    1.4182237033E-05
      9644.0744168811       64.9783916000        4.2700874045    2.4172844838E-04    2.2904334169E-04    1.2685106690E-05
      9645.7108382811       66.6148130000        4.3200871369    2.4094969844E-04    2.3015420022E-04    1.0795498226E-05
      9647.3663095811       68.2702843000        4.3700873990    2.3973635792E-04    2.3124380511E-04    8.4925528180E-06
      9649.0408308811       69.9448056000        4.4200875951    2.3808205011E-04    2.3229742314E-04    5.7846269731E-06
      9650.7344020811       71.6383768000        4.4700873463    2.3604754649E-04    2.3331883177E-04    2.7287147224E-06
      9652.4470231811       73.3509979000        4.5200876093    2.3373976869E-04    2.3429965688E-04   -5.5988818984E-07
      9654.1786941811       75.0826689000        4.5700872495    2.3132515556E-04    2.3523696433E-04   -3.9118087710E-06
      9655.9294150811       76.8333898000        4.6200875770    2.2898874957E-04    2.3611287844E-04   -7.1241288767E-06
      9657.6991858811       78.6031606000        4.6700872937    2.2694679863E-04    2.3694001417E-04   -9.9932155364E-06
      9659.4880066811       80.3919814000        4.7200875012    2.2535575577E-04    2.3770060113E-04   -1.2344845356E-05
      9661.2958773811       82.1998521000        4.7700872916    2.2433145923E-04    2.3839268592E-04   -1.4061226687E-05
      9663.1227979811       84.0267727000        4.8200875611    2.2393253385E-04    2.3902146900E-04   -1.5088935150E-05
      9664.9687684811       85.8727432000        4.8700872460    2.2414476743E-04    2.3958057488E-04   -1.5435807441E-05
      9666.8337889811       87.7377637000        4.9200874025    2.2490933948E-04    2.4006769253E-04   -1.5158353050E-05
      9668.7178593811       89.6218341000        4.9700873309    2.2613103753E-04    2.4047133099E-04   -1.4340293462E-05
      9670.6209796811       91.5249544000        5.0200875471    2.2772861934E-04    2.4080705913E-04   -1.3078439797E-05
      9672.5431498811       93.4471246000        5.0700872027    2.2959282902E-04    2.4105901375E-04   -1.1466184727E-05
      9674.4843699811       95.3883447000        5.1200874783    2.3165581748E-04    2.4124416632E-04   -9.5883488425E-06
      9676.4446400811       97.3486148000        5.1700872031    2.3383531587E-04    2.4135201602E-04   -7.5167001517E-06
      9678.4239599811       99.3279347000        5.2200873716    2.3606814714E-04    2.4138222622E-04   -5.3140790744E-06
      9680.4223302811      101.3263050000        5.2700871633    2.3830458118E-04    2.4134137422E-04   -3.0367930454E-06
      9682.4397492811      103.3437240000        5.3200873890    2.4049729422E-04    2.4123644869E-04   -7.3915446346E-07
      9684.4762192811      105.3801940000        5.3700870854    2.4258651796E-04    2.4106363542E-04    1.5228825409E-06
      9686.5317392811      107.4357140000        5.4200875237    2.4451427199E-04    2.4082448866E-04    3.6897833213E-06
      9688.6063082811      109.5102830000        5.4700872829    2.4622719610E-04    2.4053165758E-04    5.6955385244E-06
      9690.6999282811      111.6039030000        5.5200873067    2.4765879094E-04    2.4018673246E-04    7.4720584747E-06
      9692.8125972811      113.7165720000        5.5700872823    2.4873756181E-04    2.3978644119E-04    8.9511206214E-06
      9694.9443172811      115.8482920000        5.6200875141    2.4941384514E-04    2.3934465556E-04    1.0069189581E-05
      9697.0950862811      117.9990610000        5.6700870942    2.4963921118E-04    2.3886318262E-04    1.0776028564E-05
      9699.2649052811      120.1688800000        5.7200875283    2.4938355818E-04    2.3834380676E-04    1.1039751422E-05
      9701.4537742811      122.3577490000        5.7700870235    2.4865012133E-04    2.3779500820E-04    1.0855113138E-05
      9703.6616932811      124.5656680000        5.8200873593    2.4746547489E-04    2.3722131179E-04    1.0244163102E-05
      9705.8886622811      126.7926370000        5.8700870640    2.4589588045E-04    2.3663784279E-04    9.2580376508E-06
      9708.1346812811      129.0386560000        5.9200873040    2.4401398506E-04    2.3604258090E-04    7.9714041630E-06
      9710.3997502811      131.3037250000        5.9700872103    2.4192261282E-04    2.3544786732E-04    6.4747455011E-06
      9712.6838682811      133.5878430000        6.0200873568    2.3964958193E-04    2.3483964187E-04    4.8099400641E-06
