9.653990451099998609e+03 -1.701254890000063469e+01 -1.592847317462563694e+00 2.724723837400000197e-06 3.971612623699999845e-06 -1.246888786199999997e-06
9.654490451099998609e+03 -1.651254890000063469e+01 -1.551105551173296515e+00 2.847402767500000186e-06 4.203149208700000130e-06 -1.355746441199999945e-06
9.654990451099998609e+03 -1.601254890000063469e+01 -1.508208965963784065e+00 2.980651866299999791e-06 4.461298801399999614e-06 -1.480646935100000034e-06
9.655490451099998609e+03 -1.551254890000063469e+01 -1.464056057378431364e+00 3.125876563400000095e-06 4.750766522099999657e-06 -1.624889958599999911e-06
9.655990451099998609e+03 -1.501254890000063469e+01 -1.418529517944342233e+00 3.284744885100000024e-06 5.077415148799999936e-06 -1.792670263699999911e-06
9.656490451099998609e+03 -1.451254890000063469e+01 -1.371492561923810749e+00 3.459253302500000025e-06 5.448640862000000015e-06 -1.989387559499999990e-06
9.656990451099998609e+03 -1.401254890000063469e+01 -1.322784072154359114e+00 3.651814226499999802e-06 5.873904710199999866e-06 -2.222090483700000064e-06
9.657490451099998609e+03 -1.351254890000063469e+01 -1.272212071817509393e+00 3.865374361500000094e-06 6.365500483900000070e-06 -2.500126122300000113e-06
9.657990451099998609e+03 -1.301254890000063469e+01 -1.219544755148875170e+00 4.103578173600000340e-06 6.939691235299999898e-06 -2.836113061699999981e-06
9.658490451099998609e+03 -1.251254890000063469e+01 -1.164497859141037761e+00 4.370999277400000274e-06 7.618438502900000344e-06 -3.247439225500000070e-06
9.658990451099998609e+03 -1.201254890000063469e+01 -1.106716367493040698e+00 4.673477722499999835e-06 8.432118671300000210e-06 -3.758640948799999951e-06
9.659490451099998609e+03 -1.151254890000063469e+01 -1.045747088071452335e+00 5.018629472599999896e-06 9.423952333900000131e-06 -4.405322861300000236e-06
9.659990451099998609e+03 -1.101254890000063469e+01 -9.809958340089179885e-01 5.416650540599999918e-06 1.065755409000000036e-05 -5.240903549199999873e-06
9.660490451099998609e+03 -1.051254890000063469e+01 -9.116571068531100774e-01 5.881657976099999833e-06 1.223050725799999990e-05 -6.348849281900000071e-06
9.660990451099998609e+03 -1.001254890000063469e+01 -8.365910199187613916e-01 6.434088361100000255e-06 1.430042896800000039e-05 -7.866340607299999581e-06
9.661490451119998397e+03 -9.512548880000846196e+00 -7.540891084562445501e-01 7.105394681000000272e-06 1.713933536400000118e-05 -1.003394068200000059e-05
9.661990451119998397e+03 -9.012548880000846196e+00 -6.613745063315219497e-01 7.948407568700000230e-06 2.125986466799999883e-05 -1.331145709899999986e-05
9.662490451119998397e+03 -8.512548880000846196e+00 -5.533372314946780612e-01 9.064138216799999637e-06 2.775355650199999967e-05 -1.868941828500000031e-05
9.662990451119998397e+03 -8.012548880000846196e+00 -4.182677920795785931e-01 1.068766580700000034e-05 3.939422975099999972e-05 -2.870656394400000107e-05
9.663490451119998397e+03 -7.512548880000846196e+00 -2.090784542320326123e-01 1.354228668799999991e-05 6.520624043200000527e-05 -5.166395374399999858e-05
9.663656999999999243e+03 -7.346000000000000085e+00 0.000000000000000000e+00 1.566719957352052180e-05 8.797665992300297518e-05 -7.230946034815006378e-05
9.663666999999999462e+03 -7.335999999999781807e+00 5.123165932700871755e-02 1.579478451348051670e-05 8.934385131396294273e-05 -7.354906679907002908e-05
9.663694999999999709e+03 -7.307999999999534424e+00 9.986888948025554602e-02 1.615202234536852345e-05 9.317198720865100094e-05 -7.701996486164609454e-05
9.663742999999998574e+03 -7.260000000000669473e+00 1.502407171473840175e-01 1.676443005717652340e-05 9.973450588525900780e-05 -8.297007582606209060e-05
9.663809999999999491e+03 -7.192999999999752703e+00 2.003937340222696761e-01 1.761924915490852586e-05 1.088946882046910343e-04 -9.127543904722611558e-05
9.663894999999998618e+03 -7.108000000000625818e+00 2.499348983886820197e-01 1.870372114456852661e-05 1.205158150278510295e-04 -1.018120938800461052e-04
9.663990451119998397e+03 -7.012548880000846196e+00 2.958383779076225184e-01 1.992153368599999935e-05 1.335658099799999954e-04 -1.136442762900000049e-04
9.664000000000000000e+03 -7.002999999999243386e+00 3.000443701604951774e-01 2.004102987741972506e-05 1.352116289632734078e-04 -1.151705990819491793e-04
9.664123999999999796e+03 -6.878999999999447112e+00 3.501038306559755009e-01 2.159278544833973296e-05 1.565839316758335024e-04 -1.349911462248292511e-04
9.664266999999999825e+03 -6.735999999999418009e+00 4.001320506507538566e-01 2.338231001802972860e-05 1.812310227072534631e-04 -1.578487126879892281e-04
9.664429000000000087e+03 -6.573999999999156074e+00 4.501394464151933228e-01 2.540960358648972891e-05 2.091529020575334254e-04 -1.837432984714292049e-04
9.664490451119998397e+03 -6.512548880000846196e+00 4.677119751621532373e-01 2.617861260099999982e-05 2.197444499499999905e-04 -1.935658373500000011e-04
9.664609999999998763e+03 -6.393000000000480298e+00 5.001322645286027102e-01 2.731094341878169564e-05 2.345523790915312917e-04 -2.072414356732714023e-04
9.664809999999999491e+03 -6.192999999999752703e+00 5.501144793309180603e-01 2.920528290198169620e-05 2.593253910035312848e-04 -2.301201081012714230e-04
9.664990451119998397e+03 -6.012548880000846196e+00 5.915983752320082001e-01 3.091446130900000122e-05 2.816769797300000002e-04 -2.507625184199999851e-04
9.665028999999998632e+03 -5.974000000000611266e+00 6.000887403201946579e-01 3.136873467643347423e-05 2.850424680347004051e-04 -2.536737333571127163e-04
9.665266999999999825e+03 -5.735999999999418009e+00 6.500568818896668155e-01 3.417340919484147615e-05 3.058209242834604197e-04 -2.716475150865127453e-04
9.665490451119998397e+03 -5.512548880000846196e+00 6.937022296664625554e-01 3.680663466699999806e-05 3.253291987400000040e-04 -2.885225640700000049e-04
9.665523999999999432e+03 -5.478999999999810910e+00 7.000202144707585727e-01 3.734553424931053093e-05 3.271794311711654279e-04 -2.898338969191903685e-04
9.665799999999999272e+03 -5.202999999999970981e+00 7.499796991827626380e-01 4.177895452199053368e-05 3.424009274178854093e-04 -3.006219728959903803e-04
9.665990451119998397e+03 -5.012548880000846196e+00 7.825962747875119252e-01 4.483819313200000303e-05 3.529043731000000269e-04 -3.080661799700000177e-04
9.666095999999999549e+03 -4.906999999999694495e+00 8.001000959502785337e-01 4.732993842510424662e-05 3.558473280644499650e-04 -3.085173896421901092e-04
9.666409999999999854e+03 -4.592999999999388905e+00 8.500442383454196449e-01 5.474269374789624606e-05 3.646023983109299778e-04 -3.098597045683900699e-04
9.666490451119998397e+03 -4.512548880000846196e+00 8.623752519514693571e-01 5.664194364599999903e-05 3.668455677600000134e-04 -3.102036241199999825e-04
9.666742999999998574e+03 -4.260000000000669473e+00 8.999873045167785524e-01 6.588062234995091093e-05 3.687295967899842245e-04 -3.028489744419925211e-04
9.666990451119998397e+03 -4.012548880000846196e+00 9.353743748069164310e-01 7.493281609800000337e-05 3.705755962400000218e-04 -2.956427801400000042e-04
9.667095999999999549e+03 -3.906999999999694495e+00 9.500676056332958419e-01 8.114351467414967199e-05 3.699231561715153648e-04 -2.887796414978988763e-04
9.667466999999998734e+03 -3.536000000000509402e+00 1.000002095751271414e+00 1.029738663723536919e-04 3.676298559924153636e-04 -2.646559896294988249e-04
9.667490451119998397e+03 -3.512548880000846196e+00 1.003074955779725830e+00 1.043537752600000041e-04 3.674848951899999886e-04 -2.631311199399999877e-04
9.667857999999998356e+03 -3.145000000000887752e+00 1.050061566564020055e+00 1.387920225169995449e-04 3.621894619808778805e-04 -2.233974394591763677e-04
9.667990451119998397e+03 -3.012548880000846196e+00 1.066486527237718196e+00 1.512023022600000085e-04 3.602811823000000215e-04 -2.090788800300000098e-04
9.668266999999999825e+03 -2.735999999999418009e+00 1.099990374909949997e+00 1.881792403496232219e-04 3.550850441602270086e-04 -1.669058038061347596e-04
9.668490451119998397e+03 -2.512548880000846196e+00 1.126333724367089228e+00 2.180565561800000053e-04 3.508865715900000098e-04 -1.328300154100000045e-04
9.668695999999999913e+03 -2.306999999999330697e+00 1.150033791698531482e+00 2.481141901552144538e-04 3.466397316561421792e-04 -9.852554150051659595e-05
9.668990451119998397e+03 -2.012548880000846196e+00 1.183157556927101339e+00 2.911720943799999870e-04 3.405560849099999805e-04 -4.938399052900000001e-05
9.669143999999998414e+03 -1.859000000000829544e+00 1.200068130043041359e+00 3.078879481801811958e-04 3.373348265336521281e-04 -2.944687835216382158e-05
9.669490451119998397e+03 -1.512548880000846196e+00 1.237374620064908504e+00 3.456037965200000131e-04 3.300667268099999959e-04 1.553706971200000095e-05
9.669609999999998763e+03 -1.393000000000480298e+00 1.249989496233149255e+00 3.531304671610473699e-04 3.276261921800066330e-04 2.550427498399707838e-05
9.669990451119998397e+03 -1.012548880000846196e+00 1.289313808290226238e+00 3.770832660100000054e-04 3.198594599999999796e-04 5.722380601600000069e-05
9.670095999999999549e+03 -9.069999999996944950e-01 1.300012819350716997e+00 3.807118881997797240e-04 3.178151518750820014e-04 6.289673633006436079e-05
9.670490451119998397e+03 -5.125488800008461965e-01 1.339240173424810054e+00 3.942725634700000245e-04 3.101752827499999992e-04 8.409728072299999912e-05
9.670600999999998749e+03 -4.020000000004948504e-01 1.350029561825121682e+00 3.936208536116739287e-04 3.081768055750670602e-04 8.544404803960682876e-05
9.670990451119600039e+03 -1.254888039920487586e-02 1.387371034683018367e+00 3.913249539700000231e-04 3.011363979899999766e-04 9.018855598299999326e-05
9.671125000000000000e+03 1.220000000007566143e-01 1.400040428941517145e+00 3.846473858475258105e-04 2.988879351315228486e-04 8.575945071631198660e-05
9.671490451119998397e+03 4.874511199991538035e-01 1.433887210992919936e+00 3.665102988499999897e-04 2.927808366000000224e-04 7.372946224300000570e-05
9.671667999999999665e+03 6.650000000004219203e-01 1.450046028608160009e+00 3.552760769221557295e-04 2.900549572839943545e-04 6.522111963542258546e-05
9.671990451119998397e+03 9.874511199991538035e-01 1.478941067019279076e+00 3.348733154799999972e-04 2.851044172500000131e-04 4.976889823499999928e-05
9.672229999999999563e+03 1.227000000000320057e+00 1.500046887612802804e+00 3.226572242476113766e-04 2.817443552429015606e-04 4.091286900731430680e-05
9.672490451119998397e+03 1.487451119999153804e+00 1.522662413532032133e+00 3.093751974500000062e-04 2.780911053799999780e-04 3.128409207000000113e-05
9.672810999999999694e+03 1.808000000000451024e+00 1.550043464724272013e+00 2.993577678354932534e-04 2.739863247878137112e-04 2.537144304832060723e-05
9.672990451119998397e+03 1.987451119999153804e+00 1.565162921695458120e+00 2.937497651999999848e-04 2.716883680000000117e-04 2.206139720100000056e-05
9.673411000000000058e+03 2.408000000000814822e+00 1.600036161333550533e+00 2.884628058278645773e-04 2.667637105543660446e-04 2.169909527281631880e-05
9.673490451119998397e+03 2.487451119999153804e+00 1.606539485141069257e+00 2.874639805699999895e-04 2.658333322599999910e-04 2.163064830900000154e-05
9.673990451119998397e+03 2.987451119999153804e+00 1.646876820889893178e+00 2.886808251000000229e-04 2.603843263899999943e-04 2.829649871800000069e-05
9.674029999999998836e+03 3.026999999999592461e+00 1.650025330156514647e+00 2.891427148150935004e-04 2.600071635256305698e-04 2.913555129689503824e-05
9.674617226759999539e+03 3.614226760000295968e+00 1.696087260348379866e+00 2.960009115800000005e-04 2.544070017299999921e-04 4.159390984900000131e-05
9.674667999999999665e+03 3.665000000000421920e+00 1.700011282399241486e+00 2.964952590240140158e-04 2.540537999436905678e-04 4.244145907932345439e-05
9.675263052319998678e+03 4.260052319999434900e+00 1.745342581331037923e+00 3.022889131900000212e-04 2.499143449400000180e-04 5.237456824900000283e-05
9.675324999999998909e+03 4.321999999999665221e+00 1.749994293691794933e+00 3.022187845806679433e-04 2.499262848252867611e-04 5.229249975419479396e-05
9.675927927799999452e+03 4.924927800000208578e+00 1.794639088412767425e+00 3.015362329800000190e-04 2.500424939999999936e-04 5.149373897699999734e-05
9.676001999999998588e+03 4.998999999999345079e+00 1.800047516444433171e+00 3.004272863761989882e-04 2.499425335051570578e-04 5.048475286923324396e-05
9.676611853200000041e+03 5.608853200000798012e+00 1.843973478407634481e+00 2.912970778100000199e-04 2.491195361099999921e-04 4.217754170800000328e-05
9.676697000000000116e+03 5.694000000000873030e+00 1.850023384774743596e+00 2.896233296190982125e-04 2.488238645535646026e-04 4.079946507329134064e-05
9.677314828529999431e+03 6.311828530000187953e+00 1.893342790692412958e+00 2.774785469099999829e-04 2.466784601100000256e-04 3.080008680599999988e-05
9.677411000000000058e+03 6.408000000000814822e+00 1.899997074869211211e+00 2.757301619771268791e-04 2.462286765431505233e-04 2.950148543891081395e-05
9.678036853769999652e+03 7.033853770000408900e+00 1.942744361566576261e+00 2.643522210799999889e-04 2.433016261300000006e-04 2.105059494800000125e-05
9.678144999999998618e+03 7.141999999999374182e+00 1.950036053677992820e+00 2.628210196571142032e-04 2.427467684112161498e-04 2.007425124477367479e-05
9.678777928929999689e+03 7.774928930000445604e+00 1.992175791864396972e+00 2.538596191699999901e-04 2.394994476099999872e-04 1.436017156400000078e-05
9.678896999999999025e+03 7.893999999999781636e+00 2.000004191502662287e+00 2.526375598081342564e-04 2.388545199046238424e-04 1.378303990735159324e-05
9.679538054009999541e+03 8.535054010000298064e+00 2.041634912745756480e+00 2.460391101629872735e-04 2.353546254978350967e-04 1.068435893291236315e-05
9.679668999999999869e+03 8.666000000000625647e+00 2.050034703912886336e+00 2.451066540230299414e-04 2.346073943202145950e-04 1.049910007456790599e-05
9.680317229009999210e+03 9.314229009999966280e+00 2.091119759400267508e+00 2.405556969782276448e-04 2.309085905637660676e-04 9.647093657302209180e-06
9.680458999999998923e+03 9.455999999999679773e+00 2.099998151836547589e+00 2.399426207996596856e-04 2.300870821671037090e-04 9.855550393734450483e-06
9.681115453899999920e+03 1.011245390000067701e+01 2.140628545883752842e+00 2.372071911015885949e-04 2.263217102818416201e-04 1.088715252939547522e-05
9.681268999999998414e+03 1.026599999999917046e+01 2.150021291527466349e+00 2.369052855505005451e-04 2.254517589004366538e-04 1.145557125166582471e-05
9.681932728799998586e+03 1.092972879999934221e+01 2.190159655900051128e+00 2.355784991176454208e-04 2.217667043288460912e-04 1.381809748541238898e-05
9.682097999999999956e+03 1.109500000000071296e+01 2.200040401417537872e+00 2.355473079122882634e-04 2.209625291177747712e-04 1.459234001357410137e-05
9.682769053500000155e+03 1.176605350000091121e+01 2.239711596093726609e+00 2.353862418982042930e-04 2.180334062055781438e-04 1.737225200247173536e-05
9.682944999999999709e+03 1.194200000000046558e+01 2.249997424658124245e+00 2.355241861297251616e-04 2.174782456015563522e-04 1.806942638513603312e-05
9.683624428199998874e+03 1.262142819999963095e+01 2.289283025311193764e+00 2.360058114334370586e-04 2.155117020151021815e-04 2.053545571181579957e-05
9.683811999999999898e+03 1.280900000000065475e+01 2.300010526041509351e+00 2.361223801808007814e-04 2.151622257127747215e-04 2.100745224676015937e-05
9.684498852799999440e+03 1.349585280000019694e+01 2.338872698756909507e+00 2.366149840886027701e-04 2.140444638103629858e-04 2.264372373673846731e-05
9.684697999999998501e+03 1.369499999999925777e+01 2.350020282120522275e+00 2.366182193328254921e-04 2.138759968545897948e-04 2.282414082474819818e-05
9.685392327300000034e+03 1.438932730000079019e+01 2.388479480069610972e+00 2.368825485102574505e-04 2.134266580388726993e-04 2.357792932862061056e-05
9.685602999999999156e+03 1.459999999999991260e+01 2.400026902015347741e+00 2.368191408068069529e-04 2.134139650071493826e-04 2.354111610189270462e-05
9.686304851799999597e+03 1.530185180000035317e+01 2.438102330377876825e+00 2.363792374455749154e-04 2.134911300300474995e-04 2.305619602152327353e-05
9.686527000000000044e+03 1.552400000000080027e+01 2.450030577760196948e+00 2.361297031002193916e-04 2.136148971248029308e-04 2.269365923845911116e-05
9.687236426199999187e+03 1.623342619999994341e+01 2.487740282823988736e+00 2.353999477028082790e-04 2.140872855514831601e-04 2.152544438962497708e-05
9.687469999999999345e+03 1.646700000000010178e+01 2.500031486014741233e+00 2.351135705038592252e-04 2.143180449952933157e-04 2.101987412294110703e-05
9.688187050399999862e+03 1.718405040000061845e+01 2.537392445925637841e+00 2.341174567039264621e-04 2.150686489611222890e-04 1.930117579637300010e-05
9.688431999999998880e+03 1.742899999999963612e+01 2.550029789573681427e+00 2.337628555989949353e-04 2.153764504542402393e-04 1.864817462270088004e-05
9.689156724599999507e+03 1.815372460000026322e+01 2.587058011613397213e+00 2.323357435294145417e-04 2.162951712043303910e-04 1.630890588836420723e-05
9.689412999999998647e+03 1.840999999999940329e+01 2.600025638701342512e+00 2.318149180017910118e-04 2.166493929047407440e-04 1.543489436077283720e-05
9.690145448799999940e+03 1.914244880000069671e+01 2.636736222534097340e+00 2.293878554153910051e-04 2.173872812698268849e-04 1.222400827146021780e-05
9.690412999999998647e+03 1.940999999999940329e+01 2.650019172315261073e+00 2.284535316521769705e-04 2.176560193871719261e-04 1.100254207856588034e-05
9.691153222799999639e+03 2.015022280000039601e+01 2.686426367399148418e+00 2.253479102623675255e-04 2.183347025457289088e-04 7.137645513954359111e-06
9.691431999999998880e+03 2.042899999999963612e+01 2.700010519037955525e+00 2.241242915801656629e-04 2.185762367785111071e-04 5.640574467736135650e-06
9.692180046800000127e+03 2.117704680000088402e+01 2.736127805613094210e+00 2.203479821060890767e-04 2.191452128730265417e-04 1.180136989539668369e-06
9.692469999999999345e+03 2.146700000000010178e+01 2.749999798133768714e+00 2.188332852889616272e-04 2.193413284227323820e-04 -5.764201752353397619e-07
9.693225920699998824e+03 2.222292069999958031e+01 2.785839928020112488e+00 2.145529849714520991e-04 2.197661539214741005e-04 -5.424326616380296492e-06
9.693527999999998428e+03 2.252499999999918501e+01 2.800033989506243159e+00 2.128060716764003379e-04 2.199044740837098307e-04 -7.366866176973075528e-06
9.694290844499999366e+03 2.328784450000012285e+01 2.835562172685387683e+00 2.086904965088668264e-04 2.203501005846323008e-04 -1.206505703169774296e-05
9.694603999999999360e+03 2.360100000000011633e+01 2.850018635780549481e+00 2.069893375573705441e-04 2.205017128383396613e-04 -1.397506561752785096e-05
9.695374818199999936e+03 2.437181820000069266e+01 2.885294016298539876e+00 2.032246479237835048e-04 2.207946244496911885e-04 -1.814987144361360541e-05
9.695698999999998705e+03 2.469599999999946149e+01 2.900001552369435576e+00 2.016417548057961972e-04 2.208858583401017775e-04 -1.987306506732883509e-05
9.696477841799998714e+03 2.547484179999947074e+01 2.935034970919814690e+00 1.985146853420795862e-04 2.210316663688268227e-04 -2.323287985865392927e-05
9.696813999999998487e+03 2.581099999999924322e+01 2.950027313268241969e+00 1.971647345843367436e-04 2.210650338066530050e-04 -2.465252361548515218e-05
9.697599915400000100e+03 2.659691540000085652e+01 2.984784585445760197e+00 1.948426284992448108e-04 2.210812166637133984e-04 -2.704005575372767965e-05
9.697947000000000116e+03 2.694400000000087303e+01 3.000006287254053383e+00 1.938090000000000006e-04 2.210640000000000098e-04 -2.807645438400000354e-05
9.698741038899999694e+03 2.773803890000045058e+01 3.034542429628755755e+00 1.927580864168256674e-04 2.211783195640936546e-04 -2.923626271039487699e-05
9.699099999999998545e+03 2.809699999999930142e+01 3.050026830034925585e+00 1.922829999999999884e-04 2.212299999999999944e-04 -2.976096574999999981e-05
9.699901212299999315e+03 2.889821230000007191e+01 3.084308105172127945e+00 1.921181048981212419e-04 2.213435791988044353e-04 -3.000720005339693288e-05
9.700270999999998821e+03 2.926799999999957791e+01 3.100002263475568842e+00 1.920419999999999885e-04 2.213960000000000060e-04 -3.012092580000000285e-05
9.701080435599998964e+03 3.007743559999972049e+01 3.134081239016385911e+00 1.926747326142737359e-04 2.215081384332493819e-04 -2.954906499248619668e-05
9.701461999999999534e+03 3.045900000000029095e+01 3.150018058521124598e+00 1.929730000000000106e-04 2.215610000000000019e-04 -2.927928614999999844e-05
9.702278708899999401e+03 3.127570890000015780e+01 3.183861485497795130e+00 1.942878338323967028e-04 2.216730443614876042e-04 -2.801183419729087821e-05
9.702671999999998661e+03 3.166899999999941784e+01 3.200031312660435834e+00 1.949209999999999994e-04 2.217270000000000135e-04 -2.740102265999999951e-05
9.703496031999999104e+03 3.249303199999985736e+01 3.233648508014075329e+00 1.969643041042345175e-04 2.219672308273615898e-04 -2.552611275580405202e-05
9.703899999999999636e+03 3.289700000000038926e+01 3.250001763731375171e+00 1.979659999999999948e-04 2.220850000000000124e-04 -2.460546340500000028e-05
9.704732405099999596e+03 3.372940510000034919e+01 3.283442006322759177e+00 2.003898462607371677e-04 2.223237828732372039e-04 -2.234912858794064160e-05
9.705147999999999229e+03 3.414499999999998181e+01 3.300010892760984582e+00 2.015999999999999943e-04 2.224430000000000114e-04 -2.122077302410000298e-05
9.705987828100000115e+03 3.498482810000086829e+01 3.333241686271595672e+00 2.043422011441988883e-04 2.226802994947119378e-04 -1.864868080600733520e-05
9.706414999999999054e+03 3.541199999999980719e+01 3.350017793679349598e+00 2.057369999999999989e-04 2.228010000000000103e-04 -1.733828469960000104e-05
9.707262300999998843e+03 3.625930099999959566e+01 3.383047274872586385e+00 2.087177074059098111e-04 2.230362149743390270e-04 -1.453366298398339292e-05
9.707700999999999112e+03 3.669799999999986539e+01 3.400022564798412805e+00 2.102609999999999982e-04 2.231579999999999935e-04 -1.307920111679999836e-05
9.708555823899998359e+03 3.755282389999911175e+01 3.432858518771883638e+00 2.134307263234482661e-04 2.234763482110344826e-04 -1.018000347392833640e-05
9.709005999999999403e+03 3.800300000000015643e+01 3.450025298726301148e+00 2.150999999999999971e-04 2.236440000000000021e-04 -8.649856623600000723e-06
9.709868396699999721e+03 3.886539670000047408e+01 3.482675171545251303e+00 2.182988143456948433e-04 2.239605595137462242e-04 -5.729173509473862914e-06
9.710329999999999927e+03 3.932700000000068030e+01 3.500026082775332892e+00 2.200109999999999913e-04 2.241300000000000106e-04 -4.162452708000000353e-06
9.711200019299998530e+03 4.019701929999928325e+01 3.532497000643313623e+00 2.231444946791511473e-04 2.244448394488458788e-04 -1.316701336359982022e-06
9.711672999999998865e+03 4.066999999999961801e+01 3.550024999335400278e+00 2.248480000000000129e-04 2.246159999999999921e-04 2.337309172799999825e-07
9.712550691899999947e+03 4.154769190000070012e+01 3.582323797420954303e+00 2.278135933361233388e-04 2.249291852154185103e-04 2.901934797053136100e-06
9.713034999999999854e+03 4.203200000000060754e+01 3.600022126216513296e+00 2.294499999999999936e-04 2.251020000000000007e-04 4.377423532799999781e-06
9.713920414499998515e+03 4.291741449999926772e+01 3.632155357434446508e+00 2.321594581296162313e-04 2.254488568026792345e-04 6.747048876328064120e-06
9.714415999999999258e+03 4.341300000000001091e+01 3.650017536962412823e+00 2.336759999999999901e-04 2.256430000000000078e-04 8.076552720499999641e-06
9.715309186899999986e+03 4.430618690000073912e+01 3.681991480160656138e+00 2.360410313130714244e-04 2.259881529377857185e-04 1.009550881779580297e-05
9.715815999999998894e+03 4.481299999999964712e+01 3.700011301139613185e+00 2.373830000000000005e-04 2.261839999999999879e-04 1.124383282399999861e-05
9.716717009299998608e+03 4.571400929999936125e+01 3.731831989836674079e+00 2.393545531194503058e-04 2.265268788033826639e-04 1.286442970810654637e-05
9.717234999999998763e+03 4.623199999999951615e+01 3.750003484602589143e+00 2.404879999999999919e-04 2.267240000000000065e-04 1.379830927800000050e-05
9.718143881599999077e+03 4.714088159999982963e+01 3.781676709539333103e+00 2.420543838554551903e-04 2.270656990587908161e-04 1.501128031895713424e-05
9.718673999999999069e+03 4.767099999999982174e+01 3.800028684936084922e+00 2.429680000000000088e-04 2.272649999999999866e-04 1.572042003300000128e-05
9.719589803799999572e+03 4.858680380000032528e+01 3.831525474962529376e+00 2.441320827986273156e-04 2.275868198665751557e-04 1.655199037414555510e-05
9.720130999999999403e+03 4.912800000000015643e+01 3.850017442479163332e+00 2.448199999999999769e-04 2.277769999999999979e-04 1.704448457690000045e-05
9.721054775900000095e+03 5.005177590000084820e+01 3.881378130227992163e+00 2.456611617951219421e-04 2.280968167241869847e-04 1.755354980528125463e-05
9.721606999999999971e+03 5.060400000000072396e+01 3.900004808457745220e+00 2.461639999999999965e-04 2.282879999999999935e-04 1.785851366400000064e-05
9.722538797999999588e+03 5.153579800000034083e+01 3.931234530690673967e+00 2.467395222941176744e-04 2.286069041283422484e-04 1.810353889673717705e-05
9.723102999999999156e+03 5.209999999999990905e+01 3.950024059474523952e+00 2.470880000000000168e-04 2.288000000000000049e-04 1.825219968000000003e-05
9.724041869899998346e+03 5.303886989999909929e+01 3.981094529051148356e+00 2.474458123727212846e-04 2.291175042198150523e-04 1.828139275389607644e-05
9.724616999999998370e+03 5.361399999999912325e+01 4.000008383005324575e+00 2.476649999999999945e-04 2.293119999999999891e-04 1.829928104960000049e-05
9.725563991799999712e+03 5.456099180000046545e+01 4.030957998310756629e+00 2.477804416340286800e-04 2.295675766657105643e-04 1.815263080606029837e-05
9.726150999999999840e+03 5.514800000000059299e+01 4.050023879390518999e+00 2.478520000000000115e-04 2.297260000000000025e-04 1.806154054459999865e-05
9.727105163599999287e+03 5.610216360000003988e+01 4.080824808021066730e+00 2.477782244639175442e-04 2.299805255994845257e-04 1.772748019385899192e-05
9.727702999999999520e+03 5.670000000000027285e+01 4.100005391753128947e+00 2.477320000000000195e-04 2.301399999999999887e-04 1.751777350599999962e-05
9.728665385399999650e+03 5.766238540000040302e+01 4.130694840378872357e+00 2.474344686358778689e-04 2.303934526435114463e-04 1.696336757013944615e-05
9.729274999999999636e+03 5.827200000000038926e+01 4.150017393579311431e+00 2.472460000000000109e-04 2.305540000000000020e-04 1.661153097699999930e-05
9.730244656999999279e+03 5.924165700000003199e+01 4.180567973776862623e+00 2.466764027433962308e-04 2.308070865754717005e-04 1.578767287282759556e-05
9.730864999999999782e+03 5.986200000000053478e+01 4.199996303673152909e+00 2.463119999999999958e-04 2.309690000000000039e-04 1.525963679509999917e-05
9.731842978599999697e+03 6.083997860000044966e+01 4.230444104743928513e+00 2.453564966845962975e-04 2.311281493125465799e-04 1.414909934945364104e-05
9.732474999999998545e+03 6.147199999999929787e+01 4.250005047121683255e+00 2.447390000000000026e-04 2.312310000000000092e-04 1.343059017300000046e-05
9.733460350100000142e+03 6.245735010000089460e+01 4.280323125427245579e+00 2.434439511577041193e-04 2.313900835336402833e-04 1.198435169762021064e-05
9.734103999999999360e+03 6.310100000000011278e+01 4.300012063680159535e+00 2.425980000000000107e-04 2.314940000000000032e-04 1.103855989599999901e-05
9.735096771499998795e+03 6.409377149999954781e+01 4.330204935968053448e+00 2.409739029344660317e-04 2.316518313913835080e-04 9.265952497938209100e-06
9.735751999999998588e+03 6.474899999999934153e+01 4.350017412904524150e+00 2.399020000000000080e-04 2.317560000000000084e-04 8.094704041200000914e-06
9.736752242799999294e+03 6.574924280000004728e+01 4.380089441051190136e+00 2.380029187390521642e-04 2.319132067268146356e-04 6.051460190032533060e-06
9.737418999999999869e+03 6.641600000000062209e+01 4.400021151641626993e+00 2.367369999999999934e-04 2.320179999999999866e-04 4.687900488200000268e-06
9.738426763999999821e+03 6.742376400000057401e+01 4.429976549649541795e+00 2.345600863060498217e-04 2.320705997817318952e-04 2.473549424736810501e-06
9.739104999999999563e+03 6.810200000000031650e+01 4.450023334181225643e+00 2.330950000000000036e-04 2.321059999999999898e-04 9.827019881000000117e-07
9.740120335199999317e+03 6.911733520000007047e+01 4.479866177715453368e+00 2.308660265961290348e-04 2.321578088929032138e-04 -1.283102801613296050e-06
9.740809999999999491e+03 6.980700000000024374e+01 4.500024012398609052e+00 2.293519999999999955e-04 2.321930000000000044e-04 -2.822723862400000344e-06
9.741832956299998841e+03 7.082995629999959419e+01 4.529758239105436068e+00 2.272182698058004553e-04 2.322446225046983636e-04 -4.993438219518508846e-06
9.742533999999999651e+03 7.153100000000040382e+01 4.550023235887238116e+00 2.257559999999999981e-04 2.322799999999999919e-04 -6.481610803999999716e-06
9.743564627299998392e+03 7.256162729999914518e+01 4.579652654291481717e+00 2.238603080184738874e-04 2.323320339658060767e-04 -8.415981620661034047e-06
9.744277000000000044e+03 7.327400000000079672e+01 4.600021052082966300e+00 2.225499999999999885e-04 2.323679999999999951e-04 -9.753530615999999126e-06
9.745315348199999789e+03 7.431234820000054242e+01 4.629549347170373252e+00 2.208928858465380085e-04 2.323167308209988678e-04 -1.134975188381369479e-05
9.746038999999998850e+03 7.503599999999960346e+01 4.650017506380134336e+00 2.197380000000000025e-04 2.322810000000000076e-04 -1.246178273759999940e-05
9.747085119100000156e+03 7.608211910000090938e+01 4.679448247685780160e+00 2.185121434240875726e-04 2.322298981686131349e-04 -1.362975068069358717e-05
9.747819999999999709e+03 7.681700000000046202e+01 4.700012642240491978e+00 2.176509999999999936e-04 2.321939999999999931e-04 -1.444992022739999958e-05
9.748873939899998732e+03 7.787093989999948462e+01 4.729349283185123376e+00 2.168904067054999989e-04 2.321436450936666660e-04 -1.515664256171109643e-05
9.749619999999998981e+03 7.861699999999973443e+01 4.750006501294677719e+00 2.163520000000000048e-04 2.321079999999999942e-04 -1.565672908599999853e-05
9.750681810599999153e+03 7.967881059999990612e+01 4.779252386793247709e+00 2.160432051636063642e-04 2.320572152159428362e-04 -1.591407648651466935e-05
9.751438999999998487e+03 8.043599999999923966e+01 4.799999123438042581e+00 2.158229999999999968e-04 2.320210000000000067e-04 -1.609752417160000018e-05
9.752508731199999602e+03 8.150573120000035487e+01 4.829157494396405959e+00 2.158340521439913078e-04 2.318918644228385047e-04 -1.595889543070390084e-05
9.753277999999998428e+03 8.227499999999918145e+01 4.850017605484029382e+00 2.158419999999999978e-04 2.317990000000000079e-04 -1.585929352169999950e-05
9.754354701700000078e+03 8.335170170000083090e+01 4.879064544501509282e+00 2.161898842326332804e-04 2.316697030268713041e-04 -1.538602295268678700e-05
9.755134999999998399e+03 8.413199999999915235e+01 4.900007590938541213e+00 2.164420000000000124e-04 2.315759999999999932e-04 -1.504336222080000017e-05
9.756219722099998762e+03 8.521672209999951519e+01 4.928973478103598538e+00 2.170462295279850873e-04 2.314476373634328328e-04 -1.431589974999877240e-05
9.757010999999998603e+03 8.600799999999935608e+01 4.949996455205663004e+00 2.174870000000000134e-04 2.313539999999999943e-04 -1.378573706879999911e-05
9.758103792500000054e+03 8.710079250000080719e+01 4.978884241197407690e+00 2.182691304970991498e-04 2.312260464477848120e-04 -1.288115789322762407e-05
9.758906999999999243e+03 8.790399999999999636e+01 5.000010478756691690e+00 2.188439999999999938e-04 2.311319999999999954e-04 -1.221692101079999939e-05
9.760006912799999554e+03 8.900391280000030747e+01 5.028796776700100502e+00 2.196927832840125309e-04 2.309550025379310202e-04 -1.119711125914738902e-05
9.760820999999999913e+03 8.981800000000066575e+01 5.049996940400661494e+00 2.203209999999999934e-04 2.308239999999999977e-04 -1.044330872639999958e-05
9.761929082999999082e+03 9.092608299999983501e+01 5.078711032355105459e+00 2.212377180972078595e-04 2.306481047150982374e-04 -9.356349455138491617e-06
9.762754999999999200e+03 9.175199999999995271e+01 5.100008115118021657e+00 2.219210000000000052e-04 2.305169999999999886e-04 -8.547247636200001092e-06
9.763870303199999398e+03 9.286730320000015126e+01 5.128626960497259191e+00 2.228729766689196111e-04 2.303411098896057251e-04 -7.425571273914931934e-06
9.764707999999998719e+03 9.370499999999947249e+01 5.150017800748490693e+00 2.235879999999999877e-04 2.302089999999999909e-04 -6.584207609000000387e-06
9.765830573199998980e+03 9.482757319999973333e+01 5.178544507694891053e+00 2.245562265043125351e-04 2.300335801392186584e-04 -5.446806106737428588e-06
9.766679000000000087e+03 9.567600000000084037e+01 5.200000802984041215e+00 2.252880000000000019e-04 2.299009999999999932e-04 -4.588318177800000542e-06
9.767809893199999351e+03 9.680689320000010412e+01 5.228463632595357069e+00 2.262547404452034208e-04 2.297107191250627694e-04 -3.436329252140281626e-06
9.768670000000000073e+03 9.766700000000082582e+01 5.250007878077645351e+00 2.269899999999999934e-04 2.295660000000000040e-04 -2.561451514800000215e-06
9.769808263099999749e+03 9.880526310000050216e+01 5.278384287950078857e+00 2.279544089847263682e-04 2.293757231832835807e-04 -1.412540972673061274e-06
9.770679999999998472e+03 9.967699999999922511e+01 5.300013583592266819e+00 2.286930000000000007e-04 2.292299999999999991e-04 -5.339362698000000074e-07
9.771825682999999117e+03 1.008226829999998699e+02 5.328306433205728609e+00 2.296410540941350338e-04 2.290402762503696281e-04 5.981508185621822740e-07
9.772708999999998923e+03 1.017059999999996762e+02 5.350017957931656909e+00 2.303720000000000095e-04 2.288939999999999942e-04 1.469705484600000102e-06
9.773862153000000035e+03 1.028591530000007879e+02 5.378230029313511018e+00 2.312851709882755326e-04 2.287047184132877191e-04 2.566319332845288621e-06
9.774755999999999403e+03 1.037530000000001564e+02 5.399996735496340072e+00 2.319929999999999996e-04 2.285579999999999893e-04 3.415090780199999871e-06
9.775917671999999584e+03 1.049146720000003370e+02 5.428155009647988471e+00 2.328776017068214801e-04 2.283832152917271256e-04 4.468801612272720698e-06
9.776822999999998501e+03 1.058199999999992542e+02 5.449998780035217649e+00 2.335670000000000085e-04 2.282469999999999985e-04 5.288871009900000099e-06
9.777992241999998441e+03 1.069892419999991944e+02 5.478081384275808041e+00 2.343590129175455430e-04 2.280721181668264564e-04 6.249655617521804379e-06
9.778908999999999651e+03 1.079060000000004038e+02 5.499999596267537427e+00 2.349800000000000033e-04 2.279349999999999920e-04 7.001935264999999318e-06
9.780085860999999568e+03 1.090828610000003209e+02 5.528009067939521515e+00 2.356425084489311155e-04 2.277611264745843219e-04 7.833538203610087582e-06
9.781013999999999214e+03 1.100109999999999673e+02 5.549999217391235362e+00 2.361650000000000132e-04 2.276240000000000012e-04 8.488485920799998776e-06
9.782198531000000003e+03 1.111955310000007557e+02 5.577938072542545811e+00 2.366624584048964309e-04 2.274500010960451830e-04 9.154688594038728585e-06
9.783137999999999010e+03 1.121349999999997635e+02 5.599997675417962562e+00 2.370569999999999904e-04 2.273119999999999947e-04 9.682331908799999483e-06
9.784330249999999069e+03 1.133272499999998217e+02 5.627868316290514095e+00 2.374028859608209028e-04 2.271746465718283488e-04 1.016100287781838201e-05
9.785281999999999243e+03 1.142789999999999964e+02 5.650018228480739424e+00 2.376789999999999990e-04 2.270650000000000088e-04 1.054269606950000092e-05
9.786481018999998923e+03 1.154780189999996765e+02 5.677799789606122083e+00 2.377932451036077709e-04 2.269280167932469889e-04 1.079019101546020715e-05
9.787443999999999505e+03 1.164410000000002583e+02 5.700014248130781169e+00 2.378849999999999899e-04 2.268179999999999957e-04 1.098874237319999951e-05
9.788650838999999905e+03 1.176478390000006584e+02 5.727732483245193684e+00 2.377494311989912978e-04 2.266813245149014216e-04 1.098806629268609669e-05
9.789625000000000000e+03 1.186220000000007531e+02 5.750009197659269766e+00 2.376400000000000083e-04 2.265710000000000098e-04 1.098751533080000035e-05
9.790839707999999519e+03 1.198367080000002716e+02 5.777666320140154355e+00 2.372507413000000021e-04 2.264346214200000057e-04 1.073463016817543816e-05
9.791824999999998909e+03 1.208219999999996617e+02 5.800003104738912008e+00 2.369349999999999939e-04 2.263239999999999968e-04 1.052972409999999908e-05
9.793047626999999920e+03 1.220446270000006734e+02 5.827601293422476125e+00 2.363594841373873841e-04 2.262402886018018014e-04 1.004030853166072547e-05
9.794045000000000073e+03 1.230420000000008258e+02 5.850018429255681163e+00 2.358899999999999929e-04 2.261719999999999887e-04 9.641327867599999065e-06
9.795274595999999292e+03 1.242715960000000450e+02 5.877537374128219305e+00 2.350938942788203688e-04 2.260879391474530616e-04 8.932641198338014829e-06
9.796282999999999447e+03 1.252800000000002001e+02 5.900010140629586175e+00 2.344410000000000005e-04 2.260189999999999920e-04 8.351831486100001021e-06
9.797520613999999114e+03 1.265176139999998668e+02 5.927474512128931394e+00 2.334643980797519009e-04 2.259351032600797379e-04 7.465021706516494711e-06
9.798539999999999054e+03 1.275369999999998072e+02 5.950000890250001007e+00 2.326600000000000120e-04 2.258659999999999954e-04 6.735075667399999491e-06
9.799785683000000063e+03 1.287826830000008158e+02 5.977412724835748037e+00 2.315571027984189936e-04 2.257822979802371385e-04 5.723502185353884552e-06
9.800816999999999098e+03 1.298139999999998508e+02 6.000012574508027718e+00 2.306440000000000096e-04 2.257129999999999987e-04 4.886573593499999491e-06
9.802069801999999981e+03 1.310668020000007346e+02 6.027351963762842324e+00 2.295527794344226578e-04 2.257069952845315727e-04 3.810342724363565752e-06
9.803111999999999171e+03 1.321089999999999236e+02 6.050001291221705380e+00 2.286450000000000038e-04 2.257019999999999881e-04 2.915076751199999614e-06
9.805426999999999680e+03 1.344240000000004329e+02 6.100010632707862257e+00 2.266159999999999865e-04 2.256910000000000047e-04 9.161316779299999638e-07
9.807759999999998399e+03 1.367569999999991524e+02 6.149997418191683884e+00 2.246639999999999889e-04 2.256790000000000055e-04 -1.004916991940000126e-06
9.810112999999999374e+03 1.391100000000001273e+02 6.200004526951174988e+00 2.228809999999999960e-04 2.256679999999999949e-04 -2.757843494399999980e-06
9.812484999999998763e+03 1.414819999999995161e+02 6.250010473767886765e+00 2.213369999999999986e-04 2.256570000000000114e-04 -4.273492266000000359e-06
9.814875999999998385e+03 1.438729999999991378e+02 6.300015286310384433e+00 2.200770000000000005e-04 2.256450000000000122e-04 -5.506053903000000705e-06
9.817284999999999854e+03 1.462820000000006075e+02 6.349998324608631783e+00 2.191270000000000045e-04 2.256340000000000017e-04 -6.432080747800000111e-06
9.819713999999999942e+03 1.487110000000006949e+02 6.400001109621363149e+00 2.184920000000000080e-04 2.256229999999999911e-04 -7.046409350699999279e-06
9.822161999999998443e+03 1.511589999999991960e+02 6.450002835760574982e+00 2.181630000000000049e-04 2.256109999999999919e-04 -7.357107026699999157e-06
9.824628999999998996e+03 1.536259999999997490e+02 6.500003527462714814e+00 2.181259999999999916e-04 2.256000000000000084e-04 -7.380684480000000785e-06
9.827114999999999782e+03 1.561120000000005348e+02 6.550003208417458644e+00 2.183610000000000054e-04 2.256570000000000114e-04 -7.203851502299999812e-06
9.829619999999998981e+03 1.586169999999997344e+02 6.600001901596151299e+00 2.188550000000000044e-04 2.257139999999999873e-04 -6.771668285399999391e-06
9.832143999999998414e+03 1.611409999999991669e+02 6.649999629278909197e+00 2.195870000000000103e-04 2.257709999999999904e-04 -6.104802685799999621e-06
9.834688000000000102e+03 1.636850000000008549e+02 6.700016000248186998e+00 2.205280000000000001e-04 2.258279999999999934e-04 -5.231870190000000328e-06
9.837250000000000000e+03 1.662470000000007531e+02 6.750011716064244105e+00 2.216390000000000103e-04 2.258849999999999964e-04 -4.190482988999999963e-06
9.839831000000000131e+03 1.688280000000008840e+02 6.800006531465275117e+00 2.228750000000000100e-04 2.259419999999999994e-04 -3.027080539200000170e-06
9.842430999999998676e+03 1.714279999999994288e+02 6.850000466166318525e+00 2.241810000000000005e-04 2.259990000000000024e-04 -1.794556359449999936e-06
9.845050999999999476e+03 1.740480000000002292e+02 6.900012558743820357e+00 2.255000000000000060e-04 2.260560000000000054e-04 -5.487577216799999458e-07
9.847688999999998487e+03 1.766859999999992397e+02 6.950004652114762926e+00 2.267779999999999894e-04 2.261130000000000084e-04 6.558837179700000598e-07
9.850346999999999753e+03 1.793440000000005057e+02 7.000014670259377958e+00 2.279650000000000036e-04 2.261700000000000114e-04 1.770171524100000125e-06
9.853022999999999229e+03 1.820199999999999818e+02 7.050005002305099744e+00 2.289090000000000135e-04 2.260850000000000012e-04 2.786542842000000108e-06
9.855718999999999141e+03 1.847159999999998945e+02 7.100013031469881497e+00 2.296929999999999979e-04 2.259990000000000024e-04 3.645002271600000150e-06
9.858432999999999083e+03 1.874299999999998363e+02 7.150001677678725187e+00 2.302869999999999993e-04 2.259139999999999922e-04 4.316945443199999626e-06
9.861166999999999462e+03 1.901640000000002146e+02 7.200007798635347456e+00 2.306719999999999897e-04 2.258279999999999934e-04 4.782946708799999756e-06
9.863920000000000073e+03 1.929170000000008258e+02 7.250012931543919237e+00 2.308380000000000013e-04 2.257430000000000103e-04 5.032872462100000682e-06
9.866690999999998894e+03 1.956879999999996471e+02 7.299999119448512097e+00 2.307850000000000071e-04 2.256580000000000001e-04 5.066112363199999443e-06
9.869481999999999971e+03 1.984790000000007240e+02 7.350002458923351689e+00 2.305220000000000131e-04 2.255720000000000012e-04 4.891867177999999857e-06
9.872291999999999462e+03 2.012890000000002146e+02 7.400004867968136502e+00 2.300679999999999934e-04 2.254869999999999910e-04 4.529154430699999731e-06
9.875120999999999185e+03 2.041179999999999382e+02 7.450006365317275225e+00 2.294529999999999866e-04 2.254009999999999922e-04 4.005984352699999297e-06
9.877968999999999141e+03 2.069659999999998945e+02 7.500006969205210261e+00 2.287110000000000130e-04 2.253160000000000091e-04 3.357794221599999982e-06
9.880835999999999331e+03 2.098330000000000837e+02 7.550006697383025767e+00 2.276819999999999929e-04 2.250379999999999958e-04 2.615549162600000046e-06
9.883721999999999753e+03 2.127190000000005057e+02 7.600005567134368256e+00 2.266059999999999917e-04 2.247609999999999983e-04 1.825672917530000012e-06
9.886626999999998588e+03 2.156239999999993415e+02 7.650003595290709058e+00 2.255240000000000044e-04 2.244840000000000008e-04 1.029328730040000143e-06
9.889550999999999476e+03 2.185480000000002292e+02 7.700000798246167122e+00 2.244710000000000130e-04 2.242070000000000033e-04 2.613379212700000223e-07
9.892494999999998981e+03 2.214919999999997344e+02 7.750014125397243880e+00 2.234740000000000088e-04 2.239300000000000058e-04 -4.522020026999999876e-07
9.895456999999998516e+03 2.244539999999992688e+02 7.800009616915430044e+00 2.225489999999999999e-04 2.236530000000000083e-04 -1.094477266920000150e-06
9.898438000000000102e+03 2.274350000000008549e+02 7.850004331313012784e+00 2.217049999999999924e-04 2.233760000000000107e-04 -1.656750753120000151e-06
9.901438000000000102e+03 2.304350000000008549e+02 7.899998283343832028e+00 2.209459999999999950e-04 2.230979999999999975e-04 -2.135804162219999878e-06
9.904457999999998719e+03 2.334549999999994725e+02 7.950007994830712299e+00 2.202720000000000079e-04 2.228210000000000000e-04 -2.530823200099999718e-06
9.907495999999999185e+03 2.364929999999999382e+02 8.000000361760031709e+00 2.196839999999999926e-04 2.225440000000000024e-04 -2.840529361599999861e-06
9.910554000000000087e+03 2.395510000000008404e+02 8.050008312063031468e+00 2.191349999999999949e-04 2.222179999999999924e-04 -3.063119577399999579e-06
9.913629999999999200e+03 2.426269999999999527e+02 8.099999153682540864e+00 2.186810000000000023e-04 2.218929999999999980e-04 -3.191265126000000175e-06
9.916725999999998749e+03 2.457229999999995016e+02 8.150005406186343393e+00 2.183289999999999894e-04 2.215669999999999879e-04 -3.218526555399999509e-06
9.919840999999998530e+03 2.488379999999992833e+02 8.200010783506229473e+00 2.180849999999999965e-04 2.212410000000000049e-04 -3.138038095799999834e-06
9.922973999999998341e+03 2.519709999999990941e+02 8.249999394401276831e+00 2.179539999999999939e-04 2.209149999999999948e-04 -2.944995773499999723e-06
9.926126999999998588e+03 2.551239999999993415e+02 8.300003164545133316e+00 2.179369999999999973e-04 2.205900000000000005e-04 -2.639050523999999952e-06
9.929298999999999069e+03 2.582959999999998217e+02 8.350006104958250575e+00 2.180259999999999891e-04 2.202639999999999904e-04 -2.226318379999999940e-06
9.932489999999999782e+03 2.614870000000005348e+02 8.400008230458103853e+00 2.182089999999999974e-04 2.199380000000000074e-04 -1.720594768419999978e-06
9.935699999999998909e+03 2.646969999999996617e+02 8.450009555511179826e+00 2.184640000000000009e-04 2.196119999999999973e-04 -1.143282503039999945e-06
9.938929000000000087e+03 2.679260000000008404e+02 8.500010094243423353e+00 2.187620000000000038e-04 2.192870000000000030e-04 -5.222802336400000297e-07
9.942176999999999680e+03 2.711740000000004329e+02 8.550009860450012766e+00 2.191770000000000057e-04 2.190639999999999883e-04 1.126560717039999918e-07
9.945443999999999505e+03 2.744410000000002583e+02 8.600008867605186680e+00 2.195769999999999883e-04 2.188419999999999894e-04 7.326151749799999363e-07
9.948729999999999563e+03 2.777270000000003165e+02 8.650007128871411766e+00 2.199280000000000126e-04 2.186190000000000019e-04 1.303867764090000086e-06
9.952034999999999854e+03 2.810320000000006075e+02 8.700004657108388884e+00 2.201989999999999969e-04 2.183970000000000030e-04 1.795457024790000064e-06
9.955358999999998559e+03 2.843559999999993124e+02 8.750001464881682622e+00 2.203639999999999928e-04 2.181750000000000041e-04 2.181749999999999906e-06
9.958702999999999520e+03 2.877000000000002728e+02 8.800012477433813984e+00 2.204049999999999879e-04 2.179519999999999895e-04 2.444615017600000035e-06
9.962064999999998690e+03 2.910619999999994434e+02 8.850007796595477316e+00 2.203130000000000030e-04 2.177299999999999906e-04 2.574831433999999784e-06
9.965445999999999913e+03 2.944430000000006658e+02 8.900002432255522677e+00 2.200880000000000111e-04 2.175079999999999917e-04 2.572662873199999992e-06
9.968846999999999753e+03 2.978440000000005057e+02 8.950011058894952853e+00 2.197389999999999912e-04 2.172850000000000042e-04 2.447454782999999842e-06
9.972265999999999622e+03 3.012630000000003747e+02 9.000004280209035201e+00 2.192849999999999986e-04 2.170630000000000053e-04 2.216408586699999977e-06
9.975704999999999927e+03 3.047020000000006803e+02 9.050011353531813185e+00 2.188679999999999922e-04 2.169469999999999949e-04 1.915720110920000210e-06
9.979161999999998443e+03 3.081589999999991960e+02 9.100003207888404333e+00 2.183870000000000082e-04 2.168320000000000002e-04 1.551016642560000027e-06
9.982638999999999214e+03 3.116359999999999673e+02 9.150008777806666771e+00 2.178670000000000064e-04 2.167170000000000056e-04 1.147416825180000176e-06
9.986134000000000015e+03 3.151310000000007676e+02 9.199999310519000773e+00 2.173309999999999966e-04 2.166009999999999951e-04 7.285136373899999238e-07
9.989648999999999432e+03 3.186460000000001855e+02 9.250003424809930763e+00 2.168010000000000000e-04 2.164860000000000005e-04 3.145108607999999851e-07
9.993182999999999083e+03 3.221799999999998363e+02 9.300006790426756709e+00 2.162909999999999930e-04 2.163699999999999901e-04 -7.885042087999999518e-08
9.996735999999998967e+03 3.257329999999997199e+02 9.350009419381093423e+00 2.158139999999999907e-04 2.162549999999999954e-04 -4.403622190499999940e-07
1.000030799999999908e+04 3.293049999999998363e+02 9.400011323428792309e+00 2.153749999999999903e-04 2.161390000000000121e-04 -7.626507842799999773e-07
1.000389799999999923e+04 3.328949999999999818e+02 9.449998626873716390e+00 2.149809999999999937e-04 2.160239999999999903e-04 -1.040972130720000009e-06
1.000750799999999981e+04 3.365050000000005639e+02 9.499999188477623591e+00 2.146349999999999940e-04 2.159089999999999957e-04 -1.271829237219999985e-06
1.001113699999999881e+04 3.401339999999995598e+02 9.549999058208248570e+00 2.143129999999999927e-04 2.157770000000000044e-04 -1.462003536810000089e-06
1.001478499999999985e+04 3.437820000000006075e+02 9.599998246876134900e+00 2.140450000000000013e-04 2.156450000000000131e-04 -1.597963953200000138e-06
1.001845299999999952e+04 3.474500000000002728e+02 9.650010364455864575e+00 2.138370000000000060e-04 2.155140000000000105e-04 -1.674895067820000151e-06
1.002213899999999921e+04 3.511359999999999673e+02 9.700008152441807141e+00 2.136919999999999998e-04 2.153819999999999921e-04 -1.688295499019999799e-06
1.002584399999999914e+04 3.548409999999998945e+02 9.750005291194076662e+00 2.136139999999999914e-04 2.152509999999999894e-04 -1.635029375919999919e-06
1.002956799999999930e+04 3.585650000000000546e+02 9.800001790649350397e+00 2.136030000000000079e-04 2.151189999999999982e-04 -1.514401189769999992e-06
1.003331199999999990e+04 3.623090000000006512e+02 9.850010983800132180e+00 2.136569999999999908e-04 2.149879999999999955e-04 -1.329217056999999846e-06
1.003707399999999870e+04 3.660709999999994579e+02 9.900006166386301487e+00 2.137689999999999924e-04 2.148560000000000042e-04 -1.086322678800000148e-06
1.004085499999999956e+04 3.698520000000003165e+02 9.950000738971519709e+00 2.139269999999999865e-04 2.147240000000000129e-04 -7.967484326800000227e-07
1.004465599999999904e+04 3.736529999999997926e+02 1.000000783411768523e+01 2.141169999999999966e-04 2.145930000000000103e-04 -4.751711339699999691e-07
1.004847499999999854e+04 3.774719999999992979e+02 1.005000114868389538e+01 2.141970000000000094e-04 2.143360000000000024e-04 -1.393889165439999932e-07
1.005231399999999849e+04 3.813109999999992397e+02 1.010000687428058086e+01 2.142740000000000020e-04 2.140789999999999946e-04 1.950396700559999940e-07
1.005617099999999846e+04 3.851679999999992106e+02 1.014999896855825234e+01 2.143330000000000094e-04 2.138219999999999867e-04 5.101258364999999608e-07
1.006004799999999886e+04 3.890449999999996180e+02 1.020000336415566800e+01 2.143550000000000034e-04 2.135650000000000059e-04 7.893212904500000679e-07
1.006394399999999951e+04 3.929410000000002583e+02 1.025000707772357167e+01 2.143280000000000120e-04 2.133089999999999867e-04 1.018814978159999872e-06
1.006785899999999856e+04 3.968559999999993124e+02 1.030001011919513587e+01 2.142409999999999974e-04 2.130520000000000059e-04 1.188527626160000057e-06
1.007179199999999946e+04 4.007890000000002146e+02 1.034999981869143859e+01 2.140880000000000007e-04 2.127949999999999980e-04 1.292733880900000037e-06
1.007574499999999898e+04 4.047419999999997344e+02 1.040000160596803624e+01 2.138680000000000062e-04 2.125379999999999902e-04 1.330200953700000047e-06
1.007971699999999873e+04 4.087139999999994870e+02 1.045000274922957395e+01 2.135849999999999956e-04 2.122810000000000094e-04 1.303906323160000166e-06
1.008370799999999872e+04 4.127049999999994725e+02 1.050000325767647524e+01 2.132450000000000090e-04 2.120240000000000015e-04 1.220352897520000004e-06
1.008771799999999894e+04 4.167149999999996908e+02 1.055000314033463127e+01 2.128560000000000098e-04 2.117669999999999937e-04 1.088634852239999850e-06
1.009174699999999939e+04 4.207440000000001419e+02 1.060000240605951660e+01 2.124299999999999973e-04 2.115110000000000015e-04 9.193790939199999750e-07
1.009579500000000007e+04 4.247920000000008258e+02 1.065000106354020559e+01 2.119769999999999933e-04 2.112539999999999937e-04 7.237266284400000325e-07
1.009986199999999917e+04 4.288589999999999236e+02 1.069999912130323594e+01 2.115089999999999971e-04 2.109970000000000129e-04 5.125074930600000417e-07
1.010394899999999870e+04 4.329459999999994579e+02 1.075000879554092670e+01 2.110360000000000035e-04 2.107400000000000050e-04 2.956450386000000004e-07
1.010805400000000009e+04 4.370510000000008404e+02 1.080000562230299543e+01 2.105649999999999872e-04 2.104829999999999971e-04 8.185662821699999788e-08
1.011217799999999988e+04 4.411750000000006366e+02 1.085000187451079867e+01 2.101050000000000086e-04 2.102259999999999893e-04 -1.214008900279999853e-07
1.011632200000000012e+04 4.453190000000008695e+02 1.090000959989642304e+01 2.096619999999999994e-04 2.099690000000000085e-04 -3.078292518300000217e-07
1.012048399999999856e+04 4.494809999999993124e+02 1.095000467159860413e+01 2.092410000000000114e-04 2.097129999999999893e-04 -4.721310711599999184e-07
1.012466499999999905e+04 4.536619999999998072e+02 1.099999919253505354e+01 2.088459999999999991e-04 2.094560000000000085e-04 -6.098541841599999794e-07
1.012886599999999999e+04 4.578630000000007385e+02 1.105000504657564164e+01 2.085190000000000004e-04 2.092429999999999887e-04 -7.244369297399999824e-07
1.013308499999999913e+04 4.620819999999998799e+02 1.109999843478247072e+01 2.082239999999999905e-04 2.090310000000000117e-04 -8.074303146300000762e-07
1.013732399999999870e+04 4.663209999999994579e+02 1.115000306461097779e+01 2.079620000000000123e-04 2.088190000000000076e-04 -8.563103378700001143e-07
1.014158199999999852e+04 4.705789999999992688e+02 1.120000706816911240e+01 2.077369999999999933e-04 2.086059999999999878e-04 -8.695741110000000073e-07
1.014585800000000017e+04 4.748550000000009277e+02 1.124999878855521018e+01 2.075470000000000103e-04 2.083940000000000109e-04 -8.469944896600000466e-07
1.015015399999999863e+04 4.791509999999993852e+02 1.130000161609648579e+01 2.073909999999999935e-04 2.081820000000000068e-04 -7.897592352000000201e-07
1.015446899999999914e+04 4.834659999999998945e+02 1.135000384152428943e+01 2.072680000000000084e-04 2.079689999999999870e-04 -7.005872499899999611e-07
1.015880299999999988e+04 4.878000000000006366e+02 1.140000547276149589e+01 2.071730000000000034e-04 2.077570000000000100e-04 -5.837036793500000725e-07
1.016315599999999904e+04 4.921529999999997926e+02 1.145000651759249344e+01 2.070990000000000038e-04 2.075439999999999902e-04 -4.446858498400000034e-07
1.016752799999999843e+04 4.965249999999991815e+02 1.150000698366623020e+01 2.070420000000000008e-04 2.073320000000000132e-04 -2.902316268800000463e-07
1.017191899999999987e+04 5.009160000000006221e+02 1.155000687849912389e+01 2.069919999999999996e-04 2.071200000000000092e-04 -1.278278361600000095e-07
1.017632899999999972e+04 5.053260000000004766e+02 1.160000620947784356e+01 2.069419999999999983e-04 2.069069999999999894e-04 3.463167984599999944e-08
1.018075799999999981e+04 5.097550000000005639e+02 1.165000498386224237e+01 2.068849999999999953e-04 2.066950000000000124e-04 1.892861136249999937e-07
1.018520599999999831e+04 5.142029999999990650e+02 1.170000320878794042e+01 2.068120000000000114e-04 2.064830000000000083e-04 3.287663622600000291e-07
1.018967299999999886e+04 5.186699999999996180e+02 1.175000089126910119e+01 2.067179999999999951e-04 2.062699999999999885e-04 4.466591206999999801e-07
1.019415999999999985e+04 5.231570000000006075e+02 1.180000915973525721e+01 2.065969999999999872e-04 2.060580000000000116e-04 5.379308936399999997e-07
1.019866499999999905e+04 5.276619999999998072e+02 1.185000573097321741e+01 2.064459999999999950e-04 2.058460000000000075e-04 5.992691675000000427e-07
1.020318899999999849e+04 5.321859999999992397e+02 1.190000178050000201e+01 2.062640000000000025e-04 2.056329999999999877e-04 6.292781065999999630e-07
1.020773300000000017e+04 5.367300000000009277e+02 1.195000829679810650e+01 2.060510000000000098e-04 2.054210000000000107e-04 6.285225252800000485e-07
1.021229500000000007e+04 5.412920000000008258e+02 1.200000327668433187e+01 2.058089999999999941e-04 2.052090000000000066e-04 5.993457179399999530e-07
1.021687699999999859e+04 5.458739999999993415e+02 1.205000864535623961e+01 2.055410000000000028e-04 2.049890000000000121e-04 5.513527636300000124e-07
1.022147699999999895e+04 5.504739999999997053e+02 1.210000258244341076e+01 2.052509999999999903e-04 2.047689999999999905e-04 4.813402498500000483e-07
1.022609699999999975e+04 5.550940000000005057e+02 1.215000683139516369e+01 2.049440000000000083e-04 2.045489999999999960e-04 3.941127402599999527e-07
1.023073499999999876e+04 5.597319999999995161e+02 1.219999975163982775e+01 2.046250000000000000e-04 2.043290000000000015e-04 2.947691019799999739e-07
1.023539300000000003e+04 5.643900000000007822e+02 1.225000290787352419e+01 2.042980000000000013e-04 2.041090000000000070e-04 1.883207606320000138e-07
1.024006999999999971e+04 5.690670000000004620e+02 1.230000550582601626e+01 2.039689999999999982e-04 2.038890000000000125e-04 7.945126163099999491e-08
1.024476599999999962e+04 5.737630000000003747e+02 1.235000755227841118e+01 2.036419999999999994e-04 2.036700000000000066e-04 -2.760950520000000149e-08
1.024947999999999956e+04 5.784770000000003165e+02 1.239999847050670034e+01 2.033199999999999981e-04 2.034500000000000121e-04 -1.291004182000000089e-07
1.025421399999999994e+04 5.832110000000006949e+02 1.244999947637099247e+01 2.030079999999999916e-04 2.032299999999999905e-04 -2.216792193999999899e-07
1.025896699999999873e+04 5.879639999999994870e+02 1.249999995009000209e+01 2.027069999999999957e-04 2.030099999999999960e-04 -3.023610638999999890e-07
1.026373899999999958e+04 5.927360000000003311e+02 1.254999989802412586e+01 2.024209999999999920e-04 2.027900000000000015e-04 -3.685039042999999832e-07
1.026852999999999884e+04 5.975269999999995889e+02 1.259999932643266618e+01 2.021509999999999963e-04 2.025700000000000070e-04 -4.178310105000000425e-07
1.027334099999999853e+04 6.023379999999992833e+02 1.265000861571392399e+01 2.019009999999999902e-04 2.023500000000000125e-04 -4.485532920000000598e-07
1.027817000000000007e+04 6.071670000000008258e+02 1.270000698261308258e+01 2.016700000000000122e-04 2.021299999999999909e-04 -4.595001076999999617e-07
1.028301800000000003e+04 6.120150000000007822e+02 1.275000484849900495e+01 2.014589999999999968e-04 2.019110000000000121e-04 -4.502877784300000117e-07
1.028788499999999840e+04 6.168819999999991524e+02 1.280000221924268899e+01 2.012679999999999981e-04 2.016909999999999905e-04 -4.214353614099999990e-07
1.029277099999999882e+04 6.217679999999995744e+02 1.284999910062373907e+01 2.010950000000000118e-04 2.014709999999999960e-04 -3.744318387899999908e-07
1.029767699999999968e+04 6.266740000000004329e+02 1.290000567152118727e+01 2.009380000000000064e-04 2.012510000000000015e-04 -3.117196864099999591e-07
1.030260099999999875e+04 6.315979999999995016e+02 1.295000155188320790e+01 2.007939999999999888e-04 2.010310000000000070e-04 -2.365873529700000083e-07
1.030754500000000007e+04 6.365420000000008258e+02 1.300000705492544739e+01 2.006579999999999887e-04 2.008110000000000125e-04 -1.529866554840000106e-07
1.031250699999999961e+04 6.415040000000003602e+02 1.305000195753610193e+01 2.004519999999999978e-04 2.005189999999999956e-04 -6.643575456100000045e-08
1.031748899999999958e+04 6.464860000000003311e+02 1.310000641683489953e+01 2.002469999999999955e-04 2.002259999999999901e-04 2.062407890400000085e-08
1.032248899999999958e+04 6.514860000000003311e+02 1.315000036425042218e+01 2.000380000000000116e-04 1.999330000000000118e-04 1.040717242890000036e-07
1.032750900000000001e+04 6.565060000000007676e+02 1.320000380319232036e+01 1.998210000000000101e-04 1.996409999999999949e-04 1.800456369270000038e-07
1.033254799999999886e+04 6.615449999999996180e+02 1.325000672174696525e+01 1.995939999999999867e-04 1.993479999999999894e-04 2.451023529599999842e-07
1.033760499999999956e+04 6.666020000000003165e+02 1.329999925855785392e+01 1.993519999999999982e-04 1.990550000000000110e-04 2.963909044499999838e-07
1.034268199999999888e+04 6.716789999999996326e+02 1.335000119081543346e+01 1.990949999999999903e-04 1.987629999999999942e-04 3.318328408699999871e-07
1.034777799999999843e+04 6.767749999999991815e+02 1.340000261975536233e+01 1.988210000000000129e-04 1.984699999999999887e-04 3.502717642000000090e-07
1.035289300000000003e+04 6.818900000000007822e+02 1.345000355099102229e+01 1.985300000000000118e-04 1.981770000000000103e-04 3.515719433100000014e-07
1.035802700000000004e+04 6.870240000000007967e+02 1.350000399005252838e+01 1.982219999999999870e-04 1.978849999999999934e-04 3.366043638499999789e-07
1.036317999999999847e+04 6.921769999999992251e+02 1.355000394238834893e+01 1.979000000000000127e-04 1.975919999999999879e-04 3.071172455999999954e-07
1.036835199999999895e+04 6.973489999999997053e+02 1.360000341336681018e+01 1.975649999999999965e-04 1.972990000000000095e-04 2.655249942000000117e-07
1.037354299999999967e+04 7.025400000000004184e+02 1.365000240827748001e+01 1.972219999999999898e-04 1.970069999999999927e-04 2.146273060799999640e-07
1.037875299999999879e+04 7.077499999999995453e+02 1.370000093233265481e+01 1.968720000000000084e-04 1.967139999999999872e-04 1.573462173219999765e-07
1.038398199999999997e+04 7.129790000000007240e+02 1.374999899066882669e+01 1.965179999999999911e-04 1.964210000000000088e-04 9.653542171200000273e-08
1.038923099999999977e+04 7.182280000000005202e+02 1.380000609806771728e+01 1.961640000000000009e-04 1.961289999999999919e-04 3.486389104000000138e-08
1.039449799999999959e+04 7.234950000000003456e+02 1.385000320574944155e+01 1.958109999999999994e-04 1.958360000000000135e-04 -2.520487654400000165e-08
1.039978399999999965e+04 7.287810000000004038e+02 1.389999986292721168e+01 1.954620000000000066e-04 1.955430000000000080e-04 -8.138753865900000295e-08
1.040509000000000015e+04 7.340870000000008986e+02 1.395000548190996170e+01 1.951189999999999999e-04 1.952509999999999912e-04 -1.315650050749999951e-07
1.041041399999999885e+04 7.394109999999996035e+02 1.400000121894674088e+01 1.947840000000000107e-04 1.949580000000000128e-04 -1.738073964960000175e-07
1.041575799999999981e+04 7.447550000000005639e+02 1.405000586055172107e+01 1.945190000000000124e-04 1.947279999999999964e-04 -2.089684586400000054e-07
1.042111999999999898e+04 7.501169999999997344e+02 1.410000069722749849e+01 1.942640000000000089e-04 1.944980000000000070e-04 -2.339421944000000137e-07
1.042650199999999859e+04 7.554989999999993415e+02 1.415000438190493881e+01 1.940199999999999889e-04 1.942679999999999906e-04 -2.477888339999999764e-07
1.043190299999999843e+04 7.608999999999991815e+02 1.420000757927913959e+01 1.937870000000000066e-04 1.940380000000000013e-04 -2.500781147799999916e-07
1.043732200000000012e+04 7.663190000000008695e+02 1.425000108506987928e+01 1.935670000000000121e-04 1.938080000000000119e-04 -2.409266009600000131e-07
1.044276099999999860e+04 7.717579999999993561e+02 1.430000335535745037e+01 1.933570000000000124e-04 1.935779999999999955e-04 -2.210041310399999765e-07
1.044821899999999914e+04 7.772159999999998945e+02 1.435000515329243242e+01 1.931559999999999918e-04 1.933480000000000062e-04 -1.915206680520000126e-07
1.045369599999999991e+04 7.826930000000006658e+02 1.440000648379532677e+01 1.929640000000000044e-04 1.931179999999999898e-04 -1.541637819839999777e-07
1.045919199999999910e+04 7.881889999999998508e+02 1.445000735171847950e+01 1.927769999999999874e-04 1.928880000000000004e-04 -1.109991355919999959e-07
1.046470699999999852e+04 7.937039999999992688e+02 1.450000776184729290e+01 1.925940000000000063e-04 1.926580000000000111e-04 -6.434353352400000243e-08
1.047024099999999999e+04 7.992380000000007385e+02 1.455000771890134814e+01 1.924119999999999867e-04 1.924279999999999947e-04 -1.661563824439999985e-08
1.047579399999999987e+04 8.047910000000006221e+02 1.460000722753548708e+01 1.922279999999999898e-04 1.921980000000000053e-04 2.981798211600000104e-08
1.048136599999999999e+04 8.103630000000007385e+02 1.465000629234100771e+01 1.920409999999999999e-04 1.919679999999999889e-04 7.278505113599999314e-08
1.048695699999999852e+04 8.159539999999992688e+02 1.470000491784666963e+01 1.918490000000000126e-04 1.917379999999999996e-04 1.104236398419999940e-07
1.049256699999999910e+04 8.215639999999998508e+02 1.475000310851984153e+01 1.916499999999999964e-04 1.915080000000000103e-04 1.412664507240000157e-07
1.049819599999999991e+04 8.271930000000006658e+02 1.480000086876742849e+01 1.914429999999999897e-04 1.912790000000000096e-04 1.642841772880000139e-07
1.050384499999999935e+04 8.328420000000000982e+02 1.485000704025161866e+01 1.912279999999999926e-04 1.910489999999999931e-04 1.788933163259999997e-07
1.050951199999999881e+04 8.385089999999995598e+02 1.490000392297867293e+01 1.910039999999999893e-04 1.908190000000000038e-04 1.849392941530000049e-07
1.051519799999999850e+04 8.441949999999992542e+02 1.495000038834715639e+01 1.907719999999999956e-04 1.905889999999999874e-04 1.826547799299999658e-07
1.052090399999999863e+04 8.499009999999993852e+02 1.500000518947294026e+01 1.905320000000000115e-04 1.903589999999999980e-04 1.726063100189999980e-07
1.052662799999999879e+04 8.556249999999995453e+02 1.505000080352494152e+01 1.902229999999999980e-04 1.900650000000000039e-04 1.567667523900000057e-07
1.053237199999999939e+04 8.613690000000001419e+02 1.510000470376822257e+01 1.899079999999999985e-04 1.897719999999999984e-04 1.350905266040000070e-07
1.053813400000000001e+04 8.671310000000007676e+02 1.514999948352456727e+01 1.895880000000000015e-04 1.894789999999999929e-04 1.086550272389999889e-07
1.054391599999999926e+04 8.729130000000000109e+02 1.520000250044720680e+01 1.892650000000000116e-04 1.891859999999999874e-04 7.865124170999999150e-08
1.054971699999999873e+04 8.787139999999994870e+02 1.525000506799754874e+01 1.889390000000000015e-04 1.888930000000000090e-04 4.634640869400000222e-08
1.055553699999999844e+04 8.845339999999991960e+02 1.530000719058143055e+01 1.886129999999999914e-04 1.885989999999999878e-04 1.305325740829999857e-08
1.056137500000000000e+04 8.903720000000007531e+02 1.535000032309406492e+01 1.882859999999999927e-04 1.883060000000000094e-04 -1.989509381799999997e-08
1.056723300000000017e+04 8.962300000000009277e+02 1.540000159649233424e+01 1.879619999999999869e-04 1.880130000000000039e-04 -5.117225026200000618e-08
1.057310999999999876e+04 9.021069999999995161e+02 1.545000243762076586e+01 1.876400000000000127e-04 1.877199999999999984e-04 -7.949134804000000463e-08
1.057900599999999940e+04 9.080030000000001564e+02 1.550000285066271566e+01 1.873230000000000088e-04 1.874269999999999929e-04 -1.036533160909999953e-07
1.058492099999999846e+04 9.139179999999992106e+02 1.555000283974763242e+01 1.870110000000000023e-04 1.871329999999999988e-04 -1.226093544669999919e-07
1.059085499999999956e+04 9.198520000000003165e+02 1.560000240895206147e+01 1.867039999999999932e-04 1.868399999999999933e-04 -1.355372859599999905e-07
1.059680799999999908e+04 9.258049999999998363e+02 1.565000156230034989e+01 1.864050000000000017e-04 1.865469999999999878e-04 -1.419092876519999972e-07
1.060277999999999884e+04 9.317769999999995889e+02 1.570000030376558620e+01 1.861119999999999962e-04 1.862540000000000094e-04 -1.415526674920000206e-07
1.060877199999999903e+04 9.377689999999997781e+02 1.575000696959561886e+01 1.858259999999999925e-04 1.859610000000000039e-04 -1.346768613810000065e-07
1.061478199999999924e+04 9.437789999999999964e+02 1.580000487264585551e+01 1.855450000000000133e-04 1.856670000000000098e-04 -1.218643921200000091e-07
1.062081099999999969e+04 9.498080000000004475e+02 1.585000237559912861e+01 1.852699999999999931e-04 1.853740000000000043e-04 -1.040263275800000166e-07
1.062685899999999856e+04 9.558559999999993124e+02 1.589999948222973103e+01 1.849990000000000087e-04 1.850809999999999988e-04 -8.232106750400000037e-08
1.063292699999999968e+04 9.619240000000004329e+02 1.595000442411063446e+01 1.847300000000000016e-04 1.847879999999999933e-04 -5.805854171999999482e-08
1.063901299999999901e+04 9.680099999999997635e+02 1.600000072352006342e+01 1.844620000000000103e-04 1.844949999999999878e-04 -3.259731457999999869e-08
1.064511899999999878e+04 9.741159999999995307e+02 1.605000481439090265e+01 1.842079999999999954e-04 1.842160000000000130e-04 -7.785355013600001270e-09
1.065124299999999857e+04 9.802399999999993270e+02 1.610000032175624085e+01 1.839529999999999920e-04 1.839370000000000111e-04 1.601182621220000304e-08
1.065738699999999881e+04 9.863839999999995598e+02 1.615000357724312252e+01 1.836960000000000112e-04 1.836580000000000092e-04 3.785926012000000324e-08
1.066354999999999927e+04 9.925470000000000255e+02 1.620000640823710469e+01 1.834369999999999989e-04 1.833790000000000073e-04 5.700831338299999646e-08
1.066973099999999977e+04 9.987280000000005202e+02 1.625000074271174100e+01 1.831740000000000050e-04 1.831009999999999940e-04 7.290294485699999362e-08
1.067593199999999888e+04 1.004928999999999633e+03 1.630000276120146196e+01 1.829070000000000023e-04 1.828219999999999921e-04 8.516781152199998989e-08
1.068215200000000004e+04 1.011149000000000797e+03 1.635000436665880486e+01 1.826370000000000066e-04 1.825429999999999902e-04 9.358815321300000346e-08
1.068839099999999962e+04 1.017388000000000375e+03 1.640000556286158684e+01 1.823620000000000135e-04 1.822639999999999883e-04 9.808373122399999071e-08
1.069464899999999943e+04 1.023646000000000186e+03 1.645000635354173113e+01 1.820840000000000002e-04 1.819850000000000135e-04 9.868718977000001188e-08
1.070092599999999948e+04 1.029923000000000229e+03 1.650000674238584963e+01 1.818020000000000053e-04 1.817070000000000002e-04 9.552918452400000579e-08
1.070722199999999975e+04 1.036219000000000506e+03 1.655000673303599612e+01 1.815169999999999902e-04 1.814279999999999983e-04 8.883095878799999482e-08
1.071353700000000026e+04 1.042534000000001015e+03 1.660000632909029861e+01 1.812279999999999935e-04 1.811489999999999964e-04 7.890886669800000060e-08
1.071987099999999919e+04 1.048867999999999938e+03 1.665000553410363437e+01 1.809360000000000037e-04 1.808699999999999945e-04 6.617852430000000540e-08
1.072622399999999834e+04 1.055220999999999094e+03 1.670000435158830854e+01 1.806429999999999982e-04 1.805909999999999926e-04 5.115944379899999909e-08
1.073259599999999955e+04 1.061593000000000302e+03 1.675000278501465445e+01 1.803469999999999997e-04 1.803119999999999907e-04 3.447601502399999560e-08
1.073898699999999917e+04 1.067983999999999924e+03 1.680000083781163056e+01 1.800510000000000012e-04 1.800340000000000046e-04 1.684488120999999965e-08
1.074539799999999923e+04 1.074394999999999982e+03 1.685000630174300795e+01 1.797539999999999869e-04 1.797550000000000027e-04 -9.495665728000000478e-10
1.075182699999999932e+04 1.080824000000000069e+03 1.690000358036464689e+01 1.794579999999999884e-04 1.794760000000000008e-04 -1.809279608399999907e-08
1.075827499999999964e+04 1.087272000000000389e+03 1.695000048853803776e+01 1.791630000000000056e-04 1.791969999999999989e-04 -3.379064069900000241e-08
1.076474299999999857e+04 1.093739999999999327e+03 1.700000474918686066e+01 1.788709999999999888e-04 1.789179999999999970e-04 -4.732452667199999740e-08
1.077122899999999936e+04 1.100226000000000113e+03 1.705000090359421705e+01 1.785850000000000122e-04 1.786430000000000038e-04 -5.872709981999999878e-08
1.077773499999999876e+04 1.106731999999999516e+03 1.710000437188791622e+01 1.783010000000000129e-04 1.783689999999999993e-04 -6.694848535299999884e-08
1.078425900000000001e+04 1.113256000000000768e+03 1.714999978582681095e+01 1.780220000000000110e-04 1.780940000000000062e-04 -7.169316445199999943e-08
1.079080299999999988e+04 1.119800000000000637e+03 1.720000247543493188e+01 1.777460000000000021e-04 1.778190000000000131e-04 -7.288214007300000795e-08
1.079736599999999999e+04 1.126363000000000739e+03 1.725000476966945584e+01 1.774730000000000133e-04 1.775439999999999928e-04 -7.064511268800000101e-08
1.080394700000000012e+04 1.132944000000000869e+03 1.729999908617111259e+01 1.772029999999999905e-04 1.772689999999999997e-04 -6.529508619099999804e-08
1.081054799999999886e+04 1.139544999999999618e+03 1.735000062176534996e+01 1.769370000000000036e-04 1.769940000000000066e-04 -5.728994890200000103e-08
1.081716799999999967e+04 1.146165000000000418e+03 1.740000177202687226e+01 1.766720000000000053e-04 1.767190000000000134e-04 -4.718697722299999876e-08
1.082380699999999888e+04 1.152803999999999633e+03 1.745000254026803788e+01 1.764079999999999956e-04 1.764439999999999932e-04 -3.559634189199999687e-08
1.083046500000000015e+04 1.159462000000000899e+03 1.750000292976339367e+01 1.761459999999999903e-04 1.761690000000000001e-04 -2.314103133300000023e-08
1.083714199999999983e+04 1.166139000000000578e+03 1.755000294375006575e+01 1.758840000000000121e-04 1.758940000000000069e-04 -1.042340808239999984e-08
1.084383799999999974e+04 1.172835000000000491e+03 1.760000258542844165e+01 1.756209999999999911e-04 1.756189999999999867e-04 1.997982239199999521e-09
1.085055299999999988e+04 1.179550000000000637e+03 1.765000185796258236e+01 1.753579999999999972e-04 1.753439999999999936e-04 1.362286111679999955e-08
1.085728700000000026e+04 1.186284000000001015e+03 1.770000076448078730e+01 1.750929999999999989e-04 1.750690000000000004e-04 2.401806624800000219e-08
1.086403999999999905e+04 1.193036999999999807e+03 1.774999930807606319e+01 1.748270000000000119e-04 1.747940000000000073e-04 3.282281732000000149e-08
1.087081299999999828e+04 1.199809999999999036e+03 1.780000486451101693e+01 1.745589999999999935e-04 1.745200000000000028e-04 3.975268915999999953e-08
1.087760399999999936e+04 1.206601000000000113e+03 1.785000267075001545e+01 1.742889999999999977e-04 1.742450000000000097e-04 4.460375783500000270e-08
1.088441399999999885e+04 1.213410999999999603e+03 1.790000012325396739e+01 1.740169999999999976e-04 1.739699999999999894e-04 4.725929843999999507e-08
1.089124399999999878e+04 1.220240999999999531e+03 1.795000453607285706e+01 1.737429999999999931e-04 1.736949999999999963e-04 4.769473635499999819e-08
1.089809199999999873e+04 1.227088999999999487e+03 1.800000126963416491e+01 1.734659999999999956e-04 1.734200000000000032e-04 4.598248642000000028e-08
1.090495999999999913e+04 1.233956999999999880e+03 1.805000492893178432e+01 1.731539999999999891e-04 1.731109999999999897e-04 4.287647870199999532e-08
1.091184599999999955e+04 1.240843000000000302e+03 1.810000095556193855e+01 1.728400000000000054e-04 1.728020000000000033e-04 3.798187960000000355e-08
1.091875199999999859e+04 1.247748999999999342e+03 1.815000387366512058e+01 1.725250000000000058e-04 1.724929999999999899e-04 3.156984135299999781e-08
1.092567599999999948e+04 1.254673000000000229e+03 1.819999920511059344e+01 1.722080000000000019e-04 1.721840000000000035e-04 2.398712522400000212e-08
1.093261999999999898e+04 1.261616999999999734e+03 1.825000139407742239e+01 1.718909999999999980e-04 1.718760000000000058e-04 1.563800035919999881e-08
1.093958299999999872e+04 1.268579999999999472e+03 1.830000321309186617e+01 1.715739999999999941e-04 1.715669999999999923e-04 6.959907018899999267e-09
1.094656499999999869e+04 1.275561999999999443e+03 1.835000466517816520e+01 1.712560000000000015e-04 1.712580000000000059e-04 -1.604141146980000144e-09
1.095356599999999889e+04 1.282562999999999647e+03 1.840000575332766530e+01 1.709389999999999976e-04 1.709489999999999925e-04 -9.634463406299998716e-09
1.096058499999999913e+04 1.289581999999999880e+03 1.844999936753855607e+01 1.706230000000000095e-04 1.706400000000000061e-04 -1.676138702400000155e-08
1.096762399999999980e+04 1.296621000000000549e+03 1.849999975588350765e+01 1.703089999999999986e-04 1.703309999999999926e-04 -2.268723754499999632e-08
1.097468199999999888e+04 1.303678999999999633e+03 1.854999978896898227e+01 1.699949999999999877e-04 1.700229999999999949e-04 -2.720163972399999725e-08
1.098175900000000001e+04 1.310756000000000768e+03 1.859999946965999484e+01 1.696830000000000083e-04 1.697140000000000085e-04 -3.018753832200000208e-08
1.098885599999999977e+04 1.317853000000000520e+03 1.865000583747332641e+01 1.693730000000000062e-04 1.694049999999999950e-04 -3.162113730000000147e-08
1.099597099999999955e+04 1.324968000000000302e+03 1.870000480303353996e+01 1.690639999999999927e-04 1.690960000000000087e-04 -3.156244478400000208e-08
1.100310499999999956e+04 1.332102000000000317e+03 1.875000342471192383e+01 1.687570000000000107e-04 1.687869999999999952e-04 -3.014164488600000169e-08
1.101025799999999981e+04 1.339255000000000564e+03 1.880000170525213576e+01 1.684509999999999903e-04 1.684780000000000088e-04 -2.754160409399999969e-08
1.101742999999999847e+04 1.346426999999999225e+03 1.884999964736870126e+01 1.681449999999999969e-04 1.681689999999999954e-04 -2.397989038599999969e-08
1.102462199999999939e+04 1.353619000000000142e+03 1.890000419735276793e+01 1.678410000000000080e-04 1.678609999999999976e-04 -1.969328465900000164e-08
1.103183199999999852e+04 1.360828999999999269e+03 1.895000145233121813e+01 1.675369999999999919e-04 1.675520000000000113e-04 -1.492223138560000036e-08
1.103906199999999990e+04 1.368059000000000651e+03 1.900000528401488253e+01 1.672330000000000030e-04 1.672429999999999978e-04 -9.902558375799999949e-09
1.104630999999999949e+04 1.375307000000000244e+03 1.905000186275797347e+01 1.669630000000000072e-04 1.669680000000000047e-04 -4.981390099200000058e-09
1.105357799999999952e+04 1.382575000000000273e+03 1.910000498731364615e+01 1.666930000000000115e-04 1.666930000000000115e-04 -1.185635634169999939e-10
1.106086399999999958e+04 1.389861000000000331e+03 1.915000090049556647e+01 1.664229999999999887e-04 1.664179999999999913e-04 4.511908174199999944e-09
1.106816999999999825e+04 1.397166999999999007e+03 1.920000332886404237e+01 1.661520000000000043e-04 1.661439999999999868e-04 8.749226111999998881e-09
1.107549499999999898e+04 1.404491999999999734e+03 1.925000540429386575e+01 1.658809999999999929e-04 1.658689999999999937e-04 1.244835234169999927e-08
1.108283799999999974e+04 1.411835000000000491e+03 1.930000032983281955e+01 1.656089999999999928e-04 1.655940000000000005e-04 1.548416503920000109e-08
1.109020099999999911e+04 1.419197999999999865e+03 1.935000172515716343e+01 1.653369999999999927e-04 1.653190000000000074e-04 1.775674847099999966e-08
1.109758299999999872e+04 1.426579999999999472e+03 1.940000277559687802e+01 1.650640000000000039e-04 1.650439999999999872e-04 1.919676277199999940e-08
1.110498399999999856e+04 1.433980999999999312e+03 1.945000348381179478e+01 1.647890000000000108e-04 1.647689999999999940e-04 1.977178569300000009e-08
1.111240399999999863e+04 1.441400999999999385e+03 1.950000385243444612e+01 1.645139999999999905e-04 1.644949999999999895e-04 1.948887411499999851e-08
1.111984299999999894e+04 1.448839999999999691e+03 1.955000388407042067e+01 1.642380000000000088e-04 1.642199999999999964e-04 1.839608861999999955e-08
1.112730099999999948e+04 1.456298000000000229e+03 1.960000358129870079e+01 1.639619999999999999e-04 1.639450000000000033e-04 1.658123335499999792e-08
1.113477799999999843e+04 1.463774999999999181e+03 1.965000294667198943e+01 1.636839999999999866e-04 1.636700000000000101e-04 1.416542572899999919e-08
1.114227399999999943e+04 1.471271000000000186e+03 1.970000198271708669e+01 1.634069999999999891e-04 1.633949999999999899e-04 1.129574144249999822e-08
1.114978899999999885e+04 1.478785999999999603e+03 1.975000069193515273e+01 1.631290000000000030e-04 1.631210000000000125e-04 8.134550652200000574e-09
1.115732399999999870e+04 1.486320999999999458e+03 1.980000570478846811e+01 1.628509999999999897e-04 1.628459999999999923e-04 4.848446527199999616e-09
1.116487699999999859e+04 1.493873999999999342e+03 1.985000375106069370e+01 1.625730000000000035e-04 1.625709999999999991e-04 1.597884347639999954e-09
1.117244899999999870e+04 1.501445999999999458e+03 1.990000147794302876e+01 1.622949999999999903e-04 1.622960000000000060e-04 -1.472290885440000118e-09
1.118004099999999926e+04 1.509038000000000011e+03 1.995000546598873470e+01 1.620170000000000041e-04 1.620210000000000129e-04 -4.239619709099999822e-09
1.118765099999999984e+04 1.516648000000000593e+03 2.000000254482677065e+01 1.617400000000000066e-04 1.617459999999999926e-04 -6.608246052200000356e-09
