# r  chir_mag  chir_re  chir_im
0.000000000000000000e+00 1.035858127667940720e-02 -1.035858127667940720e-02 0.000000000000000000e+00
3.067961575771282340e-02 1.063002871690721558e-02 -1.055196942702727250e-02 1.285866141304684192e-03
6.135923151542564680e-02 1.132984250559690431e-02 -1.091112960887763265e-02 3.051652316353253239e-03
9.203884727313846326e-02 1.219692445301986429e-02 -1.090820701867962171e-02 5.456737647193839018e-03
1.227184630308512936e-01 1.296563439361599068e-02 -1.003296618953464572e-02 8.212628365424343158e-03
1.533980787885641239e-01 1.344844007538865960e-02 -8.111740417257014626e-03 1.072661213358433799e-02
1.840776945462769265e-01 1.356520962935443136e-02 -5.428291414003441791e-03 1.243175629639620659e-02
2.147573103039897569e-01 1.335570437849608640e-02 -2.571612183700654978e-03 1.310578689825307210e-02
2.454369260617025872e-01 1.298624335827905547e-02 -9.935603681148817245e-05 1.298586327274378789e-02
2.761165418194154175e-01 1.273186318818836371e-02 1.781982342129707041e-03 1.260654112653760046e-02
3.067961575771282479e-01 1.289022510084109757e-02 3.325560839840068558e-03 1.245385676209888499e-02
3.374757733348410782e-01 1.361999431912900432e-02 5.070078569002021279e-03 1.264114506511387036e-02
3.681553890925538530e-01 1.482858917257552298e-02 7.479938876135174171e-03 1.280381081000128360e-02
3.988350048502666834e-01 1.623156204953029105e-02 1.060987015629687169e-02 1.228390254903843730e-02
4.295146206079795137e-01 1.749804595316116138e-02 1.399409140119568795e-02 1.050461889046530595e-02
4.601942363656923440e-01 1.835418362661521072e-02 1.683080140215630766e-02 7.321214432092748234e-03
4.908738521234051744e-01 1.862787055486638671e-02 1.836010748463505482e-02 3.147064435550353794e-03
5.215534678811180047e-01 1.826128834862247516e-02 1.822089414537630611e-02 -1.213947566629764319e-03
5.522330836388308350e-01 1.730391751667015657e-02 1.658856131268872380e-02 -4.923941002783358868e-03
5.829126993965436654e-01 1.588421279486380150e-02 1.403256654050319928e-02 -7.442801381124245635e-03
6.135923151542564957e-01 1.415459877354461118e-02 1.120692809161834280e-02 -8.646237863332600915e-03
6.442719309119693261e-01 1.221589026595298888e-02 8.588659549328431925e-03 -8.686938593977427958e-03
6.749515466696821564e-01 1.006295986915405234e-02 6.439874489837141280e-03 -7.732475533963865250e-03
7.056311624273949867e-01 7.667016997274797921e-03 5.007116703863706726e-03 -5.806197718850925754e-03
7.363107781851077061e-01 5.594118353208932075e-03 4.785888910531995583e-03 -2.896450842972460998e-03
7.669903939428205364e-01 6.629665176314558303e-03 6.593673811413126341e-03 6.898739150907443095e-04
7.976700097005333667e-01 1.195709997666868050e-02 1.128278141969337942e-02 3.958671909551487490e-03
8.283496254582461971e-01 1.983482777075994824e-02 1.915256979708322010e-02 5.157466709884387691e-03
8.590292412159590274e-01 2.944217061591567625e-02 2.936000458642591335e-02 2.198076718801574882e-03
8.897088569736718577e-01 4.025132481024285003e-02 3.972181743317663299e-02 -6.507408761177977535e-03
9.203884727313846881e-01 5.169389469509429180e-02 4.716157041088498564e-02 -2.116707408043528790e-02
9.510680884890975184e-01 6.315230930537971132e-02 4.872413625117855834e-02 -4.017676837650008270e-02
9.817477042468103487e-01 7.404363114391901424e-02 4.272734400272903271e-02 -6.047175694032039944e-02
1.012427320004523068e+00 8.395148853538383915e-02 2.945606102615010852e-02 -7.861420289063805744e-02
1.043106935762236009e+00 9.279097968601543456e-02 1.095883896816030219e-02 -9.214157454461291419e-02
1.073786551519948729e+00 1.009794800258715514e-01 -1.005666999915767919e-02 -1.004774540622095647e-01
1.104466167277661670e+00 1.095431482552054331e-01 -3.172559122217775973e-02 -1.048484057640610562e-01
1.135145783035374389e+00 1.200281090638035814e-01 -5.412453329106330785e-02 -1.071320767158786547e-01
1.165825398793087331e+00 1.341019726877051843e-01 -7.928292232353997826e-02 -1.081552463201556902e-01
1.196505014550800050e+00 1.529579136162258490e-01 -1.099436220996923702e-01 -1.063415407892364939e-01
1.227184630308512991e+00 1.769050630742456665e-01 -1.475921179964299335e-01 -9.752931890785837554e-02
1.257864246066225711e+00 2.054137065642205884e-01 -1.907476930867261222e-01 -7.622406723957897423e-02
1.288543861823938652e+00 2.374968992004875268e-01 -2.344737728623964290e-01 -3.777336322754247522e-02
1.319223477581651371e+00 2.721771303608218617e-01 -2.714689068787053405e-01 1.962200014098035641e-02
1.349903093339364313e+00 3.089128936922750368e-01 -2.942151527012358825e-01 9.415210996214186390e-02
1.380582709097077032e+00 3.479554103248062580e-01 -2.969705878690120371e-01 1.813323951064389761e-01
1.411262324854789973e+00 3.905906962927243042e-01 -2.763491421922089630e-01 2.760294253156092004e-01
1.441941940612502693e+00 4.391638810606439680e-01 -2.299867566915703987e-01 3.741269920424612483e-01
1.472621556370215412e+00 4.967688868294771742e-01 -1.540583460476267486e-01 4.722767757733462579e-01
1.503301172127928353e+00 5.665927790408378240e-01 -4.153263102120509365e-02 5.650685071933102543e-01
1.533980787885641073e+00 6.511075735874106707e-01 1.166878694861046561e-01 6.405661663697820307e-01
1.564660403643354014e+00 7.514238290608824533e-01 3.265954563070845862e-01 6.767371563613789887e-01
1.595340019401066733e+00 8.670123885787922591e-01 5.827821584919051778e-01 6.419310225348346943e-01
1.626019635158779675e+00 9.957734170108362148e-01 8.602020236025393896e-01 5.016145697799587744e-01
1.656699250916492394e+00 1.134302349672579258e+00 1.110512014734199360e+00 2.310949709615592040e-01
1.687378866674205335e+00 1.278218885885403111e+00 1.266972270115282129e+00 -1.691886136625332382e-01
1.718058482431918055e+00 1.422494471637932412e+00 1.259238411684896919e+00 -6.616714776819221377e-01
1.748738098189630996e+00 1.561762289221942712e+00 1.035364800138193209e+00 -1.169239572829521512e+00
1.779417713947343715e+00 1.690610732079783629e+00 5.844910218090916265e-01 -1.586359005032563774e+00
1.810097329705056657e+00 1.803861206415716456e+00 -4.825047635186795192e-02 -1.803215778420148130e+00
1.840776945462769376e+00 1.896826303728568419e+00 -7.618930210465502118e-01 -1.737086368318266683e+00
1.871456561220482318e+00 1.965540416075494790e+00 -1.417828335137905071e+00 -1.361290541841199131e+00
1.902136176978195037e+00 2.006953089901451825e+00 -1.872829658870598601e+00 -7.213666016108748469e-01
1.932815792735907978e+00 2.019075673759723077e+00 -2.017905150868263497e+00 6.874138831599821420e-02
1.963495408493620697e+00 2.001073590485329401e+00 -1.810877166426741347e+00 8.514807118497189631e-01
1.994175024251333417e+00 1.953299344801528337e+00 -1.291627712799020999e+00 1.465290476981151002e+00
2.024854640009046136e+00 1.877264729902571316e+00 -5.740748257942369648e-01 1.787333477705123297e+00
2.055534255766759077e+00 1.775554256994267943e+00 1.835175317429685593e-01 1.766044799848926594e+00
2.086213871524472019e+00 1.651685289745342677e+00 8.210232403511702470e-01 1.433173100209608641e+00
2.116893487282184960e+00 1.509923458516956085e+00 1.218530788140653076e+00 8.916566429591185061e-01
2.147573103039897457e+00 1.355064443493286142e+00 1.325045070055154151e+00 2.836462732741270587e-01
2.178252718797610399e+00 1.192194991536830617e+00 1.165554824721861227e+00 -2.506209257286696745e-01
2.208932334555323340e+00 1.026446967672708377e+00 8.256306608749294229e-01 -6.098584993813936928e-01
2.239611950313036282e+00 8.627583003787971938e-01 4.201166308693961571e-01 -7.535608146257728457e-01
2.270291566070748779e+00 7.056538887457042275e-01 5.719936689157864573e-02 -7.033318158089659766e-01
2.300971181828461720e+00 5.590580034475658433e-01 -1.903624062805731321e-01 -5.256500789440143873e-01
2.331650797586174662e+00 4.261476516393568059e-01 -2.986826379388459740e-01 -3.039580609091175889e-01
2.362330413343887603e+00 3.092542965097385133e-01 -2.888046274099924093e-01 -1.105898146137733740e-01
2.393010029101600100e+00 2.098208898470676209e-01 -2.094604336032675485e-01 1.229359877930055051e-02
2.423689644859313042e+00 1.284306897799126490e-01 -1.145816349109224364e-01 5.801285218366912522e-02
2.454369260617025983e+00 6.501133144555348853e-02 -4.416768917910850190e-02 4.770417643038473571e-02
2.485048876374738480e+00 2.079108014135517407e-02 -1.448530942894517975e-02 1.491458427821457620e-02
2.515728492132451422e+00 2.181685693425608127e-02 -1.915262667052984938e-02 -1.044759006226346661e-02
2.546408107890164363e+00 4.045166541926983189e-02 -3.837592665699795375e-02 -1.279161789646894587e-02
2.577087723647877304e+00 5.151105303317782269e-02 -5.107428577399717590e-02 6.693722227798788553e-03
2.607767339405589802e+00 5.662048695953203481e-02 -4.455874552266272937e-02 3.493419157474695474e-02
2.638446955163302743e+00 5.863685460410694023e-02 -1.845844050856369420e-02 5.565578758633275835e-02
2.669126570921015684e+00 6.009784323001080009e-02 1.744918237682282700e-02 5.750892796148552449e-02
2.699806186678728626e+00 6.248907374205337623e-02 4.930239611974983338e-02 3.839476623175431397e-02
2.730485802436441123e+00 6.594655119818633449e-02 6.575767663905049409e-02 4.987542277423311077e-03
2.761165418194154064e+00 6.968637772781580142e-02 6.224279368689255437e-02 -3.133729207948175721e-02
2.791845033951867006e+00 7.274027023852314144e-02 4.156938285885229678e-02 -5.969198709297195843e-02
2.822524649709579947e+00 7.443981430926278897e-02 1.144506067433348137e-02 -7.355471800339084820e-02
2.853204265467292444e+00 7.456215854242377594e-02 -1.935188928716361639e-02 -7.200708206505038178e-02
2.883883881225005386e+00 7.327998043631014924e-02 -4.418463338395829665e-02 -5.846087328693607560e-02
2.914563496982718327e+00 7.102317392434895349e-02 -5.994061426448049623e-02 -3.809742768068571928e-02
2.945243112740430824e+00 6.830043305353721006e-02 -6.651013523281963657e-02 -1.553547767571897796e-02
2.975922728498143766e+00 6.551661946227964328e-02 -6.521782170828266390e-02 6.250052591123830305e-03
3.006602344255856707e+00 6.283996943140619795e-02 -5.737560112624580377e-02 2.563010248793410814e-02
3.037281960013569648e+00 6.017860215724600559e-02 -4.377388049399174447e-02 4.129541795523836156e-02
3.067961575771282146e+00 5.728277239922002773e-02 -2.520333418580043491e-02 5.144033397694562637e-02
3.098641191528995087e+00 5.392451135301746384e-02 -3.437838192358814993e-03 5.381481388265565990e-02
3.129320807286708028e+00 5.008485504945345279e-02 1.814719081842459947e-02 4.668160420041763542e-02
3.160000423044420970e+00 4.610707799328357670e-02 3.490563611464826688e-02 3.012406361217718001e-02
3.190680038802133467e+00 4.278287195598858006e-02 4.222211981680102505e-02 6.904109716553799223e-03
3.221359654559846408e+00 4.124736452926738156e-02 3.724420241186110481e-02 -1.772609565907237728e-02
3.252039270317559350e+00 4.246885992507856006e-02 2.023933769999965160e-02 -3.733595147845193002e-02
3.282718886075272291e+00 4.655618953292037926e-02 -5.082202662713854353e-03 -4.627796451790322507e-02
3.313398501832984788e+00 5.270950404365418174e-02 -3.247469161695484829e-02 -4.151730026039360949e-02
3.344078117590697730e+00 5.981549801873008165e-02 -5.495705822589390388e-02 -2.361388477960392820e-02
3.374757733348410671e+00 6.690873169981795265e-02 -6.681819745744504990e-02 3.479492235385634423e-03
3.405437349106123612e+00 7.329606507760597078e-02 -6.511448901893231167e-02 3.365139634047886047e-02
3.436116964863836110e+00 7.853311980968828709e-02 -5.021783295138000647e-02 6.037897117962633120e-02
3.466796580621549051e+00 8.237162892935337433e-02 -2.537933959220126101e-02 7.836436929076129321e-02
3.497476196379261992e+00 8.470791895011869910e-02 4.381988956272307723e-03 8.459450162774756476e-02
3.528155812136974490e+00 8.553643907634743415e-02 3.360845320090142391e-02 7.865719473325065436e-02
3.558835427894687431e+00 8.491007710074799375e-02 5.755739882984101108e-02 6.242489113484768481e-02
3.589515043652400372e+00 8.291085239679281405e-02 7.297278004778434690e-02 3.935965977063890509e-02
3.620194659410113314e+00 7.963513100232121056e-02 7.845084137523460066e-02 1.368282051605732193e-02
3.650874275167825811e+00 7.519619555944262457e-02 7.446756103722763920e-02 -1.044270940803748368e-02
3.681553890925538752e+00 6.974488720823039667e-02 6.312775210823987071e-02 -2.965191739920705616e-02
3.712233506683251694e+00 6.350782577646713056e-02 4.765123225104561655e-02 -4.198337766081969291e-02
3.742913122440964635e+00 5.684350784517879646e-02 3.160995385951378966e-02 -4.724399645610341536e-02
3.773592738198677132e+00 5.031636361942058017e-02 1.800923416517914016e-02 -4.698301749212682732e-02
3.804272353956390074e+00 4.476924504949662126e-02 8.432563347213527585e-03 -4.396791077248393687e-02
3.834951969714103015e+00 4.128714337446243859e-02 2.555476279787552169e-03 -4.120798161772620122e-02
3.865631585471815956e+00 4.081930273825775529e-02 -1.707088186088358099e-03 -4.078359138136873618e-02
3.896311201229528454e+00 4.352605556360082673e-02 -7.350720781881768355e-03 -4.290086732121482088e-02
3.926990816987241395e+00 4.864400224541508971e-02 -1.694800030181820363e-02 -4.559609895837053034e-02
3.957670432744954336e+00 5.507930517217145272e-02 -3.130442831327916869e-02 -4.531845789772594169e-02
3.988350048502666834e+00 6.191487216010636147e-02 -4.866216095356135085e-02 -3.828113746915055154e-02
4.019029664260379775e+00 6.852924282303743397e-02 -6.485829563738015890e-02 -2.212823103894711110e-02
4.049709280018092272e+00 7.454466088265855606e-02 -7.449487965154556746e-02 2.723852384455921222e-03
4.080388895775805658e+00 7.975406300902597445e-02 -7.276709085491220308e-02 3.264446438464933126e-02
4.111068511533518155e+00 8.406133559031721270e-02 -5.730021738863569358e-02 6.150604221085132634e-02
4.141748127291231540e+00 8.743494376970747939e-02 -2.929971780030037054e-02 8.237958441771038587e-02
4.172427743048944038e+00 8.987256460279452464e-02 6.448413706529767912e-03 8.964092719819956312e-02
4.203107358806656535e+00 9.137676011045209323e-02 4.276802084991601638e-02 8.075028594911759505e-02
4.233786974564369920e+00 9.194257817819780076e-02 7.207567103532934449e-02 5.708358193790050161e-02
4.264466590322082418e+00 9.155685939662173978e-02 8.847744428439995035e-02 2.354570779300688838e-02
4.295146206079794915e+00 9.020700020902241989e-02 8.928513837918966578e-02 -1.286339579269490420e-02
4.325825821837508300e+00 8.789519736206632960e-02 7.549894301812495878e-02 -4.500528105081129382e-02
4.356505437595220798e+00 8.465356092995897364e-02 5.119219187403448168e-02 -6.742095274656323411e-02
4.387185053352934183e+00 8.055604722877447721e-02 2.210903704425023347e-02 -7.746268279694755454e-02
4.417864669110646680e+00 7.572452902289664167e-02 -5.991927979095521863e-03 -7.548709223988460393e-02
4.448544284868359178e+00 7.032792128397771791e-02 -2.870988929493578645e-02 -6.420092498397431124e-02
4.479223900626072563e+00 6.457465171415988081e-02 -4.373452210429193410e-02 -4.750975921128471058e-02
4.509903516383785060e+00 5.869963346243139979e-02 -5.085707923223278110e-02 -2.931218962462875041e-02
4.540583132141497558e+00 5.294715695064296235e-02 -5.142501714686184555e-02 -1.260432626525449795e-02
4.571262747899210943e+00 4.755082468431612308e-02 -4.754181880790750436e-02 9.254148230171549156e-04
4.601942363656923440e+00 4.271116157610006098e-02 -4.131476367563212404e-02 1.083206469729546505e-02
4.632621979414635938e+00 3.857174473660369279e-02 -3.435233071236703378e-02 1.754129033605792212e-02
4.663301595172349323e+00 3.519688019485858049e-02 -2.757421381032426622e-02 2.187425674608740878e-02
4.693981210930061820e+00 3.255792233535759889e-02 -2.128193094749963876e-02 2.463935311531198144e-02
4.724660826687775206e+00 3.053725581176444659e-02 -1.537998352897559234e-02 2.638143474418290155e-02
4.755340442445487703e+00 2.895308614438101349e-02 -9.635740915138059359e-03 2.730263163690053660e-02
4.786020058203200200e+00 2.759664044979471750e-02 -3.897462898697729924e-03 2.732003563446652392e-02
4.816699673960913586e+00 2.626738574136560506e-02 1.772621683436805245e-03 2.620750591058040174e-02
4.847379289718626083e+00 2.479689702078988894e-02 7.065009788270498921e-03 2.376913415653377284e-02
4.878058905476338580e+00 2.306086108255162026e-02 1.148589408851468686e-02 1.999693853709029814e-02
4.908738521234051966e+00 2.098330013934690194e-02 1.449710539200995373e-02 1.517012920152203785e-02
4.939418136991764463e+00 1.853682924942870458e-02 1.569545783429837291e-02 9.862385208165286646e-03
4.970097752749476960e+00 1.574088747444303202e-02 1.497700601938750826e-02 4.844050905833656266e-03
5.000777368507190346e+00 1.265888063299277187e-02 1.262694822742467526e-02 8.985751734252960237e-04
5.031456984264902843e+00 9.396666625160842931e-03 9.292833221029193555e-03 -1.393052185148799379e-03
5.062136600022616229e+00 6.115974565402738233e-03 5.836981065930960978e-03 -1.826142634247577201e-03
5.092816215780328726e+00 3.175292894755465598e-03 3.110416402810906988e-03 -6.385881055965582365e-04
5.123495831538041223e+00 2.324974997473538713e-03 1.724457873694698390e-03 1.559408150783316146e-03
5.154175447295754608e+00 4.400539176827308191e-03 1.900076571249097613e-03 3.969188087025132990e-03
5.184855063053467106e+00 6.775404261444176700e-03 3.445265696093521672e-03 5.834059237727804402e-03
5.215534678811179603e+00 8.850900547063762433e-03 5.859554534907349642e-03 6.633555694079934333e-03
5.246214294568892988e+00 1.052114632770836250e-02 8.515814362129411549e-03 6.178626530128003558e-03
5.276893910326605486e+00 1.177629233283562088e-02 1.084494411691068645e-02 4.590016144795931903e-03
5.307573526084318871e+00 1.264982888827933215e-02 1.245873722589163970e-02 2.190442338644906731e-03
5.338253141842031368e+00 1.319791529783044190e-02 1.318287043592946718e-02 -6.299962525314197837e-04
5.368932757599743866e+00 1.348247124949988537e-02 1.301540471802505386e-02 -3.517992470088901133e-03
5.399612373357457251e+00 1.355645397183907579e-02 1.205458553191780108e-02 -6.201968392717710325e-03
5.430291989115169748e+00 1.345437476608791691e-02 1.044095210104533863e-02 -8.485677319461317272e-03
5.460971604872882246e+00 1.319099083383402753e-02 8.336140990052906541e-03 -1.022306180027554405e-02
5.491651220630595631e+00 1.276848248091318021e-02 5.930139069546914304e-03 -1.130785547666842208e-02
5.522330836388308128e+00 1.218923426621471191e-02 3.448844768704865775e-03 -1.169114629786318152e-02
5.553010452146020626e+00 1.146960832706982875e-02 1.135577104215080820e-03 -1.141325456724645408e-02
5.583690067903734011e+00 1.065030674516691950e-02 -7.990064649619408026e-04 -1.062029295429730603e-02
5.614369683661446508e+00 9.799788694954108398e-03 -2.238289351362745400e-03 -9.540750455038981073e-03
5.645049299419159894e+00 9.007241016020092403e-03 -3.198017329499451642e-03 -8.420396420650030564e-03
5.675728915176872391e+00 8.361478529931709938e-03 -3.814461209961074028e-03 -7.440712928490874831e-03
5.706408530934584888e+00 7.917227421421093106e-03 -4.280580092619206550e-03 -6.660264567806162272e-03
5.737088146692298274e+00 7.665357859990866961e-03 -4.757355902291278589e-03 -6.010430595278354153e-03
5.767767762450010771e+00 7.533159151753684481e-03 -5.303269271286106638e-03 -5.350123535198305844e-03
5.798447378207723268e+00 7.418978055141822216e-03 -5.857623537539252863e-03 -4.552964075757908249e-03
5.829126993965436654e+00 7.235247152161680163e-03 -6.286159932502807975e-03 -3.582316939616035038e-03
5.859806609723149151e+00 6.936662159893202534e-03 -6.464614606341281475e-03 -2.515162005114815295e-03
5.890486225480861648e+00 6.530669387357013016e-03 -6.355465139446708767e-03 -1.502566307435265498e-03
5.921165841238575034e+00 6.075622898528931087e-03 -6.036506005957779919e-03 -6.883232127167730318e-04
5.951845456996287531e+00 5.667063495061182114e-03 -5.665575343933124119e-03 -1.298640799918289045e-04
5.982525072754000917e+00 5.405169131437167172e-03 -5.400037277598133609e-03 2.354798080340521577e-04
