# r  chir_mag  chir_re  chir_im
0.000000000000000000e+00 5.412656417843163967e-07 -5.412656417843163967e-07 0.000000000000000000e+00
3.067961575771282340e-02 5.915333827286326070e-07 -5.700154666630255567e-07 1.580952581430324154e-07
6.135923151542564680e-02 7.330752640535145585e-07 -6.154456578754277058e-07 3.982787779551052465e-07
9.203884727313846326e-02 9.423388329276947346e-07 -5.813783770999230714e-07 7.416209669933755208e-07
1.227184630308512936e-01 1.187261908648367449e-06 -3.790292130077757398e-07 1.125134523252251083e-06
1.533980787885641239e-01 1.431679663678130992e-06 1.234942919989811263e-08 1.431626400632498381e-06
1.840776945462769265e-01 1.641170623658709049e-06 5.247116519810183642e-07 1.555030127758194497e-06
2.147573103039897569e-01 1.790590969714173728e-06 1.034297294686380782e-06 1.461658348255973161e-06
2.454369260617025872e-01 1.872616695579445046e-06 1.429726946125253479e-06 1.209369318316880634e-06
2.761165418194154175e-01 1.906213819080898321e-06 1.674226759256794529e-06 9.113813047476208371e-07
3.067961575771282479e-01 1.940758346301377292e-06 1.823287035516595291e-06 6.649566488543172819e-07
3.374757733348410782e-01 2.043757567695045743e-06 1.984777643231798549e-06 4.874450763296267023e-07
3.681553890925538530e-01 2.262869622266773548e-06 2.242956378897612572e-06 2.995423338032197843e-07
3.988350048502666834e-01 2.590721736855353879e-06 2.590536041785417858e-06 -3.101828534205624479e-08
4.295146206079795137e-01 2.972877040286538208e-06 2.910141925019221539e-06 -6.075128582246371176e-07
4.601942363656923440e-01 3.340459155786666809e-06 3.019142761273445136e-06 -1.429490943842991863e-06
4.908738521234051744e-01 3.633257277631094113e-06 2.755674672452855325e-06 -2.367871522076558705e-06
5.215534678811180047e-01 3.809685785407596621e-06 2.059998044142334009e-06 -3.204701833504398566e-06
5.522330836388308350e-01 3.850317138917432738e-06 1.008365919517264057e-06 -3.715930602500190017e-06
5.829126993965436654e-01 3.758329717565144820e-06 -2.152792468456833828e-07 -3.752158993407776116e-06
6.135923151542564957e-01 3.558245033040136938e-06 -1.388176331078083638e-06 -3.276289698575111635e-06
6.442719309119693261e-01 3.295576689870308017e-06 -2.314533428035259184e-06 -2.346009533084613749e-06
6.749515466696821564e-01 3.043374372801029898e-06 -2.850933834858988192e-06 -1.065037014510896585e-06
7.056311624273949867e-01 2.920825800742528187e-06 -2.885442171896978797e-06 4.532624305208613618e-07
7.363107781851077061e-01 3.099828599646495817e-06 -2.301074392605614311e-06 2.077015644351543423e-06
7.669903939428205364e-01 3.733646037791626566e-06 -9.712488592776569852e-07 3.605105877622592132e-06
7.976700097005333667e-01 4.863169794567826103e-06 1.182105930944714052e-06 4.717313432328002652e-06
8.283496254582461971e-01 6.441298743737515664e-06 4.081290552125476738e-06 4.983311844065732700e-06
8.590292412159590274e-01 8.391098969980831094e-06 7.395517980031159129e-06 3.964448982021235665e-06
8.897088569736718577e-01 1.061970836854293543e-05 1.052869926674550353e-05 1.387334704868861979e-06
9.203884727313846881e-01 1.301741051950890906e-05 1.273696671959263281e-05 -2.687499845099694790e-06
9.510680884890975184e-01 1.546404183439097898e-05 1.335320220855452438e-05 -7.799267954958906968e-06
9.817477042468103487e-01 1.784625812997275442e-05 1.202629702472434844e-05 -1.318548858081205036e-05
1.012427320004523068e+00 2.008449661715897586e-05 8.853388380871308490e-06 -1.802788169869447819e-05
1.043106935762236009e+00 2.216690700329619344e-05 4.319247478459270308e-06 -2.174202997221292316e-05
1.073786551519948729e+00 2.418369361088603428e-05 -9.510506638242748188e-07 -2.416498581212183603e-05
1.104466167277661670e+00 2.634693202944344561e-05 -6.515981396513763407e-06 -2.552847065149809770e-05
1.135145783035374389e+00 2.897127808306744853e-05 -1.234945130035499832e-05 -2.620736549801571839e-05
1.165825398793087331e+00 3.239715940756122226e-05 -1.883982388401133780e-05 -2.635596656733287644e-05
1.196505014550800050e+00 3.687873367737644928e-05 -2.652534939632192080e-05 -2.562121849268500504e-05
1.227184630308512991e+00 4.250385229588645049e-05 -3.567671201309803938e-05 -2.310302317717311091e-05
1.257864246066225711e+00 4.919560177158143746e-05 -4.593385591898372153e-05 -1.761499685160546383e-05
1.288543861823938652e+00 5.678099863956678073e-05 -5.619466349166931171e-05 -8.138894369908743873e-06
1.319223477581651371e+00 6.508369538555398967e-05 -6.482913877132328879e-05 5.750667022884403902e-06
1.349903093339364313e+00 7.401323545324431515e-05 -7.011166060079180825e-05 2.371316237992645862e-05
1.380582709097077032e+00 8.363960497858532485e-05 -7.062536539672700417e-05 4.480671025139640378e-05
1.411262324854789973e+00 9.424106473279145494e-05 -6.538825787966796909e-05 6.786570572411537835e-05
1.441941940612502693e+00 1.063051487997022210e-04 -5.360880622396802414e-05 9.179804222622549097e-05
1.472621556370215412e+00 1.204632514045458647e-04 -3.423693523364415179e-05 1.154955722301165673e-04
1.503301172127928353e+00 1.373602895653047305e-04 -5.698661903351197374e-06 1.372420285553068125e-04
1.533980787885641073e+00 1.574960566755669066e-04 3.375775140433767907e-05 1.538356983553437751e-04
1.564660403643354014e+00 1.810945431042395573e-04 8.489722982256603151e-05 1.599615388478983443e-04
1.595340019401066733e+00 2.080398138616395718e-04 1.457405819533493039e-04 1.484595801000552411e-04
1.626019635158779675e+00 2.378791113262357501e-04 2.099069017869521249e-04 1.119176670037510385e-04
1.656699250916492394e+00 2.698694280704433510e-04 2.660086822221465917e-04 4.548504358033792210e-05
1.687378866674205335e+00 3.030430393690016757e-04 2.989135351281382966e-04 -4.985761955009018629e-05
1.718058482431918055e+00 3.362777422820704509e-04 2.931074537154558556e-04 -1.648354953605820651e-04
1.748738098189630996e+00 3.683663369497959354e-04 2.375385608894346441e-04 -2.815478472451652943e-04
1.779417713947343715e+00 3.980838266974286968e-04 1.305134500498157353e-04 -3.760810716244074748e-04
1.810097329705056657e+00 4.242515019465980023e-04 -1.717266520805578128e-05 -4.239038056842569916e-04
1.840776945462769376e+00 4.457965588523743559e-04 -1.824178470230404775e-04 -4.067656585456754697e-04
1.871456561220482318e+00 4.618053188445484479e-04 -3.339148799402961261e-04 -3.190062781005612849e-04
1.902136176978195037e+00 4.715678559790536357e-04 -4.394543712981005936e-04 -1.710441414947398860e-04
1.932815792735907978e+00 4.746119542577844448e-04 -4.744726083151532751e-04 1.150004708722659765e-05
1.963495408493620697e+00 4.707247375708560632e-04 -4.292258451378432645e-04 1.932535961550406445e-04
1.994175024251333417e+00 4.599609460771061768e-04 -3.121970767395283123e-04 3.377825590397462029e-04
2.024854640009046136e+00 4.426375837562475076e-04 -1.484373464222463732e-04 4.170064564736270570e-04
2.055534255766759077e+00 4.193154518705489737e-04 2.684074513654920069e-05 4.184555204294926095e-04
2.086213871524472019e+00 3.907688427811891255e-04 1.775322222818368650e-04 3.481129106198477870e-04
2.116893487282184960e+00 3.579453405948776891e-04 2.759365786827400820e-04 2.279997179788760021e-04
2.147573103039897457e+00 3.219182155395874023e-04 3.092644169405125640e-04 8.936922239024492286e-05
2.178252718797610399e+00 2.838342795870637397e-04 2.815122615152001583e-04 -3.623182144614094563e-05
2.208932334555323340e+00 2.448602829931236825e-04 2.104363884205682675e-04 -1.251921907148379279e-04
2.239611950313036282e+00 2.061309942796478521e-04 1.209498704263316487e-04 -1.669164930334021625e-04
2.270291566070748779e+00 1.687020897254163721e-04 3.731705984625031936e-05 -1.645230443498837069e-04
2.300971181828461720e+00 1.335110774094581596e-04 -2.331308811045108644e-05 -1.314599091502374100e-04
2.331650797586174662e+00 1.013502828978595947e-04 -5.420550647584653951e-05 -8.563669138385211104e-05
2.362330413343887603e+00 7.285953051213757154e-05 -5.860518124837583764e-05 -4.328907387891457427e-05
2.393010029101600100e+00 4.856179877818412487e-05 -4.632169023426808318e-05 -1.457907110941428128e-05
2.423689644859313042e+00 2.904380218015907992e-05 -2.897119306413201088e-05 -2.052417482142153016e-06
2.454369260617025983e+00 1.582427860962014253e-05 -1.570711404006072044e-05 -1.922072331471679922e-06
2.485048876374738480e+00 1.295603344613156509e-05 -1.078660348111075762e-05 -7.176906575856272890e-06
2.515728492132451422e+00 1.739673606680996508e-05 -1.343071701694954755e-05 -1.105722687606926471e-05
2.546408107890164363e+00 2.175726118861310475e-05 -1.953121691397863744e-05 -9.586969296323260249e-06
2.577087723647877304e+00 2.430121701507796932e-05 -2.417687017605001809e-05 -2.455218300750048216e-06
2.607767339405589802e+00 2.509493551166045174e-05 -2.388232097757459008e-05 7.706525355729224641e-06
2.638446955163302743e+00 2.458933309173506627e-05 -1.775161663604620332e-05 1.701515232676877496e-05
2.669126570921015684e+00 2.332972848576015564e-05 -7.380523650746138540e-06 2.213151829089151303e-05
2.699806186678728626e+00 2.185445463629670962e-05 4.170642228346790335e-06 2.145280706231893949e-05
2.730485802436441123e+00 2.062034150135644189e-05 1.372031598382419674e-05 1.539322620299529953e-05
2.761165418194154064e+00 1.992503776789552062e-05 1.903899709953186376e-05 5.875688852898871501e-06
2.791845033951867006e+00 1.985625025010847157e-05 1.932444905817603365e-05 -4.564684281841639618e-06
2.822524649709579947e+00 2.032048227011385726e-05 1.507888274204188158e-05 -1.362164802590946032e-05
2.853204265467292444e+00 2.114028103903737300e-05 7.628875155179296234e-06 -1.971577404709668263e-05
2.883883881225005386e+00 2.214315086148405939e-05 -1.403537578261273383e-06 -2.209862467079910060e-05
2.914563496982718327e+00 2.319554262028969131e-05 -1.046322318006669692e-05 -2.070154965537098618e-05
2.945243112740430824e+00 2.419470304352682645e-05 -1.821057052918234576e-05 -1.592980779438727833e-05
2.975922728498143766e+00 2.504838259862167003e-05 -2.354809389468107123e-05 -8.538661764832767095e-06
3.006602344255856707e+00 2.566137871053619443e-05 -2.565830105720461136e-05 3.974219211531816218e-07
3.037281960013569648e+00 2.593438215669000013e-05 -2.412673102988918594e-05 9.512782330139956803e-06
3.067961575771282146e+00 2.577250667503442418e-05 -1.911666575154780779e-05 1.728511471926909266e-05
3.098641191528995087e+00 2.509805514195300450e-05 -1.147993858484303175e-05 2.231867787295533083e-05
3.129320807286708028e+00 2.386259539205744010e-05 -2.683198040577719751e-06 2.371126118788456351e-05
3.160000423044420970e+00 2.205526133032681548e-05 5.495151697579273058e-06 2.135972518946817165e-05
3.190680038802133467e+00 1.970601403738988659e-05 1.142764407568116820e-05 1.605415647492437959e-05
3.221359654559846408e+00 1.688390337794136542e-05 1.410012339183711307e-05 9.287233905239365852e-06
3.252039270317559350e+00 1.369124275538109417e-05 1.339656142147608282e-05 2.825291182762235912e-06
3.282718886075272291e+00 1.025553263440955050e-05 1.009471734489783493e-05 -1.809041553435999013e-06
3.313398501832984788e+00 6.724153015115579612e-06 5.577502659154100677e-06 -3.755755297915038306e-06
3.344078117590697730e+00 3.297046576068496080e-06 1.376453483852089736e-06 -2.995979294246948059e-06
3.374757733348410671e+00 1.304341010508420147e-06 -1.280084743857574125e-06 -2.503767565833854002e-07
3.405437349106123612e+00 3.769416704196326880e-06 -1.761497734365204214e-06 3.332510768429795907e-06
3.436116964863836110e+00 6.560299891033733328e-06 -9.961277253476488108e-08 6.559543578317408599e-06
3.466796580621549051e+00 9.072231341704099753e-06 3.151229254399439590e-06 8.507357739252260147e-06
3.497476196379261992e+00 1.125630376122536635e-05 7.163358165194972231e-06 8.682780324418603996e-06
3.528155812136974490e+00 1.312049964045387960e-05 1.108253456960854629e-05 7.023171529201168105e-06
3.558835427894687431e+00 1.469331469009663135e-05 1.419528408358746333e-05 3.793073472588939532e-06
3.589515043652400372e+00 1.600800174254135956e-05 1.599869326212431409e-05 -5.458330272760940751e-07
3.620194659410113314e+00 1.709129115323759331e-05 1.620373227800361255e-05 -5.436110148582493015e-06
3.650874275167825811e+00 1.795683998048592283e-05 1.471983249515615551e-05 -1.028467954772158271e-05
3.681553890925538752e+00 1.860449339833054731e-05 1.165118121242787315e-05 -1.450438385329389436e-05
3.712233506683251694e+00 1.902502020059040184e-05 7.301731017088115223e-06 -1.756804251437724056e-05
3.742913122440964635e+00 1.920847212026590277e-05 2.160846806151343490e-06 -1.908654348684900030e-05
3.773592738198677132e+00 1.915359931709310909e-05 -3.158495030120502603e-06 -1.889138099622295281e-05
3.804272353956390074e+00 1.887590444547646780e-05 -8.032245779112818102e-06 -1.708165086807134764e-05
3.834951969714103015e+00 1.841249025742245008e-05 -1.195823101622625095e-05 -1.400073242520694353e-05
3.865631585471815956e+00 1.782237333216752794e-05 -1.465832143086215072e-05 -1.013758373680255569e-05
3.896311201229528454e+00 1.718124857348406561e-05 -1.610491660538090452e-05 -5.985562937399846605e-06
3.926990816987241395e+00 1.657016168071255216e-05 -1.645899185825754142e-05 -1.916205921806592369e-06
3.957670432744954336e+00 1.605903706878940686e-05 -1.594879665842635492e-05 1.878445294630792071e-06
3.988350048502666834e+00 1.568907478763267217e-05 -1.474757574312760619e-05 5.353137154290499620e-06
4.019029664260379775e+00 1.546112444201321924e-05 -1.290934293498741204e-05 8.508538887394775872e-06
4.049709280018092272e+00 1.533636634137949025e-05 -1.039260474352262799e-05 1.127820460897516665e-05
4.080388895775805658e+00 1.524941672262971346e-05 -7.157411262134711965e-06 1.346536944926079498e-05
4.111068511533518155e+00 1.512725536887340773e-05 -3.283616537377537781e-06 1.476657432956506896e-05
4.141748127291231540e+00 1.490610293480824747e-05 9.534546114961795675e-07 1.487557827470635612e-05
4.172427743048944038e+00 1.454202661658358013e-05 5.093976979102753868e-06 1.362064376796472958e-05
4.203107358806656535e+00 1.401507381816560719e-05 8.594154899271685608e-06 1.107080826750945006e-05
4.233786974564369920e+00 1.332863451691205375e-05 1.097707865719109856e-05 7.560174749254085997e-06
4.264466590322082418e+00 1.250590419788288601e-05 1.197164300879271698e-05 3.616269276014891199e-06
4.295146206079794915e+00 1.158485023559926462e-05 1.158346374172701156e-05 -1.792281377462982992e-07
4.325825821837508300e+00 1.061258430106913859e-05 1.007280658785559286e-05 -3.341483651157388241e-06
4.356505437595220798e+00 9.639665705791275108e-06 7.854646912860880310e-06 -5.588172938778242021e-06
4.387185053352934183e+00 8.714598795898709089e-06 5.366167351869896286e-06 -6.866475087350485477e-06
4.417864669110646680e+00 7.878660358893902705e-06 2.954559187641658715e-06 -7.303688729507061171e-06
4.448544284868359178e+00 7.161304679402308544e-06 8.219691329537652088e-07 -7.113975784025458660e-06
4.479223900626072563e+00 6.576829740287993069e-06 -9.650496532150355009e-07 -6.505641290416046153e-06
4.509903516383785060e+00 6.123494152239214673e-06 -2.421994656641293673e-06 -5.624155271301539000e-06
4.540583132141497558e+00 5.786083202914557794e-06 -3.582916511199395262e-06 -4.543288248045104416e-06
4.571262747899210943e+00 5.541516520904187351e-06 -4.456897889591296672e-06 -3.293093766234223574e-06
4.601942363656923440e+00 5.365384957794172031e-06 -5.017623744337911707e-06 -1.900212542212151051e-06
4.632621979414635938e+00 5.236956353852144331e-06 -5.220301980605292075e-06 -4.173237154066520580e-07
4.663301595172349323e+00 5.141416211453548937e-06 -5.028995084598386427e-06 1.069284386158624262e-06
4.693981210930061820e+00 5.069579584869156790e-06 -4.437842252850610446e-06 2.450753620039344893e-06
4.724660826687775206e+00 5.016025647170635941e-06 -3.478715758227766765e-06 3.613730754570877955e-06
4.755340442445487703e+00 4.976642898021625913e-06 -2.218353275199612450e-06 4.454871859081946197e-06
4.786020058203200200e+00 4.946374987258723447e-06 -7.531806355869539151e-07 4.888695577018022146e-06
4.816699673960913586e+00 4.917737407792643485e-06 7.925311529299073524e-07 4.853456045297896297e-06
4.847379289718626083e+00 4.880418266616500946e-06 2.266944703228451465e-06 4.321972254611137466e-06
4.878058905476338580e+00 4.821961940167128240e-06 3.497425483059380369e-06 3.319537911045330798e-06
4.908738521234051966e+00 4.729244008036289375e-06 4.311907453438781696e-06 1.942473423377069295e-06
4.939418136991764463e+00 4.590290354720084167e-06 4.575786710749403669e-06 3.646114621969411325e-07
4.970097752749476960e+00 4.396004967139446023e-06 4.234669294678559875e-06 -1.180015099827655120e-06
5.000777368507190346e+00 4.141491929289459023e-06 3.345635811958334544e-06 -2.441040027142451504e-06
5.031456984264902843e+00 3.826807128424186435e-06 2.080163627944456865e-06 -3.212066636783104210e-06
5.062136600022616229e+00 3.457106965947010860e-06 6.913808151269249550e-07 -3.387267503825727651e-06
5.092816215780328726e+00 3.042268728790024806e-06 -5.471619269318859377e-07 -2.992659827626564478e-06
5.123495831538041223e+00 2.596162695201483843e-06 -1.411507318617243738e-06 -2.178923548325133900e-06
5.154175447295754608e+00 2.135915868907945334e-06 -1.782092251762327328e-06 -1.177405539846598443e-06
5.184855063053467106e+00 1.681880430889334297e-06 -1.665364507560520740e-06 -2.351230332532261850e-07
5.215534678811179603e+00 1.260121661571486698e-06 -1.177651930394576826e-06 4.483776675968719866e-07
5.246214294568892988e+00 9.122861970805689738e-07 -5.010506023094532336e-07 7.623741858884395746e-07
5.276893910326605486e+00 7.158892952760338732e-07 1.701663501079996544e-07 6.953710494273816496e-07
5.307573526084318871e+00 7.456366375000615988e-07 6.742883977134669622e-07 3.182909861925146044e-07
5.338253141842031368e+00 9.404705885259294990e-07 9.074692681804815492e-07 -2.469503091520422357e-07
5.368932757599743866e+00 1.194456981761248915e-06 8.294270359453390361e-07 -8.595221191575710712e-07
5.399612373357457251e+00 1.457245303980892222e-06 4.568960521729127174e-07 -1.383766553101775984e-06
5.430291989115169748e+00 1.710762482881298029e-06 -1.464581729743164183e-07 -1.704481820496542636e-06
5.460971604872882246e+00 1.947684631168090987e-06 -8.791526617305935502e-07 -1.737977565983058137e-06
5.491651220630595631e+00 2.163556057737620930e-06 -1.611548408105517856e-06 -1.443567297809744112e-06
5.522330836388308128e+00 2.354278671227081359e-06 -2.200985700043541288e-06 -8.356374871908243734e-07
5.553010452146020626e+00 2.515653080707777719e-06 -2.515636598327160216e-06 9.106460974941256844e-09
5.583690067903734011e+00 2.643744073070596265e-06 -2.464469336377530226e-06 9.569606125388876127e-07
5.614369683661446508e+00 2.735502553807953971e-06 -2.024409252697741849e-06 1.839766669847458637e-06
5.645049299419159894e+00 2.789347864179627849e-06 -1.253256843714727430e-06 2.491948793832981609e-06
5.675728915176872391e+00 2.805569142103123674e-06 -2.804302946526670876e-07 2.791518773170310474e-06
5.706408530934584888e+00 2.786499753850423807e-06 7.240199068199202404e-07 2.690794687956877058e-06
5.737088146692298274e+00 2.736468274204125071e-06 1.592445352509139404e-06 2.225393541600618865e-06
5.767767762450010771e+00 2.661541645056237515e-06 2.199645166896893351e-06 1.498454226233087484e-06
5.798447378207723268e+00 2.569062838293999394e-06 2.486243890440481892e-06 6.470511450809714113e-07
5.829126993965436654e+00 2.466965645964013755e-06 2.459206087073892457e-06 -1.955119425133869989e-07
5.859806609723149151e+00 2.362852990008782679e-06 2.173168290396468767e-06 -9.275849470580756994e-07
5.890486225480861648e+00 2.262888202144880908e-06 1.703662758132360647e-06 -1.489361011292873081e-06
5.921165841238575034e+00 2.170684399035972724e-06 1.124772106079406846e-06 -1.856544766388318765e-06
5.951845456996287531e+00 2.086526666412159257e-06 4.990315083493991387e-07 -2.025971639318665540e-06
5.982525072754000917e+00 2.007286297496628954e-06 -1.205669594342142156e-07 -2.003662119323143804e-06
