0.000000000000000000e+00 -4.391341000000000272e-01
5.000000000000000278e-02 -4.766241999999999979e-01
1.000000000000000056e-01 -5.135840999999999879e-01
1.499999999999999944e-01 -6.198137999999999703e-01
2.000000000000000111e-01 -7.208172000000000468e-01
2.500000000000000000e-01 -8.740533000000000330e-01
2.999999999999999889e-01 -1.011087999999999987e+00
3.499999999999999778e-01 -1.170347999999999944e+00
4.000000000000000222e-01 -1.296286999999999967e+00
4.500000000000000111e-01 -1.406841999999999926e+00
5.000000000000000000e-01 -1.466312000000000060e+00
5.500000000000000444e-01 -1.478053000000000061e+00
5.999999999999999778e-01 -1.430684999999999985e+00
6.500000000000000222e-01 -1.323458000000000023e+00
6.999999999999999556e-01 -1.167513999999999941e+00
7.500000000000000000e-01 -9.657578999999999469e-01
8.000000000000000444e-01 -7.433701999999999810e-01
8.499999999999999778e-01 -5.071267999999999887e-01
9.000000000000000222e-01 -2.851422000000000123e-01
9.499999999999999556e-01 -8.268425999999999554e-02
1.000000000000000000e+00 7.932211999999999597e-02
1.050000000000000044e+00 2.018699999999999939e-01
1.100000000000000089e+00 2.760170000000000123e-01
1.149999999999999911e+00 3.101730999999999794e-01
1.199999999999999956e+00 3.068735000000000213e-01
1.250000000000000000e+00 2.788819000000000159e-01
1.300000000000000044e+00 2.351727000000000123e-01
1.350000000000000089e+00 1.880464000000000024e-01
1.399999999999999911e+00 1.463794999999999957e-01
1.449999999999999956e+00 1.179752000000000023e-01
1.500000000000000000e+00 1.055444999999999994e-01
1.550000000000000044e+00 1.099687000000000026e-01
1.600000000000000089e+00 1.261367999999999934e-01
1.649999999999999911e+00 1.482652999999999888e-01
1.699999999999999956e+00 1.681003000000000080e-01
1.750000000000000000e+00 1.788439000000000001e-01
1.800000000000000044e+00 1.749786000000000119e-01
1.850000000000000089e+00 1.612586000000000019e-01
1.899999999999999911e+00 1.293789999999999940e-01
1.949999999999999956e+00 1.081112000000000045e-01
2.000000000000000000e+00 6.882228999999999430e-02
2.049999999999999822e+00 4.996583000000000274e-02
2.100000000000000089e+00 3.928717000000000320e-02
2.149999999999999911e+00 3.855151999999999884e-02
2.200000000000000178e+00 4.562970999999999694e-02
2.250000000000000000e+00 5.077138999999999958e-02
2.299999999999999822e+00 5.773281999999999720e-02
2.350000000000000089e+00 6.343925999999999732e-02
2.399999999999999911e+00 6.547914000000000512e-02
2.450000000000000178e+00 6.113285000000000247e-02
2.500000000000000000e+00 5.537203999999999737e-02
2.549999999999999822e+00 4.803613999999999801e-02
2.600000000000000089e+00 3.879671999999999982e-02
2.649999999999999911e+00 2.608999999999999861e-02
2.700000000000000178e+00 1.181455000000000005e-02
2.750000000000000000e+00 -4.198262000000000348e-03
2.799999999999999822e+00 -2.195126000000000022e-02
2.850000000000000089e+00 -4.009063000000000210e-02
2.899999999999999911e+00 -5.865138000000000296e-02
2.950000000000000178e+00 -7.689353000000000160e-02
3.000000000000000000e+00 -9.379864000000000257e-02
3.049999999999999822e+00 -1.072315999999999964e-01
3.100000000000000089e+00 -1.170372999999999969e-01
3.149999999999999911e+00 -1.221483000000000013e-01
3.200000000000000178e+00 -1.218290999999999957e-01
3.250000000000000000e+00 -1.156700999999999979e-01
3.299999999999999822e+00 -1.044544000000000028e-01
3.350000000000000089e+00 -8.862427000000000499e-02
3.399999999999999911e+00 -6.923740999999999923e-02
3.450000000000000178e+00 -4.802084999999999687e-02
3.500000000000000000e+00 -2.626109999999999903e-02
3.549999999999999822e+00 -5.195492000000000339e-03
3.600000000000000089e+00 1.412556000000000055e-02
3.649999999999999911e+00 3.081866999999999940e-02
3.700000000000000178e+00 4.467924000000000201e-02
3.750000000000000000e+00 5.564938999999999997e-02
3.799999999999999822e+00 6.390806999999999738e-02
3.850000000000000089e+00 6.973377999999999521e-02
3.899999999999999911e+00 7.352714000000000472e-02
3.950000000000000178e+00 7.559113000000000637e-02
4.000000000000000000e+00 7.612443000000000681e-02
4.049999999999999822e+00 7.528240999999999405e-02
4.099999999999999645e+00 7.298860000000000070e-02
4.150000000000000355e+00 6.913386000000000531e-02
4.200000000000000178e+00 6.357193999999999345e-02
4.250000000000000000e+00 5.633283000000000040e-02
4.299999999999999822e+00 4.726281999999999706e-02
4.349999999999999645e+00 3.644321999999999839e-02
4.400000000000000355e+00 2.410908999999999969e-02
4.450000000000000178e+00 1.069873000000000005e-02
4.500000000000000000e+00 -3.323705000000000149e-03
4.549999999999999822e+00 -1.732308999999999932e-02
4.599999999999999645e+00 -3.062341000000000021e-02
4.650000000000000355e+00 -4.263310000000000016e-02
4.700000000000000178e+00 -5.268362000000000045e-02
4.750000000000000000e+00 -6.029823000000000127e-02
4.799999999999999822e+00 -6.517356000000000538e-02
4.849999999999999645e+00 -6.728831000000000395e-02
4.900000000000000355e+00 -6.661825000000000385e-02
4.950000000000000178e+00 -6.340584999999999971e-02
5.000000000000000000e+00 -5.802035999999999999e-02
5.049999999999999822e+00 -5.092217999999999745e-02
5.099999999999999645e+00 -4.252894000000000119e-02
5.150000000000000355e+00 -3.328980000000000133e-02
5.200000000000000178e+00 -2.360413999999999915e-02
5.250000000000000000e+00 -1.372320999999999958e-02
5.299999999999999822e+00 -3.965339000000000017e-03
5.349999999999999645e+00 5.445461999999999872e-03
5.400000000000000355e+00 1.431491000000000013e-02
5.450000000000000178e+00 2.258633000000000168e-02
5.500000000000000000e+00 2.993532000000000137e-02
5.549999999999999822e+00 3.615060999999999969e-02
5.599999999999999645e+00 4.102291999999999744e-02
5.650000000000000355e+00 4.443136999999999781e-02
5.700000000000000178e+00 4.611631000000000064e-02
5.750000000000000000e+00 4.599318000000000156e-02
5.799999999999999822e+00 4.406666000000000055e-02
5.849999999999999645e+00 4.045891000000000071e-02
5.900000000000000355e+00 3.532132999999999801e-02
5.950000000000000178e+00 2.894013000000000141e-02
6.000000000000000000e+00 2.166293999999999859e-02
6.049999999999999822e+00 1.387740999999999975e-02
6.099999999999999645e+00 5.908614000000000401e-03
6.150000000000000355e+00 -1.875443000000000075e-03
6.200000000000000178e+00 -9.144252000000000283e-03
6.250000000000000000e+00 -1.561852000000000032e-02
6.299999999999999822e+00 -2.107793999999999987e-02
6.349999999999999645e+00 -2.536425000000000138e-02
6.400000000000000355e+00 -2.838105000000000142e-02
6.450000000000000178e+00 -3.009177999999999853e-02
6.500000000000000000e+00 -3.051664000000000113e-02
6.549999999999999822e+00 -2.997926999999999884e-02
6.599999999999999645e+00 -2.830304999999999974e-02
6.650000000000000355e+00 -2.562214999999999979e-02
6.700000000000000178e+00 -2.210952000000000056e-02
6.750000000000000000e+00 -1.796669000000000044e-02
6.799999999999999822e+00 -1.341078000000000062e-02
6.849999999999999645e+00 -8.660150999999999613e-03
6.900000000000000355e+00 -3.920472999999999840e-03
6.950000000000000178e+00 6.269093999999999578e-04
7.000000000000000000e+00 4.832671999999999662e-03
7.049999999999999822e+00 8.699098000000000594e-03
7.099999999999999645e+00 1.203653000000000015e-02
7.150000000000000355e+00 1.477908999999999994e-02
7.200000000000000178e+00 1.688927000000000136e-02
7.250000000000000000e+00 1.835070999999999924e-02
7.299999999999999822e+00 1.916135999999999881e-02
7.349999999999999645e+00 1.932854999999999990e-02
7.400000000000000355e+00 1.886689000000000074e-02
7.450000000000000178e+00 1.779932999999999862e-02
7.500000000000000000e+00 1.616048999999999958e-02
7.549999999999999822e+00 1.399484999999999965e-02
7.599999999999999645e+00 1.138375999999999971e-02
7.650000000000000355e+00 8.421402999999999181e-03
7.700000000000000178e+00 5.216646000000000130e-03
7.750000000000000000e+00 1.890308999999999956e-03
7.799999999999999822e+00 -1.429333999999999986e-03
7.849999999999999645e+00 -4.612490000000000340e-03
7.900000000000000355e+00 -7.534642999999999723e-03
7.950000000000000178e+00 -1.008331999999999978e-02
8.000000000000000000e+00 -1.216399999999999947e-02
8.050000000000000711e+00 -1.373340999999999971e-02
8.099999999999999645e+00 -1.472476999999999987e-02
8.150000000000000355e+00 -1.511448999999999952e-02
8.199999999999999289e+00 -1.490154999999999952e-02
8.250000000000000000e+00 -1.410664000000000015e-02
8.300000000000000711e+00 -1.277150999999999981e-02
8.349999999999999645e+00 -1.095820999999999948e-02
8.400000000000000355e+00 -8.748202999999999535e-03
8.449999999999999289e+00 -6.240660000000000304e-03
8.500000000000000000e+00 -3.549604999999999948e-03
8.550000000000000711e+00 -7.949171000000000535e-04
8.599999999999999645e+00 1.921895000000000070e-03
8.650000000000000355e+00 4.475436000000000171e-03
8.699999999999999289e+00 6.747511999999999781e-03
8.750000000000000000e+00 8.634924999999999892e-03
8.800000000000000711e+00 1.005672999999999984e-02
8.849999999999999645e+00 1.096000999999999920e-02
8.900000000000000355e+00 1.132325999999999992e-02
8.949999999999999289e+00 1.115704999999999995e-02
9.000000000000000000e+00 1.050175000000000067e-02
9.050000000000000711e+00 9.487067999999999543e-03
9.099999999999999645e+00 8.107843999999999468e-03
9.150000000000000355e+00 6.452196999999999794e-03
9.199999999999999289e+00 4.614654999999999625e-03
9.250000000000000000e+00 2.689761000000000148e-03
9.300000000000000711e+00 7.668224000000000394e-04
9.349999999999999645e+00 -1.073877999999999899e-03
9.400000000000000355e+00 -2.763372000000000051e-03
9.449999999999999289e+00 -4.245022000000000205e-03
9.500000000000000000e+00 -5.474643000000000391e-03
9.550000000000000711e+00 -6.465859000000000016e-03
9.599999999999999645e+00 -7.158715000000000390e-03
9.650000000000000355e+00 -7.539185000000000331e-03
9.699999999999999289e+00 -7.604220000000000076e-03
9.750000000000000000e+00 -7.361915000000000125e-03
9.800000000000000711e+00 -6.831598000000000358e-03
9.849999999999999645e+00 -6.043599000000000193e-03
9.900000000000000355e+00 -5.038472999999999910e-03
9.949999999999999289e+00 -3.865517000000000172e-03
1.000000000000000000e+01 -2.580569000000000005e-03
1.005000000000000071e+01 -1.242954000000000107e-03
1.009999999999999964e+01 9.956165999999999638e-05
1.015000000000000036e+01 1.388574999999999966e-03
1.019999999999999929e+01 2.569942999999999880e-03
1.025000000000000000e+01 3.596515000000000215e-03
1.030000000000000071e+01 4.430301000000000204e-03
1.034999999999999964e+01 5.043935000000000259e-03
1.040000000000000036e+01 5.421379999999999949e-03
1.044999999999999929e+01 5.557918999999999707e-03
1.050000000000000000e+01 5.459544999999999676e-03
1.055000000000000071e+01 5.141889000000000182e-03
1.059999999999999964e+01 4.628840000000000385e-03
1.065000000000000036e+01 3.950976000000000141e-03
1.069999999999999929e+01 3.143917999999999886e-03
1.075000000000000000e+01 2.246656999999999994e-03
1.080000000000000071e+01 1.299905999999999978e-03
1.084999999999999964e+01 3.444750000000000112e-04
1.090000000000000036e+01 -5.802748999999999624e-04
1.094999999999999929e+01 -1.437895000000000015e-03
1.100000000000000000e+01 -2.196172000000000141e-03
1.105000000000000071e+01 -2.854461999999999885e-03
1.109999999999999964e+01 -3.373821999999999845e-03
1.115000000000000036e+01 -3.737663000000000010e-03
1.119999999999999929e+01 -3.936120000000000417e-03
1.125000000000000000e+01 -3.966218999999999995e-03
1.130000000000000071e+01 -3.831793999999999912e-03
1.134999999999999964e+01 -3.543171999999999815e-03
1.140000000000000036e+01 -3.116661000000000171e-03
1.144999999999999929e+01 -2.573847000000000201e-03
1.150000000000000000e+01 -1.940714000000000067e-03
1.155000000000000071e+01 -1.246609000000000085e-03
1.159999999999999964e+01 -5.230424999999999918e-04
1.165000000000000036e+01 1.976509999999999953e-04
1.169999999999999929e+01 8.837571999999999485e-04
1.175000000000000000e+01 1.505676999999999970e-03
1.180000000000000071e+01 2.037390000000000034e-03
1.184999999999999964e+01 2.457780000000000121e-03
1.190000000000000036e+01 2.751715999999999971e-03
1.194999999999999929e+01 2.910788999999999998e-03
1.200000000000000000e+01 2.933619000000000157e-03
1.205000000000000071e+01 2.859636000000000036e-03
1.209999999999999964e+01 2.657571999999999973e-03
1.215000000000000036e+01 2.340477000000000096e-03
1.219999999999999929e+01 1.926739000000000012e-03
1.225000000000000000e+01 1.438910000000000059e-03
1.230000000000000071e+01 9.023535000000000063e-04
1.234999999999999964e+01 3.438024000000000136e-04
1.240000000000000036e+01 -2.100617999999999951e-04
1.244999999999999929e+01 -7.339192000000000458e-04
1.250000000000000000e+01 -1.204954000000000051e-03
1.255000000000000071e+01 -1.603786000000000057e-03
1.259999999999999964e+01 -1.915180000000000051e-03
1.265000000000000036e+01 -2.128525000000000035e-03
1.269999999999999929e+01 -2.238098999999999904e-03
1.275000000000000000e+01 -2.243122000000000171e-03
1.280000000000000071e+01 -2.147618999999999917e-03
1.284999999999999964e+01 -1.960079999999999895e-03
1.290000000000000036e+01 -1.692946000000000078e-03
1.294999999999999929e+01 -1.361919999999999971e-03
1.300000000000000000e+01 -9.851191000000000461e-04
1.305000000000000071e+01 -5.876180999999999635e-04
1.309999999999999964e+01 -1.787007000000000016e-04
1.315000000000000036e+01 2.225750000000000027e-04
1.319999999999999929e+01 5.982262999999999817e-04
1.325000000000000000e+01 9.322173999999999695e-04
1.330000000000000071e+01 1.211183999999999915e-03
1.334999999999999964e+01 1.424974000000000076e-03
1.340000000000000036e+01 1.566972000000000026e-03
1.344999999999999929e+01 1.634222999999999969e-03
1.350000000000000000e+01 1.627346000000000001e-03
1.355000000000000071e+01 1.550282999999999956e-03
1.359999999999999964e+01 1.409908999999999989e-03
1.365000000000000036e+01 1.215527000000000100e-03
1.369999999999999929e+01 9.783129999999999691e-04
1.375000000000000000e+01 7.107053999999999802e-04
1.380000000000000071e+01 4.257950000000000255e-04
1.384999999999999964e+01 1.367254000000000039e-04
1.390000000000000036e+01 -1.438691000000000080e-04
1.394999999999999929e+01 -4.043717999999999965e-04
1.400000000000000000e+01 -6.346214999999999886e-04
1.405000000000000071e+01 -8.376689000000000530e-04
1.409999999999999964e+01 -9.984684000000001048e-04
1.415000000000000036e+01 -1.111308999999999995e-03
1.419999999999999929e+01 -1.172700999999999952e-03
1.425000000000000000e+01 -1.181467000000000064e-03
1.430000000000000071e+01 -1.138731000000000031e-03
1.434999999999999964e+01 -1.047813000000000086e-03
1.440000000000000036e+01 -9.140345999999999714e-04
1.444999999999999929e+01 -7.444459999999999533e-04
1.450000000000000000e+01 -5.474889000000000361e-04
1.455000000000000071e+01 -3.326038999999999819e-04
1.459999999999999964e+01 -1.097989999999999969e-04
1.465000000000000036e+01 1.108055000000000015e-04
1.469999999999999929e+01 3.194374000000000258e-04
1.475000000000000000e+01 5.071169999999999628e-04
1.480000000000000071e+01 6.660633999999999695e-04
1.484999999999999964e+01 7.900378000000000001e-04
1.490000000000000036e+01 8.746040999999999972e-04
1.494999999999999929e+01 9.172905999999999551e-04
1.500000000000000000e+01 9.176438999999999777e-04
1.505000000000000071e+01 8.830198999999999514e-04
1.509999999999999964e+01 8.112777999999999526e-04
1.515000000000000036e+01 7.065336999999999876e-04
1.519999999999999929e+01 5.742574999999999546e-04
1.525000000000000000e+01 4.209832000000000049e-04
1.530000000000000071e+01 2.539846000000000009e-04
1.534999999999999964e+01 8.093150999999999655e-05
1.540000000000000036e+01 -9.045577000000000012e-05
1.544999999999999929e+01 -2.527413999999999854e-04
1.550000000000000000e+01 -3.990870999999999893e-04
1.555000000000000071e+01 -5.235335999999999506e-04
1.559999999999999964e+01 -6.212404000000000363e-04
1.565000000000000036e+01 -6.886754999999999830e-04
1.569999999999999929e+01 -7.237473999999999817e-04
1.575000000000000000e+01 -7.258731999999999945e-04
1.580000000000000071e+01 -6.959797999999999462e-04
1.584999999999999964e+01 -6.364380000000000211e-04
1.590000000000000036e+01 -5.509301999999999993e-04
1.594999999999999929e+01 -4.442580000000000010e-04
1.600000000000000000e+01 -3.220938000000000230e-04
1.605000000000000071e+01 -1.939538999999999998e-04
1.610000000000000142e+01 -6.201053999999999464e-05
1.614999999999999858e+01 6.775697999999999378e-05
1.619999999999999929e+01 1.896694000000000038e-04
1.625000000000000000e+01 2.986148999999999791e-04
1.630000000000000071e+01 3.902797999999999966e-04
1.635000000000000142e+01 4.613285999999999863e-04
1.639999999999999858e+01 5.095269000000000360e-04
1.644999999999999929e+01 5.338006999999999865e-04
1.650000000000000000e+01 5.342333999999999798e-04
1.655000000000000071e+01 5.120023000000000022e-04
1.660000000000000142e+01 4.692615999999999931e-04
1.664999999999999858e+01 4.089817999999999947e-04
1.669999999999999929e+01 3.347563000000000123e-04
1.675000000000000000e+01 2.505880999999999734e-04
1.680000000000000071e+01 1.606709000000000002e-04
1.685000000000000142e+01 6.917679000000000417e-05
1.689999999999999858e+01 -1.993766999999999846e-05
1.694999999999999929e+01 -1.030960000000000036e-04
1.700000000000000000e+01 -1.772316999999999925e-04
1.705000000000000071e+01 -2.427316000000000055e-04
1.710000000000000142e+01 -2.952925000000000124e-04
1.714999999999999858e+01 -3.334206999999999839e-04
1.719999999999999929e+01 -3.562416000000000215e-04
1.725000000000000000e+01 -3.634924999999999897e-04
1.730000000000000071e+01 -3.555046000000000182e-04
1.735000000000000142e+01 -3.331758000000000094e-04
1.739999999999999858e+01 -2.979317999999999789e-04
1.744999999999999929e+01 -2.516751000000000123e-04
1.750000000000000000e+01 -1.967155000000000108e-04
1.755000000000000071e+01 -1.356840000000000108e-04
1.760000000000000142e+01 -7.142559000000000202e-05
1.764999999999999858e+01 -6.876822000000000140e-06
1.769999999999999929e+01 5.507053999999999671e-05
1.775000000000000000e+01 1.117102999999999933e-04
1.780000000000000071e+01 1.606593000000000018e-04
1.785000000000000142e+01 1.999800999999999998e-04
1.789999999999999858e+01 2.282805999999999909e-04
1.794999999999999929e+01 2.447796000000000238e-04
1.800000000000000000e+01 2.493342999999999753e-04
1.805000000000000071e+01 2.456623999999999809e-04
1.810000000000000142e+01 2.314813999999999891e-04
1.814999999999999858e+01 2.079031999999999918e-04
1.819999999999999929e+01 1.764407000000000063e-04
1.825000000000000000e+01 1.388998000000000012e-04
1.830000000000000071e+01 9.726396000000000651e-05
1.835000000000000142e+01 5.357790000000000078e-05
1.839999999999999858e+01 9.842418999999999455e-06
1.844999999999999929e+01 -3.207626000000000043e-05
1.850000000000000000e+01 -7.051796000000000203e-05
1.855000000000000071e+01 -1.040803999999999937e-04
1.860000000000000142e+01 -1.316524000000000069e-04
1.864999999999999858e+01 -1.524308000000000043e-04
1.869999999999999929e+01 -1.659253000000000019e-04
1.875000000000000000e+01 -1.719525999999999975e-04
1.880000000000000071e+01 -1.706245000000000060e-04
1.885000000000000142e+01 -1.623304000000000001e-04
1.889999999999999858e+01 -1.477150000000000045e-04
1.894999999999999929e+01 -1.276519000000000102e-04
1.900000000000000000e+01 -1.032113999999999992e-04
1.905000000000000071e+01 -7.676321999999999855e-05
1.910000000000000142e+01 -4.786966999999999801e-05
1.914999999999999858e+01 -1.779554999999999939e-05
1.919999999999999929e+01 1.213324000000000040e-05
1.925000000000000000e+01 4.058605999999999813e-05
1.930000000000000071e+01 6.629195000000000487e-05
1.935000000000000142e+01 8.810847999999999705e-05
1.939999999999999858e+01 1.050899000000000050e-04
1.944999999999999929e+01 1.165485999999999974e-04
1.950000000000000000e+01 1.221023999999999916e-04
1.955000000000000071e+01 1.217027999999999963e-04
1.960000000000000142e+01 1.156391999999999956e-04
1.964999999999999858e+01 1.045168000000000019e-04
1.969999999999999929e+01 8.920976000000000491e-05
1.975000000000000000e+01 7.079285000000000102e-05
1.980000000000000071e+01 5.045884000000000155e-05
1.985000000000000142e+01 2.942881999999999990e-05
1.989999999999999858e+01 8.865163999999999271e-06
1.994999999999999929e+01 -1.020470000000000074e-05
2.000000000000000000e+01 -2.694700999999999867e-05
