9.654018009400000665e+03 -1.699599059999959749e+01 -1.590987661260132802e+00 2.740613108400000059e-06 3.984402045799999779e-06 -1.243788937399999932e-06
9.654518009400000665e+03 -1.649599059999959749e+01 -1.549195788922406392e+00 2.864718037399999840e-06 4.216552855899999798e-06 -1.351834818499999958e-06
9.655018009400000665e+03 -1.599599059999959749e+01 -1.506244816272523490e+00 2.999589058800000125e-06 4.475481387199999831e-06 -1.475892328399999918e-06
9.655518009400000665e+03 -1.549599059999959749e+01 -1.462032592208798443e+00 3.146668660799999863e-06 4.765942387699999988e-06 -1.619273726899999913e-06
9.656018009400000665e+03 -1.499599059999959749e+01 -1.416441017061320862e+00 3.307671111699999917e-06 5.093865955799999652e-06 -1.786194844099999946e-06
9.656518009400000665e+03 -1.449599059999959749e+01 -1.369332322318669082e+00 3.484651208500000055e-06 5.466740881299999655e-06 -1.982089672800000024e-06
9.657018009400000665e+03 -1.399599059999959749e+01 -1.320544154157508698e+00 3.680095821799999868e-06 5.894157638799999856e-06 -2.214061816999999988e-06
9.657518009400000665e+03 -1.349599059999959749e+01 -1.269882954138884745e+00 3.897048012600000249e-06 6.388594163799999981e-06 -2.491546151200000156e-06
9.658018009400000665e+03 -1.299599059999959749e+01 -1.217114855445216914e+00 4.139278883899999680e-06 6.966580911999999718e-06 -2.827302028100000038e-06
9.658518009400000665e+03 -1.249599059999959749e+01 -1.161952849937708088e+00 4.411531476999999757e-06 7.650476962499999238e-06 -3.238945485499999905e-06
9.659018009400000665e+03 -1.199599059999959749e+01 -1.104038169453978924e+00 4.719877280000000075e-06 8.471266080000000305e-06 -3.751388799999999806e-06
9.659518009400000665e+03 -1.149599059999959749e+01 -1.042912332722278013e+00 5.072256304100000298e-06 9.473127145700000401e-06 -4.400870841600000103e-06
9.660018009400000665e+03 -1.099599059999959749e+01 -9.779734085736451199e-01 5.479332018400000395e-06 1.072124576600000015e-05 -5.241913748000000056e-06
9.660518009400000665e+03 -1.049599059999959749e+01 -9.084040081428991220e-01 5.955921176300000186e-06 1.231590337899999977e-05 -6.359982202699999580e-06
9.661018009380000876e+03 -9.995990619999385984e+00 -8.330448375641765768e-01 6.523558133899999778e-06 1.441962577600000030e-05 -7.896067641999999815e-06
9.661518009380000876e+03 -9.495990619999385984e+00 -7.501530214064699997e-01 7.215528661800000052e-06 1.731403870600000102e-05 -1.009851004399999955e-05
9.662018009380000876e+03 -8.995990619999385984e+00 -6.568831019733925025e-01 8.087997038199999677e-06 2.153249216799999879e-05 -1.344449513000000053e-05
9.662518009380000876e+03 -8.495990619999385984e+00 -5.479610057213168961e-01 9.248843008500000603e-06 2.821742527199999959e-05 -1.896858226300000052e-05
9.663018009380000876e+03 -7.995990619999385984e+00 -4.111290769625127184e-01 1.095026639999999925e-05 4.029319217400000221e-05 -2.934292577399999957e-05
9.663518009380000876e+03 -7.495990619999385984e+00 -1.944041461928687486e-01 1.397143990199999987e-05 6.735002740000000428e-05 -5.337858749699999901e-05
9.663662000000000262e+03 -7.352000000000000313e+00 0.000000000000000000e+00 1.591181178441786193e-05 8.809739483293959781e-05 -7.218558304694576671e-05
9.663671000000000276e+03 -7.342999999999985761e+00 4.860261953445584038e-02 1.603309292718786358e-05 8.939418976927964117e-05 -7.336109684047981291e-05
9.663700000000000728e+03 -7.313999999999534651e+00 9.986888948025554602e-02 1.642388772055786513e-05 9.357275123081963480e-05 -7.714886350853380212e-05
9.663747999999999593e+03 -7.266000000000669701e+00 1.502407171473840175e-01 1.707072048199786491e-05 1.004889908912996401e-04 -8.341827040738180904e-05
9.663814000000000306e+03 -7.199999999999956657e+00 1.997377789593159370e-01 1.796011552897786121e-05 1.099988204244596102e-04 -9.203870489329778637e-05
9.663899999999999636e+03 -7.114000000000626045e+00 2.499348983886820197e-01 1.911902422655786419e-05 1.223904164828196390e-04 -1.032713922537338287e-04
9.664005000000001019e+03 -7.008999999999243613e+00 3.000443701604951774e-01 2.053397089220785861e-05 1.375196907401195711e-04 -1.169857198449637668e-04
9.664018009380000876e+03 -6.995990619999385984e+00 3.056814907875370912e-01 2.070928116699999921e-05 1.393941905299999945e-04 -1.186849093599999977e-04
9.664129000000000815e+03 -6.884999999999447340e+00 3.501038306559755009e-01 2.221425263212611662e-05 1.589888914011941404e-04 -1.367746387685098088e-04
9.664272000000000844e+03 -6.741999999999418236e+00 4.001320506507538566e-01 2.415325359917211580e-05 1.842346484262541223e-04 -1.600813948296697870e-04
9.664433000000000902e+03 -6.580999999999360028e+00 4.498478108507243944e-01 2.633632461801410976e-05 2.126581930488740421e-04 -1.863218684369897268e-04
9.664518009380000876e+03 -6.495990619999385984e+00 4.739992823593306426e-01 2.748900482799999988e-05 2.276660682400000071e-04 -2.001770634199999963e-04
9.664613999999999578e+03 -6.400000000000684253e+00 4.998697967778416573e-01 2.851815917001827800e-05 2.390720498553236496e-04 -2.105538906913855435e-04
9.664814000000000306e+03 -6.199999999999956657e+00 5.498758696994616724e-01 3.066244023001828421e-05 2.628368335713236899e-04 -2.321743933433855899e-04
9.665018009380000876e+03 -5.995990619999385984e+00 5.965814827366250350e-01 3.284970747800000185e-05 2.870780275299999996e-04 -2.542283200500000174e-04
9.665033999999999651e+03 -5.980000000000611493e+00 6.000887403201946579e-01 3.304528260065187718e-05 2.883524388612188701e-04 -2.553071562586309534e-04
9.665272000000000844e+03 -5.741999999999418236e+00 6.500568818896668155e-01 3.595616905728388441e-05 3.073204273963788999e-04 -2.713642583381109530e-04
9.665518009380000876e+03 -5.495990619999385984e+00 6.979567403580965168e-01 3.896501516000000211e-05 3.269267429400000004e-04 -2.879617277799999915e-04
9.665529000000000451e+03 -5.484999999999811138e+00 7.000202144707585727e-01 3.915165577106034990e-05 3.274594309194806506e-04 -2.883077751485302320e-04
9.665805000000000291e+03 -5.208999999999971209e+00 7.499796991827626380e-01 4.383863509094036400e-05 3.408364635470007118e-04 -2.969978284589302174e-04
9.666018009380000876e+03 -4.995990619999385984e+00 7.863699875239191783e-01 4.745591972500000193e-05 3.511604977000000200e-04 -3.037045779799999790e-04
9.666100000000000364e+03 -4.913999999999898449e+00 7.999360569744666805e-01 4.952202274251758378e-05 3.530783085948463419e-04 -3.035562858566727700e-04
9.666415000000000873e+03 -4.598999999999389132e+00 8.500442383454196449e-01 5.745978989829757494e-05 3.604463518158463101e-04 -3.029865619193727834e-04
9.666518009380000876e+03 -4.495990619999385984e+00 8.658013069668110129e-01 6.005555013099999939e-05 3.628558043999999868e-04 -3.028002542700000081e-04
9.666747999999999593e+03 -4.266000000000669701e+00 8.999873045167785524e-01 6.909164241711451989e-05 3.640311589014223054e-04 -2.949395164834678947e-04
9.667018009380000876e+03 -3.995990619999385984e+00 9.385339892686399565e-01 7.970003016700000079e-05 3.654110270900000042e-04 -2.857109969200000025e-04
9.667100000000000364e+03 -3.913999999999898449e+00 9.499294642140519995e-01 8.486878096346621978e-05 3.648414328595170277e-04 -2.799726518935427501e-04
9.667471999999999753e+03 -3.542000000000509630e+00 1.000002095751271414e+00 1.083199427705782434e-04 3.622571243893569939e-04 -2.539371816185027127e-04
9.667518009380000876e+03 -3.495990619999385984e+00 1.006021965406112217e+00 1.112204089399999955e-04 3.619374941999999886e-04 -2.507170852599999796e-04
9.667862000000000990e+03 -3.151999999999272717e+00 1.049936581553178483e+00 1.449113345121553977e-04 3.570561658387267213e-04 -2.121448313334511285e-04
9.668018009380000876e+03 -2.995990619999385984e+00 1.069258781000486547e+00 1.601911128099999871e-04 3.548423467200000027e-04 -1.946512339199999917e-04
9.668272000000000844e+03 -2.741999999999418236e+00 1.099990374909949997e+00 1.936364417724767146e-04 3.502653476687327735e-04 -1.566289059011762496e-04
9.668518009380000876e+03 -2.495990619999385984e+00 1.128959027872010967e+00 2.260308059499999914e-04 3.458321733300000027e-04 -1.198013673799999977e-04
9.668701000000000931e+03 -2.312999999999330925e+00 1.150033791698531482e+00 2.504279469726744360e-04 3.422366996048744063e-04 -9.180875263146798476e-05
9.669018009380000876e+03 -1.995990619999385984e+00 1.185657046738552101e+00 2.926930781000000028e-04 3.360079710700000018e-04 -4.331489296799999832e-05
9.669148000000001048e+03 -1.865999999999214509e+00 1.199958769480723442e+00 3.057967833342433339e-04 3.334185388083790291e-04 -2.762175547395559220e-05
9.669518009380000876e+03 -1.495990619999385984e+00 1.239764807674364810e+00 3.430955811200000149e-04 3.260478975600000014e-04 1.704768355499999832e-05
9.669614999999999782e+03 -1.399000000000480526e+00 1.249989496233149255e+00 3.499432991236161965e-04 3.241677498901624323e-04 2.577554922845378289e-05
9.670018009381999946e+03 -9.959906180003166298e-01 1.291607883507845500e+00 3.783965103800000090e-04 3.163554774200000069e-04 6.204103295500000049e-05
9.670101000000000568e+03 -9.129999999996947224e-01 1.300012819350716997e+00 3.816736388345170409e-04 3.148276470597970731e-04 6.684599177187775898e-05
9.670518009381999946e+03 -4.959906180003166298e-01 1.341448869918896891e+00 3.981404798399999887e-04 3.071506395900000064e-04 9.098984025799999843e-05
9.670605999999999767e+03 -4.080000000004950778e-01 1.350029561825121682e+00 3.973549710960045441e-04 3.056354240942460595e-04 9.171954700887856228e-05
9.671018009381599768e+03 4.009381599505701388e-03 1.389503226469345654e+00 3.936768860999999915e-04 2.985405426900000054e-04 9.513634341300000069e-05
9.671130000000001019e+03 1.160000000007563870e-01 1.400040428941517145e+00 3.880315060842351731e-04 2.967537084088651207e-04 9.127779767792207452e-05
9.671518009381999946e+03 5.040093819996833702e-01 1.435950334218013325e+00 3.684721854699999862e-04 2.905629356899999964e-04 7.790924978100000368e-05
9.671672000000000480e+03 6.580000000002179661e-01 1.449955522349051007e+00 3.590203697521666439e-04 2.883016306445097886e-04 7.071873910896487746e-05
9.672018009380000876e+03 1.004009380000614016e+00 1.480941426148651541e+00 3.377826025499999795e-04 2.832205889100000186e-04 5.456201364200000223e-05
9.672234000000000378e+03 1.220000000000116103e+00 1.499959398365525276e+00 3.268728029084858153e-04 2.803151567728001474e-04 4.655764613854967597e-05
9.672518009380000876e+03 1.504009380000614016e+00 1.524605409130595612e+00 3.125273399799999882e-04 2.764947594800000073e-04 3.603258050400000252e-05
9.672815000000000509e+03 1.801000000000247070e+00 1.549958797595160975e+00 3.026035324505066209e-04 2.728437856289927317e-04 2.975974682313798335e-05
9.673018009380000876e+03 2.004009380000614016e+00 1.567053221628844417e+00 2.958200656400000240e-04 2.703481447300000191e-04 2.547192091000000154e-05
9.673416000000001077e+03 2.402000000000814595e+00 1.600036161333550533e+00 2.889410954782436081e-04 2.658783595172618721e-04 2.306273596177764885e-05
9.673518009380000876e+03 2.504009380000614016e+00 1.608381156717651361e+00 2.871779396500000127e-04 2.647327043299999754e-04 2.244523532100000038e-05
9.674018009380000876e+03 3.004009380000614016e+00 1.648673433749534123e+00 2.847598689499999968e-04 2.595155993799999898e-04 2.524426957000000022e-05
9.674034999999999854e+03 3.020999999999592234e+00 1.650025330156514647e+00 2.848163466690388718e-04 2.593575455316430699e-04 2.545880113736864937e-05
9.674644785020000199e+03 3.630785019999937191e+00 1.697831800468666330e+00 2.868433043100000008e-04 2.536850704199999852e-04 3.315823388900000172e-05
9.674673000000000684e+03 3.659000000000421693e+00 1.700011282399241486e+00 2.869912303813835705e-04 2.534826347107446524e-04 3.350859566985737092e-05
9.675290610580001157e+03 4.276610580000895112e+00 1.747037937245315975e+00 2.902292517000000104e-04 2.490514270400000121e-04 4.117782466399999954e-05
9.675329999999999927e+03 4.315999999999664993e+00 1.749994293691794933e+00 2.902824359896245539e-04 2.490174243683403047e-04 4.126501162510649552e-05
9.675955486060000112e+03 4.941486059999849800e+00 1.796287918354295909e+00 2.911269782999999873e-04 2.484774774200000039e-04 4.264950088099999726e-05
9.676005999999999403e+03 4.991999999999141124e+00 1.799974609033689665e+00 2.906897822944229880e-04 2.484383480622351435e-04 4.225143423311403777e-05
9.676639411469999686e+03 5.625411469999423986e+00 1.845578234500442116e+00 2.852076329199999881e-04 2.479476917400000140e-04 3.725994118000000121e-05
9.676702000000001135e+03 5.688000000000872802e+00 1.850023384774743596e+00 2.843333787808248513e-04 2.477683909707164580e-04 3.656498781055356672e-05
9.677342386790000091e+03 6.328386789999829176e+00 1.894905736714503020e+00 2.753882765100000097e-04 2.459338400699999914e-04 2.945443644499999954e-05
9.677416000000001077e+03 6.402000000000814595e+00 1.899997074869211211e+00 2.743216011659088335e-04 2.456170446522386698e-04 2.870455651836430170e-05
9.678064412030000312e+03 7.050412030000050123e+00 1.944267595359580270e+00 2.649259352900000183e-04 2.428265949499999873e-04 2.209934034200000119e-05
9.678148999999999432e+03 7.134999999999170228e+00 1.949968754198961873e+00 2.638674167766740311e-04 2.424145067854006051e-04 2.145290999258852259e-05
9.678805487190000349e+03 7.791487190000086827e+00 1.993661258503343525e+00 2.556522551599999925e-04 2.392162907600000016e-04 1.643596439599999986e-05
9.678902000000000044e+03 7.887999999999781409e+00 2.000004191502662287e+00 2.546940047498927784e-04 2.387163015368026981e-04 1.597770320857957565e-05
9.679565612270000202e+03 8.551612269999939286e+00 2.043084419427884324e+00 2.480718172112108015e-04 2.352500644265462639e-04 1.282158417369319341e-05
9.679673000000000684e+03 8.659000000000421693e+00 2.049970687340530340e+00 2.472757352330982330e-04 2.346573883524459721e-04 1.261815632178238062e-05
9.680344787280000673e+03 9.330787280000411243e+00 2.092534988655082806e+00 2.423251871775550530e-04 2.309499600040409301e-04 1.137497469419623238e-05
9.680463999999999942e+03 9.449999999999679545e+00 2.099998151836547589e+00 2.417429882225448151e-04 2.302782803502939168e-04 1.146447599883066198e-05
9.681143012200000157e+03 1.012901219999989522e+01 2.142011066712217637e+00 2.385117805043208766e-04 2.264906206248950443e-04 1.202184127321016829e-05
9.681273999999999432e+03 1.025999999999917023e+01 2.150021291527466349e+00 2.381506118847420543e-04 2.257662568580615602e-04 1.238520864352442322e-05
9.681960286999999880e+03 1.094628699999961796e+01 2.191510924123103887e+00 2.363439388024423033e-04 2.220460047892220735e-04 1.430205955037586563e-05
9.682102000000000771e+03 1.108800000000050900e+01 2.199980749819791637e+00 2.361916187317170005e-04 2.213626869851464897e-04 1.483368438369528250e-05
9.682796611800000392e+03 1.178261180000012942e+01 2.241032992202910190e+00 2.355899667274829741e-04 2.183569483296392982e-04 1.724917777813833109e-05
9.682950000000000728e+03 1.193600000000046535e+01 2.249997424658124245e+00 2.356215497577675072e-04 2.178756828191431567e-04 1.776540726655785344e-05
9.683651986500000930e+03 1.263798650000066814e+01 2.290575824644028646e+00 2.358915931095058533e-04 2.158532602852751396e-04 2.007964687093563002e-05
9.683817000000000917e+03 1.280300000000065452e+01 2.300010526041509351e+00 2.360189819933318674e-04 2.155476916833724312e-04 2.051897831711289381e-05
9.684526411099999677e+03 1.351241109999941514e+01 2.340138102646006413e+00 2.367009285162843205e-04 2.143973302621430058e-04 2.238800981382289390e-05
9.684702999999999520e+03 1.368899999999925754e+01 2.350020282120522275e+00 2.368715485113967196e-04 2.142473341875610168e-04 2.271951397584292176e-05
9.685419885600000271e+03 1.440588560000000840e+01 2.389718616318419198e+00 2.376365271054678072e-04 2.137767725222629507e-04 2.400977815768056846e-05
9.685606999999999971e+03 1.459299999999970865e+01 2.399972221111235982e+00 2.378086234775122641e-04 2.137612319401901463e-04 2.421385789139662761e-05
9.686332410099999834e+03 1.531841009999957137e+01 2.439316259089676642e+00 2.379814738493321515e-04 2.138669136935216148e-04 2.432299532491995854e-05
9.686531000000000859e+03 1.551700000000059632e+01 2.449977012885667271e+00 2.379613356629105465e-04 2.139844278827911185e-04 2.419751548585842823e-05
9.687263984400000481e+03 1.624998440000021915e+01 2.488929996404850797e+00 2.375588459834923161e-04 2.145028417036700199e-04 2.331245160836881402e-05
9.687474000000000160e+03 1.645999999999989782e+01 2.499978992466393990e+00 2.373599774606598590e-04 2.147210860832587595e-04 2.290555947722319486e-05
9.688214608700000099e+03 1.720060869999983666e+01 2.538558894945262434e+00 2.361977972650397962e-04 2.155385484004292704e-04 2.094294616000810314e-05
9.688435999999999694e+03 1.742199999999943216e+01 2.549978325284629754e+00 2.357573807053709954e-04 2.158307550408093602e-04 2.021423738208765332e-05
9.689184282899999744e+03 1.817028289999948143e+01 2.588202077488982678e+00 2.337324436269602040e-04 2.168321319315468236e-04 1.717420803880098440e-05
9.689416999999999462e+03 1.840299999999919933e+01 2.599975164037636954e+00 2.330114155123471948e-04 2.171709380681715446e-04 1.610763702035547494e-05
9.690173006999999416e+03 1.915900699999915346e+01 2.637858737582733593e+00 2.297730625110255007e-04 2.179361847647786265e-04 1.203461024241677624e-05
9.690417999999999665e+03 1.940399999999940306e+01 2.650019172315261073e+00 2.286330875241018488e-04 2.181840017083842311e-04 1.062249962984743081e-05
9.691180781099999876e+03 2.016678109999961421e+01 2.687528133047653256e+00 2.247404346429073788e-04 2.188880065184773901e-04 5.923801632945752867e-06
9.691436999999999898e+03 2.042299999999963589e+01 2.700010519037955525e+00 2.233663894122803239e-04 2.191110166098282012e-04 4.290897804928999422e-06
9.692207604999999603e+03 2.119360499999934078e+01 2.737209561006850755e+00 2.190667179320675208e-04 2.197006242044632104e-04 -7.251351411027621925e-07
9.692475000000000364e+03 2.146100000000010155e+01 2.749999798133768714e+00 2.175344152388129467e-04 2.198823448664522016e-04 -2.484082303772051403e-06
9.693253478900000118e+03 2.223947889999985605e+01 2.786902387377386603e+00 2.131229253610553566e-04 2.203209108113269991e-04 -7.477800841696810580e-06
9.693532000000001062e+03 2.251800000000080004e+01 2.799987120345187375e+00 2.115284938608048967e-04 2.204488036432338698e-04 -9.251611009246060621e-06
9.694318402700000661e+03 2.330440270000039860e+01 2.836606008486717290e+00 2.076206377907918808e-04 2.208884606753019181e-04 -1.372303444610232112e-05
9.694609000000000378e+03 2.359500000000011610e+01 2.850018635780549481e+00 2.061823339547146430e-04 2.210214495144614171e-04 -1.534051814106635357e-05
9.695402376500000173e+03 2.438837649999991086e+01 2.886319871212021493e+00 2.028657606537722724e-04 2.213000649834360436e-04 -1.903593959656243008e-05
9.695703999999999724e+03 2.468999999999946127e+01 2.900001552369435576e+00 2.016159041891214029e-04 2.213759294838601869e-04 -2.039916944226975731e-05
9.696505400100000770e+03 2.549140010000050793e+01 2.936043446372682109e+00 1.989981064239738624e-04 2.215019545403052565e-04 -2.321251404587060176e-05
9.696818000000001120e+03 2.580400000000085825e+01 2.949982827193631252e+00 1.979808063332368594e-04 2.215234957163798369e-04 -2.427716510643038050e-05
9.697627473700000337e+03 2.661347370000007473e+01 2.985776257521624455e+00 1.960682303548176120e-04 2.215166302698449118e-04 -2.621943960751816759e-05
9.697952000000001135e+03 2.693800000000087280e+01 3.000006287254053383e+00 1.952930000000000020e-04 2.214910000000000110e-04 -2.698203361999999974e-05
9.698768597100000989e+03 2.775459710000072633e+01 3.035517842055266424e+00 1.944189859164062353e-04 2.215838595660590328e-04 -2.793937889015385843e-05
9.699103999999999360e+03 2.808999999999909747e+01 3.049983802521107012e+00 1.940599999999999953e-04 2.216219999999999865e-04 -2.833282134600000101e-05
9.699928770599999552e+03 2.891477059999929011e+01 3.085267788393043720e+00 1.938453625998293379e-04 2.217141885226962318e-04 -2.861000849532764981e-05
9.700275999999999840e+03 2.926199999999957768e+01 3.100002263475568842e+00 1.937549999999999906e-04 2.217529999999999892e-04 -2.872677063199999847e-05
9.701107993900001020e+03 3.009399390000075769e+01 3.135025685894803349e+00 1.941406092634760769e-04 2.218438137758186463e-04 -2.838767641195988166e-05
9.701467000000000553e+03 3.045300000000029073e+01 3.150018058521124598e+00 1.943070000000000084e-04 2.218830000000000032e-04 -2.824126824000000181e-05
9.702306267100000696e+03 3.129226710000043354e+01 3.184791166003650975e+00 1.952497003488833929e-04 2.219739379570719669e-04 -2.733400112884110309e-05
9.702675999999999476e+03 3.166199999999921388e+01 3.199990302128349562e+00 1.956650000000000045e-04 2.220140000000000058e-04 -2.693407243799999867e-05
9.703523590300001160e+03 3.250959030000089456e+01 3.234563882789665001e+00 1.972994906517493824e-04 2.222333114039056032e-04 -2.545454257238910728e-05
9.703905000000000655e+03 3.289100000000038904e+01 3.250001763731375171e+00 1.980349999999999971e-04 2.223319999999999984e-04 -2.478779468000000196e-05
9.704759963399999833e+03 3.374596339999956740e+01 3.284343503251456298e+00 2.001189732874999897e-04 2.225505363177884539e-04 -2.285572130306218436e-05
9.705153000000000247e+03 3.413899999999998158e+01 3.300010892760984582e+00 2.010769999999999994e-04 2.226510000000000067e-04 -2.196623556270000147e-05
9.706015386400000352e+03 3.500138640000008650e+01 3.334129718166936041e+00 2.036083457155485614e-04 2.228681280675611756e-04 -1.958640512057528205e-05
9.706420000000000073e+03 3.540599999999980696e+01 3.350017793679349598e+00 2.047960000000000091e-04 2.229699999999999879e-04 -1.846822605099999768e-05
9.707289859300000899e+03 3.627585930000063286e+01 3.383922236471832878e+00 2.077176441547081743e-04 2.231852647917509835e-04 -1.570032399432129977e-05
9.707704999999999927e+03 3.669099999999966144e+01 3.399983966557281967e+00 2.091120000000000131e-04 2.232880000000000075e-04 -1.437744733359999859e-05
9.708583382200000415e+03 3.756938220000014894e+01 3.433720787770955685e+00 2.123865819180076591e-04 2.235929096832183979e-04 -1.135557379814089397e-05
9.709010000000000218e+03 3.799599999999995248e+01 3.449987259912667525e+00 2.139769999999999877e-04 2.237410000000000115e-04 -9.884899754100000458e-06
9.709895954900001016e+03 3.888195490000074983e+01 3.483525105796771992e+00 2.173863204044561900e-04 2.240441250526434909e-04 -6.736676308387287442e-06
9.710334000000000742e+03 3.932000000000047635e+01 3.499988587383657812e+00 2.190720000000000059e-04 2.241939999999999883e-04 -5.176930912199999562e-06
9.711227577600000586e+03 4.021357760000032044e+01 3.533334954121913452e+00 2.224626712208488801e-04 2.244954077831719870e-04 -2.056331492721610241e-06
9.711676999999999680e+03 4.066299999999941406e+01 3.549988032038209784e+00 2.241680000000000126e-04 2.246469999999999923e-04 -4.836604980599999868e-07
9.712578250200000184e+03 4.156425019999991832e+01 3.583150098451599597e+00 2.273852382323054164e-04 2.249467550224669486e-04 2.452719253738356184e-06
9.713039000000000669e+03 4.202500000000040359e+01 3.599985672326583064e+00 2.290299999999999942e-04 2.250999999999999963e-04 3.956920349999999673e-06
9.713947972699999809e+03 4.293397269999954347e+01 3.632970320930026809e+00 2.319477957850108656e-04 2.254369978438812547e-04 6.547012567692027308e-06
9.714420000000000073e+03 4.340599999999980696e+01 3.649981582397556323e+00 2.334629999999999973e-04 2.256120000000000076e-04 7.895088889199999564e-06
9.715336745200000223e+03 4.432274519999995732e+01 3.682795419031700490e+00 2.359711258755174961e-04 2.259463731600285473e-04 1.006933524419351467e-05
9.715820999999999913e+03 4.480699999999964689e+01 3.700011301139613185e+00 2.372960000000000130e-04 2.261230000000000032e-04 1.122042677070000125e-05
9.716744567600000664e+03 4.573056760000039844e+01 3.732625193993371226e+00 2.393527114982381963e-04 2.264555884732910378e-04 1.293728526333182792e-05
9.717239999999999782e+03 4.622599999999951592e+01 3.750003484602589143e+00 2.404560000000000031e-04 2.266339999999999989e-04 1.386032352819999962e-05
9.718171439800000371e+03 4.715743980000010538e+01 3.782459457507892697e+00 2.420682069973574470e-04 2.269656392055632963e-04 1.512927610424487878e-05
9.718677999999999884e+03 4.766399999999961778e+01 3.799994149738296745e+00 2.429449999999999991e-04 2.271460000000000102e-04 1.582092333139999992e-05
9.719617362000000867e+03 4.860336200000060103e+01 3.832298041320051141e+00 2.441422513617021585e-04 2.274644933617021348e-04 1.668915490223983432e-05
9.720135000000000218e+03 4.912099999999995248e+01 3.849983355691555253e+00 2.448020000000000187e-04 2.276400000000000092e-04 1.716860880000000168e-05
9.721082334200000332e+03 5.006833420000006640e+01 3.882140779038978362e+00 2.456710845233581880e-04 2.279562056605281015e-04 1.770889650071304206e-05
9.721612000000000990e+03 5.059800000000072373e+01 3.900004808457745220e+00 2.461569999999999947e-04 2.281329999999999925e-04 1.801160224259999826e-05
9.722566356200000882e+03 5.155235620000061658e+01 3.931987506022036172e+00 2.467602552568561817e-04 2.284483524834782426e-04 1.828765449061695521e-05
9.723106999999999971e+03 5.209299999999970510e+01 3.949990835702761771e+00 2.471020000000000204e-04 2.286269999999999915e-04 1.844434604879999882e-05
9.724069428200000402e+03 5.305542820000013648e+01 3.981838079041723599e+00 2.474831596831683286e-04 2.289408214724752348e-04 1.849997276027831404e-05
9.724621999999999389e+03 5.360799999999912302e+01 4.000008383005324575e+00 2.477019999999999808e-04 2.291209999999999905e-04 1.853194801880000048e-05
9.725591550099999949e+03 5.457755009999968365e+01 4.031692352178013472e+00 2.478341826294194533e-04 2.293771433727984251e-04 1.840111076335777069e-05
9.726155000000000655e+03 5.514100000000038904e+01 4.049991475959133780e+00 2.479110000000000189e-04 2.295259999999999976e-04 1.832491974059999803e-05
9.727132721899999524e+03 5.611872189999925808e+01 4.081550189845201793e+00 2.478253785071474658e-04 2.297803461993560875e-04 1.797907032913118570e-05
9.727708000000000538e+03 5.669400000000027262e+01 4.100005391753128947e+00 2.477749999999999918e-04 2.299299999999999890e-04 1.777519850999999786e-05
9.728692943600000945e+03 5.767894360000067877e+01 4.131411462993162864e+00 2.474345643699554353e-04 2.301839160776575398e-04 1.717742144634571918e-05
9.729279000000000451e+03 5.826500000000018531e+01 4.149985770905611382e+00 2.472320000000000073e-04 2.303349999999999961e-04 1.682108864799999924e-05
9.730272215299999516e+03 5.925821529999925019e+01 4.181276051857136800e+00 2.465933706776241496e-04 2.305872055192960326e-04 1.592822384651597321e-05
9.730870000000000800e+03 5.985600000000053456e+01 4.199996303673152909e+00 2.462090000000000003e-04 2.307389999999999875e-04 1.538987596979999995e-05
9.731870536800000991e+03 6.085653680000072541e+01 4.231143833005601707e+00 2.451724190171428587e-04 2.309036846285714400e-04 1.419330309082726839e-05
9.732479999999999563e+03 6.146599999999929764e+01 4.250005047121683255e+00 2.445409999999999750e-04 2.310040000000000129e-04 1.346358303160000013e-05
9.733487908299999617e+03 6.247390829999935136e+01 4.281014701012536783e+00 2.431692794959484417e-04 2.311679629831184897e-04 1.193550798323572520e-05
9.734109000000000378e+03 6.309500000000011255e+01 4.300012063680159535e+00 2.423240000000000062e-04 2.312690000000000112e-04 1.099279374249999971e-05
9.735124329700000089e+03 6.411032969999982356e+01 4.330888546210900358e+00 2.406447297493624821e-04 2.314317486586520947e-04 9.160284637996976684e-06
9.735755999999999403e+03 6.474199999999913757e+01 4.349987244151502175e+00 2.395999999999999964e-04 2.315329999999999938e-04 8.018913921999999044e-06
9.736779801099999531e+03 6.576580109999926549e+01 4.380765269912705762e+00 2.376807567861427735e-04 2.316957518245350790e-04 5.949422437556540588e-06
9.737423000000000684e+03 6.640900000000041814e+01 4.399991325741668291e+00 2.364749999999999882e-04 2.317979999999999921e-04 4.647781698000000097e-06
9.738454322300000058e+03 6.744032229999979222e+01 4.430644768982284099e+00 2.343120369793594098e-04 2.318561112802491051e-04 2.440868785695137022e-06
9.739109000000000378e+03 6.809500000000011255e+01 4.449993843418842410e+00 2.329389999999999868e-04 2.318929999999999971e-04 1.039358339580000008e-06
9.740147893499999554e+03 6.913389349999928868e+01 4.480526956587148391e+00 2.307539723806451514e-04 2.319508855615835905e-04 -1.189122701107183814e-06
9.740814000000000306e+03 6.980000000000003979e+01 4.499994849316196088e+00 2.293530000000000113e-04 2.319880000000000022e-04 -2.618541351199999909e-06
9.741860514600000897e+03 7.084651460000063139e+01 4.530411741024129135e+00 2.272733253946635564e-04 2.320462745948955895e-04 -4.741836018188588567e-06
9.742538000000000466e+03 7.152400000000019986e+01 4.549994393273687265e+00 2.259270000000000072e-04 2.320839999999999958e-04 -6.116968362800000015e-06
9.743592185600000448e+03 7.257818560000018238e+01 4.580299037445558774e+00 2.240708349934595624e-04 2.321414570464716044e-04 -8.018019601096021762e-06
9.744281000000000859e+03 7.326700000000059276e+01 4.599992522962911501e+00 2.228580000000000133e-04 2.321790000000000008e-04 -9.260691593999999062e-06
9.745342906500000026e+03 7.432890649999976063e+01 4.630188764656453237e+00 2.212042704676503836e-04 2.321368130221339386e-04 -1.086287516743937804e-05
9.746042999999999665e+03 7.502899999999939951e+01 4.649989284003773982e+00 2.201139999999999868e-04 2.321090000000000100e-04 -1.191884357180000049e-05
9.747112677400000393e+03 7.609867740000012759e+01 4.680080847724186199e+00 2.188438331209876489e-04 2.320675815148148162e-04 -1.314046325984073572e-05
9.747825000000000728e+03 7.681100000000046180e+01 4.700012642240491978e+00 2.179980000000000090e-04 2.320400000000000078e-04 -1.395372540000000142e-05
9.748901498100000026e+03 7.788749809999976037e+01 4.729975206550485645e+00 2.171451742830000009e-04 2.319981361849999873e-04 -1.476079975316667199e-05
9.749625000000000000e+03 7.861099999999973420e+01 4.750006501294677719e+00 2.165719999999999993e-04 2.319699999999999898e-04 -1.530306090000000096e-05
9.750709368800000448e+03 7.969536880000018186e+01 4.779871775360467367e+00 2.161386101607476614e-04 2.319288667140186760e-04 -1.569284214561111798e-05
9.751443999999999505e+03 8.042999999999923944e+01 4.799999123438042581e+00 2.158449999999999909e-04 2.319009999999999876e-04 -1.595682952880000125e-05
9.752536289400000896e+03 8.152228940000063062e+01 4.829770482942605803e+00 2.157219837291621386e-04 2.317803608551686427e-04 -1.596069118156441237e-05
9.753282000000001062e+03 8.226800000000079649e+01 4.849990546920038170e+00 2.156380000000000113e-04 2.316979999999999897e-04 -1.596332027580000068e-05
9.754382260000000315e+03 8.336826000000004910e+01 4.879671266374092653e+00 2.158748697524219529e-04 2.315777886006458396e-04 -1.560954156690849494e-05
9.755139999999999418e+03 8.412599999999915212e+01 4.900007590938541213e+00 2.160379999999999939e-04 2.314949999999999918e-04 -1.536610566149999786e-05
9.756247280400000818e+03 8.523328040000055239e+01 4.929574057290791345e+00 2.165810159744136377e-04 2.313757725795309215e-04 -1.470831488878339374e-05
9.757015999999999622e+03 8.600199999999935585e+01 4.949996455205663004e+00 2.169580000000000054e-04 2.312930000000000097e-04 -1.425204336700000038e-05
9.758131350800000291e+03 8.711735080000002540e+01 4.979478800608464262e+00 2.177462753544303633e-04 2.311735821664557123e-04 -1.335032410763574332e-05
9.758912000000000262e+03 8.789799999999999613e+01 5.000010478756691690e+00 2.182979999999999892e-04 2.310900000000000118e-04 -1.271974821600000079e-05
9.760034471099999791e+03 8.902047109999952568e+01 5.029385435598920040e+00 2.192193177106060498e-04 2.309187557151515225e-04 -1.163235540739373090e-05
9.760826000000000931e+03 8.981200000000066552e+01 5.049996940400661494e+00 2.198690000000000052e-04 2.307979999999999949e-04 -1.086652375520000136e-05
9.761956641300001138e+03 9.094264130000087221e+01 5.079293906502276634e+00 2.209183801103929647e-04 2.306267084276628564e-04 -9.652873283650739106e-06
9.762760000000000218e+03 9.174599999999995248e+01 5.100008115118021657e+00 2.216639999999999973e-04 2.305049999999999894e-04 -8.791622053499999401e-06
9.763897861400000693e+03 9.288386140000042701e+01 5.129204159726732826e+00 2.227832079344262400e-04 2.303342042058401519e-04 -7.508406978202435456e-06
9.764711999999999534e+03 9.369799999999926854e+01 5.149992318415099746e+00 2.235840000000000060e-04 2.302120000000000110e-04 -6.591429984000000461e-06
9.765858131500001036e+03 9.484413150000077053e+01 5.179116146278496480e+00 2.247225758663793293e-04 2.300422888448275770e-04 -5.289843245558668850e-06
9.766684000000001106e+03 9.567000000000084015e+01 5.200000802984041215e+00 2.255430000000000054e-04 2.299199999999999942e-04 -4.353144335999999770e-06
9.767837451400000646e+03 9.682345140000037986e+01 5.229029811503363767e+00 2.266489461188347552e-04 2.297311375407333055e-04 -3.064405576078779300e-06
9.768675000000001091e+03 9.766100000000082559e+01 5.250007878077645351e+00 2.274520000000000036e-04 2.295940000000000112e-04 -2.129945833940000170e-06
9.769835821300001044e+03 9.882182130000077791e+01 5.278945112756612268e+00 2.285030373044798354e-04 2.294062115866102444e-04 -8.973170952973292518e-07
9.770684000000001106e+03 9.967000000000084015e+01 5.299988822438328917e+00 2.292709999999999941e-04 2.292689999999999897e-04 2.055089364540000051e-09
9.771853241000000708e+03 1.008392410000004418e+02 5.328861999138901240e+00 2.302391246328240560e-04 2.290811377200591365e-04 1.151668609470476482e-06
9.772712999999999738e+03 1.016989999999994723e+02 5.349993428210864543e+00 2.309509999999999916e-04 2.289430000000000067e-04 1.995792287060000099e-06
9.773889710999999807e+03 1.028757109999995407e+02 5.378780438717890355e+00 2.318168708383788973e-04 2.287562660766601791e-04 3.043464422189877751e-06
9.774761000000000422e+03 1.037470000000001562e+02 5.399996735496340072e+00 2.324580000000000027e-04 2.286180000000000124e-04 3.818103494399999549e-06
9.775945230999999694e+03 1.049312309999994284e+02 5.428700381395122676e+00 2.332400393396226337e-04 2.284438315316884437e-04 4.768555443777115260e-06
9.776827999999999520e+03 1.058139999999992540e+02 5.449998780035217649e+00 2.338230000000000007e-04 2.283139999999999963e-04 5.476111290000000052e-06
9.778019800000000032e+03 1.070057999999997662e+02 5.478621762129070483e+00 2.344806039309683498e-04 2.281403148609779420e-04 6.302315070429150540e-06
9.778914000000000669e+03 1.079000000000004036e+02 5.499999596267537427e+00 2.349739999999999902e-04 2.280100000000000074e-04 6.921380355999999811e-06
9.780113419999999678e+03 1.090994199999994123e+02 5.528544589438939560e+00 2.354970724750593861e-04 2.278367820997624811e-04 7.612712655504678147e-06
9.781019000000000233e+03 1.100049999999999670e+02 5.549999217391235362e+00 2.358919999999999973e-04 2.277059999999999913e-04 8.133977108399999384e-06
9.782226088999999774e+03 1.112120889999995086e+02 5.578468777437431747e+00 2.362670841525423763e-04 2.275326656567796591e-04 8.678059535714244691e-06
9.783143000000000029e+03 1.121289999999997633e+02 5.599997675417962562e+00 2.365520000000000079e-04 2.274009999999999866e-04 9.090787036899999868e-06
9.784357808000000659e+03 1.133438080000003936e+02 5.628394313232833568e+00 2.368104939094727056e-04 2.272626830835277505e-04 9.483738504246200560e-06
9.785286000000000058e+03 1.142719999999997924e+02 5.649995001225474489e+00 2.370080000000000049e-04 2.271569999999999937e-04 9.783651989999999724e-06
9.786508578000000853e+03 1.154945780000005868e+02 5.678321184385820786e+00 2.370815130157261888e-04 2.270190217243293288e-04 9.992417777197146748e-06
9.787448000000000320e+03 1.164340000000000543e+02 5.699991224607465767e+00 2.371379999999999918e-04 2.269130000000000008e-04 1.015265490249999963e-05
9.788678396999999677e+03 1.176643969999994113e+02 5.728249310159847063e+00 2.370111258822181401e-04 2.267748481828597569e-04 1.016178027370230526e-05
9.789630000000001019e+03 1.186160000000007528e+02 5.750009197659269766e+00 2.369129999999999999e-04 2.266679999999999921e-04 1.016882514959999961e-05
9.790867266000001109e+03 1.198532660000008434e+02 5.778178680744214368e+00 2.365766886054545377e-04 2.265307759527272714e-04 9.969467685489145852e-06
9.791829999999999927e+03 1.208159999999996614e+02 5.800003104738912008e+00 2.363149999999999897e-04 2.264239999999999992e-04 9.814506776799999564e-06
9.793075184999999692e+03 1.220611849999994263e+02 5.828109264145957091e+00 2.358251187449301480e-04 2.263364610815682670e-04 9.412796256924708282e-06
9.794049000000000888e+03 1.230350000000006219e+02 5.849995996096007289e+00 2.354420000000000135e-04 2.262680000000000095e-04 9.098847203600000285e-06
9.795302154000000883e+03 1.242881540000006169e+02 5.878041029458634270e+00 2.347530171621259483e-04 2.261812474899508913e-04 8.500337334922838020e-06
9.796288000000000466e+03 1.252740000000001999e+02 5.900010140629586175e+00 2.342110000000000112e-04 2.261130000000000084e-04 8.029815301199999826e-06
9.797548173000001043e+03 1.265341730000007772e+02 5.927973946816195827e+00 2.333533900186087720e-04 2.260264573260966096e-04 7.263474318860765267e-06
9.798545000000000073e+03 1.275309999999998070e+02 5.950000890250001007e+00 2.326750000000000042e-04 2.259580000000000074e-04 6.657694299399999853e-06
9.799813240999999834e+03 1.287992409999995687e+02 5.977907965396667578e+00 2.316881569371704750e-04 2.258710731124780329e-04 5.764479808386374136e-06
9.800820999999999913e+03 1.298069999999996469e+02 5.999990702156350331e+00 2.309040000000000105e-04 2.258019999999999906e-04 5.055210015599999934e-06
9.802097359999999753e+03 1.310833599999994874e+02 6.027843101375515822e+00 2.299189347038327693e-04 2.257919936933797849e-04 4.088325699687173733e-06
9.803117000000000189e+03 1.321029999999999234e+02 6.050001291221705380e+00 2.291320000000000010e-04 2.257840000000000053e-04 3.315976715999999917e-06
9.805431000000000495e+03 1.344170000000002290e+02 6.099989118913015318e+00 2.272920000000000051e-04 2.257659999999999929e-04 1.511094733539999892e-06
9.807764999999999418e+03 1.367509999999991521e+02 6.149997418191683884e+00 2.254719999999999988e-04 2.257480000000000077e-04 -2.730264036400000213e-07
9.810118000000000393e+03 1.391040000000001271e+02 6.200004526951174988e+00 2.237499999999999906e-04 2.257290000000000067e-04 -1.958682135060000084e-06
9.812488999999999578e+03 1.414749999999993122e+02 6.249989476304460112e+00 2.221910000000000009e-04 2.257109999999999943e-04 -3.481163324100000034e-06
9.814880000000001019e+03 1.438660000000007528e+02 6.299994455509718705e+00 2.208479999999999970e-04 2.256930000000000091e-04 -4.790537048699999727e-06
9.817290000000000873e+03 1.462760000000006073e+02 6.349998324608631783e+00 2.197549999999999992e-04 2.256749999999999967e-04 -5.851301400000000200e-06
9.819719000000000960e+03 1.487050000000006946e+02 6.400001109621363149e+00 2.189360000000000058e-04 2.256559999999999957e-04 -6.640221152799999790e-06
9.822166999999999462e+03 1.511529999999991958e+02 6.450002835760574982e+00 2.184049999999999935e-04 2.256380000000000104e-04 -7.144127792200000512e-06
9.824634000000000015e+03 1.536199999999997488e+02 6.500003527462714814e+00 2.181680000000000023e-04 2.256199999999999981e-04 -7.357626133999999801e-06
9.827120000000000800e+03 1.561060000000005346e+02 6.550003208417458644e+00 2.182270000000000097e-04 2.256699999999999993e-04 -7.348763014000000565e-06
9.829625000000000000e+03 1.586109999999997342e+02 6.600001901596151299e+00 2.185819999999999885e-04 2.257200000000000005e-04 -7.046842968000000035e-06
9.832148999999999432e+03 1.611349999999991667e+02 6.649999629278909197e+00 2.192220000000000095e-04 2.257700000000000017e-04 -6.464020869999999968e-06
9.834692000000000917e+03 1.636780000000006510e+02 6.699996413080377522e+00 2.201190000000000113e-04 2.258209999999999916e-04 -5.627278663199999403e-06
9.837254000000000815e+03 1.662400000000005491e+02 6.749992273974302570e+00 2.212310000000000101e-04 2.258709999999999928e-04 -4.578969847499999427e-06
9.839836000000001150e+03 1.688220000000008838e+02 6.800006531465275117e+00 2.225010000000000030e-04 2.259209999999999940e-04 -3.375079003199999991e-06
9.842435999999999694e+03 1.714219999999994286e+02 6.850000466166318525e+00 2.238619999999999922e-04 2.259709999999999952e-04 -2.080957900160000103e-06
9.845055000000000291e+03 1.740410000000000252e+02 6.899993539310790958e+00 2.252450000000000025e-04 2.260209999999999964e-04 -7.656506579200000492e-07
9.847693999999999505e+03 1.766799999999992394e+02 6.950004652114762926e+00 2.265819999999999933e-04 2.260709999999999976e-04 5.043056225400000688e-07
9.850351000000000568e+03 1.793370000000003017e+02 6.999995922538436055e+00 2.278149999999999999e-04 2.261209999999999989e-04 1.670278945859999840e-06
9.853028000000000247e+03 1.820139999999999816e+02 7.050005002305099744e+00 2.287900000000000101e-04 2.260359999999999887e-04 2.717969881999999868e-06
9.855722999999999956e+03 1.847089999999996905e+02 7.099994547797226829e+00 2.295859999999999936e-04 2.259499999999999898e-04 3.588718659999999550e-06
9.858438000000000102e+03 1.874239999999998361e+02 7.150001677678725187e+00 2.301770000000000020e-04 2.258650000000000067e-04 4.256855068500000074e-06
9.861172000000000480e+03 1.901580000000002144e+02 7.200007798635347456e+00 2.305479999999999888e-04 2.257790000000000079e-04 4.709456427300000424e-06
9.863924000000000888e+03 1.929100000000006219e+02 7.249994830292107117e+00 2.306999999999999969e-04 2.256939999999999977e-04 4.945361789200000041e-06
9.866695999999999913e+03 1.956819999999996469e+02 7.299999119448512097e+00 2.306420000000000052e-04 2.256079999999999989e-04 4.973235069600000165e-06
9.869487000000000990e+03 1.984730000000007237e+02 7.350002458923351689e+00 2.303899999999999948e-04 2.255229999999999887e-04 4.809774125600000172e-06
9.872297000000000480e+03 2.012830000000002144e+02 7.400004867968136502e+00 2.299670000000000024e-04 2.254369999999999898e-04 4.477629694000000479e-06
9.875126000000000204e+03 2.041119999999999379e+02 7.450006365317275225e+00 2.294010000000000081e-04 2.253520000000000067e-04 4.003761378400000274e-06
9.877974000000000160e+03 2.069599999999998943e+02 7.500006969205210261e+00 2.287219999999999965e-04 2.252660000000000079e-04 3.417420379600000033e-06
9.880841000000000349e+03 2.098270000000000834e+02 7.550006697383025767e+00 2.277670000000000031e-04 2.249949999999999964e-04 2.742509054000000021e-06
9.883727000000000771e+03 2.127130000000005055e+02 7.600005567134368256e+00 2.267550000000000067e-04 2.247240000000000121e-04 2.010850577160000142e-06
9.886631999999999607e+03 2.156179999999993413e+02 7.650003595290709058e+00 2.257179999999999961e-04 2.244530000000000006e-04 1.252876445230000046e-06
9.889556000000000495e+03 2.185420000000002290e+02 7.700000798246167122e+00 2.246820000000000013e-04 2.241810000000000005e-04 4.962582706500000036e-07
9.892498999999999796e+03 2.214849999999995305e+02 7.749997191971426780e+00 2.236729999999999979e-04 2.239099999999999890e-04 -2.347248530000000019e-07
9.895461000000001150e+03 2.244470000000008838e+02 7.799992792027558686e+00 2.227110000000000027e-04 2.236390000000000047e-04 -9.193799290000000778e-07
9.898443000000001120e+03 2.274290000000008547e+02 7.850004331313012784e+00 2.218140000000000010e-04 2.233670000000000046e-04 -1.540318728969999959e-06
9.901443000000001120e+03 2.304290000000008547e+02 7.899998283343832028e+00 2.209970000000000120e-04 2.230959999999999931e-04 -2.083004963759999579e-06
9.904461999999999534e+03 2.334479999999992685e+02 7.949991487390438039e+00 2.202709999999999922e-04 2.228250000000000087e-04 -2.535146872500000024e-06
9.907501000000000204e+03 2.364869999999999379e+02 8.000000361760031709e+00 2.196470000000000063e-04 2.225539999999999973e-04 -2.886391847600000212e-06
9.910558000000000902e+03 2.395440000000006364e+02 8.049992009684984851e+00 2.190749999999999989e-04 2.222310000000000073e-04 -3.134634924300000091e-06
9.913635000000000218e+03 2.426209999999999525e+02 8.099999153682540864e+00 2.186210000000000063e-04 2.219079999999999902e-04 -3.266041943999999841e-06
9.916730999999999767e+03 2.457169999999995014e+02 8.150005406186343393e+00 2.182890000000000102e-04 2.215850000000000003e-04 -3.276422285500000091e-06
9.919845000000001164e+03 2.488310000000008984e+02 8.199994779347552054e+00 2.180790000000000105e-04 2.212620000000000103e-04 -3.164931648000000424e-06
9.922978999999999360e+03 2.519649999999990939e+02 8.249999394401276831e+00 2.179890000000000029e-04 2.209400000000000090e-04 -2.934900678000000186e-06
9.926131999999999607e+03 2.551179999999993413e+02 8.300003164545133316e+00 2.180089999999999925e-04 2.206169999999999919e-04 -2.594455919999999658e-06
9.929304000000000087e+03 2.582899999999998499e+02 8.350006104958250575e+00 2.181259999999999916e-04 2.202940000000000020e-04 -2.157176124440000230e-06
9.932494000000000597e+03 2.614800000000003593e+02 8.399992607346277396e+00 2.183219999999999876e-04 2.199710000000000120e-04 -1.641812950669999954e-06
9.935703999999999724e+03 2.646899999999994861e+02 8.449994024846317231e+00 2.185719999999999937e-04 2.196490000000000107e-04 -1.071893709469999954e-06
9.938933000000000902e+03 2.679190000000006648e+02 8.499994654936456229e+00 2.188489999999999912e-04 2.193259999999999936e-04 -4.745337335999999607e-07
9.942181000000000495e+03 2.711670000000002574e+02 8.549994511431027178e+00 2.192270000000000069e-04 2.191030000000000061e-04 1.241702712629999812e-07
9.945448000000000320e+03 2.744340000000000828e+02 8.599993607822977282e+00 2.195800000000000085e-04 2.188790000000000028e-04 6.983684701400000752e-07
9.948734000000000378e+03 2.777200000000001410e+02 8.649991957293050149e+00 2.198810000000000044e-04 2.186559999999999882e-04 1.220533418879999994e-06
9.952040000000000873e+03 2.810260000000006357e+02 8.700004657108388884e+00 2.201050000000000077e-04 2.184320000000000120e-04 1.666446124159999936e-06
9.955363999999999578e+03 2.843499999999993406e+02 8.750001464881682622e+00 2.202329999999999902e-04 2.182089999999999974e-04 2.016901422819999875e-06
9.958707000000000335e+03 2.876930000000000973e+02 8.799997564471196299e+00 2.202519999999999912e-04 2.179860000000000098e-04 2.258967119400000022e-06
9.962068999999999505e+03 2.910549999999992679e+02 8.849992967879067862e+00 2.201559999999999975e-04 2.177620000000000066e-04 2.386649743800000034e-06
9.965451000000000931e+03 2.944370000000006939e+02 8.900002432255522677e+00 2.199469999999999865e-04 2.175389999999999919e-04 2.401173728099999834e-06
9.968851000000000568e+03 2.978370000000003301e+02 8.949996395867998444e+00 2.196319999999999870e-04 2.173160000000000044e-04 2.310134274800000324e-06
9.972271000000000640e+03 3.012570000000004029e+02 9.000004280209035201e+00 2.192239999999999868e-04 2.170920000000000011e-04 2.126570275319999685e-06
9.975709000000000742e+03 3.046950000000005048e+02 9.049996852527790736e+00 2.188590000000000132e-04 2.169729999999999977e-04 1.880969313220000116e-06
9.979166999999999462e+03 3.081529999999992242e+02 9.100003207888404333e+00 2.184300000000000076e-04 2.168539999999999942e-04 1.572588342819999940e-06
9.982643000000000029e+03 3.116289999999997917e+02 9.149994435279580784e+00 2.179569999999999869e-04 2.167340000000000022e-04 1.219785454020000055e-06
9.986139000000001033e+03 3.151250000000007958e+02 9.199999310519000773e+00 2.174570000000000019e-04 2.166149999999999987e-04 8.406654857999999637e-07
9.989654000000000451e+03 3.186400000000002137e+02 9.250003424809930763e+00 2.169489999999999993e-04 2.164959999999999953e-04 4.520025137599999756e-07
9.993186999999999898e+03 3.221729999999996608e+02 9.299992679227871761e+00 2.164450000000000054e-04 2.163760000000000032e-04 6.862299927200000234e-08
9.996739999999999782e+03 3.257259999999995443e+02 9.349995383647168978e+00 2.159600000000000126e-04 2.162569999999999998e-04 -2.967954319400000081e-07
1.000031199999999990e+04 3.292979999999996608e+02 9.399997362355891894e+00 2.155029999999999999e-04 2.161379999999999964e-04 -6.336020628599999873e-07
1.000390300000000025e+04 3.328890000000000100e+02 9.449998626873716390e+00 2.150839999999999892e-04 2.160180000000000043e-04 -9.328110877800001085e-07
1.000751300000000083e+04 3.364990000000005921e+02 9.499999188477623591e+00 2.147100000000000094e-04 2.158990000000000008e-04 -1.186710443399999963e-06
1.001114199999999983e+04 3.401279999999995880e+02 9.549999058208248570e+00 2.143659999999999869e-04 2.157659999999999938e-04 -1.398485171340000008e-06
1.001479000000000087e+04 3.437760000000006357e+02 9.599998246876134900e+00 2.140789999999999946e-04 2.156340000000000025e-04 -1.552780433999999945e-06
1.001845700000000033e+04 3.474430000000000973e+02 9.649996765067530902e+00 2.138549999999999913e-04 2.155009999999999955e-04 -1.644009718779999976e-06
1.002214300000000003e+04 3.511289999999997917e+02 9.699994623150352879e+00 2.136990000000000016e-04 2.153690000000000042e-04 -1.668205200199999923e-06
1.002584900000000016e+04 3.548349999999999227e+02 9.750005291194076662e+00 2.136109999999999984e-04 2.152359999999999972e-04 -1.623540214519999853e-06
1.002957300000000032e+04 3.585590000000000828e+02 9.800001790649350397e+00 2.135910000000000087e-04 2.151040000000000059e-04 -1.511015256320000031e-06
1.003331600000000071e+04 3.623020000000004757e+02 9.849997660542436861e+00 2.136349999999999968e-04 2.149709999999999989e-04 -1.334905418699999974e-06
1.003707899999999972e+04 3.660649999999994861e+02 9.900006166386301487e+00 2.137349999999999992e-04 2.148379999999999919e-04 -1.103047040160000107e-06
1.004086000000000058e+04 3.698460000000003447e+02 9.950000738971519709e+00 2.138789999999999897e-04 2.147060000000000006e-04 -8.267082765200000003e-07
1.004465999999999985e+04 3.736459999999996171e+02 9.999994710704767087e+00 2.140529999999999918e-04 2.145729999999999936e-04 -5.200348313399999052e-07
1.004847999999999956e+04 3.774659999999993261e+02 1.005000114868389538e+01 2.141190000000000010e-04 2.143190000000000058e-04 -1.993441028320000059e-07
1.005231799999999930e+04 3.813039999999990641e+02 1.009999388080127503e+01 2.141859999999999988e-04 2.140640000000000023e-04 1.211416004320000036e-07
1.005617599999999948e+04 3.851619999999992388e+02 1.014999896855825234e+01 2.142350000000000114e-04 2.138099999999999875e-04 4.250435894999999974e-07
1.006005299999999988e+04 3.890389999999996462e+02 1.020000336415566800e+01 2.142529999999999966e-04 2.135559999999999997e-04 6.973564401999999858e-07
1.006394800000000032e+04 3.929340000000000828e+02 1.024999427439310828e+01 2.142269999999999938e-04 2.133009999999999962e-04 9.255023739500000733e-07
1.006786299999999937e+04 3.968489999999991369e+02 1.029999737802056003e+01 2.141470000000000081e-04 2.130470000000000085e-04 1.100138490010000208e-06
1.007179700000000048e+04 4.007830000000002428e+02 1.034999981869143859e+01 2.140079999999999880e-04 2.127920000000000050e-04 1.215553020800000065e-06
1.007575000000000000e+04 4.047359999999997626e+02 1.040000160596803624e+01 2.138080000000000102e-04 2.125379999999999902e-04 1.269787027200000101e-06
1.007972199999999975e+04 4.087079999999995152e+02 1.045000274922957395e+01 2.135480000000000093e-04 2.122840000000000024e-04 1.264329538559999856e-06
1.008371299999999974e+04 4.126989999999995007e+02 1.050000325767647524e+01 2.132330000000000098e-04 2.120289999999999989e-04 1.203641986620000008e-06
1.008772299999999996e+04 4.167089999999997190e+02 1.055000314033463127e+01 2.128689999999999977e-04 2.117750000000000112e-04 1.094527321250000045e-06
1.009175200000000041e+04 4.207380000000001701e+02 1.060000240605951660e+01 2.124659999999999949e-04 2.115200000000000077e-04 9.454013312000000887e-07
1.009580000000000109e+04 4.247860000000008540e+02 1.065000106354020559e+01 2.120310000000000033e-04 2.112659999999999929e-04 7.656808004999998974e-07
1.009986700000000019e+04 4.288529999999999518e+02 1.069999912130323594e+01 2.115770000000000107e-04 2.110109999999999894e-04 5.651739725099999471e-07
1.010395299999999952e+04 4.329389999999992824e+02 1.074999658771645983e+01 2.111109999999999918e-04 2.107570000000000016e-04 3.536544611399999642e-07
1.010805900000000111e+04 4.370450000000008686e+02 1.080000562230299543e+01 2.106429999999999956e-04 2.105029999999999868e-04 1.404650733489999752e-07
1.011218300000000090e+04 4.411690000000006648e+02 1.085000187451079867e+01 2.101829999999999898e-04 2.102480000000000104e-04 -6.574959555200000601e-08
1.011632600000000093e+04 4.453120000000006939e+02 1.089999756007047793e+01 2.097369999999999877e-04 2.099939999999999956e-04 -2.572573495799999682e-07
1.012048899999999958e+04 4.494749999999993406e+02 1.095000467159860413e+01 2.093119999999999909e-04 2.097389999999999921e-04 -4.274103289799999798e-07
1.012467000000000007e+04 4.536559999999998354e+02 1.099999919253505354e+01 2.089140000000000127e-04 2.094850000000000043e-04 -5.707712104000000500e-07
1.012887100000000100e+04 4.578570000000007667e+02 1.105000504657564164e+01 2.085819999999999894e-04 2.092709999999999959e-04 -6.898744077599999625e-07
1.013309000000000015e+04 4.620759999999999081e+02 1.109999843478247072e+01 2.082809999999999935e-04 2.090569999999999874e-04 -7.767241060899998991e-07
1.013732899999999972e+04 4.663149999999994861e+02 1.115000306461097779e+01 2.080139999999999908e-04 2.088439999999999947e-04 -8.291440950400000756e-07
1.014158599999999933e+04 4.705719999999990932e+02 1.119999535083592512e+01 2.077840000000000015e-04 2.086300000000000134e-04 -8.461240006000000897e-07
1.014586299999999937e+04 4.748489999999991369e+02 1.124999878855518887e+01 2.075880000000000054e-04 2.084160000000000049e-04 -8.278971292799999854e-07
1.015015899999999965e+04 4.791449999999994134e+02 1.130000161609648579e+01 2.074260000000000025e-04 2.082019999999999964e-04 -7.760104943999999972e-07
1.015447400000000016e+04 4.834599999999999227e+02 1.135000384152428943e+01 2.072949999999999999e-04 2.079879999999999880e-04 -6.933571163200000246e-07
1.015880700000000070e+04 4.877930000000004611e+02 1.139999396099402773e+01 2.071900000000000000e-04 2.077740000000000066e-04 -5.841566010000000690e-07
1.016315999999999985e+04 4.921459999999996171e+02 1.144999505609582258e+01 2.071069999999999942e-04 2.075609999999999868e-04 -4.538196728399999777e-07
1.016753200000000106e+04 4.965180000000008249e+02 1.149999557200265876e+01 2.070379999999999920e-04 2.073470000000000055e-04 -3.087044340100000135e-07
1.017192300000000068e+04 5.009090000000004466e+02 1.154999551623658682e+01 2.069770000000000073e-04 2.071329999999999970e-04 -1.557981929449999953e-07
1.017633300000000054e+04 5.053190000000003010e+02 1.159999489618994417e+01 2.069170000000000113e-04 2.069189999999999886e-04 -2.316747891599999946e-09
1.018076300000000083e+04 5.097490000000005921e+02 1.165000498386224237e+01 2.068500000000000135e-04 2.067050000000000072e-04 1.447009413800000146e-07
1.018521099999999933e+04 5.141969999999990932e+02 1.170000320878794042e+01 2.067709999999999893e-04 2.064919999999999874e-04 2.787786544399999995e-07
1.018967799999999988e+04 5.186639999999996462e+02 1.175000089126910119e+01 2.066729999999999913e-04 2.062780000000000061e-04 3.943230875800000150e-07
1.019416400000000067e+04 5.231500000000004320e+02 1.179999803820086335e+01 2.065520000000000105e-04 2.060639999999999976e-04 4.868942011199999849e-07
1.019866899999999987e+04 5.276549999999996317e+02 1.184999465636193072e+01 2.064049999999999999e-04 2.058499999999999891e-04 5.533618529999999719e-07
1.020319399999999951e+04 5.321799999999992679e+02 1.190000178050000201e+01 2.062300000000000092e-04 2.056360000000000078e-04 5.920157622000000520e-07
1.020773700000000099e+04 5.367230000000007522e+02 1.194999731486378813e+01 2.060259999999999956e-04 2.054229999999999880e-04 6.025734485899999416e-07
1.021229999999999927e+04 5.412859999999990350e+02 1.200000327668431055e+01 2.057960000000000063e-04 2.052090000000000066e-04 5.861179458000000335e-07
1.021688099999999940e+04 5.458669999999991660e+02 1.204999775455864253e+01 2.055410000000000028e-04 2.049879999999999964e-04 5.510364423199999952e-07
1.022148199999999997e+04 5.504679999999997335e+02 1.210000258244341076e+01 2.052620000000000009e-04 2.047680000000000019e-04 4.929421017600000111e-07
1.022610100000000057e+04 5.550870000000003301e+02 1.214999603023216501e+01 2.049639999999999980e-04 2.045480000000000074e-04 4.153122137199999869e-07
1.023073999999999978e+04 5.597259999999995443e+02 1.219999975163982775e+01 2.046499999999999871e-04 2.043269999999999971e-04 3.223462752000000017e-07
1.023539800000000105e+04 5.643840000000008104e+02 1.225000290787352419e+01 2.043260000000000085e-04 2.041070000000000026e-04 2.187496361800000068e-07
1.024007400000000052e+04 5.690600000000002865e+02 1.229999483638340863e+01 2.039959999999999896e-04 2.038870000000000081e-04 1.095225914509999989e-07
1.024477000000000044e+04 5.737560000000001992e+02 1.234999692603370569e+01 2.036659999999999979e-04 2.036659999999999979e-04 -2.699857595800000243e-10
1.024948500000000058e+04 5.784710000000003447e+02 1.239999847050670034e+01 2.033399999999999878e-04 2.034460000000000034e-04 -1.057176622099999938e-07
1.025421900000000096e+04 5.832050000000007230e+02 1.244999947637099247e+01 2.030230000000000110e-04 2.032249999999999931e-04 -2.022921972499999967e-07
1.025897199999999975e+04 5.879579999999995152e+02 1.249999995009000209e+01 2.027180000000000063e-04 2.030049999999999986e-04 -2.860502854000000054e-07
1.026374400000000060e+04 5.927300000000003593e+02 1.254999989802412586e+01 2.024299999999999982e-04 2.027850000000000041e-04 -3.537949338000000080e-07
1.026853499999999985e+04 5.975209999999996171e+02 1.259999932643266618e+01 2.021600000000000025e-04 2.025639999999999938e-04 -4.032016163600000103e-07
1.027334500000000116e+04 6.023310000000009268e+02 1.264999824147597351e+01 2.019099999999999964e-04 2.023439999999999993e-04 -4.328886832799999698e-07
1.027817400000000089e+04 6.071600000000006503e+02 1.269999664921724758e+01 2.016800000000000071e-04 2.021240000000000048e-04 -4.424231598799999840e-07
1.028302300000000105e+04 6.120090000000008104e+02 1.275000484849900495e+01 2.014700000000000074e-04 2.019029999999999946e-04 -4.322844181499999421e-07
1.028788999999999942e+04 6.168759999999991805e+02 1.280000221924268899e+01 2.012779999999999929e-04 2.016830000000000001e-04 -4.038016352799999800e-07
1.029277599999999984e+04 6.217619999999996026e+02 1.284999910062373907e+01 2.011030000000000022e-04 2.014630000000000056e-04 -3.590292269299999875e-07
1.029768100000000049e+04 6.266670000000002574e+02 1.289999549833204462e+01 2.009409999999999994e-04 2.012419999999999953e-04 -3.006313989599999860e-07
1.030260599999999977e+04 6.315919999999995298e+02 1.295000155188320790e+01 2.007889999999999914e-04 2.010220000000000008e-04 -2.317502229199999704e-07
1.030754900000000089e+04 6.365350000000006503e+02 1.299999695999270699e+01 2.006450000000000009e-04 2.008009999999999906e-04 -1.558468769260000085e-07
1.031251200000000063e+04 6.414980000000003884e+02 1.305000195753610193e+01 2.004320000000000082e-04 2.005099999999999895e-04 -7.775557238999999611e-08
1.031749300000000039e+04 6.464790000000001555e+02 1.309999639896224366e+01 2.002200000000000041e-04 2.002189999999999883e-04 9.112307062299999964e-10
1.032249400000000060e+04 6.514800000000003593e+02 1.315000036425042218e+01 2.000050000000000070e-04 1.999279999999999872e-04 7.689370829600000422e-08
1.032751400000000103e+04 6.565000000000007958e+02 1.320000380319232036e+01 1.997839999999999967e-04 1.996370000000000132e-04 1.470817612020000199e-07
1.033255199999999968e+04 6.615379999999994425e+02 1.324999681728444756e+01 1.995549999999999961e-04 1.993449999999999964e-04 2.086185293999999891e-07
1.033761000000000058e+04 6.665960000000003447e+02 1.329999925855785392e+01 1.993139999999999962e-04 1.990539999999999953e-04 2.590309607400000102e-07
1.034268699999999990e+04 6.716729999999996608e+02 1.335000119081543346e+01 1.990600000000000084e-04 1.987629999999999942e-04 2.963715340400000247e-07
1.034778299999999945e+04 6.767689999999992096e+02 1.340000261975536233e+01 1.987919999999999900e-04 1.984719999999999930e-04 3.193454174400000085e-07
1.035289800000000105e+04 6.818840000000008104e+02 1.345000355099102229e+01 1.985090000000000064e-04 1.981809999999999919e-04 3.273890665699999912e-07
1.035803200000000106e+04 6.870180000000008249e+02 1.350000399005252838e+01 1.982110000000000035e-04 1.978899999999999908e-04 3.206926183999999959e-07
1.036318499999999949e+04 6.921709999999992533e+02 1.355000394238834893e+01 1.978989999999999970e-04 1.975980000000000011e-04 3.001414820999999840e-07
1.036835699999999997e+04 6.973429999999997335e+02 1.360000341336681018e+01 1.975749999999999913e-04 1.973070000000000000e-04 2.672326008000000132e-07
1.037354800000000068e+04 7.025340000000004466e+02 1.365000240827748001e+01 1.972400000000000021e-04 1.970159999999999989e-04 2.239323259200000024e-07
1.037875799999999981e+04 7.077439999999995734e+02 1.370000093233265481e+01 1.968980000000000112e-04 1.967249999999999977e-04 1.725549730499999912e-07
1.038398700000000099e+04 7.129730000000007522e+02 1.374999899066882669e+01 1.965500000000000070e-04 1.964339999999999966e-04 1.156558212179999955e-07
1.038923500000000058e+04 7.182210000000003447e+02 1.379999658834792697e+01 1.961979999999999941e-04 1.961420000000000069e-04 5.594322895600000363e-08
1.039450300000000061e+04 7.234890000000003738e+02 1.385000320574944155e+01 1.958469999999999970e-04 1.958510000000000058e-04 -3.802799696799999737e-09
1.039978900000000067e+04 7.287750000000004320e+02 1.389999986292721168e+01 1.954989999999999929e-04 1.955600000000000047e-04 -6.082483123999999554e-08
1.040509400000000096e+04 7.340800000000007230e+02 1.394999607444483125e+01 1.951560000000000133e-04 1.952690000000000036e-04 -1.125050154260000160e-07
1.041041899999999987e+04 7.394049999999996317e+02 1.400000121894674088e+01 1.948209999999999970e-04 1.949780000000000024e-04 -1.565129351379999800e-07
1.041576200000000063e+04 7.447480000000003884e+02 1.404999652004390676e+01 1.945519999999999899e-04 1.947460000000000087e-04 -1.933303913259999927e-07
1.042112500000000000e+04 7.501109999999997626e+02 1.410000069722749849e+01 1.942939999999999934e-04 1.945150000000000037e-04 -2.198389078500000185e-07
1.042650699999999961e+04 7.554929999999993697e+02 1.415000438190493881e+01 1.940479999999999961e-04 1.942830000000000099e-04 -2.351115724499999948e-07
1.043190700000000106e+04 7.608930000000008249e+02 1.419999833743982087e+01 1.938119999999999936e-04 1.940520000000000049e-04 -2.388547257599999798e-07
1.043732700000000114e+04 7.663130000000008977e+02 1.425000108506987928e+01 1.935890000000000061e-04 1.938200000000000112e-04 -2.313765014000000176e-07
1.044276599999999962e+04 7.717519999999993843e+02 1.430000335535745037e+01 1.933749999999999976e-04 1.935890000000000061e-04 -2.135441541200000037e-07
1.044822299999999996e+04 7.772089999999997190e+02 1.434999600805615394e+01 1.931699999999999954e-04 1.933580000000000010e-04 -1.867045512199999889e-07
1.045370000000000073e+04 7.826860000000004902e+02 1.439999737031419258e+01 1.929730000000000106e-04 1.931260000000000073e-04 -1.525791963000000139e-07
1.045919599999999991e+04 7.881819999999996753e+02 1.444999826977243274e+01 1.927809999999999962e-04 1.928950000000000022e-04 -1.131525927899999919e-07
1.046471099999999933e+04 7.936969999999990932e+02 1.449999871121855932e+01 1.925929999999999905e-04 1.926630000000000085e-04 -7.054355744999999831e-08
1.047024500000000080e+04 7.992310000000005630e+02 1.454999869937440948e+01 1.924050000000000120e-04 1.924320000000000034e-04 -2.688871579200000096e-08
1.047579800000000068e+04 8.047840000000004466e+02 1.459999823889704196e+01 1.922159999999999906e-04 1.922000000000000097e-04 1.577333506000000161e-08
1.048137000000000080e+04 8.103560000000005630e+02 1.464999733437993967e+01 1.920249999999999919e-04 1.919690000000000047e-04 5.559729390400000476e-08
1.048696099999999933e+04 8.159469999999990932e+02 1.469999599035402760e+01 1.918289999999999958e-04 1.917379999999999996e-04 9.100403172599999131e-08
1.049257200000000012e+04 8.215579999999998790e+02 1.475000310851984153e+01 1.916269999999999866e-04 1.915060000000000059e-04 1.207288295080000001e-07
1.049820100000000093e+04 8.271870000000006939e+02 1.480000086876742849e+01 1.914189999999999913e-04 1.912750000000000008e-04 1.438477899250000083e-07
1.050384900000000016e+04 8.328349999999999227e+02 1.484999820293695727e+01 1.912030000000000055e-04 1.910430000000000071e-04 1.597767115770000075e-07
1.050951699999999983e+04 8.385029999999995880e+02 1.490000392297867293e+01 1.909810000000000067e-04 1.908120000000000020e-04 1.682620286520000084e-07
1.051520299999999952e+04 8.441889999999992824e+02 1.495000038834715639e+01 1.907500000000000016e-04 1.905800000000000083e-04 1.693505314800000037e-07
1.052090799999999945e+04 8.498939999999992096e+02 1.499999644053035652e+01 1.905130000000000105e-04 1.903490000000000032e-04 1.633628415720000100e-07
1.052663299999999981e+04 8.556189999999995734e+02 1.505000080352494152e+01 1.902089999999999944e-04 1.900570000000000135e-04 1.520670764409999935e-07
1.053237600000000020e+04 8.613619999999999663e+02 1.509999601276538961e+01 1.899000000000000080e-04 1.897640000000000080e-04 1.350635781800000091e-07
1.053813900000000103e+04 8.671250000000007958e+02 1.514999948352456727e+01 1.895859999999999971e-04 1.894719999999999911e-04 1.130549108479999875e-07
1.054392100000000028e+04 8.729070000000000391e+02 1.520000250044720680e+01 1.892669999999999888e-04 1.891800000000000014e-04 8.690342741999999764e-08
1.054972099999999955e+04 8.787069999999993115e+02 1.524999646248021534e+01 1.889460000000000033e-04 1.888880000000000116e-04 5.763955097600000083e-08
1.055554100000000108e+04 8.845270000000008395e+02 1.529999861318791687e+01 1.886219999999999976e-04 1.885959999999999948e-04 2.645530390000000025e-08
1.056138000000000102e+04 8.903660000000007813e+02 1.535000032309406492e+01 1.882979999999999919e-04 1.883029999999999893e-04 -5.321405119399999483e-09
1.056723800000000119e+04 8.962240000000009559e+02 1.540000159649233424e+01 1.879750000000000019e-04 1.880109999999999995e-04 -3.627766250499999805e-08
1.057311499999999978e+04 9.021009999999995443e+02 1.545000243762076586e+01 1.876539999999999892e-04 1.877190000000000098e-04 -6.498794236200000508e-08
1.057901100000000042e+04 9.079970000000001846e+02 1.550000285066271566e+01 1.873359999999999967e-04 1.874269999999999929e-04 -9.010140685599999305e-08
1.058492599999999948e+04 9.139119999999992388e+02 1.555000283974763242e+01 1.870239999999999902e-04 1.871339999999999874e-04 -1.104348844919999993e-07
1.059086000000000058e+04 9.198460000000003447e+02 1.560000240895206147e+01 1.867170000000000082e-04 1.868419999999999977e-04 -1.250611979640000021e-07
1.059681300000000010e+04 9.257989999999998645e+02 1.565000156230034989e+01 1.864160000000000122e-04 1.865500000000000079e-04 -1.333742956000000218e-07
1.060278499999999985e+04 9.317709999999996171e+02 1.570000030376558620e+01 1.861219999999999910e-04 1.862579999999999911e-04 -1.351352079660000037e-07
1.060877599999999984e+04 9.377619999999996026e+02 1.574999863727037663e+01 1.858349999999999987e-04 1.859660000000000013e-04 -1.304847175939999853e-07
1.061478600000000006e+04 9.437719999999998208e+02 1.579999656668763386e+01 1.855530000000000037e-04 1.856729999999999958e-04 -1.199263763730000097e-07
1.062081600000000071e+04 9.498020000000004757e+02 1.585000237559912861e+01 1.852769999999999949e-04 1.853810000000000061e-04 -1.042829300730000049e-07
1.062686399999999958e+04 9.558499999999993406e+02 1.589999948222973103e+01 1.850040000000000061e-04 1.850889999999999892e-04 -8.462343115599999469e-08
1.063293100000000049e+04 9.619170000000002574e+02 1.594999619626465837e+01 1.847340000000000104e-04 1.847969999999999995e-04 -6.218030976300000052e-08
1.063901800000000003e+04 9.680039999999997917e+02 1.600000072352006342e+01 1.844659999999999920e-04 1.845039999999999940e-04 -3.825358332799999836e-08
1.064512299999999959e+04 9.741089999999993552e+02 1.604999663780897734e+01 1.842109999999999885e-04 1.842249999999999921e-04 -1.455156429999999863e-08
1.065124799999999959e+04 9.802339999999993552e+02 1.610000032175624085e+01 1.839540000000000077e-04 1.839459999999999902e-04 8.410342222799999857e-09
1.065739199999999983e+04 9.863779999999995880e+02 1.615000357724312252e+01 1.836960000000000112e-04 1.836669999999999883e-04 2.967544452399999741e-08
1.066355400000000009e+04 9.925399999999998499e+02 1.619999830736508173e+01 1.834360000000000103e-04 1.833869999999999977e-04 4.847175151799999680e-08
1.066973600000000079e+04 9.987220000000005484e+02 1.625000074271174100e+01 1.831720000000000006e-04 1.831079999999999958e-04 6.422604653999999815e-08
1.067593699999999990e+04 1.004922999999999661e+03 1.630000276120146196e+01 1.829049999999999979e-04 1.828289999999999939e-04 7.655489019599999379e-08
1.068215600000000086e+04 1.011142000000000621e+03 1.634999634010571157e+01 1.826350000000000022e-04 1.825490000000000034e-04 8.524563672599999674e-08
1.068839500000000044e+04 1.017381000000000199e+03 1.639999756078028526e+01 1.823600000000000091e-04 1.822700000000000015e-04 9.022948263999999784e-08
1.069465300000000025e+04 1.023639000000000010e+03 1.644999837578324531e+01 1.820830000000000116e-04 1.819909999999999996e-04 9.155330241500000365e-08
1.070093000000000029e+04 1.029915999999999940e+03 1.649999878880258208e+01 1.818009999999999895e-04 1.817110000000000090e-04 8.935929162600001377e-08
1.070722600000000057e+04 1.036212000000000216e+03 1.654999880348167807e+01 1.815160000000000016e-04 1.814320000000000071e-04 8.387492500799999546e-08
1.071354100000000108e+04 1.042527000000000726e+03 1.659999842341998999e+01 1.812279999999999935e-04 1.811530000000000052e-04 7.540547970900000461e-08
1.071987500000000000e+04 1.048860999999999649e+03 1.664999765217370253e+01 1.809380000000000081e-04 1.808740000000000033e-04 6.433742442199999860e-08
1.072622800000000097e+04 1.055214000000000624e+03 1.669999649325643176e+01 1.806450000000000026e-04 1.805940000000000128e-04 5.113880298000000919e-08
1.073260100000000057e+04 1.061587000000000216e+03 1.675000278501465445e+01 1.803510000000000085e-04 1.803150000000000109e-04 3.635853628500000367e-08
1.073899200000000019e+04 1.067977999999999838e+03 1.680000083781163056e+01 1.800559999999999986e-04 1.800360000000000090e-04 2.061358189200000134e-08
1.074540200000000004e+04 1.074387999999999693e+03 1.684999851336750964e+01 1.797609999999999887e-04 1.797559999999999913e-04 4.572381469599999461e-09
1.075183200000000033e+04 1.080817999999999984e+03 1.690000358036464689e+01 1.794660000000000059e-04 1.794769999999999894e-04 -1.107511287290000092e-08
1.075828000000000065e+04 1.087266000000000304e+03 1.695000048853803776e+01 1.791720000000000118e-04 1.791979999999999875e-04 -2.565273129399999930e-08
1.076474699999999939e+04 1.093732999999999038e+03 1.699999702953162384e+01 1.788799999999999950e-04 1.789179999999999970e-04 -3.853661126599999799e-08
1.077123400000000038e+04 1.100220000000000027e+03 1.705000090359421705e+01 1.785939999999999913e-04 1.786439999999999925e-04 -4.979397805199999651e-08
1.077773899999999958e+04 1.106724999999999227e+03 1.709999669737669947e+01 1.783099999999999919e-04 1.783689999999999993e-04 -5.843635993500000542e-08
1.078426400000000103e+04 1.113250000000000682e+03 1.714999978582681095e+01 1.780290000000000128e-04 1.780940000000000062e-04 -6.410814099200000146e-08
1.079080800000000090e+04 1.119794000000000551e+03 1.720000247543493188e+01 1.777519999999999881e-04 1.778190000000000131e-04 -6.661811016000000736e-08
1.079737000000000080e+04 1.126356000000000449e+03 1.724999716189330812e+01 1.774780000000000107e-04 1.775439999999999928e-04 -6.594960651999998998e-08
1.080395200000000114e+04 1.132938000000000784e+03 1.729999908617111259e+01 1.772069999999999993e-04 1.772689999999999997e-04 -6.225882275899999713e-08
1.081055299999999988e+04 1.139538999999999533e+03 1.735000062176534996e+01 1.769379999999999922e-04 1.769940000000000066e-04 -5.586001437599999960e-08
1.081717300000000068e+04 1.146159000000000333e+03 1.740000177202687226e+01 1.766720000000000053e-04 1.767190000000000134e-04 -4.720040786700000181e-08
1.082381199999999990e+04 1.152797999999999547e+03 1.745000254026803788e+01 1.764070000000000069e-04 1.764439999999999932e-04 -3.682756812399999722e-08
1.083047000000000116e+04 1.159456000000000813e+03 1.750000292976339367e+01 1.761440000000000130e-04 1.761690000000000001e-04 -2.535089526899999822e-08
1.083714700000000084e+04 1.166133000000000493e+03 1.755000294375006575e+01 1.758809999999999920e-04 1.758940000000000069e-04 -1.340053715819999945e-08
1.084384300000000076e+04 1.172829000000000406e+03 1.760000258542844165e+01 1.756179999999999981e-04 1.756189999999999867e-04 -1.588435218819999925e-09
1.085055800000000090e+04 1.179544000000000551e+03 1.765000185796258236e+01 1.753539999999999884e-04 1.753439999999999936e-04 9.526614863999999133e-09
1.085729200000000128e+04 1.186278000000000930e+03 1.770000076448078730e+01 1.750889999999999901e-04 1.750690000000000004e-04 1.946714759299999956e-08
1.086404500000000007e+04 1.193030999999999722e+03 1.774999930807606319e+01 1.748219999999999874e-04 1.747949999999999959e-04 2.785637996999999896e-08
1.087081700000000092e+04 1.199803000000000566e+03 1.779999749180669255e+01 1.745539999999999961e-04 1.745200000000000028e-04 3.442860751999999875e-08
1.087760900000000038e+04 1.206595000000000027e+03 1.785000267075001545e+01 1.742840000000000003e-04 1.742450000000000097e-04 3.903035726500000553e-08
1.088441899999999987e+04 1.213404999999999518e+03 1.790000012325396739e+01 1.740110000000000116e-04 1.739699999999999894e-04 4.161553766999999892e-08
1.089124799999999959e+04 1.220233999999999241e+03 1.794999722497873762e+01 1.737370000000000071e-04 1.736949999999999963e-04 4.223307077500000235e-08
1.089809699999999975e+04 1.227082999999999402e+03 1.800000126963416491e+01 1.734609999999999982e-04 1.734200000000000032e-04 4.101348316000000054e-08
1.090496399999999994e+04 1.233949999999999591e+03 1.804999765834250525e+01 1.731500000000000075e-04 1.731120000000000055e-04 3.865002379200000176e-08
1.091185100000000057e+04 1.240837000000000216e+03 1.810000095556193855e+01 1.728380000000000010e-04 1.728029999999999920e-04 3.484365131399999932e-08
1.091875600000000122e+04 1.247742000000000871e+03 1.814999664313377892e+01 1.725250000000000058e-04 1.724949999999999943e-04 2.982007312499999892e-08
1.092568100000000049e+04 1.254667000000000144e+03 1.819999920511059344e+01 1.722100000000000063e-04 1.721860000000000079e-04 2.383364174800000069e-08
1.093262500000000000e+04 1.261610999999999649e+03 1.825000139407742239e+01 1.718950000000000068e-04 1.718780000000000102e-04 1.716023076880000155e-08
1.093958799999999974e+04 1.268573999999999387e+03 1.830000321309186617e+01 1.715800000000000072e-04 1.715700000000000124e-04 1.008848757000000114e-08
1.094656899999999951e+04 1.275554999999999154e+03 1.834999751345401720e+01 1.712639999999999920e-04 1.712609999999999990e-04 2.913235240499999718e-09
1.095356999999999971e+04 1.282555999999999358e+03 1.839999862103797668e+01 1.709489999999999925e-04 1.709530000000000012e-04 -4.072972320299999635e-09
1.096059000000000015e+04 1.289575999999999794e+03 1.844999936753855607e+01 1.706339999999999929e-04 1.706450000000000035e-04 -1.058951199100000112e-08
1.096762900000000081e+04 1.296615000000000464e+03 1.849999975588350765e+01 1.703200000000000091e-04 1.703359999999999900e-04 -1.637784046719999900e-08
1.097468699999999990e+04 1.303672999999999547e+03 1.854999978896898227e+01 1.700069999999999869e-04 1.700279999999999923e-04 -2.121337339199999816e-08
1.098176400000000103e+04 1.310750000000000682e+03 1.859999946965999484e+01 1.696950000000000075e-04 1.697199999999999946e-04 -2.491591432000000005e-08
1.098886000000000058e+04 1.317846000000000231e+03 1.864999880079077599e+01 1.693839999999999896e-04 1.694110000000000082e-04 -2.736021532200000225e-08
1.099597500000000036e+04 1.324961000000000013e+03 1.869999778516526234e+01 1.690739999999999875e-04 1.691030000000000105e-04 -2.848472393800000200e-08
1.100311000000000058e+04 1.332096000000000231e+03 1.875000342471192383e+01 1.687659999999999898e-04 1.687950000000000127e-04 -2.829392428500000186e-08
1.101026300000000083e+04 1.339249000000000478e+03 1.880000170525213576e+01 1.684590000000000078e-04 1.684859999999999993e-04 -2.685986963400000021e-08
1.101743500000000131e+04 1.346421000000000959e+03 1.884999964736871192e+01 1.681540000000000031e-04 1.681780000000000015e-04 -2.431736155399999786e-08
1.102462600000000020e+04 1.353611999999999853e+03 1.889999725374743278e+01 1.678489999999999984e-04 1.678689999999999881e-04 -2.085335865599999844e-08
1.103183699999999953e+04 1.360822999999999183e+03 1.895000145233121813e+01 1.675439999999999937e-04 1.675609999999999903e-04 -1.669463862520000000e-08
1.103906600000000071e+04 1.368052000000000362e+03 1.899999837695523297e+01 1.672409999999999934e-04 1.672529999999999926e-04 -1.209061901819999992e-08
1.104631500000000051e+04 1.375301000000000158e+03 1.905000186275797347e+01 1.669700000000000090e-04 1.669770000000000108e-04 -7.422962535000000412e-09
1.105358200000000033e+04 1.382567999999999984e+03 1.909999811641651135e+01 1.666989999999999976e-04 1.667019999999999906e-04 -2.690353567399999592e-09
1.106086900000000060e+04 1.389855000000000246e+03 1.915000090049556647e+01 1.664290000000000018e-04 1.664269999999999975e-04 1.891609281999999826e-09
1.106817500000000109e+04 1.397161000000000740e+03 1.920000332886405303e+01 1.661579999999999904e-04 1.661520000000000043e-04 6.130958954400000086e-09
1.107549899999999980e+04 1.404484999999999445e+03 1.924999858693634280e+01 1.658859999999999903e-04 1.658759999999999955e-04 9.867681250799999017e-09
1.108284300000000076e+04 1.411829000000000406e+03 1.930000032983281955e+01 1.656139999999999902e-04 1.656010000000000023e-04 1.297871341340000125e-08
1.109020600000000013e+04 1.419191999999999780e+03 1.935000172515716343e+01 1.653410000000000014e-04 1.653260000000000092e-04 1.537910396539999947e-08
1.109758799999999974e+04 1.426573999999999387e+03 1.940000277559687802e+01 1.650669999999999969e-04 1.650500000000000003e-04 1.702061620000000075e-08
1.110498800000000119e+04 1.433974000000000842e+03 1.944999673655498640e+01 1.647929999999999924e-04 1.647750000000000072e-04 1.788929219999999942e-08
1.111240799999999945e+04 1.441393999999999096e+03 1.949999712247841188e+01 1.645179999999999993e-04 1.644999999999999869e-04 1.799975449999999855e-08
1.111984699999999975e+04 1.448832999999999402e+03 1.954999717132657011e+01 1.642419999999999904e-04 1.642240000000000052e-04 1.739214271999999834e-08
1.112730500000000029e+04 1.456290999999999940e+03 1.959999688567909004e+01 1.639649999999999929e-04 1.639490000000000120e-04 1.612843369030000187e-08
1.113478299999999945e+04 1.463768999999999096e+03 1.965000294667198943e+01 1.636879999999999954e-04 1.636739999999999918e-04 1.428885477179999990e-08
1.114227900000000045e+04 1.471265000000000100e+03 1.970000198271708669e+01 1.634100000000000092e-04 1.633980000000000100e-04 1.196999826660000041e-08
1.114979399999999987e+04 1.478779999999999518e+03 1.975000069193515273e+01 1.631319999999999960e-04 1.631229999999999898e-04 9.283166806999999101e-09
1.115732800000000134e+04 1.486314000000000988e+03 1.979999907680210924e+01 1.628540000000000098e-04 1.628479999999999967e-04 6.351479119999999463e-09
1.116488100000000122e+04 1.493867000000000871e+03 1.984999713976887392e+01 1.625759999999999966e-04 1.625719999999999878e-04 3.307218453199999488e-09
1.117245399999999972e+04 1.501439999999999372e+03 1.990000147794302876e+01 1.622969999999999947e-04 1.622969999999999947e-04 2.873289858299999610e-10
1.118004500000000007e+04 1.509030999999999722e+03 1.994999888783677733e+01 1.620190000000000085e-04 1.620220000000000015e-04 -2.572407091799999891e-09
1.118765600000000086e+04 1.516642000000000507e+03 2.000000254482677065e+01 1.617409999999999952e-04 1.617470000000000084e-04 -5.144201588000000870e-09
