# # Once                                                         FEFF 10.0.0 
# # POT  SCF 100  9.0000   0, core-hole, FOLP (folp(0)= 1.150)
# # Abs   Z=30 Rmt= 1.382 Rnm= 1.526 K  shell
# #   RGRID 0.0100
# # Pot 1 Z= 6 Rmt= 0.899 Rnm= 1.122
# # Pot 2 Z= 6 Rmt= 0.924 Rnm= 1.164
# # Pot 3 Z= 1 Rmt= 0.549 Rnm= 0.952
# # Pot 4 Z=16 Rmt= 1.254 Rnm= 1.469
# # Gam_ch=1.897E+00 H-L exch Vi= 0.000E+00 Vr= 0.000E+00
# # Mu=-6.858E+00eV kf=1.991E+00 Vint=-1.301E+01eV Rs_int= 1.822
# # PATH  Rmax= 6.000,  Keep_limit= 0.00, Heap_limit 0.00  Pwcrit= 2.50%
#  S02=1.000  Temp=  10.00  Debye_temp= 315.00  Global_sig2= 0.00000
#  Energy zero shift, vr, vi    0.00000E+00   0.00000E+00
#  Curved wave amplitude ratio filter   4.000%
#     file         sig2 tot  cw amp ratio   deg  nlegs   reff  inp sig2
#           1       0.00297    100.00      1.00     2   2.3509
#           2       0.00300    197.80      2.00     2   2.3610
#           3       0.00307     98.66      1.00     2   2.3630
#           4       0.02212     12.68      1.00     2   3.0358
#           5       0.03221     11.34      1.00     2   3.1658
#           6       0.02997     11.13      1.00     2   3.1884
#           7       0.00566     40.91      1.00     2   3.2351
#           8       0.00659     38.64      1.00     2   3.3040
#           9       0.00601     38.16      1.00     2   3.3193
#          10       0.00605     36.84      1.00     2   3.3627
#          11       0.02476      9.15      1.00     2   3.4300
#          12       0.02440      9.08      1.00     2   3.4399
#          13       0.03598      8.95      1.00     2   3.4593
#          14       0.03780      8.94      1.00     2   3.4609
#          15       0.02381      8.33      1.00     2   3.5514
#          16       0.01093     14.69      2.00     3   3.6821
#          17       0.00401     43.87      2.00     3   3.7060
#          18       0.00433     42.87      2.00     3   3.7452
#          19       0.00420     42.82      2.00     3   3.7523
#          20       0.00423     42.38      2.00     3   3.7746
#          21       0.01550     12.29      2.00     3   3.7814
#          22       0.01425     11.97      2.00     3   3.7999
#          23       0.01445      7.55      2.00     3   3.8958
#          24       0.01175     23.94      1.00     2   3.9271
#          25       0.01173     23.91      1.00     2   3.9288
#          26       0.01273      9.14      2.00     3   3.9400
#          27       0.01247      8.41      2.00     3   3.9429
#          28       0.01235      8.32      2.00     3   3.9478
#          29       0.01754      7.24      2.00     3   3.9673
#          30       0.01698      7.24      2.00     3   3.9756
#          31       0.01511      6.70      2.00     3   4.1030
#          32       0.01503      6.69      2.00     3   4.1066
#          33       0.01801      7.86      1.00     4   4.1290
#          35       0.01449      6.58      2.00     3   4.1562
#          37       0.00447     15.66      1.00     4   4.1768
#          38       0.00455     14.18      1.00     4   4.1853
#          39       0.00448     14.42      1.00     4   4.1863
#          40       0.00455     13.30      1.00     4   4.1866
#          41       0.00433      8.81      2.00     3   4.1966
#          43       0.00421      9.00      2.00     3   4.2280
#          45       0.01425      5.10      1.00     2   4.2400
#          46       0.02034     12.70      2.00     3   4.2396
#          47       0.02106     12.68      2.00     3   4.2413
#          48       0.01332      5.04      1.00     2   4.2573
#          49       0.02914      6.97      1.00     4   4.2588
#          50       0.00422      9.71      2.00     3   4.2727
#          51       0.00433      9.87      2.00     3   4.2792
#          52       0.02606      6.85      1.00     4   4.2805
#          54       0.01199     19.72      2.00     3   4.3187
#          56       0.01127     19.56      2.00     3   4.3350
#          57       0.00422     11.51      2.00     3   4.3502
#          60       0.00445     11.64      2.00     3   4.3712
#          61       0.00639     16.74      2.00     3   4.3744
#          62       0.00622     16.68      2.00     3   4.3801
#          63       0.01709      4.23      2.00     4   4.3870
#          64       0.01184     20.88      1.00     4   4.3974
#          65       0.01057      5.49      2.00     4   4.4109
#          66       0.01123     20.77      1.00     4   4.4126
#          67       0.03372      4.44      1.00     2   4.4528
#          68       0.03409      4.37      1.00     2   4.4771
#          69       0.01216      8.66      2.00     3   4.4985
#          70       0.01204      8.93      2.00     3   4.5051
#          71       0.01869      5.44      1.00     4   4.5232
#          73       0.01866      5.39      1.00     4   4.5329
#          74       0.00611     15.21      2.00     3   4.5420
#          75       0.00606     15.13      2.00     3   4.5438
#          77       0.03846      5.86      1.00     4   4.5521
#          78       0.03859      5.85      1.00     4   4.5539
#          79       0.00962     18.43      2.00     4   4.5772
#          81       0.00952     19.01      2.00     4   4.5827
#          83       0.00578     15.07      1.00     2   4.6130
#          84       0.01349      5.09      2.00     3   4.6234
#          85       0.01309      5.03      2.00     3   4.6286
#          86       0.01793      4.76      1.00     4   4.6449
#          87       0.01861      6.40      2.00     4   4.6606
#          88       0.00553     43.61      2.00     3   4.6822
#          89       0.01727      6.29      2.00     4   4.6828
#          90       0.01201      5.50      2.00     4   4.6869
#          91       0.01177      5.37      2.00     4   4.6926
#          92       0.00594      8.40      1.00     4   4.7018
#          93       0.00459      5.57      2.00     4   4.7115
#          96       0.00605      8.22      1.00     4   4.7212
#          98       0.00601      8.22      1.00     4   4.7221
#          99       0.00468      5.84      2.00     4   4.7241
#         101       0.00613      8.18      1.00     4   4.7260
#         102       0.02054      7.93      2.00     3   4.7365
#         103       0.02138      8.19      2.00     3   4.7495
#         104       0.00618     41.60      1.00     4   4.7514
#         105       0.01409      4.31      1.00     4   4.7528
#         107       0.00987     13.48      2.00     4   4.7599
#         108       0.00968     13.66      2.00     4   4.7680
#         109       0.00554     13.61      1.00     2   4.7754
#         113       0.00549      6.59      2.00     4   4.8131
#         115       0.00549      6.58      2.00     4   4.8155
#         118       0.00578     42.31      2.00     3   4.8279
#         120       0.01321      5.08      2.00     4   4.8518
#         121       0.01261      4.91      2.00     4   4.8607
#         122       0.00485     20.82      2.00     3   4.8743
#         123       0.00659     41.08      1.00     4   4.8803
#         124       0.00870      6.80      2.00     3   4.9010
#         125       0.02438      4.04      2.00     3   4.9085
#         126       0.01576     12.25      2.00     3   4.9142
#         127       0.02444      4.10      2.00     3   4.9188
#         128       0.01555     12.47      2.00     3   4.9197
#         129       0.00454     34.66      2.00     4   4.9435
#         130       0.00496     26.19      2.00     3   4.9555
#         132       0.00894     13.08      2.00     4   4.9702
#         134       0.00521      6.67      2.00     4   4.9875
#         135       0.00506      6.66      2.00     4   4.9967
#         136       0.00466     42.99      2.00     4   5.0080
#         137       0.01585      4.03      1.00     4   5.0202
#         138       0.01911      4.34      1.00     4   5.0219
#         139       0.01403     12.07      1.00     4   5.0228
#         140       0.01315     11.59      1.00     4   5.0245
#         142       0.00667      6.10      1.00     4   5.0610
#         144       0.02176      5.39      2.00     3   5.0630
#         145       0.01750      4.42      2.00     4   5.0689
#         146       0.01655      4.31      2.00     4   5.0815
#         147       0.01697      5.11      2.00     3   5.0873
#         153       0.02347      4.50      2.00     4   5.1265
#         154       0.01190      7.76      2.00     4   5.1292
#         155       0.00702      6.00      1.00     4   5.1297
#         156       0.02409      4.39      2.00     4   5.1298
#         157       0.00534     15.60      1.00     4   5.1356
#         158       0.00533      8.63      1.00     4   5.1355
#         159       0.01459      4.73      2.00     3   5.1367
#         160       0.00679      6.02      1.00     4   5.1415
#         161       0.01408      4.70      2.00     3   5.1495
#         162       0.00469     26.36      2.00     4   5.1530
#         163       0.00853      4.09      2.00     3   5.1587
#         164       0.00905      4.82      2.00     3   5.1792
#         165       0.00893      4.78      2.00     3   5.1830
#         166       0.00651      5.96      1.00     4   5.1882
#         167       0.01388      5.43      2.00     4   5.1895
#         168       0.01283      4.64      2.00     4   5.1912
#         169       0.01261      4.34      2.00     4   5.1922
#         170       0.01381      5.63      2.00     4   5.1950
#         171       0.02213      8.41      2.00     3   5.2206
#         172       0.02203      8.28      2.00     3   5.2226
#         174       0.02130      8.56      2.00     3   5.2282
#         175       0.01060     10.86      2.00     4   5.2279
#         176       0.01018     11.13      2.00     4   5.2316
#         178       0.01009     11.10      2.00     4   5.2354
#         179       0.01192      4.05      2.00     4   5.2388
#         180       0.00480     30.20      2.00     4   5.2398
#         182       0.01176      4.10      2.00     4   5.2435
#         183       0.01176      4.05      2.00     4   5.2453
#         184       0.01178      9.17      2.00     4   5.2471
#         186       0.01161      9.32      2.00     4   5.2526
#         187       0.01570      6.42      2.00     3   5.2591
#         188       0.00694      5.12      2.00     3   5.2973
#         189       0.01133      8.05      2.00     4   5.3113
#         190       0.01659      5.40      2.00     3   5.3154
#         191       0.01664      5.39      2.00     3   5.3149
#         192       0.02430      6.67      1.00     4   5.3363
#         193       0.02408      6.92      1.00     4   5.3377
#         194       0.02413      6.48      1.00     4   5.3425
#         199       0.01301      7.78      2.00     4   5.3597
#         200       0.01512      7.51      2.00     3   5.3688
#         201       0.01604      9.37      2.00     4   5.3686
#         202       0.01595      4.30      2.00     4   5.3721
#         203       0.01256      7.81      2.00     4   5.3727
#         204       0.01230      6.20      2.00     4   5.3871
#         205       0.00658      6.28      2.00     3   5.3876
#         206       0.02279      4.54      2.00     4   5.3968
#         207       0.01464      5.81      1.00     4   5.3982
#         208       0.01499      4.02      1.00     4   5.3995
#         209       0.01272      6.23      2.00     4   5.4081
#         210       0.01119      5.22      2.00     3   5.4125
#         211       0.01259      6.17      2.00     4   5.4130
#         213       0.01613      7.93      2.00     4   5.4311
#         214       0.01606      7.80      2.00     4   5.4348
#         215       0.00669      7.56      2.00     3   5.4524
#         216       0.00621      9.32      2.00     3   5.4533
#         217       0.01124      8.00      2.00     4   5.4817
#         221       0.00632      7.49      2.00     3   5.5210
#         222       0.01162      8.23      2.00     4   5.5220
#         223       0.01113      6.97      2.00     3   5.5237
#         225       0.01533      7.18      2.00     3   5.5263
#         226       0.01510      5.79      1.00     4   5.5269
#         229       0.01154      5.62      2.00     4   5.5273
#         231       0.01133      5.61      2.00     4   5.5364
#         232       0.01147      7.42      2.00     4   5.5380
#         233       0.01143      7.39      2.00     4   5.5392
#         235       0.01072      6.32      2.00     4   5.5529
#         236       0.01062     10.94      2.00     4   5.5530
#         238       0.01054      4.08      2.00     4   5.5772
#         239       0.00554     10.15      2.00     4   5.5812
#         241       0.00546      6.72      2.00     4   5.5859
#         242       0.00886      4.79      2.00     4   5.5860
#         243       0.01145      9.00      2.00     4   5.5929
#         244       0.00657      7.97      2.00     4   5.5962
#         245       0.01184      5.50      2.00     4   5.6024
#         246       0.01182      5.38      2.00     4   5.6055
#         248       0.00531      9.46      2.00     4   5.6342
#         250       0.00545     10.30      2.00     4   5.6417
#         251       0.01019      4.56      2.00     4   5.6646
#         252       0.01153      4.83      2.00     4   5.6657
#         253       0.00772      5.73      2.00     4   5.6670
#         254       0.01153      4.89      2.00     4   5.6668
#         255       0.01125      5.47      2.00     4   5.6737
#         256       0.00726      4.13      2.00     4   5.6799
#         258       0.00956      4.52      2.00     4   5.6823
#         260       0.01094      6.55      2.00     3   5.6979
#         262       0.01088     10.79      2.00     4   5.6986
#         264       0.00993      5.11      1.00     4   5.7079
#         265       0.00682      5.77      2.00     4   5.7233
#         266       0.00949      4.43      2.00     4   5.7237
#         267       0.01165      8.52      2.00     4   5.7504
#         268       0.01175      4.31      2.00     4   5.7540
#         270       0.00981      7.27      2.00     4   5.7849
#         274       0.01184      5.34      2.00     4   5.8198
#         275       0.00997      5.01      1.00     4   5.8702
#         276       0.00986      9.05      2.00     4   5.8780
#         277       0.00963      4.01      2.00     4   5.9089
#         278       0.00970      5.04      2.00     4   5.9265
#         279       0.00945      5.04      2.00     4   5.9330
#         280       0.01408      5.23      2.00     4   5.9382
#         281       0.00975      5.09      2.00     4   5.9915
#   219/ 267 paths used
#  xsedge+50, used to normalize mu           1.0000E+00
#  -----------------------------------------------------------------------
#  omega    e    k    mu    mu0     chi     @#
    9923.661     -6.858   0.000 -9.01140E-05  1.43990E-04 -8.09368E-01
    9923.671     -6.849   0.050 -9.49352E-05  1.45837E-04 -8.31363E-01
    9923.700     -6.820   0.100 -9.96429E-05  1.47684E-04 -8.52912E-01
    9923.747     -6.773   0.150 -1.12885E-04  1.53233E-04 -9.14415E-01
    9923.814     -6.706   0.200 -1.25035E-04  1.58781E-04 -9.71742E-01
    9923.900     -6.620   0.250 -1.42674E-04  1.67591E-04 -1.05669E+00
    9924.004     -6.515   0.300 -1.57013E-04  1.76401E-04 -1.12956E+00
    9924.128     -6.392   0.350 -1.72105E-04  1.87084E-04 -1.20951E+00
    9924.271     -6.249   0.400 -1.80518E-04  1.97768E-04 -1.26614E+00
    9924.433     -6.087   0.450 -1.83852E-04  2.08276E-04 -1.30492E+00
    9924.614     -5.906   0.500 -1.77041E-04  2.18783E-04 -1.30968E+00
    9924.814     -5.706   0.550 -1.59769E-04  2.27623E-04 -1.27606E+00
    9925.033     -5.487   0.600 -1.30963E-04  2.36463E-04 -1.20491E+00
    9925.271     -5.249   0.650 -8.97608E-05  2.43177E-04 -1.08928E+00
    9925.528     -4.991   0.700 -3.96237E-05  2.49890E-04 -9.45011E-01
    9925.805     -4.715   0.750  1.92685E-05  2.54585E-04 -7.68381E-01
    9926.100     -4.420   0.800  8.06391E-05  2.59280E-04 -5.83528E-01
    9926.414     -4.106   0.850  1.42856E-04  2.62218E-04 -3.91169E-01
    9926.748     -3.772   0.900  1.99951E-04  2.65155E-04 -2.14389E-01
    9927.100     -3.420   0.950  2.50136E-04  2.66598E-04 -5.44559E-02
    9927.471     -3.048   1.000  2.90104E-04  2.68041E-04  7.34382E-02
    9927.862     -2.658   1.050  3.19135E-04  2.68244E-04  1.70862E-01
    9928.272     -2.248   1.100  3.37270E-04  2.68448E-04  2.33090E-01
    9928.700     -1.820   1.150  3.45434E-04  2.67656E-04  2.66275E-01
    9929.148     -1.372   1.200  3.45928E-04  2.66865E-04  2.73642E-01
    9929.615     -0.905   1.250  3.40711E-04  2.65317E-04  2.64198E-01
    9930.100     -0.419   1.300  3.32552E-04  2.63768E-04  2.44079E-01
    9930.605      0.085   1.350  3.23498E-04  2.61684E-04  2.22330E-01
    9931.129      0.609   1.400  3.15185E-04  2.59601E-04  2.02682E-01
    9931.672      1.152   1.450  3.08887E-04  2.57176E-04  1.91247E-01
    9932.234      1.714   1.500  3.04354E-04  2.54751E-04  1.86101E-01
    9932.815      2.295   1.550  3.01581E-04  2.52144E-04  1.88161E-01
    9933.415      2.895   1.600  2.98993E-04  2.49538E-04  1.90994E-01
    9934.034      3.514   1.650  2.95486E-04  2.46878E-04  1.90418E-01
    9934.672      4.153   1.700  2.89867E-04  2.44218E-04  1.81428E-01
    9935.329      4.810   1.750  2.81364E-04  2.41603E-04  1.60224E-01
    9936.006      5.486   1.800  2.70156E-04  2.38987E-04  1.27370E-01
    9936.701      6.181   1.850  2.58482E-04  2.36484E-04  9.10839E-02
    9937.415      6.896   1.900  2.45188E-04  2.33980E-04  4.70248E-02
    9938.149      7.629   1.950  2.37368E-04  2.31596E-04  2.45184E-02
    9938.901      8.382   2.000  2.28833E-04  2.29211E-04 -1.62799E-03
    9939.673      9.153   2.050  2.27243E-04  2.27120E-04  5.33320E-04
    9940.463      9.944   2.100  2.28797E-04  2.25030E-04  1.65787E-02
    9941.273     10.753   2.150  2.32492E-04  2.22939E-04  4.25417E-02
    9942.102     11.582   2.200  2.36656E-04  2.20848E-04  7.12446E-02
    9942.949     12.430   2.250  2.40875E-04  2.20631E-04  9.18150E-02
    9943.816     13.296   2.300  2.43090E-04  2.20414E-04  1.03506E-01
    9944.702     14.182   2.350  2.42857E-04  2.20196E-04  1.04103E-01
    9945.607     15.087   2.400  2.40427E-04  2.19979E-04  9.45485E-02
    9946.531     16.011   2.450  2.37064E-04  2.20126E-04  7.85159E-02
    9947.474     16.954   2.500  2.33473E-04  2.20272E-04  6.13447E-02
    9948.436     17.916   2.550  2.30051E-04  2.20419E-04  4.48730E-02
    9949.417     18.897   2.600  2.27014E-04  2.20566E-04  3.01181E-02
    9950.417     19.897   2.650  2.22970E-04  2.20116E-04  1.33627E-02
    9951.436     20.916   2.700  2.19089E-04  2.19666E-04 -2.71077E-03
    9952.474     21.955   2.750  2.15281E-04  2.19217E-04 -1.85110E-02
    9953.532     23.012   2.800  2.11436E-04  2.18767E-04 -3.45621E-02
    9954.608     24.088   2.850  2.07907E-04  2.18540E-04 -5.01121E-02
    9955.703     25.184   2.900  2.04434E-04  2.18313E-04 -6.53862E-02
    9956.818     26.298   2.950  2.01054E-04  2.18086E-04 -8.02099E-02
    9957.951     27.432   3.000  1.97893E-04  2.17858E-04 -9.39944E-02
    9959.104     28.584   3.050  1.95627E-04  2.17865E-04 -1.04489E-01
    9960.275     29.756   3.100  1.93964E-04  2.17871E-04 -1.12115E-01
    9961.466     30.946   3.150  1.93099E-04  2.17878E-04 -1.15977E-01
    9962.676     32.156   3.200  1.93191E-04  2.17884E-04 -1.15350E-01
    9963.904     33.385   3.250  1.94559E-04  2.18081E-04 -1.09563E-01
    9965.152     34.632   3.300  1.96875E-04  2.18278E-04 -9.94017E-02
    9966.419     35.899   3.350  2.00108E-04  2.18475E-04 -8.50576E-02
    9967.705     37.185   3.400  2.04089E-04  2.18672E-04 -6.73358E-02
    9969.010     38.490   3.450  2.08613E-04  2.19012E-04 -4.78584E-02
    9970.334     39.814   3.500  2.13332E-04  2.19352E-04 -2.76138E-02
    9971.677     41.157   3.550  2.18009E-04  2.19692E-04 -7.69578E-03
    9973.039     42.519   3.600  2.22439E-04  2.20032E-04  1.09655E-02
    9974.420     43.900   3.650  2.26492E-04  2.20451E-04  2.74290E-02
    9975.820     45.300   3.700  2.30059E-04  2.20871E-04  4.15787E-02
    9977.239     46.720   3.750  2.33099E-04  2.21290E-04  5.32622E-02
    9978.678     48.158   3.800  2.35616E-04  2.21709E-04  6.25125E-02
    9980.135     49.615   3.850  2.37651E-04  2.22147E-04  6.94798E-02
    9981.611     51.092   3.900  2.39241E-04  2.22584E-04  7.44167E-02
    9983.107     52.587   3.950  2.40414E-04  2.23022E-04  7.74646E-02
    9984.621     54.101   4.000  2.41181E-04  2.23460E-04  7.86976E-02
    9986.155     55.635   4.050  2.41519E-04  2.23846E-04  7.82887E-02
    9987.707     57.187   4.100  2.41439E-04  2.24232E-04  7.60390E-02
    9989.279     58.759   4.150  2.40917E-04  2.24619E-04  7.18491E-02
    9990.870     60.350   4.200  2.39930E-04  2.25005E-04  6.56362E-02
    9992.479     61.959   4.250  2.38397E-04  2.25292E-04  5.75380E-02
    9994.108     63.588   4.300  2.36411E-04  2.25579E-04  4.74822E-02
    9995.756     65.236   4.350  2.34020E-04  2.25867E-04  3.56849E-02
    9997.423     66.903   4.400  2.31306E-04  2.26154E-04  2.25104E-02
    9999.109     68.589   4.450  2.28244E-04  2.26304E-04  8.46944E-03
   10000.814     70.294   4.500  2.25102E-04  2.26454E-04 -5.89886E-03
   10002.538     72.018   4.550  2.22033E-04  2.26605E-04 -1.99325E-02
   10004.281     73.761   4.600  2.19188E-04  2.26755E-04 -3.29645E-02
   10006.043     75.523   4.650  2.16548E-04  2.26760E-04 -4.44875E-02
   10007.824     77.304   4.700  2.14392E-04  2.26765E-04 -5.39042E-02
   10009.624     79.104   4.750  2.12805E-04  2.26770E-04 -6.08440E-02
   10011.443     80.924   4.800  2.11833E-04  2.26775E-04 -6.51073E-02
   10013.282     82.762   4.850  2.11341E-04  2.26652E-04 -6.67549E-02
   10015.139     84.619   4.900  2.11445E-04  2.26528E-04 -6.58082E-02
   10017.016     86.496   4.950  2.12084E-04  2.26405E-04 -6.25252E-02
   10018.911     88.391   5.000  2.13177E-04  2.26281E-04 -5.72504E-02
   10020.826     90.306   5.050  2.14542E-04  2.26058E-04 -5.03687E-02
   10022.759     92.239   5.100  2.16188E-04  2.25835E-04 -4.22426E-02
   10024.712     94.192   5.150  2.18029E-04  2.25612E-04 -3.32414E-02
   10026.683     96.164   5.200  2.19989E-04  2.25389E-04 -2.36953E-02
   10028.674     98.154   5.250  2.21974E-04  2.25117E-04 -1.38062E-02
   10030.684    100.164   5.300  2.23959E-04  2.24844E-04 -3.89313E-03
   10032.713    102.193   5.350  2.25887E-04  2.24571E-04  5.79550E-03
   10034.761    104.241   5.400  2.27703E-04  2.24299E-04  1.50129E-02
   10036.827    106.308   5.450  2.29366E-04  2.24016E-04  2.36245E-02
   10038.913    108.394   5.500  2.30800E-04  2.23734E-04  3.12390E-02
   10041.018    110.499   5.550  2.31943E-04  2.23451E-04  3.75840E-02
   10043.143    112.623   5.600  2.32740E-04  2.23169E-04  4.24123E-02
   10045.286    114.766   5.650  2.33201E-04  2.22922E-04  4.55941E-02
   10047.448    116.928   5.700  2.33236E-04  2.22675E-04  4.68938E-02
   10049.629    119.109   5.750  2.32840E-04  2.22428E-04  4.62747E-02
   10051.829    121.310   5.800  2.32028E-04  2.22181E-04  4.38066E-02
   10054.049    123.529   5.850  2.30909E-04  2.21994E-04  3.96853E-02
   10056.287    125.767   5.900  2.29468E-04  2.21808E-04  3.41255E-02
   10058.544    128.025   5.950  2.27783E-04  2.21621E-04  2.74651E-02
   10060.821    130.301   6.000  2.25937E-04  2.21434E-04  2.00819E-02
   10063.116    132.597   6.050  2.24131E-04  2.21361E-04  1.23585E-02
   10065.431    134.911   6.100  2.22322E-04  2.21287E-04  4.61592E-03
   10067.765    137.245   6.150  2.20583E-04  2.21214E-04 -2.81258E-03
   10070.117    139.597   6.200  2.18979E-04  2.21140E-04 -9.64618E-03
   10072.489    141.969   6.250  2.17557E-04  2.21067E-04 -1.56631E-02
   10074.880    144.360   6.300  2.16356E-04  2.20993E-04 -2.07004E-02
   10077.290    146.770   6.350  2.15398E-04  2.20920E-04 -2.46502E-02
   10079.718    149.199   6.400  2.14697E-04  2.20846E-04 -2.74529E-02
   10082.166    151.647   6.450  2.14258E-04  2.20773E-04 -2.90916E-02
   10084.633    154.113   6.500  2.14074E-04  2.20699E-04 -2.95868E-02
   10087.119    156.600   6.550  2.14157E-04  2.20703E-04 -2.92316E-02
   10089.624    159.105   6.600  2.14473E-04  2.20707E-04 -2.78358E-02
   10092.148    161.629   6.650  2.15002E-04  2.20710E-04 -2.54907E-02
   10094.692    164.172   6.700  2.15716E-04  2.20714E-04 -2.23195E-02
   10097.254    166.734   6.750  2.16580E-04  2.20718E-04 -1.84743E-02
   10099.835    169.315   6.800  2.17557E-04  2.20722E-04 -1.41304E-02
   10102.435    171.916   6.850  2.18603E-04  2.20726E-04 -9.47804E-03
   10105.055    174.535   6.900  2.19674E-04  2.20729E-04 -4.71289E-03
   10107.693    177.173   6.950  2.20727E-04  2.20733E-04 -2.54887E-05
   10110.351    179.831   7.000  2.21724E-04  2.20737E-04  4.40825E-03
   10113.027    182.507   7.050  2.22571E-04  2.20659E-04  8.54095E-03
   10115.723    185.203   7.100  2.23301E-04  2.20580E-04  1.21612E-02
   10118.437    187.918   7.150  2.23892E-04  2.20502E-04  1.51625E-02
   10121.171    190.651   7.200  2.24328E-04  2.20423E-04  1.74726E-02
   10123.924    193.404   7.250  2.24599E-04  2.20345E-04  1.90517E-02
   10126.695    196.176   7.300  2.24705E-04  2.20266E-04  1.98893E-02
   10129.486    198.967   7.350  2.24649E-04  2.20188E-04  1.99993E-02
   10132.296    201.776   7.400  2.24437E-04  2.20110E-04  1.94154E-02
   10135.125    204.605   7.450  2.24083E-04  2.20031E-04  1.81876E-02
   10137.973    207.453   7.500  2.23599E-04  2.19953E-04  1.63793E-02
   10140.840    210.320   7.550  2.22850E-04  2.19723E-04  1.40656E-02
   10143.726    213.206   7.600  2.22010E-04  2.19494E-04  1.13318E-02
   10146.631    216.111   7.650  2.21100E-04  2.19265E-04  8.27910E-03
   10149.555    219.036   7.700  2.20146E-04  2.19035E-04  5.01589E-03
   10152.499    221.979   7.750  2.19172E-04  2.18806E-04  1.65684E-03
   10155.461    224.941   7.800  2.18206E-04  2.18576E-04 -1.67904E-03
   10158.442    227.922   7.850  2.17273E-04  2.18347E-04 -4.87140E-03
   10161.443    230.923   7.900  2.16400E-04  2.18117E-04 -7.80273E-03
   10164.462    233.942   7.950  2.15610E-04  2.17888E-04 -1.03635E-02
   10167.500    236.981   8.000  2.14924E-04  2.17659E-04 -1.24578E-02
   10170.558    240.038   8.050  2.14291E-04  2.17369E-04 -1.40442E-02
   10173.634    243.115   8.100  2.13787E-04  2.17079E-04 -1.50455E-02
   10176.730    246.210   8.150  2.13419E-04  2.16789E-04 -1.54291E-02
   10179.845    249.325   8.200  2.13187E-04  2.16499E-04 -1.51864E-02
   10182.978    252.459   8.250  2.13088E-04  2.16209E-04 -1.43341E-02
   10186.131    255.611   8.300  2.13112E-04  2.15919E-04 -1.29154E-02
   10189.303    258.783   8.350  2.13242E-04  2.15629E-04 -1.09989E-02
   10192.494    261.974   8.400  2.13459E-04  2.15339E-04 -8.67713E-03
   10195.704    265.184   8.450  2.13738E-04  2.15049E-04 -6.06244E-03
   10198.933    268.413   8.500  2.14050E-04  2.14759E-04 -3.28199E-03
   10202.181    271.661   8.550  2.14431E-04  2.14530E-04 -4.61223E-04
   10205.448    274.928   8.600  2.14794E-04  2.14301E-04  2.28853E-03
   10208.734    278.214   8.650  2.15113E-04  2.14072E-04  4.83942E-03
   10212.039    281.519   8.700  2.15363E-04  2.13843E-04  7.07610E-03
   10215.363    284.844   8.750  2.15525E-04  2.13614E-04  8.90289E-03
   10218.707    288.187   8.800  2.15582E-04  2.13385E-04  1.02495E-02
   10222.069    291.549   8.850  2.15527E-04  2.13156E-04  1.10747E-02
   10225.450    294.931   8.900  2.15357E-04  2.12927E-04  1.13676E-02
   10228.851    298.331   8.950  2.15078E-04  2.12697E-04  1.11465E-02
   10232.270    301.750   9.000  2.14699E-04  2.12468E-04  1.04557E-02
   10235.709    305.189   9.050  2.14332E-04  2.12323E-04  9.42363E-03
   10239.166    308.646   9.100  2.13891E-04  2.12178E-04  8.04216E-03
   10242.643    312.123   9.150  2.13394E-04  2.12033E-04  6.39292E-03
   10246.138    315.619   9.200  2.12858E-04  2.11888E-04  4.56329E-03
   10249.653    319.133   9.250  2.12304E-04  2.11743E-04  2.64169E-03
   10253.187    322.667   9.300  2.11750E-04  2.11598E-04  7.13771E-04
   10256.740    326.220   9.350  2.11211E-04  2.11453E-04 -1.14065E-03
   10260.312    329.792   9.400  2.10704E-04  2.11308E-04 -2.84997E-03
   10263.903    333.383   9.450  2.10242E-04  2.11163E-04 -4.35262E-03
   10267.512    336.993   9.500  2.09834E-04  2.11018E-04 -5.59853E-03
   10271.141    340.622   9.550  2.09482E-04  2.10877E-04 -6.59871E-03
   10274.790    344.270   9.600  2.09196E-04  2.10735E-04 -7.28702E-03
   10278.457    347.937   9.650  2.08980E-04  2.10594E-04 -7.64825E-03
   10282.143    351.623   9.700  2.08833E-04  2.10453E-04 -7.68143E-03
   10285.848    355.328   9.750  2.08753E-04  2.10312E-04 -7.39965E-03
   10289.572    359.053   9.800  2.08733E-04  2.10170E-04 -6.82905E-03
   10293.316    362.796   9.850  2.08766E-04  2.10029E-04 -6.00715E-03
   10297.078    366.558   9.900  2.08841E-04  2.09888E-04 -4.98044E-03
   10300.859    370.340   9.950  2.08948E-04  2.09746E-04 -3.80161E-03
   10304.660    374.140  10.000  2.09075E-04  2.09605E-04 -2.52651E-03
   10308.479    377.960  10.050  2.09117E-04  2.09370E-04 -1.20763E-03
   10312.318    381.798  10.100  2.09157E-04  2.09135E-04  1.07637E-04
   10316.176    385.656  10.150  2.09185E-04  2.08899E-04  1.36758E-03
   10320.052    389.532  10.200  2.09191E-04  2.08664E-04  2.52542E-03
   10323.948    393.428  10.250  2.09167E-04  2.08429E-04  3.54054E-03
   10327.863    397.343  10.300  2.09106E-04  2.08193E-04  4.37925E-03
   10331.796    401.277  10.350  2.09002E-04  2.07958E-04  5.01538E-03
   10335.749    405.230  10.400  2.08851E-04  2.07723E-04  5.43064E-03
   10339.721    409.201  10.450  2.08653E-04  2.07488E-04  5.61497E-03
   10343.712    413.192  10.500  2.08406E-04  2.07252E-04  5.56690E-03
   10347.722    417.202  10.550  2.08113E-04  2.07017E-04  5.29381E-03
   10351.751    421.231  10.600  2.07777E-04  2.06782E-04  4.81200E-03
   10355.799    425.280  10.650  2.07403E-04  2.06547E-04  4.14640E-03
   10359.867    429.347  10.700  2.06998E-04  2.06311E-04  3.32990E-03
   10363.953    433.433  10.750  2.06571E-04  2.06076E-04  2.40200E-03
   10368.058    437.538  10.800  2.06130E-04  2.05841E-04  1.40694E-03
   10372.182    441.663  10.850  2.05686E-04  2.05606E-04  3.91429E-04
   10376.326    445.806  10.900  2.05248E-04  2.05370E-04 -5.97965E-04
   10380.488    449.968  10.950  2.04824E-04  2.05135E-04 -1.51742E-03
   10384.670    454.150  11.000  2.04423E-04  2.04900E-04 -2.32826E-03
   10388.870    458.350  11.050  2.04067E-04  2.04687E-04 -3.02778E-03
   10393.090    462.570  11.100  2.03743E-04  2.04474E-04 -3.57356E-03
   10397.328    466.808  11.150  2.03454E-04  2.04260E-04 -3.94753E-03
   10401.586    471.066  11.200  2.03202E-04  2.04047E-04 -4.14009E-03
   10405.863    475.343  11.250  2.02988E-04  2.03834E-04 -4.15005E-03
   10410.158    479.639  11.300  2.02809E-04  2.03621E-04 -3.98415E-03
   10414.473    483.953  11.350  2.02664E-04  2.03408E-04 -3.65618E-03
   10418.807    488.287  11.400  2.02547E-04  2.03194E-04 -3.18606E-03
   10423.160    492.640  11.450  2.02453E-04  2.02981E-04 -2.59873E-03
   10427.532    497.012  11.500  2.02378E-04  2.02768E-04 -1.92302E-03
   10431.923    501.403  11.550  2.02313E-04  2.02555E-04 -1.19053E-03
   10436.333    505.813  11.600  2.02254E-04  2.02342E-04 -4.34443E-04
   10440.762    510.242  11.650  2.02192E-04  2.02129E-04  3.11704E-04
   10445.210    514.690  11.700  2.02121E-04  2.01915E-04  1.01540E-03
   10449.677    519.158  11.750  2.02035E-04  2.01702E-04  1.64660E-03
   10454.164    523.644  11.800  2.01929E-04  2.01489E-04  2.17917E-03
   10458.669    528.149  11.850  2.01799E-04  2.01276E-04  2.59234E-03
   10463.193    532.674  11.900  2.01641E-04  2.01063E-04  2.87176E-03
   10467.737    537.217  11.950  2.01455E-04  2.00849E-04  3.01032E-03
   10472.299    541.779  12.000  2.01241E-04  2.00636E-04  3.00837E-03
   10476.881    546.361  12.050  2.01006E-04  2.00422E-04  2.90553E-03
   10481.481    550.961  12.100  2.00745E-04  2.00208E-04  2.67331E-03
   10486.101    555.581  12.150  2.00461E-04  1.99994E-04  2.32776E-03
   10490.739    560.220  12.200  2.00158E-04  1.99780E-04  1.89005E-03
   10495.397    564.877  12.250  1.99843E-04  1.99566E-04  1.38481E-03
   10500.074    569.554  12.300  1.99519E-04  1.99352E-04  8.38443E-04
   10504.770    574.250  12.350  1.99193E-04  1.99138E-04  2.77583E-04
   10509.485    578.965  12.400  1.98869E-04  1.98923E-04 -2.72208E-04
   10514.218    583.699  12.450  1.98552E-04  1.98709E-04 -7.87459E-04
   10518.971    588.452  12.500  1.98247E-04  1.98495E-04 -1.24755E-03
   10523.743    593.224  12.550  1.97956E-04  1.98281E-04 -1.63527E-03
   10528.535    598.015  12.600  1.97682E-04  1.98067E-04 -1.93723E-03
   10533.345    602.825  12.650  1.97428E-04  1.97853E-04 -2.14414E-03
   10538.174    607.654  12.700  1.97193E-04  1.97639E-04 -2.25100E-03
   10543.022    612.502  12.750  1.96978E-04  1.97425E-04 -2.25709E-03
   10547.889    617.369  12.800  1.96782E-04  1.97211E-04 -2.16590E-03
   10552.776    622.256  12.850  1.96605E-04  1.96997E-04 -1.98481E-03
   10557.681    627.161  12.900  1.96442E-04  1.96782E-04 -1.72470E-03
   10562.605    632.086  12.950  1.96293E-04  1.96568E-04 -1.39941E-03
   10567.549    637.029  13.000  1.96152E-04  1.96354E-04 -1.02514E-03
   10572.511    641.991  13.050  1.95957E-04  1.96079E-04 -6.24635E-04
   10577.493    646.973  13.100  1.95764E-04  1.95805E-04 -2.06792E-04
   10582.493    651.974  13.150  1.95571E-04  1.95530E-04  2.08977E-04
   10587.513    656.993  13.200  1.95373E-04  1.95255E-04  6.03362E-04
   10592.552    662.032  13.250  1.95168E-04  1.94980E-04  9.58212E-04
   10597.610    667.090  13.300  1.94951E-04  1.94705E-04  1.25759E-03
   10602.686    672.167  13.350  1.94721E-04  1.94431E-04  1.48874E-03
   10607.782    677.262  13.400  1.94476E-04  1.94156E-04  1.64280E-03
   10612.897    682.377  13.450  1.94214E-04  1.93881E-04  1.71534E-03
   10618.031    687.511  13.500  1.93937E-04  1.93606E-04  1.70645E-03
   10623.184    692.664  13.550  1.93645E-04  1.93331E-04  1.62057E-03
   10628.356    697.836  13.600  1.93340E-04  1.93056E-04  1.46598E-03
   10633.547    703.027  13.650  1.93024E-04  1.92782E-04  1.25401E-03
   10638.757    708.238  13.700  1.92699E-04  1.92507E-04  9.98112E-04
   10643.987    713.467  13.750  1.92369E-04  1.92232E-04  7.12872E-04
   10649.235    718.715  13.800  1.92037E-04  1.91957E-04  4.13052E-04
   10654.502    723.982  13.850  1.91704E-04  1.91682E-04  1.12770E-04
   10659.788    729.269  13.900  1.91374E-04  1.91408E-04 -1.75147E-04
   10665.094    734.574  13.950  1.91048E-04  1.91133E-04 -4.39583E-04
   10670.418    739.899  14.000  1.90729E-04  1.90858E-04 -6.71365E-04
   10675.762    745.242  14.050  1.90459E-04  1.90627E-04 -8.74416E-04
   10681.124    750.605  14.100  1.90198E-04  1.90395E-04 -1.03500E-03
   10686.506    755.986  14.150  1.89945E-04  1.90164E-04 -1.14842E-03
   10691.907    761.387  14.200  1.89702E-04  1.89933E-04 -1.21164E-03
   10697.326    766.807  14.250  1.89469E-04  1.89701E-04 -1.22330E-03
   10702.765    772.245  14.300  1.89245E-04  1.89470E-04 -1.18370E-03
   10708.223    777.703  14.350  1.89031E-04  1.89239E-04 -1.09489E-03
   10713.700    783.180  14.400  1.88825E-04  1.89007E-04 -9.60720E-04
   10719.196    788.676  14.450  1.88627E-04  1.88776E-04 -7.86940E-04
   10724.711    794.191  14.500  1.88435E-04  1.88545E-04 -5.81147E-04
   10730.245    799.725  14.550  1.88247E-04  1.88313E-04 -3.52655E-04
   10735.798    805.278  14.600  1.88061E-04  1.88082E-04 -1.12180E-04
   10741.370    810.850  14.650  1.87875E-04  1.87851E-04  1.28649E-04
   10746.961    816.441  14.700  1.87687E-04  1.87619E-04  3.57938E-04
   10752.571    822.051  14.750  1.87494E-04  1.87388E-04  5.64276E-04
   10758.200    827.681  14.800  1.87295E-04  1.87157E-04  7.37515E-04
   10763.849    833.329  14.850  1.87088E-04  1.86925E-04  8.69498E-04
   10769.516    838.996  14.900  1.86873E-04  1.86694E-04  9.54636E-04
   10775.202    844.683  14.950  1.86648E-04  1.86463E-04  9.90273E-04
   10780.908    850.388  15.000  1.86414E-04  1.86231E-04  9.76792E-04
   10786.632    856.113  15.050  1.86128E-04  1.85956E-04  9.23186E-04
   10792.376    861.856  15.100  1.85834E-04  1.85680E-04  8.29735E-04
   10798.139    867.619  15.150  1.85535E-04  1.85404E-04  7.03354E-04
   10803.920    873.400  15.200  1.85231E-04  1.85128E-04  5.52168E-04
   10809.721    879.201  15.250  1.84924E-04  1.84852E-04  3.84814E-04
   10815.541    885.021  15.300  1.84615E-04  1.84577E-04  2.09800E-04
   10821.379    890.860  15.350  1.84307E-04  1.84301E-04  3.50153E-05
   10827.237    896.717  15.400  1.84000E-04  1.84025E-04 -1.32599E-04
   10833.114    902.594  15.450  1.83696E-04  1.83749E-04 -2.87184E-04
   10839.010    908.490  15.500  1.83395E-04  1.83473E-04 -4.23954E-04
   10844.925    914.405  15.550  1.83099E-04  1.83198E-04 -5.39072E-04
   10850.859    920.339  15.600  1.82806E-04  1.82922E-04 -6.29503E-04
   10856.812    926.292  15.650  1.82519E-04  1.82646E-04 -6.92887E-04
   10862.784    932.265  15.700  1.82237E-04  1.82370E-04 -7.27491E-04
   10868.776    938.256  15.750  1.81961E-04  1.82094E-04 -7.32260E-04
   10874.786    944.266  15.800  1.81690E-04  1.81819E-04 -7.06966E-04
   10880.815    950.295  15.850  1.81424E-04  1.81543E-04 -6.52412E-04
   10886.864    956.344  15.900  1.81163E-04  1.81267E-04 -5.70637E-04
   10892.931    962.411  15.950  1.80907E-04  1.80991E-04 -4.65062E-04
   10899.017    968.498  16.000  1.80654E-04  1.80715E-04 -3.40519E-04
   10905.123    974.603  16.050  1.80406E-04  1.80443E-04 -2.06151E-04
   10911.247    980.728  16.100  1.80160E-04  1.80171E-04 -6.50558E-05
   10917.391    986.871  16.150  1.79913E-04  1.79899E-04  7.54908E-05
   10923.554    993.034  16.200  1.79665E-04  1.79628E-04  2.08201E-04
   10929.735    999.216  16.250  1.79414E-04  1.79356E-04  3.26355E-04
   10935.936   1005.416  16.300  1.79160E-04  1.79084E-04  4.24331E-04
   10942.156   1011.636  16.350  1.78901E-04  1.78812E-04  4.98016E-04
   10948.395   1017.875  16.400  1.78637E-04  1.78540E-04  5.45043E-04
   10954.653   1024.133  16.450  1.78369E-04  1.78268E-04  5.64844E-04
   10960.930   1030.410  16.500  1.78095E-04  1.77996E-04  5.58504E-04
   10967.226   1036.706  16.550  1.77818E-04  1.77724E-04  5.28482E-04
   10973.541   1043.021  16.600  1.77537E-04  1.77452E-04  4.78224E-04
   10979.875   1049.355  16.650  1.77253E-04  1.77180E-04  4.11758E-04
   10986.228   1055.708  16.700  1.76967E-04  1.76908E-04  3.33311E-04
   10992.600   1062.080  16.750  1.76680E-04  1.76636E-04  2.47007E-04
   10998.991   1068.472  16.800  1.76392E-04  1.76364E-04  1.56670E-04
   11005.402   1074.882  16.850  1.76104E-04  1.76092E-04  6.57321E-05
   11011.831   1081.311  16.900  1.75816E-04  1.75820E-04 -2.27645E-05
   11018.279   1087.760  16.950  1.75529E-04  1.75548E-04 -1.06113E-04
   11024.747   1094.227  17.000  1.75244E-04  1.75276E-04 -1.81867E-04
   11031.233   1100.714  17.050  1.74965E-04  1.75009E-04 -2.50729E-04
   11037.739   1107.219  17.100  1.74688E-04  1.74742E-04 -3.08221E-04
   11044.263   1113.744  17.150  1.74413E-04  1.74474E-04 -3.52157E-04
   11050.807   1120.287  17.200  1.74141E-04  1.74207E-04 -3.80663E-04
   11057.370   1126.850  17.250  1.73871E-04  1.73940E-04 -3.92365E-04
   11063.952   1133.432  17.300  1.73605E-04  1.73673E-04 -3.86604E-04
   11070.552   1140.033  17.350  1.73342E-04  1.73405E-04 -3.63596E-04
   11077.172   1146.652  17.400  1.73082E-04  1.73138E-04 -3.24538E-04
   11083.811   1153.291  17.450  1.72824E-04  1.72871E-04 -2.71604E-04
   11090.469   1159.949  17.500  1.72568E-04  1.72603E-04 -2.07826E-04
   11097.146   1166.626  17.550  1.72313E-04  1.72336E-04 -1.36882E-04
   11103.842   1173.322  17.600  1.72058E-04  1.72069E-04 -6.28092E-05
   11110.557   1180.037  17.650  1.71804E-04  1.71802E-04  1.03264E-05
   11117.291   1186.772  17.700  1.71548E-04  1.71534E-04  7.87416E-05
   11124.045   1193.525  17.750  1.71291E-04  1.71267E-04  1.39206E-04
   11130.817   1200.297  17.800  1.71032E-04  1.71000E-04  1.89231E-04
   11137.608   1207.088  17.850  1.70772E-04  1.70733E-04  2.27166E-04
   11144.418   1213.899  17.900  1.70509E-04  1.70465E-04  2.52204E-04
   11151.248   1220.728  17.950  1.70243E-04  1.70198E-04  2.64307E-04
   11158.096   1227.577  18.000  1.69976E-04  1.69931E-04  2.64081E-04
   11164.964   1234.444  18.050  1.69680E-04  1.69636E-04  2.55894E-04
   11171.850   1241.331  18.100  1.69382E-04  1.69341E-04  2.37764E-04
   11178.756   1248.236  18.150  1.69082E-04  1.69046E-04  2.10984E-04
   11185.681   1255.161  18.200  1.68781E-04  1.68751E-04  1.77012E-04
   11192.624   1262.105  18.250  1.68480E-04  1.68457E-04  1.37434E-04
   11199.587   1269.067  18.300  1.68177E-04  1.68162E-04  9.39367E-05
   11206.569   1276.049  18.350  1.67875E-04  1.67867E-04  4.83000E-05
   11213.570   1283.050  18.400  1.67572E-04  1.67572E-04  2.37511E-06
   11220.590   1290.070  18.450  1.67270E-04  1.67277E-04 -4.19547E-05
   11227.628   1297.109  18.500  1.66968E-04  1.66982E-04 -8.28404E-05
   11234.686   1304.167  18.550  1.66667E-04  1.66687E-04 -1.18559E-04
   11241.764   1311.244  18.600  1.66368E-04  1.66392E-04 -1.47621E-04
   11248.860   1318.340  18.650  1.66069E-04  1.66097E-04 -1.68877E-04
   11255.975   1325.455  18.700  1.65772E-04  1.65803E-04 -1.81609E-04
   11263.109   1332.589  18.750  1.65477E-04  1.65508E-04 -1.85586E-04
   11270.262   1339.742  18.800  1.65183E-04  1.65213E-04 -1.81077E-04
   11277.435   1346.915  18.850  1.64890E-04  1.64918E-04 -1.68811E-04
   11284.626   1354.106  18.900  1.64598E-04  1.64623E-04 -1.49906E-04
   11291.836   1361.316  18.950  1.64308E-04  1.64328E-04 -1.25753E-04
   11299.066   1368.546  19.000  1.64017E-04  1.64033E-04 -9.78951E-05
   11306.314   1375.794  19.050  1.63753E-04  1.63764E-04 -6.90211E-05
   11313.582   1383.062  19.100  1.63488E-04  1.63495E-04 -3.88632E-05
   11320.868   1390.349  19.150  1.63224E-04  1.63225E-04 -8.68300E-06
   11328.174   1397.654  19.200  1.62959E-04  1.62956E-04  2.03809E-05
   11335.499   1404.979  19.250  1.62694E-04  1.62687E-04  4.73260E-05
   11342.842   1412.323  19.300  1.62429E-04  1.62417E-04  7.12819E-05
   11350.205   1419.685  19.350  1.62163E-04  1.62148E-04  9.15009E-05
   11357.587   1427.067  19.400  1.61896E-04  1.61879E-04  1.07353E-04
   11364.988   1434.468  19.450  1.61629E-04  1.61609E-04  1.18332E-04
   11372.408   1441.888  19.500  1.61360E-04  1.61340E-04  1.24078E-04
   11379.847   1449.327  19.550  1.61091E-04  1.61071E-04  1.24411E-04
   11387.305   1456.785  19.600  1.60821E-04  1.60801E-04  1.19374E-04
   11394.782   1464.262  19.650  1.60550E-04  1.60532E-04  1.09260E-04
   11402.278   1471.758  19.700  1.60278E-04  1.60263E-04  9.46401E-05
   11409.793   1479.274  19.750  1.60006E-04  1.59993E-04  7.63464E-05
   11417.328   1486.808  19.800  1.59733E-04  1.59724E-04  5.54392E-05
   11424.881   1494.361  19.850  1.59460E-04  1.59455E-04  3.31365E-05
   11432.453   1501.933  19.900  1.59187E-04  1.59186E-04  1.07218E-05
   11440.045   1509.525  19.950  1.58915E-04  1.58916E-04 -1.05594E-05
   11447.655   1517.135  20.000  1.58642E-04  1.58647E-04 -2.96030E-05
