0.000000000000000000e+00 -7.074289999999999745e-01
5.000000000000000278e-02 -7.341769999999999685e-01
1.000000000000000056e-01 -7.604653000000000107e-01
1.499999999999999944e-01 -8.361439000000000510e-01
2.000000000000000111e-01 -9.074043999999999999e-01
2.500000000000000000e-01 -1.014459000000000000e+00
2.999999999999999889e-01 -1.108090000000000019e+00
3.499999999999999778e-01 -1.213986999999999927e+00
4.000000000000000222e-01 -1.292729999999999935e+00
4.500000000000000111e-01 -1.353283999999999931e+00
5.000000000000000000e-01 -1.372841999999999896e+00
5.500000000000000444e-01 -1.347871000000000041e+00
5.999999999999999778e-01 -1.276759999999999895e+00
6.500000000000000222e-01 -1.152406999999999959e+00
6.999999999999999556e-01 -9.931100999999999956e-01
7.500000000000000000e-01 -7.958825999999999956e-01
8.000000000000000444e-01 -5.901212999999999598e-01
8.499999999999999778e-01 -3.778825000000000101e-01
9.000000000000000222e-01 -1.875474000000000030e-01
9.499999999999999556e-01 -2.176091999999999957e-02
1.000000000000000000e+00 1.028859000000000024e-01
1.050000000000000044e+00 1.882588000000000039e-01
1.100000000000000089e+00 2.323249000000000009e-01
1.149999999999999911e+00 2.424090000000000134e-01
1.199999999999999956e+00 2.275410999999999961e-01
1.250000000000000000e+00 1.975700999999999985e-01
1.300000000000000044e+00 1.646907999999999983e-01
1.350000000000000089e+00 1.373983000000000010e-01
1.399999999999999911e+00 1.228988000000000025e-01
1.449999999999999956e+00 1.255053999999999892e-01
1.500000000000000000e+00 1.422673000000000132e-01
1.550000000000000044e+00 1.719034999999999869e-01
1.600000000000000089e+00 2.027326999999999879e-01
1.649999999999999911e+00 2.286239999999999939e-01
1.699999999999999956e+00 2.382906999999999942e-01
1.750000000000000000e+00 2.269365999999999883e-01
1.800000000000000044e+00 1.923800999999999983e-01
1.850000000000000089e+00 1.440152000000000099e-01
1.899999999999999911e+00 8.087181000000000231e-02
1.949999999999999956e+00 3.755003999999999981e-02
2.000000000000000000e+00 -1.121270000000000079e-02
2.049999999999999822e+00 -2.462837000000000012e-02
2.100000000000000089e+00 -1.601411999999999974e-02
2.149999999999999911e+00 1.186300000000000028e-02
2.200000000000000178e+00 4.987724000000000324e-02
2.250000000000000000e+00 8.321053999999999951e-02
2.299999999999999822e+00 1.083416999999999991e-01
2.350000000000000089e+00 1.198160999999999948e-01
2.399999999999999911e+00 1.163483000000000017e-01
2.450000000000000178e+00 1.014071000000000000e-01
2.500000000000000000e+00 8.162331000000000447e-02
2.549999999999999822e+00 5.990683000000000119e-02
2.600000000000000089e+00 3.872010000000000035e-02
2.649999999999999911e+00 1.709340000000000165e-02
2.700000000000000178e+00 -3.672077000000000153e-03
2.750000000000000000e+00 -2.331907000000000077e-02
2.799999999999999822e+00 -4.191791999999999740e-02
2.850000000000000089e+00 -5.939831999999999751e-02
2.899999999999999911e+00 -7.525270000000000570e-02
2.950000000000000178e+00 -8.943170999999999760e-02
3.000000000000000000e+00 -1.016789000000000026e-01
3.049999999999999822e+00 -1.101984000000000019e-01
3.100000000000000089e+00 -1.154241000000000017e-01
3.149999999999999911e+00 -1.168280000000000013e-01
3.200000000000000178e+00 -1.140142999999999990e-01
3.250000000000000000e+00 -1.063390000000000030e-01
3.299999999999999822e+00 -9.502075999999999578e-02
3.350000000000000089e+00 -8.034231000000000011e-02
3.399999999999999911e+00 -6.305439000000000183e-02
3.450000000000000178e+00 -4.456013000000000335e-02
3.500000000000000000e+00 -2.581090999999999941e-02
3.549999999999999822e+00 -7.647621000000000280e-03
3.600000000000000089e+00 9.271408000000000080e-03
3.649999999999999911e+00 2.422246999999999942e-02
3.700000000000000178e+00 3.727297999999999722e-02
3.750000000000000000e+00 4.839664999999999939e-02
3.799999999999999822e+00 5.766679999999999723e-02
3.850000000000000089e+00 6.514465999999999313e-02
3.899999999999999911e+00 7.102232999999999463e-02
3.950000000000000178e+00 7.529964000000000102e-02
4.000000000000000000e+00 7.788723000000000174e-02
4.049999999999999822e+00 7.877006000000000285e-02
4.099999999999999645e+00 7.766623000000000276e-02
4.150000000000000355e+00 7.437584999999999336e-02
4.200000000000000178e+00 6.875233999999999512e-02
4.250000000000000000e+00 6.092849999999999655e-02
4.299999999999999822e+00 5.083515000000000256e-02
4.349999999999999645e+00 3.872708999999999874e-02
4.400000000000000355e+00 2.503044000000000102e-02
4.450000000000000178e+00 1.035267999999999952e-02
4.500000000000000000e+00 -4.698734999999999891e-03
4.549999999999999822e+00 -1.937407000000000018e-02
4.599999999999999645e+00 -3.292719999999999675e-02
4.650000000000000355e+00 -4.478400999999999910e-02
4.700000000000000178e+00 -5.432291999999999677e-02
4.750000000000000000e+00 -6.117271999999999987e-02
4.799999999999999822e+00 -6.516426999999999636e-02
4.849999999999999645e+00 -6.638523000000000340e-02
4.900000000000000355e+00 -6.497677999999999787e-02
4.950000000000000178e+00 -6.129724999999999757e-02
5.000000000000000000e+00 -5.578778000000000209e-02
5.049999999999999822e+00 -4.891986000000000251e-02
5.099999999999999645e+00 -4.110123999999999722e-02
5.150000000000000355e+00 -3.270435000000000009e-02
5.200000000000000178e+00 -2.401589999999999975e-02
5.250000000000000000e+00 -1.517036000000000079e-02
5.299999999999999822e+00 -6.344309000000000233e-03
5.349999999999999645e+00 2.354516000000000074e-03
5.400000000000000355e+00 1.081458000000000072e-02
5.450000000000000178e+00 1.901726999999999931e-02
5.500000000000000000e+00 2.664253999999999928e-02
5.549999999999999822e+00 3.343258000000000341e-02
5.599999999999999645e+00 3.909889999999999893e-02
5.650000000000000355e+00 4.343262999999999985e-02
5.700000000000000178e+00 4.606177999999999662e-02
5.750000000000000000e+00 4.680510999999999699e-02
5.799999999999999822e+00 4.559165999999999913e-02
5.849999999999999645e+00 4.250229999999999980e-02
5.900000000000000355e+00 3.766150000000000053e-02
5.950000000000000178e+00 3.136660000000000142e-02
6.000000000000000000e+00 2.399917999999999843e-02
6.049999999999999822e+00 1.599597999999999992e-02
6.099999999999999645e+00 7.733058000000000119e-03
6.150000000000000355e+00 -3.727822000000000102e-04
6.200000000000000178e+00 -7.954437999999999440e-03
6.250000000000000000e+00 -1.471184000000000033e-02
6.299999999999999822e+00 -2.041988000000000136e-02
6.349999999999999645e+00 -2.492855000000000071e-02
6.400000000000000355e+00 -2.815778999999999851e-02
6.450000000000000178e+00 -3.008925000000000141e-02
6.500000000000000000e+00 -3.075705000000000106e-02
6.549999999999999822e+00 -3.050771000000000038e-02
6.599999999999999645e+00 -2.914523999999999934e-02
6.650000000000000355e+00 -2.677691999999999919e-02
6.700000000000000178e+00 -2.354008999999999963e-02
6.750000000000000000e+00 -1.959823999999999941e-02
6.799999999999999822e+00 -1.513515999999999993e-02
6.849999999999999645e+00 -1.034699000000000035e-02
6.900000000000000355e+00 -5.433102000000000417e-03
6.950000000000000178e+00 -5.867093999999999565e-04
7.000000000000000000e+00 4.013580000000000099e-03
7.049999999999999822e+00 8.338464999999999766e-03
7.099999999999999645e+00 1.214440999999999958e-02
7.150000000000000355e+00 1.530758999999999939e-02
7.200000000000000178e+00 1.774003000000000038e-02
7.250000000000000000e+00 1.939072999999999838e-02
7.299999999999999822e+00 2.024429000000000159e-02
7.349999999999999645e+00 2.031764000000000139e-02
7.400000000000000355e+00 1.965570999999999985e-02
7.450000000000000178e+00 1.832651000000000072e-02
7.500000000000000000e+00 1.641623999999999861e-02
7.549999999999999822e+00 1.401110000000000029e-02
7.599999999999999645e+00 1.122908000000000066e-02
7.650000000000000355e+00 8.190497999999999182e-03
7.700000000000000178e+00 5.012708000000000268e-03
7.750000000000000000e+00 1.806153000000000012e-03
7.799999999999999822e+00 -1.327828000000000081e-03
7.849999999999999645e+00 -4.297577000000000341e-03
7.900000000000000355e+00 -7.020621999999999800e-03
7.950000000000000178e+00 -9.422844999999999138e-03
8.000000000000000000e+00 -1.143804999999999995e-02
8.050000000000000711e+00 -1.303310000000000059e-02
8.099999999999999645e+00 -1.414707999999999938e-02
8.150000000000000355e+00 -1.474352999999999948e-02
8.199999999999999289e+00 -1.479592000000000060e-02
8.250000000000000000e+00 -1.429120000000000043e-02
8.300000000000000711e+00 -1.323445000000000003e-02
8.349999999999999645e+00 -1.165379000000000068e-02
8.400000000000000355e+00 -9.604302000000000325e-03
8.449999999999999289e+00 -7.169926000000000077e-03
8.500000000000000000e+00 -4.462212999999999596e-03
8.550000000000000711e+00 -1.613412000000000049e-03
8.599999999999999645e+00 1.258917000000000022e-03
8.650000000000000355e+00 4.003038000000000429e-03
8.699999999999999289e+00 6.472560999999999939e-03
8.750000000000000000e+00 8.538957999999999271e-03
8.800000000000000711e+00 1.010274000000000068e-02
8.849999999999999645e+00 1.110169000000000086e-02
8.900000000000000355e+00 1.151492999999999961e-02
8.949999999999999289e+00 1.136238000000000005e-02
9.000000000000000000e+00 1.069970999999999943e-02
9.050000000000000711e+00 9.675939999999999194e-03
9.099999999999999645e+00 8.300201000000000107e-03
9.150000000000000355e+00 6.671721000000000248e-03
9.199999999999999289e+00 4.888583999999999638e-03
9.250000000000000000e+00 3.040488000000000045e-03
9.300000000000000711e+00 1.204406000000000096e-03
9.349999999999999645e+00 -5.567502000000000215e-04
9.400000000000000355e+00 -2.192912999999999894e-03
9.449999999999999289e+00 -3.664038000000000104e-03
9.500000000000000000e+00 -4.936796000000000240e-03
9.550000000000000711e+00 -6.025744000000000412e-03
9.599999999999999645e+00 -6.866459999999999578e-03
9.650000000000000355e+00 -7.431596000000000382e-03
9.699999999999999289e+00 -7.698902999999999996e-03
9.750000000000000000e+00 -7.654392000000000314e-03
9.800000000000000711e+00 -7.295844999999999587e-03
9.849999999999999645e+00 -6.635801000000000199e-03
9.900000000000000355e+00 -5.703236999999999890e-03
9.949999999999999289e+00 -4.543405000000000360e-03
1.000000000000000000e+01 -3.215659999999999959e-03
1.005000000000000071e+01 -1.794063999999999945e-03
1.009999999999999964e+01 -3.350021000000000227e-04
1.015000000000000036e+01 1.088524000000000002e-03
1.019999999999999929e+01 2.407785999999999867e-03
1.025000000000000000e+01 3.562954000000000121e-03
1.030000000000000071e+01 4.506622000000000058e-03
1.034999999999999964e+01 5.205941999999999861e-03
1.040000000000000036e+01 5.643308999999999999e-03
1.044999999999999929e+01 5.815744999999999769e-03
1.050000000000000000e+01 5.733282999999999609e-03
1.055000000000000071e+01 5.416734000000000306e-03
1.059999999999999964e+01 4.895204000000000222e-03
1.065000000000000036e+01 4.203667999999999814e-03
1.069999999999999929e+01 3.380806000000000089e-03
1.075000000000000000e+01 2.467163000000000082e-03
1.080000000000000071e+01 1.503643000000000037e-03
1.084999999999999964e+01 5.302564999999999536e-04
1.090000000000000036e+01 -4.149638000000000198e-04
1.094999999999999929e+01 -1.296950000000000056e-03
1.100000000000000000e+01 -2.084519999999999863e-03
1.105000000000000071e+01 -2.778057000000000009e-03
1.109999999999999964e+01 -3.338967999999999884e-03
1.115000000000000036e+01 -3.749066000000000117e-03
1.119999999999999929e+01 -3.995849999999999576e-03
1.125000000000000000e+01 -4.073005999999999675e-03
1.130000000000000071e+01 -3.980767999999999980e-03
1.134999999999999964e+01 -3.726096999999999829e-03
1.140000000000000036e+01 -3.322620999999999995e-03
1.144999999999999929e+01 -2.790295999999999835e-03
1.150000000000000000e+01 -2.154739000000000133e-03
1.155000000000000071e+01 -1.446220000000000014e-03
1.159999999999999964e+01 -6.983023000000000311e-04
1.165000000000000036e+01 5.380471999999999805e-05
1.169999999999999929e+01 7.751146999999999464e-04
1.175000000000000000e+01 1.432817000000000075e-03
1.180000000000000071e+01 1.998161000000000034e-03
1.184999999999999964e+01 2.448105999999999807e-03
1.190000000000000036e+01 2.766569999999999880e-03
1.194999999999999929e+01 2.945161999999999867e-03
1.200000000000000000e+01 2.983330000000000183e-03
1.205000000000000071e+01 2.922795000000000167e-03
1.209999999999999964e+01 2.733445000000000145e-03
1.215000000000000036e+01 2.429449000000000192e-03
1.219999999999999929e+01 2.029974999999999835e-03
1.225000000000000000e+01 1.557655999999999928e-03
1.230000000000000071e+01 1.036938000000000052e-03
1.234999999999999964e+01 4.925621000000000253e-04
1.240000000000000036e+01 -5.162089999999999902e-05
1.244999999999999929e+01 -5.734113000000000101e-04
1.250000000000000000e+01 -1.052664999999999938e-03
1.255000000000000071e+01 -1.471501999999999966e-03
1.259999999999999964e+01 -1.814515999999999959e-03
1.265000000000000036e+01 -2.069141999999999943e-03
1.269999999999999929e+01 -2.226216999999999953e-03
1.275000000000000000e+01 -2.280660999999999800e-03
1.280000000000000071e+01 -2.232088000000000128e-03
1.284999999999999964e+01 -2.085168999999999998e-03
1.290000000000000036e+01 -1.849553999999999998e-03
1.294999999999999929e+01 -1.539334999999999965e-03
1.300000000000000000e+01 -1.172082999999999979e-03
1.305000000000000071e+01 -7.740190000000000308e-04
1.309999999999999964e+01 -3.554019999999999966e-04
1.315000000000000036e+01 6.373720000000000362e-05
1.319999999999999929e+01 4.644386999999999821e-04
1.325000000000000000e+01 8.296420000000000097e-04
1.330000000000000071e+01 1.144753000000000090e-03
1.334999999999999964e+01 1.398003000000000093e-03
1.340000000000000036e+01 1.580693999999999893e-03
1.344999999999999929e+01 1.687380999999999950e-03
1.350000000000000000e+01 1.716042999999999995e-03
1.355000000000000071e+01 1.668189000000000043e-03
1.359999999999999964e+01 1.548832999999999894e-03
1.365000000000000036e+01 1.366262999999999939e-03
1.369999999999999929e+01 1.131553999999999893e-03
1.375000000000000000e+01 8.578404999999999668e-04
1.380000000000000071e+01 5.594376999999999987e-04
1.384999999999999964e+01 2.509381999999999889e-04
1.390000000000000036e+01 -5.358397999999999921e-05
1.394999999999999929e+01 -3.411695000000000070e-04
1.400000000000000000e+01 -6.003484999999999594e-04
1.405000000000000071e+01 -8.335722999999999744e-04
1.409999999999999964e+01 -1.022511999999999944e-03
1.415000000000000036e+01 -1.159487999999999968e-03
1.419999999999999929e+01 -1.239569999999999951e-03
1.425000000000000000e+01 -1.260812999999999951e-03
1.430000000000000071e+01 -1.224290999999999964e-03
1.434999999999999964e+01 -1.133934999999999978e-03
1.440000000000000036e+01 -9.961874000000000770e-04
1.444999999999999929e+01 -8.195146000000000158e-04
1.450000000000000000e+01 -6.138213999999999910e-04
1.455000000000000071e+01 -3.898209999999999935e-04
1.459999999999999964e+01 -1.584169999999999979e-04
1.465000000000000036e+01 6.986018999999999834e-05
1.469999999999999929e+01 2.853244000000000223e-04
1.475000000000000000e+01 4.794937000000000201e-04
1.480000000000000071e+01 6.453315000000000266e-04
1.484999999999999964e+01 7.773784000000000379e-04
1.490000000000000036e+01 8.717932000000000068e-04
1.494999999999999929e+01 9.263290000000000413e-04
1.500000000000000000e+01 9.402720000000000262e-04
1.505000000000000071e+01 9.204362000000000221e-04
1.509999999999999964e+01 8.635567000000000460e-04
1.515000000000000036e+01 7.721180000000000231e-04
1.519999999999999929e+01 6.499146000000000133e-04
1.525000000000000000e+01 5.020549999999999492e-04
1.530000000000000071e+01 3.348949000000000045e-04
1.534999999999999964e+01 1.558708000000000120e-04
1.540000000000000036e+01 -2.678682000000000047e-05
1.544999999999999929e+01 -2.044586999999999945e-04
1.550000000000000000e+01 -3.686377000000000230e-04
1.555000000000000071e+01 -5.114788999999999794e-04
1.559999999999999964e+01 -6.263402000000000379e-04
1.565000000000000036e+01 -7.082481000000000063e-04
1.569999999999999929e+01 -7.542300999999999736e-04
1.575000000000000000e+01 -7.634750000000000043e-04
1.580000000000000071e+01 -7.373036000000000130e-04
1.584999999999999964e+01 -6.789593999999999491e-04
1.590000000000000036e+01 -5.932504999999999810e-04
1.594999999999999929e+01 -4.860924000000000082e-04
1.600000000000000000e+01 -3.640060999999999774e-04
1.605000000000000071e+01 -2.373033999999999886e-04
1.610000000000000142e+01 -1.076626000000000015e-04
1.614999999999999858e+01 1.979372000000000130e-05
1.619999999999999929e+01 1.406006999999999971e-04
1.625000000000000000e+01 2.509545999999999977e-04
1.630000000000000071e+01 3.476484999999999970e-04
1.635000000000000142e+01 4.279864999999999993e-04
1.639999999999999858e+01 4.897198999999999866e-04
1.644999999999999929e+01 5.310383999999999808e-04
1.650000000000000000e+01 5.506295999999999500e-04
1.655000000000000071e+01 5.478005999999999674e-04
1.660000000000000142e+01 5.226359000000000083e-04
1.664999999999999858e+01 4.761521999999999912e-04
1.669999999999999929e+01 4.104053999999999992e-04
1.675000000000000000e+01 3.285105000000000186e-04
1.680000000000000071e+01 2.345484000000000056e-04
1.685000000000000142e+01 1.333538999999999905e-04
1.689999999999999858e+01 3.019936999999999882e-05
1.694999999999999929e+01 -6.959046999999999510e-05
1.700000000000000000e+01 -1.610438999999999914e-04
1.705000000000000071e+01 -2.428010000000000086e-04
1.710000000000000142e+01 -3.092115999999999788e-04
1.714999999999999858e+01 -3.578868000000000240e-04
1.719999999999999929e+01 -3.876500999999999970e-04
1.725000000000000000e+01 -3.984818999999999905e-04
1.730000000000000071e+01 -3.913645999999999900e-04
1.735000000000000142e+01 -3.680638999999999981e-04
1.739999999999999858e+01 -3.308844999999999929e-04
1.744999999999999929e+01 -2.824403999999999869e-04
1.750000000000000000e+01 -2.254660999999999926e-04
1.755000000000000071e+01 -1.626870999999999894e-04
1.760000000000000142e+01 -9.674736999999999931e-05
1.764999999999999858e+01 -3.018454999999999885e-05
1.769999999999999929e+01 3.456962999999999719e-05
1.775000000000000000e+01 9.518749000000000231e-05
1.780000000000000071e+01 1.494632000000000024e-04
1.785000000000000142e+01 1.953640999999999885e-04
1.789999999999999858e+01 2.311183999999999927e-04
1.794999999999999929e+01 2.553306999999999777e-04
1.800000000000000000e+01 2.671080000000000047e-04
1.805000000000000071e+01 2.695676000000000040e-04
1.810000000000000142e+01 2.597645999999999896e-04
1.814999999999999858e+01 2.383515999999999966e-04
1.819999999999999929e+01 2.066710999999999939e-04
1.825000000000000000e+01 1.666736000000000096e-04
1.830000000000000071e+01 1.207712999999999934e-04
1.835000000000000142e+01 7.164282000000000603e-05
1.839999999999999858e+01 2.201665999999999937e-05
1.844999999999999929e+01 -2.554157000000000083e-05
1.850000000000000000e+01 -6.880953999999999510e-05
1.855000000000000071e+01 -1.060372999999999953e-04
1.860000000000000142e+01 -1.360134999999999946e-04
1.864999999999999858e+01 -1.580680000000000052e-04
1.869999999999999929e+01 -1.720209000000000050e-04
1.875000000000000000e+01 -1.780934999999999983e-04
1.880000000000000071e+01 -1.768026000000000070e-04
1.885000000000000142e+01 -1.688582999999999957e-04
1.889999999999999858e+01 -1.550814000000000023e-04
1.894999999999999929e+01 -1.363500999999999873e-04
1.900000000000000000e+01 -1.135772000000000008e-04
1.905000000000000071e+01 -8.901835000000000466e-05
1.910000000000000142e+01 -6.184182999999999673e-05
1.914999999999999858e+01 -3.295496000000000270e-05
1.919999999999999929e+01 -3.376639000000000012e-06
1.925000000000000000e+01 2.576543999999999840e-05
1.930000000000000071e+01 5.326680000000000303e-05
1.935000000000000142e+01 7.790788000000000530e-05
1.939999999999999858e+01 9.853911999999999448e-05
1.944999999999999929e+01 1.141774999999999957e-04
1.950000000000000000e+01 1.240996999999999868e-04
1.955000000000000071e+01 1.279169000000000085e-04
1.960000000000000142e+01 1.256181999999999893e-04
1.964999999999999858e+01 1.175758000000000001e-04
1.969999999999999929e+01 1.045098000000000001e-04
1.975000000000000000e+01 8.741913999999999393e-05
1.980000000000000071e+01 6.748656999999999649e-05
1.985000000000000142e+01 4.597362999999999846e-05
1.989999999999999858e+01 2.411776999999999931e-05
1.994999999999999929e+01 3.044690999999999798e-06
2.000000000000000000e+01 -1.629582999999999946e-05
