9.653986989500001073e+03 -1.703901049999918982e+01 -1.593544313298077997e+00 2.708492279800000209e-06 3.966199701500000061e-06 -1.257707421599999989e-06
9.654486989500001073e+03 -1.653901049999918982e+01 -1.551821295309989468e+00 2.829887297899999803e-06 4.197421569900000070e-06 -1.367534272000000055e-06
9.654986989500001073e+03 -1.603901049999918982e+01 -1.508945057551965618e+00 2.961699647399999922e-06 4.455194246900000263e-06 -1.493494599499999918e-06
9.655486989500001073e+03 -1.553901049999918982e+01 -1.464814336645922976e+00 3.105309751799999803e-06 4.744206360399999901e-06 -1.638896608600000098e-06
9.655986989500001073e+03 -1.503901049999918982e+01 -1.419312120351392537e+00 3.262355296200000077e-06 5.070298686000000077e-06 -1.807943389900000075e-06
9.656486989500001073e+03 -1.453901049999918982e+01 -1.372301989034955927e+00 3.434795633200000003e-06 5.440837615500000410e-06 -2.006041982299999984e-06
9.656986989500001073e+03 -1.403901049999918982e+01 -1.323623286000298105e+00 3.624997347400000119e-06 5.865243199099999737e-06 -2.240245851600000179e-06
9.657486989500001073e+03 -1.353901049999918982e+01 -1.273084623022035178e+00 3.835849986800000208e-06 6.355751748899999691e-06 -2.519901762099999907e-06
9.657986989500001073e+03 -1.303901049999918982e+01 -1.220454960868318173e+00 4.070925900900000242e-06 6.928544026699999953e-06 -2.857618125800000135e-06
9.658486989500001073e+03 -1.253901049999918982e+01 -1.165451056733408652e+00 4.334706500800000223e-06 7.605460896900000345e-06 -3.270754396100000122e-06
9.658986989500001073e+03 -1.203901049999918982e+01 -1.107719287443325706e+00 4.632912115600000177e-06 8.416696801400000262e-06 -3.783784685800000085e-06
9.659486989500001073e+03 -1.153901049999918982e+01 -1.046808422734016863e+00 4.973000374299999961e-06 9.405188948900000779e-06 -4.432188574599999971e-06
9.659986989500001073e+03 -1.103901049999918982e+01 -9.821271445387357302e-01 5.364953117299999971e-06 1.063409315799999950e-05 -5.269140041099999825e-06
9.660486989500001073e+03 -1.053901049999918982e+01 -9.128743517991625422e-01 5.822589318999999854e-06 1.220021445999999919e-05 -6.377625140599999884e-06
9.660986989500001073e+03 -1.003901049999918982e+01 -8.379173206860398571e-01 6.365914819500000137e-06 1.425977111099999932e-05 -7.893856291599999896e-06
9.661486989459999677e+03 -9.539010540000585792e+00 -7.555602563248681180e-01 7.025726714100000338e-06 1.708207324500000057e-05 -1.005634653099999924e-05
9.661986989459999677e+03 -9.039010540000585792e+00 -6.630513970052630546e-01 7.853777597599999208e-06 2.117399857099999921e-05 -1.332022097399999918e-05
9.662486989459999677e+03 -8.539010540000585792e+00 -5.553404444154608210e-01 8.949079176899999886e-06 2.761310131199999962e-05 -1.866402213499999903e-05
9.662986989459999677e+03 -8.039010540000585792e+00 -4.209143182840091590e-01 1.054219379699999989e-05 3.913235208099999921e-05 -2.859015828400000102e-05
9.663486989459999677e+03 -7.539010540000584903e+00 -2.143238611760779067e-01 1.334273300400000004e-05 6.460428310999999564e-05 -5.126155010600000068e-05
9.663662000000000262e+03 -7.363999999999999879e+00 0.000000000000000000e+00 1.554165040387762902e-05 8.818084189843662559e-05 -7.263919149315891549e-05
9.663671000000000276e+03 -7.354999999999985327e+00 4.860261953445584038e-02 1.565473077377362308e-05 8.939327761285654746e-05 -7.373854683761084210e-05
9.663700000000000728e+03 -7.325999999999534218e+00 9.986888948025554602e-02 1.601910085454963332e-05 9.330001491487665709e-05 -7.728091405862294594e-05
9.663746999999999389e+03 -7.279000000000872994e+00 1.493646705120479090e-01 1.660963167511762830e-05 9.963162364573662400e-05 -8.302199196853890300e-05
9.663814000000000306e+03 -7.211999999999956223e+00 1.997377789593159370e-01 1.745145220656563268e-05 1.086575339641966431e-04 -9.120608175501492888e-05
9.663899999999999636e+03 -7.126000000000625612e+00 2.499348983886820197e-01 1.853199796334962227e-05 1.202430307908765696e-04 -1.017110328242228480e-04
9.663986989459999677e+03 -7.039010540000584903e+00 2.920606587639744123e-01 1.962497577599999952e-05 1.319618228000000006e-04 -1.123368470199999998e-04
9.664005000000001019e+03 -7.020999999999243180e+00 3.000443701604951774e-01 1.984422421471044597e-05 1.350427501021022702e-04 -1.151985258835719225e-04
9.664128000000000611e+03 -6.897999999999650633e+00 3.497287862733068908e-01 2.134154511466044990e-05 1.560834328444622883e-04 -1.347418877272119606e-04
9.664271000000000640e+03 -6.754999999999621529e+00 3.998039390328587128e-01 2.308233282761044629e-05 1.805453648132222474e-04 -1.574630319844519183e-04
9.664433000000000902e+03 -6.592999999999359595e+00 4.498478108507243944e-01 2.505441401291044585e-05 2.082574835470622494e-04 -1.832030695346119017e-04
9.664486989459999677e+03 -6.539010540000584903e+00 4.653316819911536006e-01 2.571164610100000071e-05 2.174930534599999897e-04 -1.917814073600000062e-04
9.664613999999999578e+03 -6.412000000000683819e+00 4.998697967778416573e-01 2.688763275226315120e-05 2.333646178623430050e-04 -2.064769851098097588e-04
9.664814000000000306e+03 -6.211999999999956223e+00 5.498758696994616724e-01 2.873942655026315242e-05 2.583571332903430301e-04 -2.296177067378097887e-04
9.664986989459999677e+03 -6.039010540000584903e+00 5.897183396603716821e-01 3.034113059600000037e-05 2.799743420300000252e-04 -2.496332114299999998e-04
9.665032999999999447e+03 -5.993000000000814786e+00 5.998700092247406523e-01 3.087806293347703131e-05 2.840792775684017639e-04 -2.532012146309247313e-04
9.665271000000000640e+03 -5.754999999999621529e+00 6.498549695126818460e-01 3.365546776983703391e-05 3.053129918030017802e-04 -2.716575240291647518e-04
9.665486989459999677e+03 -5.539010540000584903e+00 6.920996069922702443e-01 3.617601470600000205e-05 3.245829853799999981e-04 -2.884069706700000016e-04
9.665529000000000451e+03 -5.496999999999810704e+00 7.000202144707585727e-01 3.683706473834697334e-05 3.269737679614943522e-04 -2.901367032193154357e-04
9.665805000000000291e+03 -5.220999999999970775e+00 7.499796991827626380e-01 4.118001793361097181e-05 3.426806832378143531e-04 -3.015006653014754338e-04
9.665986989459999677e+03 -5.039010540000584903e+00 7.811760440937268735e-01 4.404368353799999663e-05 3.530375420400000169e-04 -3.089938585000000129e-04
9.666100000000000364e+03 -4.925999999999898016e+00 7.999360569744666805e-01 4.662908229545598273e-05 3.563282531390868347e-04 -3.096991708414048019e-04
9.666414000000000669e+03 -4.611999999999592426e+00 8.498898392453323458e-01 5.381261765278798424e-05 3.654715001770467782e-04 -3.116588825214047808e-04
9.666486989459999677e+03 -4.539010540000584903e+00 8.610866145359558077e-01 5.548243410700000279e-05 3.675968526099999988e-04 -3.121144185000000086e-04
9.666747999999999593e+03 -4.278000000000669267e+00 8.999873045167785524e-01 6.463688882903632785e-05 3.697252096974351990e-04 -3.050883208659208728e-04
9.666986989459999677e+03 -4.039010540000584903e+00 9.341864394220583678e-01 7.301899550799999348e-05 3.716740003899999959e-04 -2.986550048799999882e-04
9.667100000000000364e+03 -3.925999999999898016e+00 9.499294642140519995e-01 7.935296214578513101e-05 3.710049132517218322e-04 -2.916519511043887450e-04
9.667471999999999753e+03 -3.554000000000509196e+00 1.000002095751271414e+00 1.002026597868731672e-04 3.688024601403618453e-04 -2.685998003534287217e-04
9.667486989459999677e+03 -3.539010540000584903e+00 1.001967289619343005e+00 1.010427826600000003e-04 3.687137139499999821e-04 -2.676709312899999953e-04
9.667862000000000990e+03 -3.163999999999272283e+00 1.049936581553178483e+00 1.346145495514409704e-04 3.633067013261698621e-04 -2.286921517822291042e-04
9.667986989459999677e+03 -3.039010540000584903e+00 1.065444787557854767e+00 1.458038804299999962e-04 3.615045664100000251e-04 -2.157006859900000050e-04
9.668272000000000844e+03 -2.753999999999417803e+00 1.099990374909949997e+00 1.828129261372941851e-04 3.561055927120759324e-04 -1.732926665790815305e-04
9.668486989459999677e+03 -2.539010540000584903e+00 1.125347386899383961e+00 2.107296296800000035e-04 3.520330330099999752e-04 -1.413034033299999988e-04
9.668700000000000728e+03 -2.325999999999534218e+00 1.149919672740976173e+00 2.415093340590127870e-04 3.475856938309183105e-04 -1.060763597740356148e-04
9.668986989459999677e+03 -2.039010540000584903e+00 1.182218629132674836e+00 2.829788817100000148e-04 3.415937862500000098e-04 -5.861490454499999664e-05
9.669148000000001048e+03 -1.877999999999214076e+00 1.199958769480723442e+00 2.998681049961255188e-04 3.381744080171705650e-04 -3.830630302527216076e-05
9.669486989459999677e+03 -1.539010540000584903e+00 1.236476863081315436e+00 3.354264521799999832e-04 3.309752943400000270e-04 4.451157837400000395e-06
9.669614999999999782e+03 -1.411000000000480092e+00 1.249989496233149255e+00 3.425601474124507898e-04 3.283306756608309908e-04 1.422947174917344249e-05
9.669986989459999677e+03 -1.039010540000584903e+00 1.288452241568339707e+00 3.632901547800000143e-04 3.206456032100000065e-04 4.264455156800000044e-05
9.670101000000000568e+03 -9.249999999996942890e-01 1.300012819350716997e+00 3.670675040938859920e-04 3.184129088724376106e-04 4.865459521830828803e-05
9.670486989459001052e+03 -5.390105409992100860e-01 1.338410745775541644e+00 3.798559446900000151e-04 3.108539894999999900e-04 6.900195518299999571e-05
9.670604999999999563e+03 -4.210000000006983711e-01 1.349932349975339507e+00 3.805713807529756019e-04 3.086964982734582605e-04 7.187488247393342914e-05
9.670986989459101096e+03 -3.901054089916566880e-02 1.386570398609738630e+00 3.828871826499999917e-04 3.017128941000000249e-04 8.117428854899999362e-05
9.671129000000000815e+03 1.030000000005530936e-01 1.399946689834637992e+00 3.783603912964639293e-04 2.993137812512575873e-04 7.904661004562648383e-05
9.671486989459001052e+03 4.609894590007899140e-01 1.433112562271917412e+00 3.669489596000000175e-04 2.932659406800000048e-04 7.368301892400000040e-05
9.671672000000000480e+03 6.460000000002183995e-01 1.449955522349051007e+00 3.573776378146776233e-04 2.903957238715183776e-04 6.698191394567913485e-05
9.671986989459001052e+03 9.609894590007899140e-01 1.478190029058730204e+00 3.410819962000000106e-04 2.855090399299999872e-04 5.557295627000000306e-05
9.672234000000000378e+03 1.208000000000116536e+00 1.499959398365525276e+00 3.295207746095732372e-04 2.820094446562076366e-04 4.751132995138954048e-05
9.672486989459999677e+03 1.460989459999415097e+00 1.521932951262251477e+00 3.176797122999999810e-04 2.784251412699999891e-04 3.925457102599999739e-05
9.672815000000000509e+03 1.789000000000247503e+00 1.549958797595160975e+00 3.076046652301662587e-04 2.741891731981960061e-04 3.341549203453044695e-05
9.672986989459999677e+03 1.960989459999415097e+00 1.564453276389198066e+00 3.023219023499999856e-04 2.719680803599999947e-04 3.035382199599999956e-05
9.673415000000000873e+03 2.389000000000611301e+00 1.599954139743766879e+00 2.964727438492659184e-04 2.669181596283849950e-04 2.955458422260082721e-05
9.673486989459999677e+03 2.460989459999415097e+00 1.605848124783899156e+00 2.954889415300000158e-04 2.660687855299999891e-04 2.942015600099999993e-05
9.673986989459999677e+03 2.960989459999415097e+00 1.646202401206800392e+00 2.954914767400000099e-04 2.605945785799999967e-04 3.489689815799999902e-05
9.674033999999999651e+03 3.007999999999388940e+00 1.649945793614544076e+00 2.958480176042289781e-04 2.601392696850101066e-04 3.570874791781889542e-05
9.674613765100000819e+03 3.587765100000557261e+00 1.695432416013892940e+00 3.002451155700000041e-04 2.545240989799999820e-04 4.572101659599999693e-05
9.674673000000000684e+03 3.647000000000422126e+00 1.700011282399241486e+00 3.005275790889846413e-04 2.540886430849372143e-04 4.643893600885503015e-05
9.675259590659999958e+03 4.233590659999696193e+00 1.744706224199914946e+00 3.033247554500000261e-04 2.497764156499999891e-04 5.354833979300000093e-05
9.675329999999999927e+03 4.303999999999665427e+00 1.749994293691794933e+00 3.030317488432884235e-04 2.497524013662021591e-04 5.327934747050980583e-05
9.675924466140000732e+03 4.898466140000469871e+00 1.794020217336929290e+00 3.005578937199999859e-04 2.495496487399999851e-04 5.100824497699999978e-05
9.676005999999999403e+03 4.979999999999141558e+00 1.799974609033689665e+00 2.993147103605499110e-04 2.494578704218841127e-04 4.985683993602343499e-05
9.676608391539999502e+03 5.582391539999240315e+00 1.843371170335726728e+00 2.901297761699999896e-04 2.487797903900000021e-04 4.134998578000000102e-05
9.676701000000000931e+03 5.675000000000669509e+00 1.849952446935221095e+00 2.883703653186932433e-04 2.484779951444693108e-04 3.989237017448744106e-05
9.677311366870000711e+03 6.285366870000449246e+00 1.892756192863086939e+00 2.767743826800000235e-04 2.464889131599999833e-04 3.028546952200000017e-05
9.677416000000001077e+03 6.390000000000815028e+00 1.899997074869211211e+00 2.749486476262525498e-04 2.460108138742588511e-04 2.893783375355893765e-05
9.678033392110000932e+03 7.007392110000670193e+00 1.942172684637840430e+00 2.641758224499999880e-04 2.431897692699999875e-04 2.098605317900000022e-05
9.678148999999999432e+03 7.122999999999170662e+00 1.949968754198961873e+00 2.625847636565095612e-04 2.426031709879015259e-04 1.998159266698401566e-05
9.678774467270000969e+03 7.748467270000706897e+00 1.991618303853720295e+00 2.539767421800000159e-04 2.394295292400000106e-04 1.454721293500000026e-05
9.678902000000000044e+03 7.875999999999781842e+00 2.000004191502662287e+00 2.526814615399331052e-04 2.387462653329403461e-04 1.393519620266141033e-05
9.679534592350000821e+03 8.508592350000558469e+00 2.041090933666848350e+00 2.462445226894087458e-04 2.353300807544088412e-04 1.091429926781291598e-05
9.679673000000000684e+03 8.647000000000421238e+00 2.049970687340530340e+00 2.452619156539239753e-04 2.345468184102964286e-04 1.071491480882039210e-05
9.680313767350000489e+03 9.287767350000226685e+00 2.090588656505355747e+00 2.407643915826811578e-04 2.309200514001888654e-04 9.844217015264176989e-06
9.680463999999999942e+03 9.437999999999679090e+00 2.099998151836547589e+00 2.401160366113630734e-04 2.300564744396128348e-04 1.005948754573476130e-05
9.681111992300000566e+03 1.008599230000030289e+01 2.140109733110654666e+00 2.373760196353186247e-04 2.263678342896592718e-04 1.100930724909498895e-05
9.681273000000001048e+03 1.024700000000078504e+01 2.149960252127960825e+00 2.370406055243901174e-04 2.254601747597253809e-04 1.158194987455748521e-05
9.681929267100000288e+03 1.090326710000002564e+01 2.189652572986920731e+00 2.356164365984409555e-04 2.218332942558118846e-04 1.378770107600156725e-05
9.682102000000000771e+03 1.107600000000050855e+01 2.199980749819791637e+00 2.355165563708083514e-04 2.209789568688216833e-04 1.454331933189413315e-05
9.682765591900000800e+03 1.173959190000053709e+01 2.239215740383063480e+00 2.351411557514973289e-04 2.180283346052594277e-04 1.712774691340485439e-05
9.682950000000000728e+03 1.192400000000046489e+01 2.249997424658124245e+00 2.351961693732456966e-04 2.174309654765632367e-04 1.778348743282057610e-05
9.683620966599999520e+03 1.259496659999925683e+01 2.288797909008249754e+00 2.354870418043607987e-04 2.154342490888387727e-04 2.008632023886863674e-05
9.683816000000000713e+03 1.279000000000045034e+01 2.299953467270577701e+00 2.355424529713574333e-04 2.150605105672944611e-04 2.052088152475364821e-05
9.684495391200000086e+03 1.346939119999982282e+01 2.338397870186549987e+00 2.359796977728383007e-04 2.139195567248773763e-04 2.212569040195696765e-05
9.684702000000001135e+03 1.367600000000087235e+01 2.349964437621665514e+00 2.359848204314333032e-04 2.137378948816043419e-04 2.232207534387329535e-05
9.685388865700000679e+03 1.436286570000041607e+01 2.388014515244026637e+00 2.363196280356959027e-04 2.132703756316278764e-04 2.316937848690683573e-05
9.685606999999999971e+03 1.458099999999970819e+01 2.399972221111235982e+00 2.363131923609104702e-04 2.132494029423505919e-04 2.320048507332656297e-05
9.686301390099999480e+03 1.527539009999921760e+01 2.437646825413716023e+00 2.360057362957757748e-04 2.133097511498753323e-04 2.287127172762856909e-05
9.686531000000000859e+03 1.550500000000059586e+01 2.449977012885667271e+00 2.358356080139577520e-04 2.134343850821772220e-04 2.259034963377049875e-05
9.687232964500000890e+03 1.620696450000062683e+01 2.487293868211231995e+00 2.353198213755943314e-04 2.138926041233967391e-04 2.165754325870228493e-05
9.687474000000000160e+03 1.644799999999989737e+01 2.499978992466393990e+00 2.351355028083299155e-04 2.141283419813619642e-04 2.125242170976279201e-05
9.688183588800000507e+03 1.715758880000024433e+01 2.536954773531261864e+00 2.343247573094612364e-04 2.148655491524303267e-04 1.973717128265758334e-05
9.688435999999999694e+03 1.740999999999943171e+01 2.549978325284629754e+00 2.340457349735067239e-04 2.151817870485418977e-04 1.915348086527493760e-05
9.689153263000000152e+03 1.812726299999988910e+01 2.586628742930772606e+00 2.327024848914136380e-04 2.160891271486421305e-04 1.690969423802829146e-05
9.689416999999999462e+03 1.839099999999919888e+01 2.599975164037636954e+00 2.321951144055189214e-04 2.164535474845159704e-04 1.603890980329274640e-05
9.690141987099999824e+03 1.911598709999956114e+01 2.636315037941959982e+00 2.298481305089996023e-04 2.171874106269649726e-04 1.290984153710621947e-05
9.690416999999999462e+03 1.939099999999919888e+01 2.649969649891612100e+00 2.289000208060878712e-04 2.174660876581889567e-04 1.166292482255496096e-05
9.691149761200000285e+03 2.012376120000002189e+01 2.686012979447409244e+00 2.258018044373007096e-04 2.181451134896035039e-04 7.801852216942264110e-06
9.691435999999999694e+03 2.040999999999943171e+01 2.699961913550601000e+00 2.245180794637580775e-04 2.183957150974679469e-04 6.233014311776047570e-06
9.692176585100000011e+03 2.115058509999974845e+01 2.735721923131929856e+00 2.207296001542349774e-04 2.189668506637000610e-04 1.756681816747200322e-06
9.692475000000000364e+03 2.144900000000010110e+01 2.749999798133768714e+00 2.191337672101424661e-04 2.191720119941678471e-04 -9.260326124498166745e-08
9.693222459000000526e+03 2.219645900000026373e+01 2.785441289384344543e+00 2.148843710354550300e-04 2.195989097657437175e-04 -4.911783507632855290e-06
9.693532000000001062e+03 2.250600000000079959e+01 2.799987120345187375e+00 2.130769013003189422e-04 2.197437465992275096e-04 -6.923630154225855395e-06
9.694287382800001069e+03 2.326138280000080627e+01 2.835170525245402029e+00 2.090827827462679231e-04 2.201932272119562647e-04 -1.149913554106092519e-05
9.694608000000000175e+03 2.358199999999991192e+01 2.849972588640921511e+00 2.073725980347377988e-04 2.203518410030032456e-04 -1.342500407386365179e-05
9.695371356499999820e+03 2.434535649999955709e+01 2.884909120326617060e+00 2.038349116049154562e-04 2.206499589513645585e-04 -1.737101041881103372e-05
9.695703999999999724e+03 2.467799999999946081e+01 2.900001552369435576e+00 2.022958500194262522e-04 2.207470598936924692e-04 -1.905503548570466234e-05
9.696474380199999359e+03 2.544838019999909662e+01 2.934656603220356708e+00 1.994444049945450447e-04 2.208983896605953466e-04 -2.213687343992017559e-05
9.696818000000001120e+03 2.579200000000085780e+01 2.949982827193631252e+00 1.981750016478557943e-04 2.209356584264589285e-04 -2.347768757856979330e-05
9.697596453699999984e+03 2.657045369999972095e+01 2.984412520676415159e+00 1.960981822987498721e-04 2.209599687170950755e-04 -2.562105887559219060e-05
9.697952000000001135e+03 2.692600000000087235e+01 3.000006287254053383e+00 1.951420000000000097e-04 2.209459999999999950e-04 -2.658090852999999760e-05
9.698737577199999578e+03 2.771157719999931501e+01 3.034176466402824346e+00 1.942200378694444447e-04 2.210673825881944452e-04 -2.761805751736606885e-05
9.699103999999999360e+03 2.807799999999909701e+01 3.049983802521107012e+00 1.937899999999999996e-04 2.211240000000000059e-04 -2.810220691200000141e-05
9.699897750600001018e+03 2.887175060000075533e+01 3.083948047501204659e+00 1.935780171179180811e-04 2.212445525655290025e-04 -2.840642006586292486e-05
9.700275999999999840e+03 2.924999999999957723e+01 3.100002263475568842e+00 1.934770000000000044e-04 2.213019999999999896e-04 -2.855149883199999675e-05
9.701076973999999609e+03 3.005097399999934638e+01 3.133726904351597842e+00 1.938801793495798453e-04 2.214218095563025214e-04 -2.822506707243320416e-05
9.701466000000000349e+03 3.044000000000008654e+01 3.149976396850841187e+00 1.940760000000000033e-04 2.214800000000000004e-04 -2.806638856000000034e-05
9.702275247200001104e+03 3.124924720000084122e+01 3.183512687408712072e+00 1.950116502750413134e-04 2.215983774829752046e-04 -2.719542100796552966e-05
9.702675999999999476e+03 3.164999999999921343e+01 3.199990302128349562e+00 1.954749999999999945e-04 2.216569999999999955e-04 -2.676375280800000021e-05
9.703492570399999749e+03 3.246657039999949035e+01 3.233305084844951605e+00 1.970370480149715331e-04 2.219015060270138181e-04 -2.538511920053562683e-05
9.703905000000000655e+03 3.287900000000039569e+01 3.250001763731375171e+00 1.978260000000000131e-04 2.220249999999999893e-04 -2.468762582499999973e-05
9.704728943500000241e+03 3.370294349999998218e+01 3.283103791717129294e+00 1.997593269294306671e-04 2.222681525324779613e-04 -2.293490585100835401e-05
9.705152000000000044e+03 3.412599999999978451e+01 3.299971124729633498e+00 2.007520000000000051e-04 2.223930000000000102e-04 -2.203345303920000358e-05
9.705984366500000760e+03 3.495836650000050128e+01 3.332908525207566530e+00 2.030750054806629778e-04 2.226347607513812254e-04 -1.989077060557503901e-05
9.706418999999999869e+03 3.539299999999960988e+01 3.349978619286468007e+00 2.042880000000000065e-04 2.227610000000000039e-04 -1.877006462099999954e-05
9.707258839399999488e+03 3.623283939999922865e+01 3.382719019121362969e+00 2.069786207838258160e-04 2.230013272933125843e-04 -1.626289533421845148e-05
9.707704999999999927e+03 3.667899999999966809e+01 3.399983966557281967e+00 2.084079999999999874e-04 2.231289999999999977e-04 -1.492875812560000060e-05
9.708552362200000061e+03 3.752636219999980227e+01 3.432535022685232029e+00 2.114279858944061326e-04 2.234510625679693593e-04 -1.218174890813608489e-05
9.709010000000000218e+03 3.798399999999995913e+01 3.449987259912667525e+00 2.130590000000000077e-04 2.236250000000000011e-04 -1.069484326249999856e-05
9.709864934999999605e+03 3.883893499999934562e+01 3.482356303216728399e+00 2.162508003814199388e-04 2.239446320430513420e-04 -7.783134334960766071e-06
9.710334000000000742e+03 3.930800000000048300e+01 3.499988587383657812e+00 2.180019999999999907e-04 2.241199999999999887e-04 -6.182058843999999853e-06
9.711196557700000994e+03 4.017055770000073522e+01 3.532182633706395514e+00 2.212364308095309060e-04 2.244385618906924841e-04 -3.235952187063747178e-06
9.711676999999999680e+03 4.065099999999942071e+01 3.549988032038209784e+00 2.230380000000000014e-04 2.246159999999999921e-04 -1.591341467519999967e-06
9.712547230300000592e+03 4.152123030000033310e+01 3.582013803417157582e+00 2.261649508723935444e-04 2.249322731266519720e-04 1.238167690707147323e-06
9.713039000000000669e+03 4.201300000000041024e+01 3.599985672326583064e+00 2.279319999999999990e-04 2.251110000000000068e-04 2.840653197900000160e-06
9.713916952800000217e+03 4.289095279999995824e+01 3.631849613157979828e+00 2.308068027238233241e-04 2.254581124031861193e-04 5.377252291618403512e-06
9.714420000000000073e+03 4.339399999999981361e+01 3.649981582397556323e+00 2.324539999999999940e-04 2.256570000000000114e-04 6.834180204899999944e-06
9.715305725300000631e+03 4.427972530000037210e+01 3.681689878069339006e+00 2.349700925129285872e-04 2.260024328669999979e-04 9.004756179357168512e-06
9.715819999999999709e+03 4.479399999999944981e+01 3.699975832389863939e+00 2.364310000000000001e-04 2.262029999999999889e-04 1.026807801959999916e-05
9.716713547600000311e+03 4.568754760000005177e+01 3.731534412600849393e+00 2.385220272357746615e-04 2.265465753447887341e-04 1.200950506665666940e-05
9.717239999999999782e+03 4.621399999999952257e+01 3.750003484602589143e+00 2.397540000000000088e-04 2.267489999999999935e-04 1.303795412550000002e-05
9.718140419900000779e+03 4.711441990000052016e+01 3.781383054852847092e+00 2.414158319990264282e-04 2.270908840510431142e-04 1.434618804781428360e-05
9.718677999999999884e+03 4.765199999999962444e+01 3.799994149738296745e+00 2.424080000000000006e-04 2.272949999999999981e-04 1.512909614249999963e-05
9.719586342099999456e+03 4.856034209999919682e+01 3.831235641061819575e+00 2.436567366000686190e-04 2.276154446392587296e-04 1.604726665530713958e-05
9.720135000000000218e+03 4.910899999999995913e+01 3.849983355691555253e+00 2.444109999999999881e-04 2.278089999999999868e-04 1.660308441440000020e-05
9.721051314300000740e+03 5.002531430000048118e+01 3.881092022629031746e+00 2.453496482978334515e-04 2.281278798579552990e-04 1.721059488226091313e-05
9.721612000000000990e+03 5.058600000000073038e+01 3.900004808457745220e+00 2.459240000000000124e-04 2.283230000000000025e-04 1.758313139770000297e-05
9.722535336299999472e+03 5.150933629999921237e+01 3.930952048467426518e+00 2.466219063672240946e-04 2.286404547546488203e-04 1.795159938015350278e-05
9.723106999999999971e+03 5.208099999999971175e+01 3.949990835702761771e+00 2.470540000000000236e-04 2.288369999999999912e-04 1.818020718570000172e-05
9.724038408300000810e+03 5.301240830000055126e+01 3.980815588236162661e+00 2.475627679419418613e-04 2.291538264692866503e-04 1.836028087159140683e-05
9.724621000000001004e+03 5.359500000000074493e+01 3.999975574403118905e+00 2.478809999999999803e-04 2.293519999999999955e-04 1.847313390479999928e-05
9.725560530200000358e+03 5.453453020000009843e+01 4.030682508266810515e+00 2.481645739782268635e-04 2.296055629092568536e-04 1.849584931920787023e-05
9.726155000000000655e+03 5.512900000000039569e+01 4.049991475959133780e+00 2.483440000000000062e-04 2.297660000000000089e-04 1.851022467919999939e-05
9.727101701999999932e+03 5.607570199999967286e+01 4.080552684632651861e+00 2.484390969169349649e-04 2.300183725872504868e-04 1.834626734692407560e-05
9.727708000000000538e+03 5.668200000000027927e+01 4.100005391753128947e+00 2.485000000000000230e-04 2.301799999999999951e-04 1.824105144199999955e-05
9.728661923699999534e+03 5.763592369999927456e+01 4.130425999384104152e+00 2.483512340506047514e-04 2.304319913020369201e-04 1.783636335086121933e-05
9.729279000000000451e+03 5.825300000000019196e+01 4.149985770905611382e+00 2.482550000000000143e-04 2.305949999999999970e-04 1.757408308050000063e-05
9.730241195300000982e+03 5.921519530000072251e+01 4.180302340193205346e+00 2.477953718240100394e-04 2.308453764011313765e-04 1.686176577787508151e-05
9.730870000000000800e+03 5.984400000000054121e+01 4.199996303673152909e+00 2.474949999999999741e-04 2.310090000000000103e-04 1.639540175700000094e-05
9.731839516899999580e+03 6.081351689999932120e+01 4.230181603125118706e+00 2.466019605200620805e-04 2.311667723154037300e-04 1.534791726488556870e-05
9.732479999999999563e+03 6.145399999999930429e+01 4.250005047121683255e+00 2.460119999999999885e-04 2.312709999999999885e-04 1.465513447379999942e-05
9.733456888400000025e+03 6.243088839999976614e+01 4.280063682951785076e+00 2.447314841243243273e-04 2.314288142808353804e-04 1.322431841000495031e-05
9.734108000000000175e+03 6.308199999999991547e+01 4.299981544088662844e+00 2.438779999999999984e-04 2.315340000000000095e-04 1.226956549499999926e-05
9.735093309800000497e+03 6.406730980000023123e+01 4.329948482319172953e+00 2.422284431200242747e-04 2.316906451259708724e-04 1.047366453684352653e-05
9.735755999999999403e+03 6.472999999999913712e+01 4.349987244151502175e+00 2.411190000000000067e-04 2.317959999999999877e-04 9.264422527999999321e-06
9.736748781100000997e+03 6.572278110000073070e+01 4.379835908303430614e+00 2.391715529712057624e-04 2.319520339821235704e-04 7.173917153077592355e-06
9.737423000000000684e+03 6.639700000000041769e+01 4.399991325741668291e+00 2.378489999999999923e-04 2.320579999999999930e-04 5.752601791000000026e-06
9.738423302400000466e+03 6.739730240000019990e+01 4.429725875124489676e+00 2.356152286263344981e-04 2.321084304294187455e-04 3.484125525688356542e-06
9.739109000000000378e+03 6.808300000000011210e+01 4.449993843418842410e+00 2.340839999999999902e-04 2.321430000000000032e-04 1.928537258219999962e-06
9.740116873599999963e+03 6.909087359999969635e+01 4.479618294960121538e+00 2.318010628485630631e-04 2.321932458979472180e-04 -3.891395749329054575e-07
9.740814000000000306e+03 6.978800000000003934e+01 4.499994849316196088e+00 2.302220000000000058e-04 2.322280000000000134e-04 -1.992818136400000233e-06
9.741829494600000544e+03 7.080349460000027761e+01 4.529513083853450972e+00 2.280390400303944484e-04 2.322780678892111402e-04 -4.210574837999363419e-06
9.742538000000000466e+03 7.151200000000019941e+01 4.549994393273687265e+00 2.265160000000000112e-04 2.323129999999999965e-04 -5.758458487500000035e-06
9.743561165700000856e+03 7.253516570000059005e+01 4.579410172965734382e+00 2.245706350374067741e-04 2.323628962045324155e-04 -7.739545831117190496e-06
9.744281000000000859e+03 7.325500000000059231e+01 4.599992522962911501e+00 2.232020000000000087e-04 2.323980000000000067e-04 -9.133822394999998874e-06
9.745311886600000435e+03 7.428588660000016830e+01 4.629309479413554307e+00 2.214906814387060223e-04 2.323459291104426746e-04 -1.078302524870572586e-05
9.746042999999999665e+03 7.501699999999939905e+01 4.649989284003773982e+00 2.202770000000000053e-04 2.323089999999999877e-04 -1.195220512639999845e-05
9.747081657400000040e+03 7.605565739999977382e+01 4.679210935064271659e+00 2.189776576714205520e-04 2.322565131016282906e-04 -1.319216942913421538e-05
9.747824000000000524e+03 7.679800000000025761e+01 4.699984720073955735e+00 2.180489999999999989e-04 2.322190000000000072e-04 -1.407804465599999908e-05
9.748870478200000434e+03 7.784447820000016804e+01 4.729114474657983180e+00 2.171873996153333433e-04 2.321672574667777713e-04 -1.488325599047219048e-05
9.749623999999999796e+03 7.859799999999953002e+01 4.749978873010902269e+00 2.165670000000000019e-04 2.321299999999999883e-04 -1.546282926399999985e-05
9.750678348900000856e+03 7.965234890000058954e+01 4.779020030165700206e+00 2.161319362506043825e-04 2.320784411801648389e-04 -1.584495891384142755e-05
9.751443999999999505e+03 8.041799999999923898e+01 4.799999123438042581e+00 2.158159999999999950e-04 2.320409999999999964e-04 -1.612234790460000163e-05
9.752505269499999486e+03 8.147926949999921931e+01 4.828927539085724696e+00 2.156849291749183802e-04 2.319110839839499580e-04 -1.612489078407310827e-05
9.753282000000001062e+03 8.225600000000079604e+01 4.849990546920038170e+00 2.155889999999999987e-04 2.318160000000000045e-04 -1.612674367200000268e-05
9.754351239999999962e+03 8.332523999999969533e+01 4.878836941471528021e+00 2.157893745395799638e-04 2.316864474959612298e-04 -1.579992634976017384e-05
9.755139000000001033e+03 8.411300000000076693e+01 4.899980808428132661e+00 2.159370000000000029e-04 2.315910000000000126e-04 -1.555937185770000193e-05
9.756216260499999407e+03 8.519026049999914108e+01 4.928748182464920191e+00 2.164076199307405615e-04 2.314624404091635793e-04 -1.496410220653541140e-05
9.757015999999999622e+03 8.598999999999935540e+01 4.949996455205663004e+00 2.167570000000000119e-04 2.313670000000000093e-04 -1.452260581290000045e-05
9.758100330900000699e+03 8.707433090000043308e+01 4.978661204133742579e+00 2.174402142979419729e-04 2.312382535870712475e-04 -1.371643426650602265e-05
9.758911000000000058e+03 8.788499999999979195e+01 4.999984231913630062e+00 2.179510000000000009e-04 2.311419999999999903e-04 -1.311430365400000071e-05
9.760003451200000200e+03 8.897745119999993335e+01 5.028575953453610303e+00 2.187473769583289835e-04 2.309651541138381143e-04 -1.214615926363129365e-05
9.760826000000000931e+03 8.980000000000066507e+01 5.049996940400661494e+00 2.193469999999999990e-04 2.308319999999999881e-04 -1.141817412959999904e-05
9.761925621399999727e+03 9.089962139999946089e+01 5.078492379483110497e+00 2.202634459779617021e-04 2.306556509912053795e-04 -1.033131668284607732e-05
9.762759000000000015e+03 9.173299999999974830e+01 5.099982382908581080e+00 2.209579999999999943e-04 2.305220000000000131e-04 -9.508709769200001717e-06
9.763866841500001101e+03 9.284084150000083469e+01 5.128410433262470924e+00 2.219563620276497617e-04 2.303455848917050739e-04 -8.340759438112952979e-06
9.764711999999999534e+03 9.368599999999926808e+01 5.149992318415099746e+00 2.227180000000000045e-04 2.302109999999999953e-04 -7.450940162699998926e-06
9.765827111500000683e+03 9.480111150000041675e+01 5.178330067718060370e+00 2.237641238717038498e-04 2.300357035674442023e-04 -6.236079756176001735e-06
9.766684000000001106e+03 9.565800000000083969e+01 5.200000802984041215e+00 2.245679999999999953e-04 2.299009999999999932e-04 -5.303793079900000386e-06
9.767806431500001054e+03 9.678043150000078754e+01 5.228251240082886220e+00 2.256244392962311531e-04 2.297103558557788935e-04 -4.062685067740687343e-06
9.768674000000000888e+03 9.764800000000062141e+01 5.249982881075474950e+00 2.264409999999999958e-04 2.295630000000000110e-04 -3.104793662400000291e-06
9.769804801399999633e+03 9.877880139999936659e+01 5.278173904233716129e+00 2.274885384113432883e-04 2.293728453367164101e-04 -1.872901149013313592e-06
9.770684000000001106e+03 9.965800000000083969e+01 5.299988822438328917e+00 2.283030000000000129e-04 2.292250000000000017e-04 -9.165126097499999568e-07
9.771822221000000354e+03 1.007962210000000880e+02 5.328098013311780790e+00 2.293133183937900435e-04 2.290353899960571686e-04 2.774159274690673650e-07
9.772712999999999738e+03 1.016869999999994718e+02 5.349993428210864543e+00 2.301039999999999911e-04 2.288869999999999924e-04 1.210413966620000097e-06
9.773858690999999453e+03 1.028326909999991869e+02 5.378023544158629043e+00 2.310505376816406173e-04 2.286979162314453239e-04 2.340289249023873759e-06
9.774761000000000422e+03 1.037350000000001558e+02 5.399996735496340072e+00 2.317959999999999877e-04 2.285490000000000102e-04 3.228825997499999816e-06
9.775914211000001160e+03 1.048882110000008936e+02 5.427950447871676687e+00 2.326881066226415076e-04 2.283749304150943537e-04 4.288488900529075912e-06
9.776827999999999520e+03 1.058019999999992535e+02 5.449998780035217649e+00 2.333950000000000109e-04 2.282370000000000037e-04 5.127001849500000619e-06
9.777988779999999679e+03 1.069627799999994124e+02 5.477878662955629530e+00 2.341773857526366115e-04 2.280639402780441211e-04 6.076974648727879922e-06
9.778914000000000669e+03 1.078880000000004031e+02 5.499999596267537427e+00 2.348010000000000038e-04 2.279260000000000129e-04 6.833130309600000446e-06
9.780082400000001144e+03 1.090564000000008775e+02 5.527808201358416440e+00 2.354504194774346710e-04 2.277528214726841035e-04 7.650466405641197863e-06
9.781019000000000233e+03 1.099929999999999666e+02 5.549999217391235362e+00 2.359709999999999943e-04 2.276140000000000064e-04 8.304747165400000477e-06
9.782195068999999421e+03 1.111690689999991548e+02 5.577738980486142140e+00 2.364654583884180639e-04 2.274417978064971826e-04 8.966590400815159685e-06
9.783143000000000029e+03 1.121169999999997628e+02 5.599997675417962562e+00 2.368639999999999873e-04 2.273029999999999886e-04 9.499310594199998815e-06
9.784326788000000306e+03 1.133007880000000398e+02 5.627670990633871995e+00 2.372285823985067533e-04 2.271676625944936921e-04 9.994322150897471489e-06
9.785286000000000058e+03 1.142599999999997920e+02 5.649995001225474489e+00 2.375239999999999979e-04 2.270580000000000070e-04 1.039498770960000065e-05
9.786477558000000499e+03 1.154515580000002331e+02 5.677604222437057757e+00 2.376799717456059375e-04 2.269229714569842799e-04 1.068264762764439904e-05
9.787448000000000320e+03 1.164220000000000539e+02 5.699991224607465767e+00 2.378070000000000086e-04 2.268129999999999983e-04 1.091666845909999992e-05
9.788647377000001143e+03 1.176213770000008765e+02 5.727538598118528057e+00 2.377344104704264178e-04 2.266788193544245730e-04 1.097648951101653623e-05
9.789629000000000815e+03 1.186030000000005487e+02 5.749986374320760874e+00 2.376749999999999902e-04 2.265690000000000054e-04 1.102539130560000049e-05
9.790836246000000756e+03 1.198102460000004896e+02 5.777474110733622048e+00 2.373607101508405214e-04 2.264346177782825984e-04 1.084473718290693014e-05
9.791829999999999927e+03 1.208039999999996610e+02 5.800003104738912008e+00 2.371019999999999942e-04 2.263239999999999968e-04 1.069618540199999869e-05
9.793044164999999339e+03 1.220181649999990725e+02 5.827410731054937898e+00 2.366013416065795513e-04 2.262402833506083869e-04 1.028044932270132449e-05
9.794049000000000888e+03 1.230230000000006214e+02 5.849995996096007289e+00 2.361870000000000072e-04 2.261710000000000001e-04 9.936619331099999654e-06
9.795271134000000529e+03 1.242451340000002631e+02 5.877348430847828986e+00 2.354547025495978558e-04 2.260879953672922298e-04 9.290891774311387389e-06
9.796287000000000262e+03 1.252609999999999957e+02 5.899987897550312610e+00 2.348460000000000077e-04 2.260189999999999920e-04 8.754506936499999693e-06
9.797517153000000690e+03 1.264911530000004234e+02 5.927287182828405498e+00 2.339154856846767069e-04 2.259356459658990140e-04 7.912511610200693049e-06
9.798545000000000073e+03 1.275189999999998065e+02 5.950000890250001007e+00 2.331380000000000030e-04 2.258659999999999954e-04 7.209462027200000327e-06
9.799782221999999820e+03 1.287562219999995534e+02 5.977226960624101082e+00 2.320595077117750286e-04 2.257828299797891075e-04 6.220894179966267419e-06
9.800820999999999913e+03 1.297949999999996464e+02 5.999990702156350331e+00 2.311539999999999895e-04 2.257129999999999987e-04 5.391448431899999386e-06
9.802066339999999400e+03 1.310403399999991336e+02 6.027167716962147814e+00 2.300664970818815320e-04 2.257075760452961657e-04 4.318613863474290627e-06
9.803117000000000189e+03 1.320909999999999229e+02 6.050001291221705380e+00 2.291489999999999977e-04 2.257030000000000039e-04 3.413532172000000250e-06
9.805431000000000495e+03 1.344050000000002285e+02 6.099989118913015318e+00 2.270849999999999984e-04 2.256930000000000091e-04 1.379051937900000130e-06
9.807764999999999418e+03 1.367389999999991517e+02 6.149997418191683884e+00 2.250820000000000110e-04 2.256819999999999985e-04 -5.940672422400000353e-07
9.810117000000000189e+03 1.390909999999999229e+02 6.199983360132773846e+00 2.232430000000000037e-04 2.256720000000000037e-04 -2.403948412800000000e-06
9.812488999999999578e+03 1.414629999999993117e+02 6.249989476304460112e+00 2.216449999999999963e-04 2.256620000000000088e-04 -3.973456495999999895e-06
9.814880000000001019e+03 1.438540000000007524e+02 6.299994455509718705e+00 2.203390000000000058e-04 2.256509999999999983e-04 -5.253426061199999676e-06
9.817290000000000873e+03 1.462640000000006069e+02 6.349998324608631783e+00 2.193479999999999876e-04 2.256410000000000035e-04 -6.221080318700000310e-06
9.819719000000000960e+03 1.486930000000006942e+02 6.400001109621363149e+00 2.186740000000000005e-04 2.256299999999999929e-04 -6.874224083999999881e-06
9.822166999999999462e+03 1.511409999999991953e+02 6.450002835760574982e+00 2.183069999999999954e-04 2.256199999999999981e-04 -7.224465209999999828e-06
9.824634000000000015e+03 1.536079999999997483e+02 6.500003527462714814e+00 2.182270000000000097e-04 2.256100000000000032e-04 -7.290632272000000304e-06
9.827120000000000800e+03 1.560940000000005341e+02 6.550003208417458644e+00 2.184130000000000110e-04 2.256659999999999905e-04 -7.160991478200000073e-06
9.829625000000000000e+03 1.585989999999997337e+02 6.600001901596151299e+00 2.188530000000000000e-04 2.257220000000000049e-04 -6.781659484599999812e-06
9.832148999999999432e+03 1.611229999999991662e+02 6.649999629278909197e+00 2.195259999999999985e-04 2.257779999999999922e-04 -6.172002874799999320e-06
9.834692000000000917e+03 1.636660000000006505e+02 6.699996413080377522e+00 2.204049999999999879e-04 2.258340000000000065e-04 -5.358543985199999959e-06
9.837254000000000815e+03 1.662280000000005487e+02 6.749992273974302570e+00 2.214550000000000134e-04 2.258899999999999938e-04 -4.377070529999999598e-06
9.839835000000000946e+03 1.688090000000006796e+02 6.799987232317323382e+00 2.226300000000000013e-04 2.259460000000000082e-04 -3.272375917999999888e-06
9.842435999999999694e+03 1.714099999999994282e+02 6.850000466166318525e+00 2.238780000000000002e-04 2.260019999999999954e-04 -2.095960628160000114e-06
9.845055000000000291e+03 1.740290000000000248e+02 6.899993539310790958e+00 2.251440000000000114e-04 2.260580000000000098e-04 -9.019103843400001608e-07
9.847693000000001120e+03 1.766670000000008542e+02 6.949985769490864662e+00 2.263760000000000024e-04 2.261139999999999971e-04 2.578671890200000224e-07
9.850351000000000568e+03 1.793250000000003013e+02 6.999995922538436055e+00 2.275269999999999918e-04 2.261700000000000114e-04 1.337736745800000078e-06
9.853027000000000044e+03 1.820009999999997774e+02 7.049986387521265385e+00 2.284479999999999920e-04 2.260840000000000126e-04 2.332531236399999795e-06
9.855722999999999956e+03 1.846969999999996901e+02 7.099994547797226829e+00 2.292259999999999903e-04 2.259979999999999867e-04 3.186752598399999794e-06
9.858438000000000102e+03 1.874119999999998356e+02 7.150001677678725187e+00 2.298369999999999884e-04 2.259109999999999992e-04 3.876158346900000178e-06
9.861171000000000276e+03 1.901450000000000102e+02 7.199989571667311239e+00 2.302650000000000053e-04 2.258250000000000003e-04 4.385092432500000400e-06
9.863924000000000888e+03 1.928980000000006214e+02 7.249994830292107117e+00 2.305019999999999964e-04 2.257380000000000129e-04 4.705395740999999567e-06
9.866695999999999913e+03 1.956699999999996464e+02 7.299999119448512097e+00 2.305470000000000002e-04 2.256519999999999869e-04 4.835925446799999666e-06
9.869487000000000990e+03 1.984610000000007233e+02 7.350002458923351689e+00 2.304039999999999983e-04 2.255649999999999994e-04 4.781887773999999813e-06
9.872296000000000276e+03 2.012700000000000102e+02 7.399987133614512658e+00 2.300869999999999944e-04 2.254790000000000006e-04 4.554968922700000029e-06
9.875125000000000000e+03 2.040989999999997337e+02 7.449988749989903347e+00 2.296130000000000122e-04 2.253920000000000131e-04 4.172907488000000373e-06
9.877972999999999956e+03 2.069469999999996901e+02 7.499989471314939316e+00 2.290059999999999958e-04 2.253059999999999872e-04 3.658924378799999692e-06
9.880840000000000146e+03 2.098139999999998793e+02 7.549989315372358512e+00 2.280949999999999905e-04 2.250289999999999897e-04 3.033930989599999968e-06
9.883726000000000568e+03 2.127000000000003013e+02 7.599988299476625464e+00 2.271100000000000126e-04 2.247519999999999922e-04 2.333937143999999857e-06
9.886630999999999403e+03 2.156049999999991371e+02 7.649986440489222161e+00 2.260809999999999925e-04 2.244740000000000060e-04 1.590638477179999996e-06
9.889556000000000495e+03 2.185300000000002285e+02 7.700000798246167122e+00 2.250379999999999958e-04 2.241970000000000085e-04 8.332729899000000214e-07
9.892498999999999796e+03 2.214729999999995300e+02 7.749997191971426780e+00 2.240079999999999871e-04 2.239200000000000110e-04 8.728625520000000679e-08
9.895461000000001150e+03 2.244350000000008833e+02 7.799992792027558686e+00 2.230119999999999986e-04 2.236430000000000134e-04 -6.257732418700000623e-07
9.898442000000000917e+03 2.274160000000006505e+02 7.849987613578844226e+00 2.220670000000000001e-04 2.233659999999999888e-04 -1.287678186079999970e-06
9.901443000000001120e+03 2.304170000000008542e+02 7.899998283343832028e+00 2.211910000000000037e-04 2.230889999999999913e-04 -1.882487446919999718e-06
9.904461999999999534e+03 2.334359999999992681e+02 7.949991487390438039e+00 2.203980000000000132e-04 2.228110000000000051e-04 -2.395574747599999988e-06
9.907501000000000204e+03 2.364749999999999375e+02 8.000000361760031709e+00 2.197009999999999892e-04 2.225340000000000076e-04 -2.813163561000000290e-06
9.910558000000000902e+03 2.395320000000006360e+02 8.049992009684984851e+00 2.190609999999999953e-04 2.222100000000000019e-04 -3.127227993000000110e-06
9.913635000000000218e+03 2.426089999999999520e+02 8.099999153682540864e+00 2.185389999999999891e-04 2.218850000000000076e-04 -3.324347635500000356e-06
9.916729999999999563e+03 2.457039999999992972e+02 8.149989303831929988e+00 2.181419999999999995e-04 2.215600000000000132e-04 -3.396669892000000072e-06
9.919845000000001164e+03 2.488190000000008979e+02 8.199994779347552054e+00 2.178760000000000126e-04 2.212349999999999918e-04 -3.339807806999999820e-06
9.922978999999999360e+03 2.519529999999990935e+02 8.249999394401276831e+00 2.177389999999999968e-04 2.209099999999999974e-04 -3.154285526000000245e-06
9.926130999999999403e+03 2.551049999999991371e+02 8.299987353193223782e+00 2.177240000000000046e-04 2.205859999999999917e-04 -2.846375568200000008e-06
9.929302999999999884e+03 2.582769999999996458e+02 8.349990388290772003e+00 2.178199999999999982e-04 2.202609999999999974e-04 -2.428531707699999939e-06
9.932494000000000597e+03 2.614680000000003588e+02 8.399992607346277396e+00 2.180080000000000039e-04 2.199360000000000030e-04 -1.919269304639999907e-06
9.935703999999999724e+03 2.646779999999994857e+02 8.449994024846317231e+00 2.182630000000000074e-04 2.196110000000000087e-04 -1.342255843670000161e-06
9.938933000000000902e+03 2.679070000000006644e+02 8.499994654936456229e+00 2.185579999999999901e-04 2.192859999999999872e-04 -7.250779304399999865e-07
9.942181000000000495e+03 2.711550000000002569e+02 8.549994511431027178e+00 2.189690000000000104e-04 2.190650000000000041e-04 -9.616931593500000244e-08
9.945448000000000320e+03 2.744220000000000823e+02 8.599993607822977282e+00 2.193660000000000000e-04 2.188439999999999938e-04 5.203672631999999021e-07
9.948734000000000378e+03 2.777080000000001405e+02 8.649991957293050149e+00 2.197210000000000059e-04 2.186219999999999949e-04 1.095151929479999932e-06
9.952039000000000669e+03 2.810130000000004316e+02 8.699989572718800801e+00 2.200070000000000096e-04 2.184010000000000118e-04 1.600995082530000112e-06
9.955363999999999578e+03 2.843379999999993402e+02 8.750001464881682622e+00 2.202010000000000013e-04 2.181800000000000015e-04 2.014595575200000033e-06
9.958707000000000335e+03 2.876810000000000969e+02 8.799997564471196299e+00 2.202840000000000071e-04 2.179580000000000026e-04 2.318135900600000110e-06
9.962068999999999505e+03 2.910429999999992674e+02 8.849992967879067862e+00 2.202449999999999894e-04 2.177369999999999924e-04 2.500600576499999959e-06
9.965451000000000931e+03 2.944250000000006935e+02 8.900002432255522677e+00 2.200810000000000093e-04 2.175149999999999935e-04 2.558585441999999867e-06
9.968851000000000568e+03 2.978250000000003297e+02 8.949996395867998444e+00 2.197970000000000099e-04 2.172940000000000104e-04 2.496512495400000143e-06
9.972270000000000437e+03 3.012440000000001987e+02 8.999989698632392177e+00 2.194040000000000020e-04 2.170730000000000001e-04 2.325937194999999971e-06
9.975709000000000742e+03 3.046830000000005043e+02 9.049996852527790736e+00 2.190419999999999943e-04 2.169569999999999897e-04 2.079352770689999746e-06
9.979166000000001077e+03 3.081400000000008390e+02 9.099988786547374531e+00 2.186020000000000053e-04 2.168419999999999950e-04 1.756619694639999795e-06
9.982643000000000029e+03 3.116169999999997913e+02 9.149994435279580784e+00 2.181089999999999949e-04 2.167260000000000117e-04 1.379322285360000142e-06
9.986139000000001033e+03 3.151130000000007954e+02 9.199999310519000773e+00 2.175819999999999913e-04 2.166109999999999900e-04 9.693818794200000186e-07
9.989653000000000247e+03 3.186270000000000095e+02 9.249989237329071301e+00 2.170440000000000043e-04 2.164959999999999953e-04 5.472672486400000153e-07
9.993186999999999898e+03 3.221609999999996603e+02 9.299992679227871761e+00 2.165109999999999875e-04 2.163800000000000120e-04 1.308830688800000022e-07
9.996739999999999782e+03 3.257139999999995439e+02 9.349995383647168978e+00 2.159990000000000033e-04 2.162649999999999902e-04 -2.649029984999999679e-07
1.000031199999999990e+04 3.292859999999996603e+02 9.399997362355891894e+00 2.155199999999999965e-04 2.161490000000000069e-04 -6.281203480400000530e-07
1.000390300000000025e+04 3.328770000000000095e+02 9.449998626873716390e+00 2.150830000000000005e-04 2.160340000000000123e-04 -9.491453790000000182e-07
1.000751300000000083e+04 3.364870000000005916e+02 9.499999188477623591e+00 2.146969999999999944e-04 2.159189999999999905e-04 -1.220039513549999925e-06
1.001114199999999983e+04 3.401159999999995875e+02 9.549999058208248570e+00 2.143409999999999998e-04 2.157869999999999992e-04 -1.444348705800000014e-06
1.001479000000000087e+04 3.437640000000006353e+02 9.599998246876134900e+00 2.140459999999999900e-04 2.156550000000000079e-04 -1.607080468950000091e-06
1.001845700000000033e+04 3.474310000000000969e+02 9.649996765067530902e+00 2.138189999999999937e-04 2.155240000000000053e-04 -1.702855124000000090e-06
1.002214300000000003e+04 3.511169999999997913e+02 9.699994623150352879e+00 2.136619999999999882e-04 2.153919999999999869e-04 -1.728068476799999768e-06
1.002584799999999996e+04 3.548219999999997185e+02 9.749991831279691823e+00 2.135770000000000051e-04 2.152610000000000114e-04 -1.681649068540000267e-06
1.002957300000000032e+04 3.585470000000000823e+02 9.800001790649350397e+00 2.135620000000000129e-04 2.151289999999999930e-04 -1.565631415559999973e-06
1.003331600000000071e+04 3.622900000000004752e+02 9.849997660542436861e+00 2.136109999999999984e-04 2.149979999999999903e-04 -1.385608360499999907e-06
1.003707799999999952e+04 3.660519999999992820e+02 9.899992910411349101e+00 2.137139999999999938e-04 2.148659999999999991e-04 -1.150661146499999879e-06
1.004086000000000058e+04 3.698340000000003442e+02 9.950000738971519709e+00 2.138610000000000044e-04 2.147340000000000078e-04 -8.729989296600000007e-07
1.004465999999999985e+04 3.736339999999996166e+02 9.999994710704767087e+00 2.140350000000000065e-04 2.146030000000000051e-04 -5.671227639799999967e-07
1.004847999999999956e+04 3.774539999999993256e+02 1.005000114868389538e+01 2.140959999999999912e-04 2.143450000000000086e-04 -2.490431685999999863e-07
1.005231799999999930e+04 3.812919999999990637e+02 1.009999388080127503e+01 2.141559999999999872e-04 2.140880000000000007e-04 6.799135156799999794e-08
1.005617599999999948e+04 3.851499999999992383e+02 1.014999896855825234e+01 2.142000000000000024e-04 2.138309999999999929e-04 3.690209865599999859e-07
1.006005199999999968e+04 3.890259999999994420e+02 1.019999049805906211e+01 2.142140000000000060e-04 2.135729999999999964e-04 6.406314350699999185e-07
1.006394800000000032e+04 3.929220000000000823e+02 1.024999427439310828e+01 2.141880000000000032e-04 2.133159999999999885e-04 8.716774371199999528e-07
1.006786299999999937e+04 3.968369999999991364e+02 1.029999737802056003e+01 2.141129999999999878e-04 2.130590000000000077e-04 1.053736549249999961e-06
1.007179700000000048e+04 4.007710000000002424e+02 1.034999981869143859e+01 2.139830000000000009e-04 2.128010000000000112e-04 1.181358367470000044e-06
1.007575000000000000e+04 4.047239999999997622e+02 1.040000160596803624e+01 2.137960000000000110e-04 2.125440000000000033e-04 1.252107331200000003e-06
1.007972099999999955e+04 4.086949999999993111e+02 1.044999019093385861e+01 2.135530000000000067e-04 2.122869999999999955e-04 1.266370501189999966e-06
1.008371199999999953e+04 4.126859999999992965e+02 1.049999075918283076e+01 2.132559999999999924e-04 2.120289999999999989e-04 1.227058469380000033e-06
1.008772199999999975e+04 4.166959999999995148e+02 1.054999070107546366e+01 2.129110000000000085e-04 2.117719999999999911e-04 1.139221120840000025e-06
1.009175100000000020e+04 4.207249999999999659e+02 1.059999002547529479e+01 2.125239999999999866e-04 2.115150000000000103e-04 1.009542058650000087e-06
1.009580000000000109e+04 4.247740000000008536e+02 1.065000106354020559e+01 2.121029999999999986e-04 2.112569999999999867e-04 8.458857034199999530e-07
1.009986700000000019e+04 4.288409999999999513e+02 1.069999912130323594e+01 2.116569999999999964e-04 2.110000000000000059e-04 6.568577700000000305e-07
1.010395299999999952e+04 4.329269999999992820e+02 1.074999658771645983e+01 2.111939999999999976e-04 2.107420000000000094e-04 4.513840749600000548e-07
1.010805800000000090e+04 4.370320000000006644e+02 1.079999347099268014e+01 2.107230000000000084e-04 2.104850000000000015e-04 2.384079400999999889e-07
1.011218300000000090e+04 4.411570000000006644e+02 1.085000187451079867e+01 2.102539999999999965e-04 2.102279999999999937e-04 2.660119997999999900e-08
1.011632600000000093e+04 4.453000000000006935e+02 1.089999756007047793e+01 2.097950000000000064e-04 2.099699999999999971e-04 -1.758402163799999783e-07
1.012048799999999937e+04 4.494619999999991364e+02 1.094999268674365211e+01 2.093519999999999973e-04 2.097129999999999893e-04 -3.614047042899999515e-07
1.012467000000000007e+04 4.536439999999998349e+02 1.099999919253505354e+01 2.089329999999999866e-04 2.094560000000000085e-04 -5.234556787200000236e-07
1.012887000000000080e+04 4.578440000000005625e+02 1.104999317018139138e+01 2.085800000000000121e-04 2.092429999999999887e-04 -6.630931594299998904e-07
1.013309000000000015e+04 4.620639999999999077e+02 1.109999843478247072e+01 2.082599999999999881e-04 2.090310000000000117e-04 -7.712324163600001006e-07
1.013732799999999952e+04 4.663019999999992820e+02 1.114999129472944439e+01 2.079750000000000001e-04 2.088190000000000076e-04 -8.441696012100001702e-07
1.014158599999999933e+04 4.705599999999990928e+02 1.119999535083592512e+01 2.077269999999999985e-04 2.086059999999999878e-04 -8.796351783799999827e-07
1.014586299999999937e+04 4.748369999999991364e+02 1.124999878855518887e+01 2.075169999999999988e-04 2.083940000000000109e-04 -8.769615468599999453e-07
1.015015899999999965e+04 4.791329999999994129e+02 1.130000161609648579e+01 2.073440000000000125e-04 2.081820000000000068e-04 -8.371477038599999970e-07
1.015447299999999996e+04 4.834469999999997185e+02 1.134999227904249786e+01 2.072060000000000080e-04 2.079689999999999870e-04 -7.628573279699999311e-07
1.015880700000000070e+04 4.877810000000004607e+02 1.139999396099402773e+01 2.070979999999999880e-04 2.077570000000000100e-04 -6.583196059000000131e-07
1.016315999999999985e+04 4.921339999999996166e+02 1.144999505609582258e+01 2.070150000000000093e-04 2.075450000000000060e-04 -5.290820157999999877e-07
1.016753200000000106e+04 4.965060000000008245e+02 1.149999557200265876e+01 2.069499999999999888e-04 2.073320000000000132e-04 -3.817272384800000226e-07
1.017192300000000068e+04 5.008970000000004461e+02 1.154999551623658682e+01 2.068960000000000059e-04 2.071200000000000092e-04 -2.235384024000000088e-07
1.017633300000000054e+04 5.053070000000003006e+02 1.159999489618994417e+01 2.068449999999999889e-04 2.069069999999999894e-04 -6.208761802500000256e-08
1.018076200000000063e+04 5.097360000000003879e+02 1.164999371912806048e+01 2.067899999999999903e-04 2.066950000000000124e-04 9.511525154000000677e-08
1.018521000000000095e+04 5.141840000000006512e+02 1.169999199219199504e+01 2.067240000000000082e-04 2.064830000000000083e-04 2.410193465800000206e-07
1.018967799999999988e+04 5.186519999999995889e+02 1.175000089126910119e+01 2.066399999999999867e-04 2.062699999999999885e-04 3.693718143999999743e-07
1.019416400000000067e+04 5.231380000000003747e+02 1.179999803820086335e+01 2.065339999999999982e-04 2.060580000000000116e-04 4.750296285600000172e-07
1.019866899999999987e+04 5.276429999999995744e+02 1.184999465636193072e+01 2.064009999999999912e-04 2.058460000000000075e-04 5.542115365600000017e-07
1.020319399999999951e+04 5.321679999999992106e+02 1.190000178050000201e+01 2.062389999999999883e-04 2.056329999999999877e-04 6.046514985199999178e-07
1.020773700000000099e+04 5.367110000000006949e+02 1.194999731486378813e+01 2.060479999999999896e-04 2.054210000000000107e-04 6.256815528500000971e-07
1.021229900000000089e+04 5.412730000000005930e+02 1.199999234050350871e+01 2.058279999999999951e-04 2.052090000000000066e-04 6.181592790600000582e-07
1.021688100000000122e+04 5.458550000000009277e+02 1.204999775455866207e+01 2.055810000000000092e-04 2.049890000000000121e-04 5.909627881000000160e-07
1.022148099999999977e+04 5.504549999999994725e+02 1.209999173664368399e+01 2.053090000000000091e-04 2.047689999999999905e-04 5.388557665700000116e-07
1.022610100000000057e+04 5.550750000000002728e+02 1.214999603023216501e+01 2.050149999999999878e-04 2.045489999999999960e-04 4.653428385299999844e-07
1.023073999999999978e+04 5.597139999999994870e+02 1.219999975163982775e+01 2.047050000000000128e-04 2.043290000000000015e-04 3.746760440100000315e-07
1.023539700000000084e+04 5.643710000000005493e+02 1.224999219487988000e+01 2.043810000000000071e-04 2.041090000000000070e-04 2.715833532200000137e-07
1.024007400000000052e+04 5.690480000000002292e+02 1.229999483638340863e+01 2.040509999999999882e-04 2.038890000000000125e-04 1.610103277439999974e-07
1.024477000000000044e+04 5.737440000000001419e+02 1.234999692603370569e+01 2.037180000000000035e-04 2.036700000000000066e-04 4.789707390000000405e-08
1.024948500000000058e+04 5.784590000000002874e+02 1.239999847050670034e+01 2.033869999999999960e-04 2.034500000000000121e-04 -6.299239245000000932e-08
1.025421900000000096e+04 5.831930000000006658e+02 1.244999947637099247e+01 2.030620000000000016e-04 2.032299999999999905e-04 -1.672040275899999903e-07
1.025897199999999975e+04 5.879459999999994579e+02 1.249999995009000209e+01 2.027490000000000065e-04 2.030099999999999960e-04 -2.607034118999999661e-07
1.026374400000000060e+04 5.927180000000003020e+02 1.254999989802412586e+01 2.024489999999999992e-04 2.027900000000000015e-04 -3.399713512999999820e-07
1.026853499999999985e+04 5.975089999999995598e+02 1.259999932643266618e+01 2.021670000000000043e-04 2.025700000000000070e-04 -4.021034757000000317e-07
1.027334500000000116e+04 6.023190000000008695e+02 1.264999824147597351e+01 2.019040000000000103e-04 2.023500000000000125e-04 -4.449049215000000321e-07
1.027817400000000089e+04 6.071480000000005930e+02 1.269999664921724758e+01 2.016619999999999947e-04 2.021299999999999909e-04 -4.669991306999999457e-07
1.028302200000000084e+04 6.119960000000005493e+02 1.274999455562457662e+01 2.014410000000000115e-04 2.019110000000000121e-04 -4.679125896200000401e-07
1.028788900000000103e+04 6.168630000000007385e+02 1.279999196657273153e+01 2.012410000000000067e-04 2.016909999999999905e-04 -4.481110130699999963e-07
1.029277599999999984e+04 6.217499999999995453e+02 1.284999910062373907e+01 2.010609999999999915e-04 2.014709999999999960e-04 -4.090244094899999822e-07
1.029768100000000049e+04 6.266550000000002001e+02 1.289999549833204462e+01 2.008970000000000113e-04 2.012510000000000015e-04 -3.529761414100000039e-07
1.030260599999999977e+04 6.315799999999994725e+02 1.295000155188320790e+01 2.007470000000000077e-04 2.010310000000000070e-04 -2.830797923400000351e-07
1.030754900000000089e+04 6.365230000000005930e+02 1.299999695999270699e+01 2.006079999999999875e-04 2.008110000000000125e-04 -2.030620913100000112e-07
1.031251200000000063e+04 6.414860000000003311e+02 1.305000195753610193e+01 2.003999999999999922e-04 2.005189999999999956e-04 -1.181686539659999848e-07
1.031749300000000039e+04 6.464670000000000982e+02 1.309999639896224366e+01 2.001949999999999899e-04 2.002259999999999901e-04 -3.079656083400000181e-08
1.032249400000000060e+04 6.514680000000003020e+02 1.315000036425042218e+01 1.999880000000000104e-04 1.999330000000000118e-04 5.486601372600000965e-08
1.032751300000000083e+04 6.564870000000005348e+02 1.319999386121069129e+01 1.997760000000000063e-04 1.996409999999999949e-04 1.348768606769999958e-07
1.033255199999999968e+04 6.615259999999993852e+02 1.324999681728444756e+01 1.995540000000000074e-04 1.993479999999999894e-04 2.057351099199999725e-07
1.033761000000000058e+04 6.665840000000002874e+02 1.329999925855785392e+01 1.993200000000000093e-04 1.990550000000000110e-04 2.645361327999999701e-07
1.034268699999999990e+04 6.716609999999996035e+02 1.335000119081543346e+01 1.990720000000000076e-04 1.987629999999999942e-04 3.090744773700000207e-07
1.034778200000000106e+04 6.767560000000007676e+02 1.339999282616073906e+01 1.988089999999999866e-04 1.984699999999999887e-04 3.378971596999999845e-07
1.035289700000000084e+04 6.818710000000005493e+02 1.344999379380449156e+01 1.985280000000000074e-04 1.981770000000000103e-04 3.503472094500000151e-07
1.035803100000000086e+04 6.870050000000005639e+02 1.349999426900405730e+01 1.982320000000000089e-04 1.978849999999999934e-04 3.465619370499999708e-07
1.036318400000000111e+04 6.921580000000008113e+02 1.354999425721090311e+01 1.979200000000000024e-04 1.975919999999999879e-04 3.274435346399999705e-07
1.036835599999999977e+04 6.973299999999994725e+02 1.359999376379625602e+01 1.975950000000000080e-04 1.972990000000000095e-04 2.946127857700000190e-07
1.037354700000000048e+04 7.025210000000001855e+02 1.364999279405264687e+01 1.972579999999999874e-04 1.970069999999999927e-04 2.503052737799999523e-07
1.037875799999999981e+04 7.077319999999995161e+02 1.370000093233265481e+01 1.969119999999999877e-04 1.967139999999999872e-04 1.972195549799999794e-07
1.038398700000000099e+04 7.129610000000006949e+02 1.374999899066882669e+01 1.965600000000000019e-04 1.964210000000000088e-04 1.383379353530000082e-07
1.038923500000000058e+04 7.182090000000002874e+02 1.379999658834792697e+01 1.962060000000000117e-04 1.961289999999999919e-04 7.671075899599999651e-08
1.039450200000000041e+04 7.234760000000001128e+02 1.384999373035879877e+01 1.958510000000000058e-04 1.958360000000000135e-04 1.526408451519999866e-08
1.039978900000000067e+04 7.287630000000003747e+02 1.389999986292721168e+01 1.955000000000000086e-04 1.955430000000000080e-04 -4.335735830400000304e-08
1.040509400000000096e+04 7.340680000000006658e+02 1.394999607444483125e+01 1.951540000000000089e-04 1.952509999999999912e-04 -9.688823222399998870e-08
1.041041899999999987e+04 7.393929999999995744e+02 1.400000121894674088e+01 1.948139999999999952e-04 1.949580000000000128e-04 -1.434701770740000082e-07
1.041576200000000063e+04 7.447360000000003311e+02 1.404999652004390676e+01 1.945430000000000108e-04 1.947279999999999964e-04 -1.842481284959999790e-07
1.042112500000000000e+04 7.500989999999997053e+02 1.410000069722749849e+01 1.942819999999999942e-04 1.944980000000000070e-04 -2.157877510800000084e-07
1.042650600000000122e+04 7.554800000000009277e+02 1.414999510740684485e+01 1.940309999999999995e-04 1.942679999999999906e-04 -2.369817051600000100e-07
1.043190700000000106e+04 7.608810000000007676e+02 1.419999833743982087e+01 1.937899999999999996e-04 1.940380000000000013e-04 -2.471850081999999658e-07
1.043732700000000114e+04 7.663010000000008404e+02 1.425000108506987928e+01 1.935609999999999989e-04 1.938080000000000119e-04 -2.462272497600000225e-07
1.044276499999999942e+04 7.717389999999991232e+02 1.429999417814365792e+01 1.933430000000000088e-04 1.935779999999999955e-04 -2.344365084600000211e-07
1.044822299999999996e+04 7.771969999999996617e+02 1.434999600805615394e+01 1.931350000000000135e-04 1.933480000000000062e-04 -2.126247955999999809e-07
1.045370000000000073e+04 7.826740000000004329e+02 1.439999737031419258e+01 1.929359999999999973e-04 1.931179999999999898e-04 -1.820488624760000050e-07
1.045919599999999991e+04 7.881699999999996180e+02 1.444999826977243274e+01 1.927440000000000099e-04 1.928880000000000004e-04 -1.443523641120000081e-07
1.046471099999999933e+04 7.936849999999990359e+02 1.449999871121855932e+01 1.925569999999999929e-04 1.926580000000000111e-04 -1.014745098640000026e-07
1.047024500000000080e+04 7.992190000000005057e+02 1.454999869937440948e+01 1.923729999999999960e-04 1.924279999999999947e-04 -5.554299520399999555e-08
1.047579800000000068e+04 8.047720000000003893e+02 1.459999823889704196e+01 1.921899999999999878e-04 1.921980000000000053e-04 -8.760096542999999483e-09
1.048137000000000080e+04 8.103440000000005057e+02 1.464999733437993967e+01 1.920050000000000023e-04 1.919679999999999889e-04 3.670965670399999787e-08
1.048696099999999933e+04 8.159349999999990359e+02 1.469999599035402760e+01 1.918180000000000124e-04 1.917379999999999996e-04 7.884209038599998918e-08
1.049257099999999991e+04 8.215449999999996180e+02 1.474999421128880250e+01 1.916250000000000093e-04 1.915080000000000103e-04 1.158420401520000083e-07
1.049820100000000093e+04 8.271750000000006366e+02 1.480000086876742849e+01 1.914250000000000044e-04 1.912790000000000096e-04 1.462171106220000038e-07
1.050384900000000016e+04 8.328229999999998654e+02 1.484999820293695727e+01 1.912179999999999978e-04 1.910489999999999931e-04 1.688342043779999807e-07
1.050951599999999962e+04 8.384899999999993270e+02 1.489999511531759246e+01 1.910020000000000120e-04 1.908190000000000038e-04 1.829664165119999959e-07
1.051520299999999952e+04 8.441769999999992251e+02 1.495000038834715639e+01 1.907769999999999930e-04 1.905889999999999874e-04 1.883152732299999782e-07
1.052090799999999945e+04 8.498819999999991524e+02 1.499999644053035652e+01 1.905440000000000107e-04 1.903589999999999980e-04 1.850120060489999936e-07
1.052663299999999981e+04 8.556069999999995161e+02 1.505000080352494152e+01 1.902410000000000104e-04 1.900650000000000039e-04 1.747830137399999896e-07
1.053237600000000020e+04 8.613499999999999091e+02 1.509999601276538961e+01 1.899299999999999925e-04 1.897719999999999984e-04 1.574215671600000067e-07
1.053813900000000103e+04 8.671130000000007385e+02 1.514999948352456727e+01 1.896129999999999886e-04 1.894789999999999929e-04 1.339137148129999960e-07
1.054392000000000007e+04 8.728939999999997781e+02 1.519999386662078678e+01 1.892920000000000030e-04 1.891859999999999874e-04 1.054723301159999965e-07
1.054972099999999955e+04 8.786949999999992542e+02 1.524999646248021534e+01 1.889659999999999929e-04 1.888930000000000090e-04 7.347597692600001038e-08
1.055554100000000108e+04 8.845150000000007822e+02 1.529999861318791687e+01 1.886389999999999942e-04 1.885989999999999878e-04 3.940945844099999413e-08
1.056138000000000102e+04 8.903540000000007240e+02 1.535000032309406492e+01 1.883110000000000068e-04 1.883060000000000094e-04 4.801633524600000250e-09
1.056723800000000119e+04 8.962120000000008986e+02 1.540000159649233424e+01 1.879840000000000081e-04 1.880130000000000039e-04 -2.883555381000000246e-08
1.057311399999999958e+04 9.020879999999992833e+02 1.544999394350029398e+01 1.876600000000000024e-04 1.877199999999999984e-04 -6.006645788000000566e-08
1.057901000000000022e+04 9.079839999999999236e+02 1.549999438394286955e+01 1.873389999999999897e-04 1.874269999999999929e-04 -8.759100961800000240e-08
1.058492500000000109e+04 9.138990000000007967e+02 1.554999440025198609e+01 1.870230000000000015e-04 1.871329999999999988e-04 -1.103023655889999948e-07
1.059085900000000038e+04 9.198330000000000837e+02 1.559999399650584273e+01 1.867129999999999994e-04 1.868399999999999933e-04 -1.273426704000000050e-07
1.059681300000000010e+04 9.257869999999998072e+02 1.565000156230034989e+01 1.864090000000000105e-04 1.865469999999999878e-04 -1.381443960979999947e-07
1.060278499999999985e+04 9.317589999999995598e+02 1.570000030376558620e+01 1.861110000000000075e-04 1.862540000000000094e-04 -1.424599107260000232e-07
1.060877599999999984e+04 9.377499999999995453e+02 1.574999863727037663e+01 1.858200000000000064e-04 1.859610000000000039e-04 -1.403681977859999915e-07
1.061478600000000006e+04 9.437599999999997635e+02 1.579999656668763386e+01 1.855349999999999914e-04 1.856670000000000098e-04 -1.322584021140000150e-07
1.062081500000000051e+04 9.497890000000002146e+02 1.584999409584136920e+01 1.852550000000000008e-04 1.853740000000000043e-04 -1.187945180380000002e-07
1.062686399999999958e+04 9.558379999999992833e+02 1.589999948222973103e+01 1.849800000000000077e-04 1.850809999999999988e-04 -1.008548937629999942e-07
1.063293100000000049e+04 9.619050000000002001e+02 1.594999619626465837e+01 1.847080000000000076e-04 1.847879999999999933e-04 -7.947085121999999927e-08
1.063901800000000003e+04 9.679919999999997344e+02 1.600000072352006342e+01 1.844390000000000005e-04 1.844949999999999878e-04 -5.575789440499999726e-08
1.064512299999999959e+04 9.740969999999992979e+02 1.604999663780897734e+01 1.841839999999999970e-04 1.842160000000000130e-04 -3.139390650400000197e-08
1.065124799999999959e+04 9.802219999999992979e+02 1.610000032175624085e+01 1.839300000000000093e-04 1.839370000000000111e-04 -6.736674231300000449e-09
1.065739099999999962e+04 9.863649999999993270e+02 1.614999545128956981e+01 1.836750000000000058e-04 1.836580000000000092e-04 1.721268488119999834e-08
1.066355400000000009e+04 9.925279999999997926e+02 1.619999830736508173e+01 1.834189999999999866e-04 1.833790000000000073e-04 3.953119440900000383e-08
1.066973600000000079e+04 9.987100000000004911e+02 1.625000074271174100e+01 1.831600000000000014e-04 1.831009999999999940e-04 5.940089401599999870e-08
1.067593599999999969e+04 1.004909999999999400e+03 1.629999471002624389e+01 1.828979999999999961e-04 1.828219999999999921e-04 7.612726362200000196e-08
1.068215600000000086e+04 1.011130000000000564e+03 1.634999634010571157e+01 1.826320000000000092e-04 1.825429999999999902e-04 8.915673934499998869e-08
1.068839500000000044e+04 1.017369000000000142e+03 1.639999756078028526e+01 1.823620000000000135e-04 1.822639999999999883e-04 9.808919914400000128e-08
1.069465300000000025e+04 1.023626999999999953e+03 1.644999837578324531e+01 1.820880000000000090e-04 1.819850000000000135e-04 1.026883119800000099e-07
1.070093000000000029e+04 1.029903999999999996e+03 1.649999878880258208e+01 1.818099999999999957e-04 1.817070000000000002e-04 1.028926789920000059e-07
1.070722600000000057e+04 1.036200000000000273e+03 1.654999880348167807e+01 1.815270000000000121e-04 1.814279999999999983e-04 9.881875161599998904e-08
1.071354100000000108e+04 1.042515000000000782e+03 1.659999842341998999e+01 1.812399999999999927e-04 1.811489999999999964e-04 9.076343840699998381e-08
1.071987500000000000e+04 1.048848999999999705e+03 1.664999765217370253e+01 1.809489999999999916e-04 1.808699999999999945e-04 7.919483385000000288e-08
1.072622800000000097e+04 1.055202000000000680e+03 1.669999649325643176e+01 1.806560000000000132e-04 1.805909999999999926e-04 6.473284394999999379e-08
1.073260000000000036e+04 1.061574000000000069e+03 1.674999495013974382e+01 1.803610000000000033e-04 1.803119999999999907e-04 4.812202718399999872e-08
1.073899200000000019e+04 1.067965999999999894e+03 1.680000083781163056e+01 1.800639999999999890e-04 1.800340000000000046e-04 3.019170180000000417e-08
1.074540200000000004e+04 1.074375999999999749e+03 1.684999851336750964e+01 1.797670000000000019e-04 1.797550000000000027e-04 1.181161117250000033e-08
1.075183100000000013e+04 1.080804999999999836e+03 1.689999581503042947e+01 1.794699999999999876e-04 1.794760000000000008e-04 -6.155829376399999503e-09
1.075828000000000065e+04 1.087254000000000360e+03 1.695000048853803776e+01 1.791739999999999891e-04 1.791969999999999989e-04 -2.290549813100000025e-08
1.076474699999999939e+04 1.093720999999999094e+03 1.699999702953162384e+01 1.788810000000000107e-04 1.789179999999999970e-04 -3.773362728199999491e-08
1.077123400000000038e+04 1.100208000000000084e+03 1.705000090359421705e+01 1.785930000000000026e-04 1.786430000000000038e-04 -5.064028849600000252e-08
1.077773899999999958e+04 1.106712999999999283e+03 1.709999669737669947e+01 1.783079999999999876e-04 1.783689999999999993e-04 -6.069272778500000157e-08
1.078426400000000103e+04 1.113238000000000739e+03 1.714999978582681095e+01 1.780259999999999926e-04 1.780940000000000062e-04 -6.759397485400000628e-08
1.079080700000000070e+04 1.119781000000000404e+03 1.719999484554213609e+01 1.777469999999999907e-04 1.778190000000000131e-04 -7.121988806100000663e-08
1.079737000000000080e+04 1.126344000000000506e+03 1.724999716189330812e+01 1.774719999999999976e-04 1.775439999999999928e-04 -7.160669099200000344e-08
1.080395200000000114e+04 1.132926000000000840e+03 1.729999908617111259e+01 1.771999999999999975e-04 1.772689999999999997e-04 -6.893158245699999428e-08
1.081055299999999988e+04 1.139526999999999589e+03 1.735000062176534996e+01 1.769300000000000018e-04 1.769940000000000066e-04 -6.348845577599999858e-08
1.081717200000000048e+04 1.146146000000000186e+03 1.739999422983371247e+01 1.766629999999999991e-04 1.767190000000000134e-04 -5.566189030599999974e-08
1.082381099999999969e+04 1.152784999999999400e+03 1.744999501968608868e+01 1.763980000000000008e-04 1.764439999999999932e-04 -4.590314170799999921e-08
1.083046900000000096e+04 1.159443000000000666e+03 1.749999543066898866e+01 1.761339999999999911e-04 1.761690000000000001e-04 -3.470793553500000336e-08
1.083714600000000064e+04 1.166120000000000346e+03 1.754999546602061855e+01 1.758720000000000129e-04 1.758940000000000069e-04 -2.259991648400000297e-08
1.084384200000000055e+04 1.172816000000000258e+03 1.759999512894239260e+01 1.756089999999999919e-04 1.756189999999999867e-04 -1.011389820999999926e-08
1.085055700000000070e+04 1.179531000000000404e+03 1.764999442259942697e+01 1.753469999999999866e-04 1.753439999999999936e-04 2.218382150399999944e-09
1.085729200000000128e+04 1.186266000000000986e+03 1.770000076448078730e+01 1.750830000000000040e-04 1.750690000000000004e-04 1.388342687939999964e-08
1.086404500000000007e+04 1.193018999999999778e+03 1.774999930807606319e+01 1.748189999999999944e-04 1.747940000000000073e-04 2.440351472200000047e-08
1.087081700000000092e+04 1.199791000000000622e+03 1.779999749180669255e+01 1.745530000000000074e-04 1.745200000000000028e-04 3.335618212000000085e-08
1.087760800000000017e+04 1.206581999999999880e+03 1.784999531869660672e+01 1.742849999999999890e-04 1.742450000000000097e-04 4.039347590000000756e-08
1.088441899999999987e+04 1.213392999999999574e+03 1.790000012325396739e+01 1.740149999999999933e-04 1.739699999999999894e-04 4.526299268999999756e-08
1.089124799999999959e+04 1.220221999999999298e+03 1.794999722497873762e+01 1.737429999999999931e-04 1.736949999999999963e-04 4.782292326500000422e-08
1.089809699999999975e+04 1.227070999999999458e+03 1.800000126963416491e+01 1.734680000000000000e-04 1.734200000000000032e-04 4.805277437999999811e-08
1.090496399999999994e+04 1.233937999999999647e+03 1.804999765834250525e+01 1.731579999999999979e-04 1.731109999999999897e-04 4.666120449499999502e-08
1.091185100000000057e+04 1.240825000000000273e+03 1.810000095556193855e+01 1.728450000000000028e-04 1.728020000000000033e-04 4.322711150799999593e-08
1.091875600000000122e+04 1.247730000000000928e+03 1.814999664313377892e+01 1.725309999999999919e-04 1.724929999999999899e-04 3.799261820799999675e-08
1.092568100000000049e+04 1.254655000000000200e+03 1.819999920511059344e+01 1.722159999999999924e-04 1.721840000000000035e-04 3.128841555999999613e-08
1.093262500000000000e+04 1.261598999999999705e+03 1.825000139407742239e+01 1.718989999999999884e-04 1.718760000000000058e-04 2.350937115599999822e-08
1.093958699999999953e+04 1.268560999999999240e+03 1.829999604182691897e+01 1.715820000000000116e-04 1.715669999999999923e-04 1.508765345009999825e-08
1.094656899999999951e+04 1.275542999999999211e+03 1.834999751345401720e+01 1.712639999999999920e-04 1.712580000000000059e-04 6.463242668400000061e-09
1.095356999999999971e+04 1.282543999999999414e+03 1.839999862103797668e+01 1.709469999999999881e-04 1.709489999999999925e-04 -1.942852479900000120e-09
1.096059000000000015e+04 1.289563999999999851e+03 1.844999936753855607e+01 1.706300000000000113e-04 1.706400000000000061e-04 -9.752246640000000443e-09
1.096762900000000081e+04 1.296603000000000520e+03 1.849999975588350765e+01 1.703150000000000117e-04 1.703309999999999926e-04 -1.664680632509999786e-08
1.097468699999999990e+04 1.303660999999999603e+03 1.854999978896898227e+01 1.700000000000000122e-04 1.700229999999999949e-04 -2.238029751300000005e-08
1.098176400000000103e+04 1.310738000000000739e+03 1.859999946965999484e+01 1.696869999999999900e-04 1.697140000000000085e-04 -2.678290576800000392e-08
1.098886000000000058e+04 1.317834000000000287e+03 1.864999880079077599e+01 1.693750000000000106e-04 1.694049999999999950e-04 -2.976191742499999767e-08
1.099597500000000036e+04 1.324949000000000069e+03 1.869999778516526234e+01 1.690650000000000085e-04 1.690960000000000087e-04 -3.129578039199999940e-08
1.100310900000000038e+04 1.332083000000000084e+03 1.874999642555744828e+01 1.687559999999999950e-04 1.687869999999999952e-04 -3.142712667799999982e-08
1.101026200000000063e+04 1.339236000000000331e+03 1.879999472471179800e+01 1.684479999999999973e-04 1.684780000000000088e-04 -3.025325750400000127e-08
1.101743500000000131e+04 1.346409000000001015e+03 1.884999964736871192e+01 1.681409999999999882e-04 1.681689999999999954e-04 -2.791538132399999657e-08
1.102462600000000020e+04 1.353599999999999909e+03 1.889999725374743278e+01 1.678360000000000106e-04 1.678609999999999976e-04 -2.459012575100000185e-08
1.103183699999999953e+04 1.360810999999999240e+03 1.895000145233121813e+01 1.675310000000000059e-04 1.675520000000000113e-04 -2.047887564799999822e-08
1.103906600000000071e+04 1.368040000000000418e+03 1.899999837695523297e+01 1.672269999999999898e-04 1.672429999999999978e-04 -1.580108519139999941e-08
1.104631400000000031e+04 1.375288000000000011e+03 1.904999497382586071e+01 1.669569999999999941e-04 1.669680000000000047e-04 -1.097033189760000151e-08
1.105358200000000033e+04 1.382556000000000040e+03 1.909999811641651135e+01 1.666869999999999984e-04 1.666930000000000115e-04 -5.921668809200000705e-09
1.106086900000000060e+04 1.389843000000000302e+03 1.915000090049556647e+01 1.664179999999999913e-04 1.664179999999999913e-04 -8.581444020799998849e-10
1.106817400000000089e+04 1.397148000000000593e+03 1.919999649375225559e+01 1.661479999999999956e-04 1.661439999999999868e-04 4.022163481599999626e-09
1.107549899999999980e+04 1.404472999999999502e+03 1.924999858693634280e+01 1.658770000000000112e-04 1.658689999999999937e-04 8.532284773100000151e-09
1.108284300000000076e+04 1.411817000000000462e+03 1.930000032983281955e+01 1.656059999999999997e-04 1.655940000000000005e-04 1.250304249480000006e-08
1.109020499999999993e+04 1.419178999999999633e+03 1.934999494303017897e+01 1.653349999999999883e-04 1.653190000000000074e-04 1.578961769000000182e-08
1.109758699999999953e+04 1.426560999999999240e+03 1.939999601094996962e+01 1.650629999999999882e-04 1.650439999999999872e-04 1.827796282399999829e-08
1.110498800000000119e+04 1.433962000000000899e+03 1.944999673655498640e+01 1.647890000000000108e-04 1.647689999999999940e-04 1.989025460400000046e-08
1.111240799999999945e+04 1.441381999999999152e+03 1.949999712247841188e+01 1.645150000000000063e-04 1.644949999999999895e-04 2.058918116999999697e-08
1.111984699999999975e+04 1.448820999999999458e+03 1.954999717132657011e+01 1.642400000000000132e-04 1.642199999999999964e-04 2.037970200000000213e-08
1.112730500000000029e+04 1.456278999999999996e+03 1.959999688567909004e+01 1.639640000000000043e-04 1.639450000000000033e-04 1.930944210000000135e-08
1.113478200000000106e+04 1.463756000000000768e+03 1.964999626808937805e+01 1.636879999999999954e-04 1.636700000000000101e-04 1.746620772000000040e-08
1.114227800000000025e+04 1.471251999999999953e+03 1.969999532108485951e+01 1.634100000000000092e-04 1.633949999999999899e-04 1.497304395449999927e-08
1.114979399999999987e+04 1.478767999999999574e+03 1.975000069193515273e+01 1.631330000000000117e-04 1.631210000000000125e-04 1.198043815710000250e-08
1.115732799999999952e+04 1.486301999999999225e+03 1.979999907680209859e+01 1.628540000000000098e-04 1.628459999999999923e-04 8.657284190399998863e-09
1.116488100000000122e+04 1.493855000000000928e+03 1.984999713976887392e+01 1.625759999999999966e-04 1.625709999999999991e-04 5.180877656399999876e-09
1.117245299999999952e+04 1.501426999999999225e+03 1.989999488326172639e+01 1.622980000000000104e-04 1.622960000000000060e-04 1.725953041600000071e-09
1.118004500000000007e+04 1.509018999999999778e+03 1.994999888783677733e+01 1.620199999999999971e-04 1.620210000000000129e-04 -1.545307691700000254e-09
1.118765500000000065e+04 1.516629000000000360e+03 1.999999598311923421e+01 1.617420000000000110e-04 1.617459999999999926e-04 -4.491961388199999622e-09
