9.654095594500000516e+03 -1.681440549999913614e+01 -1.584326577680763570e+00 2.771382173800000039e-06 4.000465018799999763e-06 -1.229082844900000073e-06
9.654595594500000516e+03 -1.631440549999913614e+01 -1.542354226135673301e+00 2.898521891100000042e-06 4.233175154400000141e-06 -1.334653263300000099e-06
9.655095594500000516e+03 -1.581440549999913614e+01 -1.499207261525737689e+00 3.036840018900000022e-06 4.492866707399999705e-06 -1.456026688599999969e-06
9.655595594500000516e+03 -1.531440549999913614e+01 -1.454781175003454718e+00 3.187856279999999806e-06 4.784361650799999641e-06 -1.596505370800000047e-06
9.656095594500000516e+03 -1.481440549999913614e+01 -1.408954974893577905e+00 3.353381030500000114e-06 5.113682284100000242e-06 -1.760301253599999916e-06
9.656595594500000516e+03 -1.431440549999913614e+01 -1.361587299959240216e+00 3.535589793599999819e-06 5.488445555299999606e-06 -1.952855761700000211e-06
9.657095594500000516e+03 -1.381440549999913614e+01 -1.312511268349046967e+00 3.737122766900000006e-06 5.918422803900000224e-06 -2.181300036999999794e-06
9.657595594500000516e+03 -1.331440549999913614e+01 -1.261527519983672407e+00 3.961220077299999759e-06 6.416351683600000291e-06 -2.455131606399999971e-06
9.658095594500000516e+03 -1.281440549999913614e+01 -1.208394611792474427e+00 4.211909477800000420e-06 6.999143112799999899e-06 -2.787233634999999903e-06
9.658595594500000516e+03 -1.231440549999913614e+01 -1.152815419719052992e+00 4.494273233099999966e-06 7.689726525299999394e-06 -3.195453292199999851e-06
9.659095594500000516e+03 -1.181440549999913614e+01 -1.094417308925140553e+00 4.814838719900000034e-06 8.519964066500000630e-06 -3.705125346600000173e-06
9.659595594500000516e+03 -1.131440549999913614e+01 -1.032722179585524813e+00 5.182170337999999884e-06 9.535431106099999203e-06 -4.353260768100000166e-06
9.660095594500000516e+03 -1.081440549999913614e+01 -9.670992474099066039e-01 5.607805572899999828e-06 1.080361960400000059e-05 -5.195814031400000352e-06
9.660595594500000516e+03 -1.031440549999913614e+01 -8.966865720382670712e-01 6.107816167600000110e-06 1.242880058000000032e-05 -6.320984412699999796e-06
9.661095594459999120e+03 -9.814405540000532113e+00 -8.202515913460741714e-01 6.705593837600000231e-06 1.458080946300000035e-05 -7.875215625500000833e-06
9.661595594459999120e+03 -9.314405540000532113e+00 -7.359201908078739640e-01 7.437276339300000188e-06 1.755568274300000093e-05 -1.011840640400000033e-05
9.662095594459999120e+03 -8.814405540000532113e+00 -6.405812839691994443e-01 8.363613270300000353e-06 2.191805062900000148e-05 -1.355443735899999987e-05
9.662595594459999120e+03 -8.314405540000532113e+00 -5.283088448100776713e-01 9.600311914600000054e-06 2.888778800999999843e-05 -1.928747609499999893e-05
9.663095594459999120e+03 -7.814405540000531225e+00 -3.845466026861885656e-01 1.141408133899999987e-05 4.162001068500000185e-05 -3.020592934600000029e-05
9.663595594459999120e+03 -7.314405540000531225e+00 -1.290036579730201027e-01 1.461445599299999951e-05 7.057841700800000415e-05 -5.596396101599999988e-05
9.663658999999999651e+03 -7.251000000000000334e+00 0.000000000000000000e+00 1.550718387654331055e-05 8.042652533520188601e-05 -6.491934145991219100e-05
9.663667999999999665e+03 -7.241999999999985782e+00 4.860261953445584038e-02 1.563390073680331806e-05 8.182439963679793255e-05 -6.619049890128423231e-05
9.663697000000000116e+03 -7.212999999999534673e+00 9.986888948025554602e-02 1.604221061986331630e-05 8.632866127527392291e-05 -7.028645065681622390e-05
9.663743999999998778e+03 -7.166000000000873449e+00 1.493646705120479090e-01 1.670395422344331262e-05 9.362867151694188438e-05 -7.692471729509218971e-05
9.663810999999999694e+03 -7.098999999999956678e+00 1.997377789593159370e-01 1.764729084982331322e-05 1.040350690954898981e-04 -8.638777824752821421e-05
9.663896999999999025e+03 -7.013000000000626066e+00 2.499348983886820197e-01 1.885814084786331839e-05 1.173925346440739574e-04 -9.853439379841624161e-05
9.664001000000000204e+03 -6.908999999999447361e+00 2.996066684391731072e-01 2.032242456642331825e-05 1.335457487958499742e-04 -1.132233242320482703e-04
9.664095594459999120e+03 -6.814405540000531225e+00 3.385146999712855265e-01 2.165428156299999964e-05 1.482381004300000089e-04 -1.265838188700000103e-04
9.664125000000000000e+03 -6.784999999999651088e+00 3.497287862733068908e-01 2.210574737890155697e-05 1.536000486494112883e-04 -1.314943012737449771e-04
9.664268000000000029e+03 -6.641999999999621984e+00 3.998039390328587128e-01 2.430123882962555382e-05 1.796753594709712628e-04 -1.553741206457249439e-04
9.664430000000000291e+03 -6.479999999999360050e+00 4.498478108507243944e-01 2.678843893464155125e-05 2.092152220800112361e-04 -1.824267831510449276e-04
9.664595594459999120e+03 -6.314405540000531225e+00 4.958087816524822666e-01 2.933082509699999949e-05 2.394105158900000033e-04 -2.100796907999999993e-04
9.664610999999998967e+03 -6.299000000000684274e+00 4.998697967778416573e-01 2.953453375026235376e-05 2.411081298152119615e-04 -2.115735960715490549e-04
9.664810999999999694e+03 -6.098999999999956678e+00 5.498758696994616724e-01 3.217914930106235597e-05 2.631471355912119573e-04 -2.309679862915490827e-04
9.665029999999998836e+03 -5.880000000000815241e+00 5.998700092247406523e-01 3.507500332918836417e-05 2.872798469159320092e-04 -2.522048435824491338e-04
9.665095594459999120e+03 -5.814405540000531225e+00 6.140525171602085885e-01 3.594236397400000333e-05 2.945080303299999792e-04 -2.585656663500000146e-04
9.665268000000000029e+03 -5.641999999999621984e+00 6.498549695126818460e-01 3.871544372724329439e-05 3.061928081728307392e-04 -2.674773644409667310e-04
9.665524999999999636e+03 -5.385000000000014886e+00 6.998327174231705472e-01 4.284919428179930303e-05 3.236109717980107693e-04 -2.807617775136467589e-04
9.665595594459999120e+03 -5.314405540000531225e+00 7.129478520185453805e-01 4.398468022800000328e-05 3.283955081999999749e-04 -2.844108279699999846e-04
9.665801999999999680e+03 -5.107999999999971230e+00 7.499796991827626380e-01 4.874437728845367271e-05 3.363278526130981591e-04 -2.875834753226444722e-04
9.666095594459999120e+03 -4.814405540000531225e+00 7.997054367483861226e-01 5.551464463800000074e-05 3.476109430500000028e-04 -2.920962984099999878e-04
9.666096999999999753e+03 -4.812999999999898471e+00 7.999360569744666805e-01 5.556304363139819377e-05 3.476344977771631700e-04 -2.920714541437958956e-04
9.666411000000000058e+03 -4.498999999999592880e+00 8.498898392453323458e-01 6.637546015958620358e-05 3.528966634424831922e-04 -2.865212032878359225e-04
9.666595594459999120e+03 -4.314405540000531225e+00 8.779310516390206320e-01 7.273186840900000246e-05 3.559901877400000175e-04 -2.832583193400000179e-04
9.666744999999998981e+03 -4.165000000000669722e+00 8.999873045167785524e-01 8.033507456640863963e-05 3.562365054823321076e-04 -2.759014309225329541e-04
9.667095594459999120e+03 -3.814405540000531225e+00 9.497352669555163551e-01 9.817672861100000114e-05 3.568145137399999795e-04 -2.586377851300000058e-04
9.667096999999999753e+03 -3.812999999999898471e+00 9.499294642140519995e-01 9.827841182608200834e-05 3.568031380712749999e-04 -2.585247262461621057e-04
9.667467999999998938e+03 -3.442000000000713378e+00 9.998708532681346295e-01 1.251182547301800006e-04 3.538004678541549746e-04 -2.286822131167821058e-04
9.667595594459999120e+03 -3.314405540000531225e+00 1.016479819359998649e+00 1.343490236299999994e-04 3.527677883799999877e-04 -2.184187647400000123e-04
9.667859000000000378e+03 -3.050999999999272738e+00 1.049936581553178483e+00 1.597282232855998479e-04 3.491157490311422263e-04 -1.893875257408105407e-04
9.668095594459999120e+03 -2.814405540000531225e+00 1.079103965812935328e+00 1.825241676599999947e-04 3.458354373199999947e-04 -1.633112696600000000e-04
9.668269000000000233e+03 -2.640999999999418257e+00 1.099990374909949997e+00 2.015251541415620962e-04 3.429052469647338305e-04 -1.413800928197036426e-04
9.668595594459999120e+03 -2.314405540000531225e+00 1.138287975382448636e+00 2.373118822899999893e-04 3.373864847800000090e-04 -1.000746024800000029e-04
9.668697000000000116e+03 -2.212999999999534673e+00 1.149919672740976173e+00 2.479731055743246925e-04 3.355461627824610563e-04 -8.757305720097570986e-05
9.669095594459999120e+03 -1.814405540000531225e+00 1.194543285430604840e+00 2.898791448099999769e-04 3.283124144800000010e-04 -3.843326967399999833e-05
9.669145000000000437e+03 -1.764999999999214531e+00 1.199958769480723442e+00 2.944164307131204241e-04 3.274083613369318450e-04 -3.299193062771258367e-05
9.669595594459999120e+03 -1.314405540000531225e+00 1.248265919840164884e+00 3.357979415999999941e-04 3.191631050800000061e-04 1.663483651700000060e-05
9.669611999999999171e+03 -1.298000000000480547e+00 1.249989496233149255e+00 3.368925711981621057e-04 3.188711889505277809e-04 1.802138224499525134e-05
9.670095594459000495e+03 -8.144055409991564076e-01 1.299769961277523311e+00 3.691595254299999992e-04 3.102662285099999986e-04 5.889329692800000316e-05
9.670096999999999753e+03 -8.129999999998984705e-01 1.299911867083462180e+00 3.691947149205070068e-04 3.102424404300804968e-04 5.895227449839836396e-05
9.670595594459000495e+03 -3.144055409991564076e-01 1.349309489370931647e+00 3.816776556399999990e-04 3.018039780600000250e-04 7.987367757800000042e-05
9.670601999999998952e+03 -3.080000000006988259e-01 1.349932349975339507e+00 3.815689877494824020e-04 3.017023587460890342e-04 7.986662900145747061e-05
9.671095594459000495e+03 1.855944590008435924e-01 1.397093498651222454e+00 3.731953205400000270e-04 2.938718366599999809e-04 7.932348388300000642e-05
9.671126000000000204e+03 2.160000000005526388e-01 1.399946689834637992e+00 3.720428914392824170e-04 2.934236071229287123e-04 7.861928431965774309e-05
9.671595594459000495e+03 6.855944590008435924e-01 1.443296362442787695e+00 3.542443487299999877e-04 2.865009838100000166e-04 6.774336492800000077e-05
9.671668999999999869e+03 7.590000000002179448e-01 1.449955522349051007e+00 3.513588541593074314e-04 2.855025939697943341e-04 6.585626019516414875e-05
9.672095594459999120e+03 1.185594459999468775e+00 1.488065366833648318e+00 3.345898748499999973e-04 2.797004764600000029e-04 5.488939838199999858e-05
9.672230999999999767e+03 1.321000000000116081e+00 1.499959398365525276e+00 3.300667893292465031e-04 2.780087913621383071e-04 5.205799796100389382e-05
9.672595594459999120e+03 1.685594459999468775e+00 1.531526258944595709e+00 3.178878790499999876e-04 2.734537412899999773e-04 4.443413775900000316e-05
9.672811999999999898e+03 1.902000000000247049e+00 1.549958797595160975e+00 3.122600918510630191e-04 2.709743203255350293e-04 4.128577152712482987e-05
9.673095594459999120e+03 2.185594459999468775e+00 1.573787415029075376e+00 3.048850067600000226e-04 2.677250964399999905e-04 3.715991032499999983e-05
9.673412000000000262e+03 2.502000000000610846e+00 1.599954139743766879e+00 2.990352673443683355e-04 2.643988183945672824e-04 3.463644895226978827e-05
9.673595594459999120e+03 2.685594459999468775e+00 1.614943024868360055e+00 2.956409533600000026e-04 2.624687440300000132e-04 3.317220933100000326e-05
9.674030999999999040e+03 3.120999999999388486e+00 1.649945793614544076e+00 2.903982437955166863e-04 2.581888918093001970e-04 3.220935198547488149e-05
9.674095594459999120e+03 3.185594459999468775e+00 1.655075563059897892e+00 2.896204631700000022e-04 2.575539556000000009e-04 3.206650756900000104e-05
9.674668999999999869e+03 3.759000000000217945e+00 1.699934084602378270e+00 2.862277036929706023e-04 2.525989317985577833e-04 3.362877189890194453e-05
9.674722370100000262e+03 3.812370100000610940e+00 1.704049251333337844e+00 2.859119203599999842e-04 2.521377396800000186e-04 3.377418068500000111e-05
9.675326999999999316e+03 4.416999999999664972e+00 1.749994293691794933e+00 2.856112378648443715e-04 2.482542815806326156e-04 3.735695628172201434e-05
9.675368195659999401e+03 4.458195659999749871e+00 1.753080883034472626e+00 2.855907512600000184e-04 2.479896872899999775e-04 3.760106396699999928e-05
9.676002999999998792e+03 5.092999999999141103e+00 1.799974609033689665e+00 2.881928368657972494e-04 2.482750733846110546e-04 3.991776348486956164e-05
9.676033071140000175e+03 5.123071140000523549e+00 1.802165728758774677e+00 2.883160995399999902e-04 2.482885923299999820e-04 4.002750721400000271e-05
9.676698000000000320e+03 5.788000000000669054e+00 1.849952446935221095e+00 2.865917029034994513e-04 2.476746243930275440e-04 3.891707851155520821e-05
9.676716996539998945e+03 5.806996539999293994e+00 1.851299555805032471e+00 2.865424381299999808e-04 2.476570837699999740e-04 3.888535436100000036e-05
9.677413000000000466e+03 6.503000000000814573e+00 1.899997074869211211e+00 2.810165055735501277e-04 2.455339010707850798e-04 3.548260450574522158e-05
9.677419971859999350e+03 6.509971859999699184e+00 1.900478565176591417e+00 2.809611523599999782e-04 2.455126331700000224e-04 3.544851919299999744e-05
9.678141997110000375e+03 7.231997110000723872e+00 1.949699338526932779e+00 2.730308856300000067e-04 2.424116717200000104e-04 3.061921390400000115e-05
9.678145999999998821e+03 7.235999999999170207e+00 1.949968754198961873e+00 2.729828832106154387e-04 2.423925285812804906e-04 3.059035462336733664e-05
9.678883072270000412e+03 7.973072270000760575e+00 1.998958789456193985e+00 2.641439562800000054e-04 2.388676061599999899e-04 2.527635011999999857e-05
9.678897999999999229e+03 7.987999999999577661e+00 1.999938573490803506e+00 2.639730229886968040e-04 2.387915590875373047e-04 2.518146390117911320e-05
9.679643197350000264e+03 8.733197350000612147e+00 2.048254128079816105e+00 2.553684259237140619e-04 2.349623953061846413e-04 2.040575425322907954e-05
9.679670000000000073e+03 8.760000000000420783e+00 2.049970687340530340e+00 2.551005768129683410e-04 2.348174673367108998e-04 2.028282425534575336e-05
9.680422372349999932e+03 9.512372350000280363e+00 2.097582824206917884e+00 2.475963578660418055e-04 2.307524474764350859e-04 1.684341391868319417e-05
9.680460999999999331e+03 9.550999999999678636e+00 2.099998151836547589e+00 2.472896777282140813e-04 2.305395781572762415e-04 1.674961977858207518e-05
9.681220597300000009e+03 1.031059730000035657e+01 2.146942580381216992e+00 2.413239623100650686e-04 2.263976986332308914e-04 1.492642899862720279e-05
9.681270000000000437e+03 1.036000000000078458e+01 2.149960252127960825e+00 2.410277284896180706e-04 2.261299689805527674e-04 1.489802816715973996e-05
9.682037872099999731e+03 1.112787210000007931e+01 2.196331296523192034e+00 2.364720336590160534e-04 2.220533271816847092e-04 1.442088398171823278e-05
9.682099000000000160e+03 1.118900000000050809e+01 2.199980749819791637e+00 2.362100073194803795e-04 2.217630196578477620e-04 1.444943070124188336e-05
9.682874196900000243e+03 1.196419690000059077e+01 2.245747070726860972e+00 2.330609957801503345e-04 2.184691539708564622e-04 1.460113690471804411e-05
9.682947000000000116e+03 1.203700000000046444e+01 2.249997424658124245e+00 2.328696273162936064e-04 2.182463014095523839e-04 1.463347578209038538e-05
9.683729571599998962e+03 1.281957159999931051e+01 2.295188149581541381e+00 2.310617355541391520e-04 2.160494561954497746e-04 1.503336489259560397e-05
9.683813000000000102e+03 1.290300000000044989e+01 2.299953467270577701e+00 2.309435880938859819e-04 2.159008685388390106e-04 1.506523168966180913e-05
9.684603996199999528e+03 1.369399619999987650e+01 2.344652932310451021e+00 2.302235244014590458e-04 2.146702353149271877e-04 1.559677596704861299e-05
9.684699000000000524e+03 1.378900000000087189e+01 2.349964437621665514e+00 2.301896542527739203e-04 2.145944746077154861e-04 1.564166851483709685e-05
9.685497470700000122e+03 1.458747070000046975e+01 2.394139949692826175e+00 2.302426366710975112e-04 2.141072528491877968e-04 1.621822748223023325e-05
9.685603999999999360e+03 1.469399999999970774e+01 2.399972221111235982e+00 2.302906057461204920e-04 2.141029375722786619e-04 1.627614464350382383e-05
9.686409995099998923e+03 1.549999509999927128e+01 2.443647850887801898e+00 2.305657194238841393e-04 2.142806726903460684e-04 1.640781299629809798e-05
9.686528000000000247e+03 1.561800000000059541e+01 2.449977012885667271e+00 2.306278743321429133e-04 2.143586276716183175e-04 1.639756859674566464e-05
9.687341569500000332e+03 1.643156950000068051e+01 2.493175397067000976e+00 2.311361945250556271e-04 2.149897016745489875e-04 1.631681496375531829e-05
9.687470999999999549e+03 1.656099999999989691e+01 2.499978992466393990e+00 2.312297203091338502e-04 2.151325153312809977e-04 1.627478841592665449e-05
9.688292193799999950e+03 1.738219380000029801e+01 2.542721435124590812e+00 2.316502378984345873e-04 2.160920072615921290e-04 1.577673622759352391e-05
9.688432999999999083e+03 1.752299999999943125e+01 2.549978325284629754e+00 2.317194990956608451e-04 2.162869650415024888e-04 1.565838755623807644e-05
9.689261867999999595e+03 1.835186799999994278e+01 2.592284904761556152e+00 2.316466458299215082e-04 2.174490199675584612e-04 1.444956986383094033e-05
9.689413999999998850e+03 1.850399999999919842e+01 2.599975164037636954e+00 2.316106198502482910e-04 2.176801173822416656e-04 1.418697838098914284e-05
9.690250592099999267e+03 1.934059209999961482e+01 2.641864824887511176e+00 2.300910179437479718e-04 2.185374476381421959e-04 1.178071473916184504e-05
9.690413999999998850e+03 1.950399999999919842e+01 2.649969649891612100e+00 2.297433376075861734e-04 2.187037901214893909e-04 1.126027106072572856e-05
9.691258366199999728e+03 2.034836620000007557e+01 2.691460291265496352e+00 2.272694680670213894e-04 2.194868125826037895e-04 7.938776616751277567e-06
9.691432999999999083e+03 2.052299999999943125e+01 2.699961913550601000e+00 2.267041943025444755e-04 2.196390021011916053e-04 7.207209270428303229e-06
9.692285190099999454e+03 2.137519009999980213e+01 2.741070450463407138e+00 2.232850990965756051e-04 2.202894756615429814e-04 3.036244193140767928e-06
9.692471999999999753e+03 2.156200000000010064e+01 2.749999798133768714e+00 2.224886893165548061e-04 2.204155701192783484e-04 2.090947027836065758e-06
9.693331063999999969e+03 2.242106400000031741e+01 2.790694528304042521e+00 2.183157273357187928e-04 2.208944951827887244e-04 -2.695905830246454896e-06
9.693529000000000451e+03 2.261900000000079913e+01 2.799987120345187375e+00 2.173216205497274908e-04 2.209837041886344956e-04 -3.810456445590935140e-06
9.694395987800000512e+03 2.348598780000085995e+01 2.840331790639835319e+00 2.132334862923003288e-04 2.214433641965684522e-04 -8.491936011700785338e-06
9.694604999999999563e+03 2.369499999999991147e+01 2.849972588640921511e+00 2.122357150026399841e-04 2.215325362999537252e-04 -9.611506149790493046e-06
9.695479961499999263e+03 2.456996149999961077e+01 2.889981558114635529e+00 2.082128020457775215e-04 2.218136039886294680e-04 -1.404029593472426561e-05
9.695699999999998909e+03 2.478999999999925663e+01 2.899956298886820605e+00 2.071974530179819616e-04 2.218620642797820429e-04 -1.513521532954827974e-05
9.696582985199998802e+03 2.567298519999915030e+01 2.939643201567810227e+00 2.035081522296766762e-04 2.219726501174356021e-04 -1.903980265658664455e-05
9.696815000000000509e+03 2.590500000000085734e+01 2.949982827193631252e+00 2.025350786530698949e-04 2.219810433147100556e-04 -2.004788712739932134e-05
9.697705058699999427e+03 2.679505869999977463e+01 2.989316120330728133e+00 1.993995214620913957e-04 2.219449438190600036e-04 -2.322201946286843943e-05
9.697948000000000320e+03 2.703800000000066817e+01 2.999962542311497060e+00 1.985359999769930380e-04 2.219179999605342128e-04 -2.407765914513282346e-05
9.698846182199999021e+03 2.793618219999936869e+01 3.038999770149996227e+00 1.964919149238508191e-04 2.219935625961838598e-04 -2.622035798461291704e-05
9.699100999999998749e+03 2.819099999999909656e+01 3.049983802521107012e+00 1.959119999999999904e-04 2.220149999999999945e-04 -2.682851461500000175e-05
9.700006355600000461e+03 2.909635560000080901e+01 3.088693628928822044e+00 1.946517697455166522e-04 2.220892221499572779e-04 -2.815963301192113237e-05
9.700271999999999025e+03 2.936199999999937305e+01 3.099959929621971977e+00 1.942819999999999942e-04 2.221109999999999881e-04 -2.855037005099999762e-05
9.701185578999999052e+03 3.027557899999940005e+01 3.138397215897957171e+00 1.938739193719563373e-04 2.221846386095717983e-04 -2.900295601093057354e-05
9.701462999999999738e+03 3.055300000000008609e+01 3.149976396850841187e+00 1.937499999999999932e-04 2.222070000000000089e-04 -2.914044818700000351e-05
9.702383852200000547e+03 3.147385220000089490e+01 3.188110067828782590e+00 1.942279299021487410e-04 2.222800593480991817e-04 -2.868584632735438661e-05
9.702672999999998865e+03 3.176299999999921297e+01 3.199990302128349562e+00 1.943779999999999879e-04 2.223030000000000026e-04 -2.854303829100000362e-05
9.703601175399999192e+03 3.269117539999954403e+01 3.237831766071736617e+00 1.958692785539087712e-04 2.225191711436482053e-04 -2.720072158956940154e-05
9.703900999999999840e+03 3.299100000000019151e+01 3.249961383765238576e+00 1.963509999999999908e-04 2.225890000000000063e-04 -2.676654983900000120e-05
9.704837548499999684e+03 3.392754850000003586e+01 3.287561905255381500e+00 1.986120742231570549e-04 2.228028752584134613e-04 -2.464491793782508917e-05
9.705148999999999432e+03 3.423899999999978405e+01 3.299971124729633498e+00 1.993639999999999974e-04 2.228739999999999942e-04 -2.393845059200000163e-05
9.706092971500000203e+03 3.518297150000055495e+01 3.337300108036476143e+00 2.023255522592738731e-04 2.230870827537490171e-04 -2.111205221924512652e-05
9.706415999999999258e+03 3.550599999999960943e+01 3.349978619286468007e+00 2.033389999999999991e-04 2.231599999999999979e-04 -2.014360434800000236e-05
9.707367444399998931e+03 3.645744439999928233e+01 3.387046019177241352e+00 2.068414399608087045e-04 2.233715964995334287e-04 -1.677774559989858276e-05
9.707701999999999316e+03 3.679199999999966764e+01 3.399983966557281967e+00 2.080729999999999982e-04 2.234460000000000016e-04 -1.559268752880000090e-05
9.708660967199999504e+03 3.775096719999985595e+01 3.436799303954146900e+00 2.119676560613026675e-04 2.237538982810727999e-04 -1.194312324414083033e-05
9.709006999999999607e+03 3.809699999999995867e+01 3.449987259912667525e+00 2.133729999999999915e-04 2.238650000000000123e-04 -1.062373743999999989e-05
9.709973539999999048e+03 3.906353999999939930e+01 3.486559650465238303e+00 2.173486622658610408e-04 2.241701463141994072e-04 -6.902127549045336844e-06
9.710331000000000131e+03 3.942100000000048254e+01 3.499988587383657812e+00 2.188190000000000068e-04 2.242830000000000073e-04 -5.523170729699999808e-06
9.711305162700000437e+03 4.039516270000078890e+01 3.536326756898469981e+00 2.226539949329114053e-04 2.245869271565897104e-04 -1.954580911917303005e-06
9.711673999999999069e+03 4.076399999999942025e+01 3.549988032038209784e+00 2.241060000000000122e-04 2.247019999999999909e-04 -6.009160645599999243e-07
9.712655835300000035e+03 4.174583530000038678e+01 3.586100341815612325e+00 2.276130695554331811e-04 2.250040477171072050e-04 2.626109140688380558e-06
9.713036000000000058e+03 4.212600000000040978e+01 3.599985672326583064e+00 2.289709999999999868e-04 2.251210000000000017e-04 3.877934346000000463e-06
9.714025557799999660e+03 4.311555780000001192e+01 3.635880139154035184e+00 2.320321085601737801e-04 2.254678109885590242e-04 6.603291265273638150e-06
9.714416999999999462e+03 4.350699999999981316e+01 3.649981582397556323e+00 2.332430000000000028e-04 2.256050000000000058e-04 7.683677650499999993e-06
9.715414330300000074e+03 4.450433030000042578e+01 3.685665900753515967e+00 2.357847675074285743e-04 2.259490789534999891e-04 9.881605308998251788e-06
9.715816999999999098e+03 4.490699999999944936e+01 3.699975832389863939e+00 2.368109999999999931e-04 2.260879999999999943e-04 1.077090014639999942e-05
9.716822152599999754e+03 4.591215260000010545e+01 3.735457381114576147e+00 2.388460975474277599e-04 2.264308427472868171e-04 1.245645841219903622e-05
9.717235999999998967e+03 4.632599999999931839e+01 3.749968488699575442e+00 2.396839999999999908e-04 2.265719999999999984e-04 1.315191551280000035e-05
9.718249024900000222e+03 4.733902490000057384e+01 3.785254361496364961e+00 2.412771030915218922e-04 2.269127255396803221e-04 1.439267908211320299e-05
9.718674999999999272e+03 4.776499999999962398e+01 3.799994149738296745e+00 2.419470000000000062e-04 2.270560000000000026e-04 1.491551299039999995e-05
9.719694947099998899e+03 4.878494709999925050e+01 3.835056624228822653e+00 2.431769567980096136e-04 2.273878153228551927e-04 1.580357730166038533e-05
9.720131999999999607e+03 4.922199999999995867e+01 3.849983355691555253e+00 2.437039999999999964e-04 2.275300000000000120e-04 1.618489149000000178e-05
9.721159919300000183e+03 5.024991930000053486e+01 3.884863969537892370e+00 2.446845625842818442e-04 2.278601041654471592e-04 1.682350651640191912e-05
9.721608000000000175e+03 5.069800000000052620e+01 3.899971158573066976e+00 2.451120000000000208e-04 2.280039999999999942e-04 1.710244323760000084e-05
9.722643941299998914e+03 5.173394129999926605e+01 3.934676197738418590e+00 2.459090377247994601e-04 2.283322327381016132e-04 1.755787744221755552e-05
9.723103999999999360e+03 5.219399999999971129e+01 3.949990835702761771e+00 2.462629999999999832e-04 2.284780000000000036e-04 1.776053169980000180e-05
9.724147013300000253e+03 5.323701330000060494e+01 3.984493132287095118e+00 2.468995550126816150e-04 2.288045444545574612e-04 1.805759998965379549e-05
9.724618000000000393e+03 5.370800000000074448e+01 3.999975574403118905e+00 2.471870000000000035e-04 2.289520000000000129e-04 1.819199933040000237e-05
9.725669135199999801e+03 5.475913520000015211e+01 4.034314595584612029e+00 2.475974497945241173e-04 2.292226638878748317e-04 1.832422367416331043e-05
9.726152000000000044e+03 5.524200000000039523e+01 4.049991475959133780e+00 2.477860000000000023e-04 2.293469999999999981e-04 1.838505182219999834e-05
9.727210306999999375e+03 5.630030699999972654e+01 4.084140421895621209e+00 2.479680669903350405e-04 2.296156681430412357e-04 1.829056713765362521e-05
9.727703999999999724e+03 5.679400000000007509e+01 4.099973383342011779e+00 2.480529999999999779e-04 2.297409999999999947e-04 1.824639780559999906e-05
9.728770528699998977e+03 5.786052869999932824e+01 4.133970453460833916e+00 2.479281645796437656e-04 2.300089890817430191e-04 1.784753189997896383e-05
9.729275999999999840e+03 5.836600000000019151e+01 4.149985770905611382e+00 2.478690000000000082e-04 2.301360000000000070e-04 1.765815117120000119e-05
9.730349800300000425e+03 5.943980030000077619e+01 4.183804540023803753e+00 2.473587592540540362e-04 2.304019191189189187e-04 1.687898838908789386e-05
9.730867000000000189e+03 5.995700000000054075e+01 4.199996303673152909e+00 2.471129999999999768e-04 2.305300000000000036e-04 1.650304332200000046e-05
9.731948121899999023e+03 6.103812189999937488e+01 4.233642541490389988e+00 2.461057894791174858e-04 2.307080592315102546e-04 1.532099092822657502e-05
9.732475999999998749e+03 6.156599999999910011e+01 4.249974168423614529e+00 2.456140000000000103e-04 2.307950000000000019e-04 1.474316152050000090e-05
9.733565493399999468e+03 6.265549339999981981e+01 4.283484318148229164e+00 2.441646861891958527e-04 2.309715661495396111e-04 1.312344820240496533e-05
9.734104999999999563e+03 6.319499999999991502e+01 4.299981544088662844e+00 2.434469999999999885e-04 2.310590000000000116e-04 1.232045868030000050e-05
9.735201914799999940e+03 6.429191480000028491e+01 4.333329739730997332e+00 2.415939594640776754e-04 2.312353849648058463e-04 1.030123838696452813e-05
9.735752999999998792e+03 6.484299999999913666e+01 4.349987244151502175e+00 2.406630000000000097e-04 2.313240000000000099e-04 9.285622948800000069e-06
9.736857386100000440e+03 6.594738610000078438e+01 4.383178681888652228e+00 2.384939777496100850e-04 2.314995622774445217e-04 6.954310294349903303e-06
9.737420000000000073e+03 6.651000000000041723e+01 4.399991325741668291e+00 2.373889999999999865e-04 2.315890000000000082e-04 5.765292360500000070e-06
9.738531907399999909e+03 6.762190740000025357e+01 4.433031028816110997e+00 2.349297457327402213e-04 2.316582469021352491e-04 3.252263761078980652e-06
9.739105999999999767e+03 6.819600000000011164e+01 4.449993843418842410e+00 2.336600000000000092e-04 2.316940000000000080e-04 1.954165119500000224e-06
9.740225478599999406e+03 6.931547859999975003e+01 4.482886663996808352e+00 2.311538124245161169e-04 2.317622849116715610e-04 -6.043199279000590635e-07
9.740810999999999694e+03 6.990100000000003888e+01 4.499994849316196088e+00 2.298430000000000015e-04 2.317979999999999921e-04 -1.943086140659999805e-06
9.741938099599999987e+03 7.102809960000033129e+01 4.532745476033107401e+00 2.274430100744779517e-04 2.318666458573085851e-04 -4.396093741546170435e-06
9.742534999999999854e+03 7.162500000000019895e+01 4.549994393273687265e+00 2.261719999999999887e-04 2.319029999999999920e-04 -5.695769583000000050e-06
9.743669770700000299e+03 7.275977070000064373e+01 4.582607369823543664e+00 2.240150893120481702e-04 2.319713596807228739e-04 -7.906472167155126425e-06
9.744278000000000247e+03 7.336800000000059185e+01 4.599992522962911501e+00 2.228590000000000020e-04 2.320079999999999918e-04 -9.091929504000000444e-06
9.745420491599999878e+03 7.451049160000022198e+01 4.632472237357413647e+00 2.209377726385924987e-04 2.319710408506242940e-04 -1.096541997199751576e-05
9.746039999999999054e+03 7.512999999999939860e+01 4.649989284003773982e+00 2.198959999999999966e-04 2.319509999999999888e-04 -1.198105778340000052e-05
9.747190262399999483e+03 7.628026239999982749e+01 4.682339986430295475e+00 2.183989150796181915e-04 2.319141864363840472e-04 -1.343297261144300144e-05
9.747820999999999913e+03 7.691100000000025716e+01 4.699984720073955735e+00 2.175780000000000097e-04 2.318940000000000129e-04 -1.422892308240000022e-05
9.748979083199999877e+03 7.806908320000022172e+01 4.732210528718968412e+00 2.165421589155555615e-04 2.318573273653333543e-04 -1.522269607248702118e-05
9.749620999999999185e+03 7.871099999999952956e+01 4.749978873010902269e+00 2.159680000000000031e-04 2.318370000000000099e-04 -1.577340123420000191e-05
9.750786953900000299e+03 7.987695390000064322e+01 4.782083774090953199e+00 2.153971950962087851e-04 2.318004838613736262e-04 -1.630518748729163959e-05
9.751440999999998894e+03 8.053099999999923853e+01 4.799999123438042581e+00 2.150769999999999874e-04 2.317800000000000069e-04 -1.660342123200000177e-05
9.752613874499998929e+03 8.170387449999927298e+01 4.831959638846284655e+00 2.148581229850380964e-04 2.316606705486942220e-04 -1.670306886136141945e-05
9.753279000000000451e+03 8.236900000000079558e+01 4.849990546920038170e+00 2.147340000000000078e-04 2.315929999999999898e-04 -1.675952851589999665e-05
9.754459844999999405e+03 8.354984499999974901e+01 4.881838042701360791e+00 2.149177717851373341e-04 2.314734529563812764e-04 -1.645905584011933550e-05
9.755136000000000422e+03 8.422600000000076648e+01 4.899980808428132661e+00 2.150230000000000045e-04 2.314050000000000113e-04 -1.628714009849999917e-05
9.756324865499998850e+03 8.541486549999919475e+01 4.931718911277310546e+00 2.155582111600958905e-04 2.312865568201917966e-04 -1.563714672997036705e-05
9.757012999999999010e+03 8.610299999999935494e+01 4.949996455205663004e+00 2.158680000000000006e-04 2.312179999999999943e-04 -1.526122038479999713e-05
9.758208935900000142e+03 8.729893590000048675e+01 4.981602167901954203e+00 2.166997907737203155e-04 2.310993530611081721e-04 -1.431700794248408495e-05
9.758907999999999447e+03 8.799799999999979150e+01 4.999984231913630062e+00 2.171859999999999904e-04 2.310299999999999886e-04 -1.376552979899999911e-05
9.760112056099998881e+03 8.920205609999922558e+01 5.031487738940029431e+00 2.181976586239686754e-04 2.308552075217754507e-04 -1.258616251681817354e-05
9.760823000000000320e+03 8.991300000000066461e+01 5.049996940400661494e+00 2.187950000000000084e-04 2.307520000000000025e-04 -1.189062748480000005e-05
9.762034226399999170e+03 9.112422639999951457e+01 5.081375563975470300e+00 2.199874282665287056e-04 2.305784305676151179e-04 -1.053147523168479430e-05
9.762755999999999403e+03 9.184599999999974784e+01 5.099982382908581080e+00 2.206979999999999934e-04 2.304750000000000049e-04 -9.722518732499999588e-06
9.763975446500000544e+03 9.306544650000088836e+01 5.131265569593369769e+00 2.220123547785457898e-04 2.303020421502816289e-04 -8.242568754082918195e-06
9.764708999999998923e+03 9.379899999999926763e+01 5.149992318415099746e+00 2.228029999999999876e-04 2.301980000000000074e-04 -7.353375852599999859e-06
9.765935716500000126e+03 9.502571650000047043e+01 5.181157695335274482e+00 2.241803331377473262e-04 2.300249775814307415e-04 -5.811073638479185619e-06
9.766680000000000291e+03 9.577000000000063551e+01 5.199975565590946758e+00 2.250160000000000018e-04 2.299199999999999942e-04 -4.876442255999999564e-06
9.767915036500000497e+03 9.700503650000084122e+01 5.231051883046778705e+00 2.263899858601205531e-04 2.297270837009040547e-04 -3.317882633645156227e-06
9.768671000000000276e+03 9.776100000000062096e+01 5.249982881075474950e+00 2.272309999999999933e-04 2.296090000000000034e-04 -2.365179348100000152e-06
9.769913406399999076e+03 9.900340639999942027e+01 5.280948071798547971e+00 2.285617965070646865e-04 2.294167669699502510e-04 -8.501592089169634279e-07
9.770681000000000495e+03 9.977100000000083924e+01 5.299988822438328917e+00 2.293840000000000115e-04 2.292980000000000127e-04 8.459559903400000822e-08
9.771930825999999797e+03 1.010208260000001417e+02 5.330846200478490893e+00 2.306233543183834481e-04 2.291070458058156974e-04 1.508125480899881987e-06
9.772709999999999127e+03 1.017999999999994714e+02 5.349993428210864543e+00 2.313960000000000051e-04 2.289880000000000105e-04 2.394390123199999896e-06
9.773967295999998896e+03 1.030572959999992406e+02 5.380746232189689948e+00 2.325041148828124868e-04 2.287970727265624957e-04 3.686228940656789255e-06
9.774757999999999811e+03 1.038480000000001553e+02 5.399996735496340072e+00 2.332009999999999921e-04 2.286769999999999927e-04 4.497550632900000034e-06
9.776022815999998784e+03 1.051128159999991283e+02 5.430648104807461074e+00 2.341751592027092432e-04 2.284970987402031928e-04 5.644600558362913635e-06
9.776824999999998909e+03 1.059149999999992531e+02 5.449998780035217649e+00 2.347930000000000134e-04 2.283829999999999986e-04 6.371154874399999957e-06
9.778097384999999122e+03 1.071873849999994661e+02 5.480551744100547573e+00 2.355804635834132387e-04 2.282036705704697948e-04 7.331880322971541320e-06
9.778911000000000058e+03 1.080010000000004027e+02 5.499999596267537427e+00 2.360840000000000117e-04 2.280890000000000044e-04 7.945411888300001402e-06
9.780191004999998768e+03 1.092810049999991122e+02 5.530457149703258857e+00 2.366677552494061759e-04 2.279096168764845618e-04 8.702444405942407092e-06
9.781015999999999622e+03 1.101059999999999661e+02 5.549999217391235362e+00 2.370440000000000025e-04 2.277939999999999945e-04 9.189733886199999484e-06
9.782303673999998864e+03 1.113936739999992085e+02 5.580364227192844417e+00 2.374119934642184503e-04 2.276157626384180696e-04 9.731834133021742260e-06
9.783139999999999418e+03 1.122299999999997624e+02 5.599997675417962562e+00 2.376509999999999918e-04 2.275000000000000004e-04 1.008345974999999915e-05
9.784435392999999749e+03 1.135253930000000935e+02 5.630272955418859304e+00 2.378402011241250444e-04 2.273537167027531516e-04 1.041464147192348908e-05
9.785282999999999447e+03 1.143729999999997915e+02 5.649995001225474489e+00 2.379639999999999869e-04 2.272580000000000119e-04 1.063110651420000086e-05
9.786586162999999942e+03 1.156761630000002867e+02 5.680183313972720249e+00 2.379212041753006504e-04 2.271121325411655869e-04 1.073147059753950963e-05
9.787444999999999709e+03 1.165350000000000534e+02 5.699991224607465767e+00 2.378930000000000074e-04 2.270159999999999962e-04 1.079753930639999906e-05
9.788755981999998767e+03 1.178459819999991112e+02 5.730095214447668894e+00 2.376189019752407135e-04 2.268711367895460702e-04 1.066767030977753911e-05
9.789626000000000204e+03 1.187160000000005482e+02 5.749986374320760874e+00 2.374370000000000105e-04 2.267749999999999963e-04 1.058157095249999944e-05
9.790944851000000199e+03 1.200348510000005433e+02 5.780008639603947174e+00 2.369382345309090847e-04 2.266299263900000045e-04 1.022814232025643134e-05
9.791825999999999112e+03 1.209159999999994568e+02 5.799980478130010830e+00 2.366050000000000022e-04 2.265330000000000078e-04 9.992257363500001483e-06
9.793152769999998782e+03 1.222427699999991262e+02 5.829923550280333266e+00 2.359511773063063063e-04 2.264385722252252144e-04 9.435500491871498540e-06
9.794046000000000276e+03 1.231360000000006210e+02 5.849995996096007289e+00 2.355109999999999886e-04 2.263749999999999866e-04 9.060931024999999291e-06
9.795379738999999972e+03 1.244697390000003168e+02 5.879839908644489910e+00 2.346677289164432446e-04 2.262808396952636068e-04 8.315716902087038953e-06
9.796283999999999651e+03 1.253739999999999952e+02 5.899987897550312610e+00 2.340959999999999894e-04 2.262169999999999925e-04 7.810820575999999924e-06
9.797625758000000133e+03 1.267157580000004771e+02 5.929757678136678756e+00 2.330960722392556395e-04 2.261230709951262579e-04 6.911108547962120558e-06
9.798540999999999258e+03 1.276309999999996023e+02 5.949978834053446519e+00 2.324139999999999876e-04 2.260589999999999984e-04 6.297822892800000283e-06
9.799890826999999263e+03 1.289808269999996071e+02 5.979676823417016784e+00 2.313018895687307707e-04 2.259653361150636879e-04 5.287032679740210246e-06
9.800817999999999302e+03 1.299079999999996460e+02 5.999990702156350331e+00 2.305379999999999940e-04 2.259010000000000044e-04 4.593222442900000680e-06
9.802174944999998843e+03 1.312649449999991873e+02 6.029597288550016643e+00 2.294429838169934511e-04 2.258862184640522805e-04 3.522549532057811107e-06
9.803112999999999374e+03 1.322029999999997187e+02 6.049979599593085844e+00 2.286859999999999989e-04 2.258759999999999902e-04 2.782476093600000057e-06
9.805427999999999884e+03 1.345180000000002281e+02 6.099989118913015318e+00 2.267939999999999973e-04 2.258510000000000031e-04 9.333586181300000268e-07
9.807761999999998807e+03 1.368519999999991512e+02 6.149997418191683884e+00 2.249479999999999882e-04 2.258259999999999890e-04 -8.684996968799998770e-07
9.810113999999999578e+03 1.392039999999999225e+02 6.199983360132773846e+00 2.232290000000000001e-04 2.258010000000000019e-04 -2.543941806300000158e-06
9.812485999999998967e+03 1.415759999999993113e+02 6.249989476304460112e+00 2.217060000000000081e-04 2.257759999999999878e-04 -4.025292571199999378e-06
9.814877000000000407e+03 1.439670000000007519e+02 6.299994455509718705e+00 2.204309999999999907e-04 2.257500000000000121e-04 -5.259568650000000846e-06
9.817287000000000262e+03 1.463770000000006064e+02 6.349998324608631783e+00 2.194420000000000040e-04 2.257249999999999979e-04 -6.209875329999999700e-06
9.819715000000000146e+03 1.488050000000004900e+02 6.399980604256773731e+00 2.187620000000000038e-04 2.257000000000000109e-04 -6.855163530000000505e-06
9.822163000000000466e+03 1.512530000000008101e+02 6.449982489358258242e+00 2.183959999999999873e-04 2.256749999999999967e-04 -7.189170502499998958e-06
9.824629999999999200e+03 1.537199999999995441e+02 6.499983337573715936e+00 2.183379999999999956e-04 2.256500000000000096e-04 -7.218994800000000450e-06
9.827115999999999985e+03 1.562060000000003299e+02 6.549983172649164409e+00 2.185749999999999867e-04 2.256910000000000047e-04 -7.025083757000000140e-06
9.829620999999999185e+03 1.587109999999995296e+02 6.599982017610428464e+00 2.190860000000000095e-04 2.257319999999999997e-04 -6.560945726399999667e-06
9.832145999999998821e+03 1.612359999999991658e+02 6.649999629278909197e+00 2.198369999999999892e-04 2.257740000000000105e-04 -5.860551182400000720e-06
9.834689000000000306e+03 1.637790000000006501e+02 6.699996413080377522e+00 2.207819999999999878e-04 2.258150000000000055e-04 -4.967975163000000341e-06
9.837251000000000204e+03 1.663410000000005482e+02 6.749992273974302570e+00 2.218689999999999996e-04 2.258560000000000006e-04 -3.934998745599999618e-06
9.839832000000000335e+03 1.689220000000006792e+02 6.799987232317323382e+00 2.230429999999999989e-04 2.258980000000000113e-04 -2.817467625400000195e-06
9.842431999999998880e+03 1.715219999999992240e+02 6.849981307871358283e+00 2.242459999999999939e-04 2.259390000000000064e-04 -1.671035806439999993e-06
9.845051999999999680e+03 1.741420000000000243e+02 6.899993539310790958e+00 2.254260000000000064e-04 2.259800000000000014e-04 -5.470998398000000337e-07
9.847690000000000509e+03 1.767800000000008538e+02 6.949985769490864662e+00 2.265389999999999938e-04 2.260220000000000122e-04 5.108571846200000186e-07
9.850347999999999956e+03 1.794380000000003008e+02 6.999995922538436055e+00 2.275520000000000060e-04 2.260630000000000072e-04 1.469375590549999916e-06
9.853023999999999432e+03 1.821139999999997769e+02 7.049986387521265385e+00 2.283399999999999991e-04 2.259770000000000084e-04 2.331630686000000398e-06
9.855719999999999345e+03 1.848099999999996896e+02 7.099994547797226829e+00 2.289889999999999992e-04 2.258919999999999982e-04 3.057199738799999995e-06
9.858433999999999287e+03 1.875239999999996314e+02 7.149983323233474408e+00 2.294900000000000000e-04 2.258059999999999993e-04 3.637102403199999526e-06
9.861167999999999665e+03 1.902580000000000098e+02 7.199989571667311239e+00 2.298400000000000085e-04 2.257209999999999891e-04 4.068417876099999785e-06
9.863921000000000276e+03 1.930110000000006210e+02 7.249994830292107117e+00 2.300400000000000133e-04 2.256349999999999903e-04 4.351641737000000076e-06
9.866692999999999302e+03 1.957829999999996460e+02 7.299999119448512097e+00 2.300919999999999918e-04 2.255489999999999915e-04 4.488718313699999619e-06
9.869483000000000175e+03 1.985730000000005191e+02 7.349984603921801529e+00 2.299980000000000026e-04 2.254640000000000084e-04 4.481908670400000009e-06
9.872292999999999665e+03 2.013830000000000098e+02 7.399987133614512658e+00 2.297620000000000001e-04 2.253780000000000095e-04 4.333838637600000222e-06
9.875121999999999389e+03 2.042119999999997333e+02 7.449988749989903347e+00 2.293870000000000045e-04 2.252929999999999993e-04 4.048650385799999537e-06
9.877969999999999345e+03 2.070599999999996896e+02 7.499989471314939316e+00 2.288799999999999906e-04 2.252070000000000005e-04 3.633309572399999878e-06
9.880836999999999534e+03 2.099269999999998788e+02 7.549989315372358512e+00 2.280729999999999964e-04 2.249410000000000135e-04 3.099304580300000233e-06
9.883722999999999956e+03 2.128130000000003008e+02 7.599988299476625464e+00 2.271669999999999885e-04 2.246740000000000109e-04 2.467077791799999822e-06
9.886627999999998792e+03 2.157179999999991367e+02 7.649986440489222161e+00 2.261839999999999879e-04 2.244079999999999968e-04 1.758909903999999935e-06
9.889551999999999680e+03 2.186420000000000243e+02 7.699983754833501948e+00 2.251520000000000019e-04 2.241420000000000098e-04 1.001013689159999894e-06
9.892495999999999185e+03 2.215859999999995296e+02 7.749997191971426780e+00 2.240999999999999991e-04 2.238750000000000072e-04 2.226163747499999959e-07
9.895458000000000538e+03 2.245480000000008829e+02 7.799992792027558686e+00 2.230590000000000068e-04 2.236089999999999931e-04 -5.455522938399999975e-07
9.898439000000000306e+03 2.275290000000006501e+02 7.849987613578844226e+00 2.220590000000000096e-04 2.233430000000000061e-04 -1.273055100000000111e-06
9.901440000000000509e+03 2.305300000000008538e+02 7.899998283343832028e+00 2.211299999999999919e-04 2.230760000000000035e-04 -1.931508007519999865e-06
9.904458999999998923e+03 2.335489999999992676e+02 7.949991487390438039e+00 2.202949999999999906e-04 2.228099999999999894e-04 -2.496162710999999861e-06
9.907496999999999389e+03 2.365869999999997333e+02 7.999983957475719443e+00 2.195759999999999997e-04 2.225429999999999867e-04 -2.946958914600000180e-06
9.910555000000000291e+03 2.396450000000006355e+02 8.049992009684984851e+00 2.189269999999999996e-04 2.222260000000000099e-04 -3.277033486400000142e-06
9.913631999999999607e+03 2.427219999999999516e+02 8.099999153682540864e+00 2.184130000000000110e-04 2.219079999999999902e-04 -3.472904581599999835e-06
9.916726999999998952e+03 2.458169999999992967e+02 8.149989303831929988e+00 2.180379999999999883e-04 2.215899999999999977e-04 -3.530216766999999617e-06
9.919842000000000553e+03 2.489320000000008974e+02 8.199994779347552054e+00 2.178030000000000016e-04 2.212720000000000051e-04 -3.449010918400000232e-06
9.922975999999998749e+03 2.520659999999990930e+02 8.249999394401276831e+00 2.177020000000000105e-04 2.209540000000000126e-04 -3.233728076200000408e-06
9.926127999999998792e+03 2.552179999999991367e+02 8.299987353193223782e+00 2.177280000000000133e-04 2.206359999999999929e-04 -2.893177804399999926e-06
9.929299999999999272e+03 2.583899999999996453e+02 8.349990388290772003e+00 2.178650000000000020e-04 2.203180000000000004e-04 -2.440947185600000191e-06
9.932490999999999985e+03 2.615810000000003583e+02 8.399992607346277396e+00 2.180960000000000071e-04 2.200009999999999965e-04 -1.895689216729999852e-06
9.935700999999999112e+03 2.647909999999994852e+02 8.449994024846317231e+00 2.183959999999999873e-04 2.196830000000000039e-04 -1.281081414499999977e-06
9.938930000000000291e+03 2.680200000000006639e+02 8.499994654936456229e+00 2.187369999999999896e-04 2.193650000000000114e-04 -6.255105229000000698e-07
9.942177999999999884e+03 2.712680000000002565e+02 8.549994511431027178e+00 2.191809999999999874e-04 2.191399999999999923e-04 4.116829781999999711e-08
9.945444999999999709e+03 2.745350000000000819e+02 8.599993607822977282e+00 2.196090000000000043e-04 2.189140000000000118e-04 6.916872418200000685e-07
9.948730999999999767e+03 2.778210000000001401e+02 8.649991957293050149e+00 2.199869999999999929e-04 2.186889999999999928e-04 1.292740659479999941e-06
9.952036000000000058e+03 2.811260000000004311e+02 8.699989572718800801e+00 2.202829999999999914e-04 2.184640000000000009e-04 1.813080798080000002e-06
9.955359999999998763e+03 2.844499999999991360e+02 8.749986466683237651e+00 2.204720000000000128e-04 2.182390000000000089e-04 2.226168743400000061e-06
9.958703999999999724e+03 2.877940000000000964e+02 8.799997564471196299e+00 2.205340000000000132e-04 2.180130000000000013e-04 2.512556222399999981e-06
9.962065999999998894e+03 2.911559999999992669e+02 8.849992967879067862e+00 2.204580000000000092e-04 2.177880000000000094e-04 2.661674263200000350e-06
9.965447000000000116e+03 2.945370000000004893e+02 8.899987686837684819e+00 2.202430000000000121e-04 2.175629999999999903e-04 2.672565648299999533e-06
9.968847999999999956e+03 2.979380000000003292e+02 8.949996395867998444e+00 2.198980000000000010e-04 2.173379999999999984e-04 2.553721499999999856e-06
9.972266999999999825e+03 3.013570000000001983e+02 8.999989698632392177e+00 2.194399999999999996e-04 2.171119999999999908e-04 2.321795728000000119e-06
9.975706000000000131e+03 3.047960000000005039e+02 9.049996852527790736e+00 2.190089999999999897e-04 2.169899999999999943e-04 2.013550025399999834e-06
9.979163000000000466e+03 3.082530000000008386e+02 9.099988786547374531e+00 2.185060000000000116e-04 2.168679999999999978e-04 1.634547128079999979e-06
9.982639999999999418e+03 3.117299999999997908e+02 9.149994435279580784e+00 2.179589999999999913e-04 2.167450000000000127e-04 1.210655206900000078e-06
9.986136000000000422e+03 3.152260000000007949e+02 9.199999310519000773e+00 2.173920000000000084e-04 2.166229999999999892e-04 7.670577105399999604e-07
9.989649999999999636e+03 3.187400000000000091e+02 9.249989237329071301e+00 2.168279999999999914e-04 2.165009999999999927e-04 3.263904125699999812e-07
9.993183999999999287e+03 3.222739999999996598e+02 9.299992679227871761e+00 2.162859999999999956e-04 2.163780000000000076e-04 -9.238150521000001216e-08
9.996736999999999171e+03 3.258269999999995434e+02 9.349995383647168978e+00 2.157810000000000132e-04 2.162560000000000112e-04 -4.744526886400000690e-07
1.000030899999999929e+04 3.293989999999996598e+02 9.399997362355891894e+00 2.153230000000000118e-04 2.161339999999999876e-04 -8.090392728199999469e-07
1.000389999999999964e+04 3.329900000000000091e+02 9.449998626873716390e+00 2.149209999999999977e-04 2.160110000000000025e-04 -1.088844487589999925e-06
1.000751000000000022e+04 3.366000000000005912e+02 9.499999188477623591e+00 2.145779999999999910e-04 2.158890000000000060e-04 -1.309371102779999930e-06
1.001113899999999921e+04 3.402289999999995871e+02 9.549999058208248570e+00 2.142740000000000020e-04 2.157550000000000104e-04 -1.478590590500000032e-06
1.001478700000000026e+04 3.438770000000006348e+02 9.599998246876134900e+00 2.140320000000000135e-04 2.156199999999999989e-04 -1.586258122599999899e-06
1.001845399999999972e+04 3.475440000000000964e+02 9.649996765067530902e+00 2.138519999999999983e-04 2.154849999999999875e-04 -1.631902382599999765e-06
1.002213999999999942e+04 3.512299999999997908e+02 9.699994623150352879e+00 2.137329999999999948e-04 2.153509999999999919e-04 -1.616312623480000056e-06
1.002584499999999935e+04 3.549349999999997181e+02 9.749991831279691823e+00 2.136729999999999988e-04 2.152160000000000076e-04 -1.541665381440000039e-06
1.002956899999999951e+04 3.586589999999998781e+02 9.799988399403272155e+00 2.136689999999999900e-04 2.150820000000000119e-04 -1.411783192260000143e-06
1.003331300000000010e+04 3.624030000000004748e+02 9.849997660542436861e+00 2.137139999999999938e-04 2.149470000000000005e-04 -1.232278254179999941e-06
1.003707499999999891e+04 3.661649999999992815e+02 9.899992910411349101e+00 2.138019999999999970e-04 2.148130000000000048e-04 -1.010658646790000138e-06
1.004085599999999977e+04 3.699460000000001401e+02 9.949987549602360204e+00 2.139219999999999891e-04 2.146779999999999934e-04 -7.561753468599999539e-07
1.004465699999999924e+04 3.737469999999996162e+02 9.999994710704767087e+00 2.140640000000000023e-04 2.145439999999999977e-04 -4.795809303999999760e-07
1.004847599999999875e+04 3.775659999999991214e+02 1.004998809055293663e+01 2.140990000000000113e-04 2.142909999999999986e-04 -1.920475941999999999e-07
1.005231499999999869e+04 3.814049999999990632e+02 1.009999388080127503e+01 2.141350000000000089e-04 2.140389999999999882e-04 9.605556626399999699e-08
1.005617299999999886e+04 3.852629999999992378e+02 1.014999896855825234e+01 2.141590000000000073e-04 2.137859999999999891e-04 3.724836235199999562e-07
1.006004899999999907e+04 3.891389999999994416e+02 1.019999049805906211e+01 2.141599999999999960e-04 2.135340000000000057e-04 6.254944694999999851e-07
1.006394499999999971e+04 3.930350000000000819e+02 1.024999427439310828e+01 2.141260000000000027e-04 2.132819999999999952e-04 8.444516882399999067e-07
1.006785999999999876e+04 3.969499999999991360e+02 1.029999737802056003e+01 2.140499999999999987e-04 2.130289999999999961e-04 1.020413170580000015e-06
1.007179399999999987e+04 4.008840000000002419e+02 1.034999981869143859e+01 2.139230000000000049e-04 2.127770000000000128e-04 1.146636103070000021e-06
1.007574599999999919e+04 4.048359999999995580e+02 1.039998898729445465e+01 2.137429999999999896e-04 2.125239999999999866e-04 1.218916525319999948e-06
1.007971799999999894e+04 4.088079999999993106e+02 1.044999019093385861e+01 2.135080000000000029e-04 2.122720000000000032e-04 1.235849706720000012e-06
1.008370899999999892e+04 4.127989999999992961e+02 1.049999075918283076e+01 2.132179999999999904e-04 2.120190000000000041e-04 1.198806310560000038e-06
1.008771899999999914e+04 4.168089999999995143e+02 1.054999070107546366e+01 2.128780000000000039e-04 2.117669999999999937e-04 1.111814868060000033e-06
1.009174799999999959e+04 4.208379999999999654e+02 1.059999002547529479e+01 2.124949999999999907e-04 2.115139999999999946e-04 9.811922945999998348e-07
1.009579600000000028e+04 4.248860000000006494e+02 1.064998874107929261e+01 2.120769999999999958e-04 2.112620000000000112e-04 8.150952736400000343e-07
1.009986399999999958e+04 4.289539999999999509e+02 1.069999912130323594e+01 2.116320000000000093e-04 2.110090000000000121e-04 6.229175588100000889e-07
1.010394999999999891e+04 4.330399999999992815e+02 1.074999658771645983e+01 2.111709999999999878e-04 2.107570000000000016e-04 4.147149791800000018e-07
1.010805500000000029e+04 4.371450000000006639e+02 1.079999347099268014e+01 2.107049999999999960e-04 2.105040000000000025e-04 2.005549494480000257e-07
1.011217900000000009e+04 4.412690000000004602e+02 1.084998977919316232e+01 2.102419999999999972e-04 2.102519999999999921e-04 -9.982323430799999142e-09
1.011632300000000032e+04 4.454130000000006930e+02 1.089999756007047793e+01 2.097909999999999977e-04 2.099989999999999930e-04 -2.082690282379999985e-07
1.012048499999999876e+04 4.495749999999991360e+02 1.094999268674365211e+01 2.093599999999999877e-04 2.097470000000000096e-04 -3.869286807800000442e-07
1.012466699999999946e+04 4.537569999999998345e+02 1.099999919253505354e+01 2.089550000000000077e-04 2.094940000000000105e-04 -5.400084939200000865e-07
1.012886700000000019e+04 4.579570000000005621e+02 1.104999317018139138e+01 2.086099999999999966e-04 2.092800000000000020e-04 -6.694720703999999969e-07
1.013308699999999953e+04 4.621769999999999072e+02 1.109999843478247072e+01 2.082979999999999901e-04 2.090650000000000050e-04 -7.674838869500000214e-07
1.013732499999999891e+04 4.664149999999992815e+02 1.114999129472944439e+01 2.080189999999999882e-04 2.088500000000000079e-04 -8.316156380000000900e-07
1.014158299999999872e+04 4.706729999999990923e+02 1.119999535083592512e+01 2.077749999999999953e-04 2.086350000000000108e-04 -8.607132607500000320e-07
1.014585999999999876e+04 4.749499999999991360e+02 1.124999878855518887e+01 2.075660000000000113e-04 2.084210000000000023e-04 -8.548408157100000517e-07
1.015015499999999884e+04 4.792449999999992087e+02 1.129999000245094898e+01 2.073900000000000049e-04 2.082060000000000052e-04 -8.151681311999999996e-07
1.015446999999999935e+04 4.835599999999997181e+02 1.134999227904249786e+01 2.072470000000000030e-04 2.079910000000000081e-04 -7.439214097000000278e-07
1.015880400000000009e+04 4.878940000000004602e+02 1.139999396099402773e+01 2.071320000000000084e-04 2.077760000000000110e-04 -6.443112982400000364e-07
1.016315699999999924e+04 4.922469999999996162e+02 1.144999505609582258e+01 2.070410000000000121e-04 2.075609999999999868e-04 -5.205152489699999749e-07
1.016752900000000045e+04 4.966190000000008240e+02 1.149999557200265876e+01 2.069689999999999898e-04 2.073470000000000055e-04 -3.776701196799999835e-07
1.017192000000000007e+04 5.010100000000004457e+02 1.154999551623658682e+01 2.069100000000000095e-04 2.071320000000000084e-04 -2.218218014400000049e-07
1.017632999999999993e+04 5.054200000000003001e+02 1.159999489618994417e+01 2.068569999999999881e-04 2.069170000000000113e-04 -5.982839521400000377e-08
1.018075900000000001e+04 5.098490000000003874e+02 1.164999371912806048e+01 2.068030000000000053e-04 2.067019999999999871e-04 1.008753301459999996e-07
1.018520700000000033e+04 5.142970000000007076e+02 1.169999199219199504e+01 2.067410000000000048e-04 2.064880000000000057e-04 2.526442626400000093e-07
1.018967399999999907e+04 5.187639999999994416e+02 1.174998972240115869e+01 2.066620000000000078e-04 2.062730000000000086e-04 3.881067749600000339e-07
1.019416100000000006e+04 5.232510000000004311e+02 1.179999803820086335e+01 2.065600000000000010e-04 2.060580000000000116e-04 5.007065159399999475e-07
1.019866599999999926e+04 5.277559999999996307e+02 1.184999465636193072e+01 2.064299999999999870e-04 2.058429999999999874e-04 5.852528176000000011e-07
1.020318999999999869e+04 5.322799999999990632e+02 1.189999075241705384e+01 2.062680000000000112e-04 2.056290000000000060e-04 6.383341047000000287e-07
1.020773400000000038e+04 5.368240000000007512e+02 1.194999731486378813e+01 2.060739999999999924e-04 2.054140000000000089e-04 6.585655005599999862e-07
1.021229600000000028e+04 5.413860000000006494e+02 1.199999234050350871e+01 2.058469999999999961e-04 2.051990000000000118e-04 6.466374527299999870e-07
1.021687799999999879e+04 5.459679999999991651e+02 1.204999775455864253e+01 2.055919999999999926e-04 2.049789999999999902e-04 6.119484061799999659e-07
1.022147799999999916e+04 5.505679999999995289e+02 1.209999173664368399e+01 2.053090000000000091e-04 2.047580000000000071e-04 5.490606245799999425e-07
1.022609799999999996e+04 5.551880000000003292e+02 1.214999603023216501e+01 2.050010000000000113e-04 2.045380000000000126e-04 4.625074617399999896e-07
1.023073699999999917e+04 5.598269999999995434e+02 1.219999975163982775e+01 2.046759999999999899e-04 2.043170000000000023e-04 3.579225206000000241e-07
1.023539400000000023e+04 5.644840000000006057e+02 1.224999219487988000e+01 2.043389999999999963e-04 2.040970000000000078e-04 2.415732911400000263e-07
1.024007099999999991e+04 5.691610000000002856e+02 1.229999483638340863e+01 2.039970000000000054e-04 2.038770000000000133e-04 1.198841612940000191e-07
1.024476699999999983e+04 5.738570000000001983e+02 1.234999692603370569e+01 2.036549999999999873e-04 2.036560000000000030e-04 -9.827461011200000063e-10
1.024948199999999997e+04 5.785720000000003438e+02 1.239999847050670034e+01 2.033199999999999981e-04 2.034360000000000085e-04 -1.154562365160000116e-07
1.025421600000000035e+04 5.833060000000007221e+02 1.244999947637099247e+01 2.029959999999999924e-04 2.032159999999999869e-04 -2.187803134400000009e-07
1.025896899999999914e+04 5.880589999999995143e+02 1.249999995009000209e+01 2.026870000000000061e-04 2.029950000000000038e-04 -3.071294050500000209e-07
1.026374099999999999e+04 5.928310000000003583e+02 1.254999989802412586e+01 2.023960000000000049e-04 2.027750000000000093e-04 -3.776441045000000515e-07
1.026853199999999924e+04 5.976219999999996162e+02 1.259999932643266618e+01 2.021249999999999935e-04 2.025549999999999877e-04 -4.284159783000000009e-07
1.027334200000000055e+04 6.024320000000009259e+02 1.264999824147597351e+01 2.018749999999999874e-04 2.023340000000000045e-04 -4.584261204599999993e-07
1.027817100000000028e+04 6.072610000000006494e+02 1.269999664921724758e+01 2.016449999999999981e-04 2.021140000000000100e-04 -4.675139356800000245e-07
1.028301900000000023e+04 6.121090000000006057e+02 1.274999455562457662e+01 2.014359999999999870e-04 2.018929999999999998e-04 -4.563044260899999946e-07
1.028788600000000042e+04 6.169760000000007949e+02 1.279999196657273153e+01 2.012460000000000041e-04 2.016730000000000053e-04 -4.261774003299999734e-07
1.029277299999999923e+04 6.218629999999996016e+02 1.284999910062373907e+01 2.010729999999999907e-04 2.014530000000000107e-04 -3.791929673700000442e-07
1.029767799999999988e+04 6.267680000000002565e+02 1.289999549833204462e+01 2.009129999999999922e-04 2.012320000000000005e-04 -3.180190035200000062e-07
1.030260199999999895e+04 6.316919999999993252e+02 1.294999141796957609e+01 2.007649999999999929e-04 2.010120000000000060e-04 -2.458336557599999897e-07
1.030754600000000028e+04 6.366360000000006494e+02 1.299999695999270699e+01 2.006250000000000112e-04 2.007920000000000115e-04 -1.661875067200000151e-07
1.031250799999999981e+04 6.415980000000001837e+02 1.304999190127734465e+01 2.004169999999999888e-04 2.005010000000000104e-04 -8.366425527600000727e-08
1.031748999999999978e+04 6.465800000000001546e+02 1.309999639896224366e+01 2.002109999999999979e-04 2.002109999999999979e-04 -1.525968199799999825e-10
1.032248999999999978e+04 6.515800000000001546e+02 1.314999038446395296e+01 2.000019999999999869e-04 1.999210000000000125e-04 8.062893898400000155e-08
1.032751000000000022e+04 6.566000000000005912e+02 1.319999386121069129e+01 1.997860000000000011e-04 1.996310000000000001e-04 1.551214718710000003e-07
1.033254899999999907e+04 6.616389999999994416e+02 1.324999681728444756e+01 1.995610000000000092e-04 1.993399999999999990e-04 2.201052478000000074e-07
1.033760699999999997e+04 6.666970000000003438e+02 1.329999925855785392e+01 1.993239999999999910e-04 1.990499999999999865e-04 2.728716734999999636e-07
1.034268299999999908e+04 6.717729999999994561e+02 1.334999136053959212e+01 1.990720000000000076e-04 1.987600000000000011e-04 3.113654903999999934e-07
1.034777900000000045e+04 6.768690000000008240e+02 1.339999282616073906e+01 1.988050000000000049e-04 1.984699999999999887e-04 3.342929444999999983e-07
1.035289400000000023e+04 6.819840000000006057e+02 1.344999379380449156e+01 1.985219999999999943e-04 1.981800000000000033e-04 3.411946152000000020e-07
1.035802800000000025e+04 6.871180000000006203e+02 1.349999426900405730e+01 1.982230000000000027e-04 1.978890000000000022e-04 3.324495622200000147e-07
1.036318100000000049e+04 6.922710000000008677e+02 1.354999425721090311e+01 1.979089999999999918e-04 1.975989999999999897e-04 3.092305790599999555e-07
1.036835299999999916e+04 6.974429999999995289e+02 1.359999376379625602e+01 1.975830000000000088e-04 1.973090000000000043e-04 2.734071351199999991e-07
1.037354399999999987e+04 7.026340000000002419e+02 1.364999279405264687e+01 1.972470000000000039e-04 1.970189999999999919e-04 2.273875086599999592e-07
1.037875399999999900e+04 7.078439999999993688e+02 1.369999135319522132e+01 1.969030000000000086e-04 1.967290000000000065e-04 1.739448308650000039e-07
1.038398400000000038e+04 7.130740000000007512e+02 1.374999899066882669e+01 1.965550000000000045e-04 1.964380000000000054e-04 1.160123540399999866e-07
1.038923199999999997e+04 7.183220000000003438e+02 1.379999658834792697e+01 1.962049999999999959e-04 1.961479999999999929e-04 5.649945065999999895e-08
1.039449899999999980e+04 7.235890000000001692e+02 1.384999373035879877e+01 1.958560000000000032e-04 1.958580000000000076e-04 -1.878534793979999951e-09
1.039978600000000006e+04 7.288760000000004311e+02 1.389999986292721168e+01 1.955109999999999921e-04 1.955679999999999951e-04 -5.671843579199999419e-08
1.040509100000000035e+04 7.341810000000007221e+02 1.394999607444483125e+01 1.951710000000000055e-04 1.952780000000000097e-04 -1.060052953540000032e-07
1.041041499999999905e+04 7.395049999999994270e+02 1.399999184507685257e+01 1.948390000000000094e-04 1.949870000000000086e-04 -1.481409832759999890e-07
1.041575900000000001e+04 7.448490000000003874e+02 1.404999652004390676e+01 1.945700000000000023e-04 1.947539999999999992e-04 -1.843042793760000032e-07
1.042112099999999919e+04 7.502109999999995580e+02 1.409999138983865308e+01 1.943090000000000127e-04 1.945220000000000055e-04 -2.117605396399999976e-07
1.042650299999999879e+04 7.555929999999991651e+02 1.414999510740682886e+01 1.940579999999999909e-04 1.942889999999999960e-04 -2.297467424999999915e-07
1.043190400000000045e+04 7.609940000000008240e+02 1.419999833743982087e+01 1.938169999999999910e-04 1.940559999999999865e-04 -2.378311524799999685e-07
1.043732300000000032e+04 7.664130000000006930e+02 1.424999187565385839e+01 1.935860000000000131e-04 1.938230000000000042e-04 -2.359116644499999916e-07
1.044276199999999881e+04 7.718519999999991796e+02 1.429999417814365792e+01 1.933650000000000028e-04 1.935899999999999947e-04 -2.242256175000000010e-07
1.044821999999999935e+04 7.773099999999997181e+02 1.434999600805615394e+01 1.931529999999999987e-04 1.933570000000000124e-04 -2.033554904700000147e-07
1.045369700000000012e+04 7.827870000000004893e+02 1.439999737031419258e+01 1.929490000000000122e-04 1.931240000000000029e-04 -1.742374384199999909e-07
1.045919299999999930e+04 7.882829999999996744e+02 1.444999826977243274e+01 1.927529999999999890e-04 1.928909999999999935e-04 -1.381410114509999990e-07
1.046470799999999872e+04 7.937979999999990923e+02 1.449999871121855932e+01 1.925610000000000017e-04 1.926580000000000111e-04 -9.664977557000000858e-08
1.047024200000000019e+04 7.993320000000005621e+02 1.454999869937440948e+01 1.923740000000000118e-04 1.924250000000000016e-04 -5.161358047500000298e-08
1.047579500000000007e+04 8.048850000000004457e+02 1.459999823889704196e+01 1.921869999999999948e-04 1.921919999999999922e-04 -5.086188307199999737e-09
1.048136700000000019e+04 8.104570000000005621e+02 1.464999733437993967e+01 1.920000000000000049e-04 1.919599999999999985e-04 4.076097836000000386e-08
1.048695799999999872e+04 8.160479999999990923e+02 1.469999599035402760e+01 1.918110000000000106e-04 1.917269999999999890e-04 8.374213560600000413e-08
1.049256799999999930e+04 8.216579999999996744e+02 1.474999421128880250e+01 1.916160000000000031e-04 1.914940000000000067e-04 1.217798433240000108e-07
1.049819700000000012e+04 8.272870000000004893e+02 1.479999200159327266e+01 1.914139999999999939e-04 1.912609999999999972e-04 1.530361503230000097e-07
1.050384599999999955e+04 8.329359999999999218e+02 1.484999820293695727e+01 1.912050000000000099e-04 1.910279999999999877e-04 1.760416623719999832e-07
1.050951299999999901e+04 8.386029999999993834e+02 1.489999511531759246e+01 1.909849999999999883e-04 1.907950000000000054e-04 1.898053463350000044e-07
1.051519900000000052e+04 8.442890000000008968e+02 1.494999161014108324e+01 1.907570000000000034e-04 1.905619999999999959e-04 1.938892125199999830e-07
1.052090499999999884e+04 8.499949999999992087e+02 1.499999644053035652e+01 1.905180000000000079e-04 1.903289999999999865e-04 1.884361780950000038e-07
1.052662899999999900e+04 8.557189999999993688e+02 1.504999208364607632e+01 1.902139999999999918e-04 1.900380000000000125e-04 1.753195568999999970e-07
1.053237299999999959e+04 8.614629999999999654e+02 1.509999601276538961e+01 1.899020000000000124e-04 1.897470000000000114e-04 1.545551931510000161e-07
1.053813600000000042e+04 8.672260000000007949e+02 1.514999948352456727e+01 1.895830000000000041e-04 1.894560000000000102e-04 1.275211284960000032e-07
1.054391699999999946e+04 8.730069999999998345e+02 1.519999386662078678e+01 1.892599999999999871e-04 1.891639999999999934e-04 9.584580468400000329e-08
1.054971799999999894e+04 8.788079999999993106e+02 1.524999646248021534e+01 1.889340000000000041e-04 1.888729999999999923e-04 6.128815526199998853e-08
1.055553800000000047e+04 8.846280000000008386e+02 1.529999861318791687e+01 1.886070000000000053e-04 1.885819999999999912e-04 2.561377298599999861e-08
1.056137600000000020e+04 8.904660000000005766e+02 1.534999177363610379e+01 1.882809999999999952e-04 1.882909999999999901e-04 -9.500297721399999194e-09
1.056723400000000038e+04 8.963240000000007512e+02 1.539999307479307689e+01 1.879569999999999895e-04 1.879990000000000003e-04 -4.254398570099999922e-08
1.057311099999999897e+04 9.022009999999993397e+02 1.544999394350029398e+01 1.876360000000000040e-04 1.877079999999999992e-04 -7.222328091199999796e-08
1.057900699999999961e+04 9.080969999999999800e+02 1.549999438394286955e+01 1.873190000000000000e-04 1.874169999999999981e-04 -9.748588963500000500e-08
1.058492199999999866e+04 9.140119999999990341e+02 1.554999440025197188e+01 1.870080000000000093e-04 1.871259999999999970e-04 -1.175280396939999955e-07
1.059085599999999977e+04 9.199460000000001401e+02 1.559999399650584273e+01 1.867019999999999888e-04 1.868340000000000072e-04 -1.317895274219999892e-07
1.059680899999999929e+04 9.258989999999996598e+02 1.564999317673051138e+01 1.864029999999999973e-04 1.865430000000000061e-04 -1.399467971160000046e-07
1.060278099999999904e+04 9.318709999999994125e+02 1.569999194490072725e+01 1.861099999999999918e-04 1.862520000000000050e-04 -1.418999974919999964e-07
1.060877299999999923e+04 9.378629999999996016e+02 1.574999863727037663e+01 1.858229999999999995e-04 1.859610000000000039e-04 -1.377716243430000201e-07
1.061478299999999945e+04 9.438729999999998199e+02 1.579999656668763386e+01 1.855410000000000045e-04 1.856689999999999870e-04 -1.279042177270000122e-07
1.062081199999999990e+04 9.499020000000002710e+02 1.584999409584136920e+01 1.852649999999999957e-04 1.853780000000000130e-04 -1.128644292520000228e-07
1.062686099999999897e+04 9.559509999999993397e+02 1.589999948222973103e+01 1.849929999999999955e-04 1.850870000000000119e-04 -9.343413864400000913e-08
1.063292799999999988e+04 9.620180000000002565e+02 1.594999619626465837e+01 1.847250000000000042e-04 1.847960000000000108e-04 -7.059632230800000863e-08
1.063901399999999921e+04 9.681039999999995871e+02 1.599999252138421646e+01 1.844589999999999902e-04 1.845039999999999940e-04 -4.550034693600000226e-08
1.064511999999999898e+04 9.742099999999993543e+02 1.604999663780897734e+01 1.842050000000000024e-04 1.842249999999999921e-04 -1.993664527500000078e-08
1.065124399999999878e+04 9.803339999999991505e+02 1.609999217056515164e+01 1.839509999999999876e-04 1.839459999999999902e-04 5.554801307999999838e-09
1.065738799999999901e+04 9.864779999999993834e+02 1.614999545128956981e+01 1.836960000000000112e-04 1.836659999999999996e-04 2.977740124799999862e-08
1.066355099999999948e+04 9.926409999999998490e+02 1.619999830736508173e+01 1.834390000000000033e-04 1.833869999999999977e-04 5.163609420299999899e-08
1.066973199999999997e+04 9.988220000000003438e+02 1.624999266676266174e+01 1.831779999999999867e-04 1.831079999999999958e-04 7.020324098399999507e-08
1.067593299999999908e+04 1.005022999999999456e+03 1.629999471002624389e+01 1.829140000000000041e-04 1.828289999999999939e-04 8.477177394300000350e-08
1.068215300000000025e+04 1.011243000000000620e+03 1.634999634010571157e+01 1.826440000000000084e-04 1.825490000000000034e-04 9.488604941600000832e-08
1.068839199999999983e+04 1.017482000000000198e+03 1.639999756078028526e+01 1.823709999999999925e-04 1.822700000000000015e-04 1.003558570300000007e-07
1.069464999999999964e+04 1.023740000000000009e+03 1.644999837578324531e+01 1.820919999999999906e-04 1.819909999999999996e-04 1.012414113089999966e-07
1.070092699999999968e+04 1.030017000000000053e+03 1.649999878880258208e+01 1.818090000000000071e-04 1.817110000000000090e-04 9.782666080400001136e-08
1.070722299999999996e+04 1.036313000000000329e+03 1.654999880348167807e+01 1.815230000000000034e-04 1.814320000000000071e-04 9.057774881600000719e-08
1.071353800000000047e+04 1.042628000000000839e+03 1.659999842341998999e+01 1.812329999999999909e-04 1.811530000000000052e-04 8.009045859499999274e-08
1.071987199999999939e+04 1.048961999999999762e+03 1.664999765217370253e+01 1.809410000000000011e-04 1.808729999999999876e-04 6.704057744999998979e-08
1.072622500000000036e+04 1.055315000000000737e+03 1.669999649325643176e+01 1.806459999999999913e-04 1.805940000000000128e-04 5.213802958200000351e-08
1.073259699999999975e+04 1.061687000000000126e+03 1.674999495013974382e+01 1.803510000000000085e-04 1.803150000000000109e-04 3.608698189500000091e-08
1.073898799999999937e+04 1.068077999999999747e+03 1.679999302625390101e+01 1.800550000000000100e-04 1.800360000000000090e-04 1.955965114800000128e-08
1.074539899999999943e+04 1.074488999999999805e+03 1.684999851336750964e+01 1.797590000000000114e-04 1.797559999999999913e-04 3.180872298000000019e-09
1.075182799999999952e+04 1.080917999999999893e+03 1.689999581503042947e+01 1.794640000000000016e-04 1.794769999999999894e-04 -1.247939476399999849e-08
1.075827599999999984e+04 1.087366000000000213e+03 1.694999274610900386e+01 1.791709999999999961e-04 1.791979999999999875e-04 -2.690711729399999910e-08
1.076474399999999878e+04 1.093833999999999151e+03 1.699999702953162384e+01 1.788790000000000063e-04 1.789179999999999970e-04 -3.964393476799999512e-08
1.077122999999999956e+04 1.100319999999999936e+03 1.704999320657553596e+01 1.785919999999999869e-04 1.786430000000000038e-04 -5.084090458500000385e-08
1.077773599999999897e+04 1.106825999999999340e+03 1.709999669737669947e+01 1.783079999999999876e-04 1.783680000000000107e-04 -5.965143187200000868e-08
1.078426100000000042e+04 1.113351000000000795e+03 1.714999978582681095e+01 1.780259999999999926e-04 1.780920000000000018e-04 -6.575263495199999881e-08
1.079080400000000009e+04 1.119894000000000460e+03 1.719999484554213609e+01 1.777480000000000065e-04 1.778170000000000087e-04 -6.891760159199999964e-08
1.079736700000000019e+04 1.126457000000000562e+03 1.724999716189330812e+01 1.774719999999999976e-04 1.775409999999999998e-04 -6.903717293200000006e-08
1.080394900000000052e+04 1.133039000000000897e+03 1.729999908617111259e+01 1.771999999999999975e-04 1.772660000000000067e-04 -6.614166718600001187e-08
1.081054899999999907e+04 1.139638999999999442e+03 1.734999305783625800e+01 1.769300000000000018e-04 1.769899999999999978e-04 -6.040969583000000309e-08
1.081716899999999987e+04 1.146259000000000242e+03 1.739999422983371247e+01 1.766629999999999991e-04 1.767150000000000047e-04 -5.216997901500000709e-08
1.082380799999999908e+04 1.152897999999999456e+03 1.744999501968608868e+01 1.763980000000000008e-04 1.764400000000000115e-04 -4.188491516000000093e-08
1.083046600000000035e+04 1.159556000000000722e+03 1.749999543066898866e+01 1.761339999999999911e-04 1.761640000000000027e-04 -3.012422016400000091e-08
1.083714300000000003e+04 1.166233000000000402e+03 1.754999546602061855e+01 1.758709999999999972e-04 1.758890000000000095e-04 -1.752645940500000085e-08
1.084383899999999994e+04 1.172929000000000315e+03 1.759999512894239260e+01 1.756089999999999919e-04 1.756130000000000007e-04 -4.754230258600000485e-09
1.085055400000000009e+04 1.179644000000000460e+03 1.764999442259942697e+01 1.753450000000000093e-04 1.753380000000000075e-04 7.551193976999999764e-09
1.085728800000000047e+04 1.186378000000000839e+03 1.769999335012103003e+01 1.750809999999999996e-04 1.750629999999999873e-04 1.881156972799999768e-08
1.086404199999999946e+04 1.193131999999999834e+03 1.774999930807606319e+01 1.748160000000000013e-04 1.747870000000000055e-04 2.854446497000000217e-08
1.087081400000000031e+04 1.199904000000000678e+03 1.779999749180669255e+01 1.745480000000000100e-04 1.745120000000000124e-04 3.638679907200000310e-08
1.087760499999999956e+04 1.206694999999999936e+03 1.784999531869660672e+01 1.742779999999999872e-04 1.742360000000000035e-04 4.210360669200000184e-08
1.088441599999999926e+04 1.213505999999999631e+03 1.790000012325396739e+01 1.740059999999999871e-04 1.739610000000000104e-04 4.558891550400000390e-08
1.089124499999999898e+04 1.220334999999999354e+03 1.794999722497873762e+01 1.737320000000000097e-04 1.736850000000000015e-04 4.685465507999999628e-08
1.089809299999999894e+04 1.227182999999999311e+03 1.799999397884732133e+01 1.734560000000000008e-04 1.734100000000000084e-04 4.601555736999999993e-08
1.090496099999999933e+04 1.234050999999999704e+03 1.804999765834250525e+01 1.731459999999999987e-04 1.731020000000000106e-04 4.383669668400000256e-08
1.091184699999999975e+04 1.240937000000000126e+03 1.809999370505557081e+01 1.728339999999999922e-04 1.727940000000000129e-04 3.994910883000000533e-08
1.091875300000000061e+04 1.247843000000000984e+03 1.814999664313377892e+01 1.725209999999999971e-04 1.724859999999999881e-04 3.458999746800000009e-08
1.092567799999999988e+04 1.254768000000000256e+03 1.819999920511059344e+01 1.722070000000000133e-04 1.721790000000000061e-04 2.803470131700000252e-08
1.093262099999999919e+04 1.261710999999999558e+03 1.824999420316445153e+01 1.718909999999999980e-04 1.718710000000000084e-04 2.058705212199999936e-08
1.093958399999999892e+04 1.268673999999999296e+03 1.829999604182691897e+01 1.715750000000000098e-04 1.715630000000000106e-04 1.257191360809999965e-08
1.094656599999999889e+04 1.275655999999999267e+03 1.834999751345401720e+01 1.712589999999999946e-04 1.712550000000000129e-04 4.327716603000000214e-09
1.095356699999999910e+04 1.282656999999999471e+03 1.839999862103797668e+01 1.709430000000000064e-04 1.709469999999999881e-04 -3.801194586699999918e-09
1.096058699999999953e+04 1.289676999999999907e+03 1.844999936753855607e+01 1.706280000000000069e-04 1.706389999999999903e-04 -1.147431240479999777e-08
1.096762600000000020e+04 1.296716000000000577e+03 1.849999975588350765e+01 1.703130000000000074e-04 1.703309999999999926e-04 -1.836730272299999897e-08
1.097468399999999929e+04 1.303773999999999660e+03 1.854999978896898227e+01 1.699989999999999965e-04 1.700229999999999949e-04 -2.418730195699999899e-08
1.098176100000000042e+04 1.310851000000000795e+03 1.859999946965999484e+01 1.696869999999999900e-04 1.697160000000000129e-04 -2.868981093600000380e-08
1.098885699999999997e+04 1.317947000000000344e+03 1.864999880079077599e+01 1.693759999999999992e-04 1.694079999999999881e-04 -3.169437331200000245e-08
1.099597199999999975e+04 1.325062000000000126e+03 1.869999778516526234e+01 1.690670000000000128e-04 1.690999999999999903e-04 -3.310081769999999622e-08
1.100310599999999977e+04 1.332196000000000140e+03 1.874999642555744828e+01 1.687589999999999880e-04 1.687919999999999926e-04 -3.289671683999999513e-08
1.101025900000000001e+04 1.339349000000000387e+03 1.879999472471179800e+01 1.684529999999999947e-04 1.684839999999999949e-04 -3.116178973599999761e-08
1.101743199999999888e+04 1.346521999999999252e+03 1.884999964736870126e+01 1.681479999999999900e-04 1.681759999999999972e-04 -2.806151100800000091e-08
1.102462299999999959e+04 1.353712999999999965e+03 1.889999725374743278e+01 1.678449999999999896e-04 1.678679999999999994e-04 -2.383473797999999756e-08
1.103183299999999872e+04 1.360922999999999092e+03 1.894999452704573883e+01 1.675419999999999893e-04 1.675609999999999903e-04 -1.877453980600000081e-08
1.103906300000000010e+04 1.368153000000000475e+03 1.899999837695523297e+01 1.672389999999999890e-04 1.672529999999999926e-04 -1.320420621749999834e-08
1.104631099999999969e+04 1.375401000000000067e+03 1.904999497382586071e+01 1.669689999999999933e-04 1.669770000000000108e-04 -7.588436741999999744e-09
1.105357899999999972e+04 1.382669000000000096e+03 1.909999811641651135e+01 1.666989999999999976e-04 1.667010000000000020e-04 -1.973139716400000027e-09
1.106086499999999978e+04 1.389955000000000155e+03 1.914999404753665502e+01 1.664290000000000018e-04 1.664249999999999931e-04 3.371038229999999739e-09
1.106817100000000028e+04 1.397261000000000649e+03 1.919999649375225559e+01 1.661579999999999904e-04 1.661490000000000113e-04 8.212146933600000239e-09
1.107549599999999919e+04 1.404585999999999558e+03 1.924999858693634280e+01 1.658859999999999903e-04 1.658739999999999911e-04 1.236661995819999985e-08
1.108283899999999994e+04 1.411929000000000315e+03 1.929999353013506180e+01 1.656139999999999902e-04 1.655980000000000093e-04 1.570350930180000154e-08
1.109020199999999932e+04 1.419291999999999689e+03 1.934999494303017897e+01 1.653400000000000128e-04 1.653220000000000004e-04 1.814458546600000145e-08
1.109758399999999892e+04 1.426673999999999296e+03 1.939999601094996962e+01 1.650660000000000083e-04 1.650459999999999915e-04 1.965978438200000008e-08
1.110498500000000058e+04 1.434075000000000955e+03 1.944999673655498640e+01 1.647909999999999881e-04 1.647700000000000098e-04 2.026193167000000160e-08
1.111240499999999884e+04 1.441494999999999209e+03 1.949999712247841188e+01 1.645150000000000063e-04 1.644949999999999895e-04 1.999897310999999716e-08
1.111984399999999914e+04 1.448933999999999514e+03 1.954999717132657011e+01 1.642380000000000088e-04 1.642190000000000078e-04 1.894693134400000040e-08
1.112730199999999968e+04 1.456392000000000053e+03 1.959999688567909004e+01 1.639599999999999955e-04 1.639429999999999989e-04 1.720434236299999914e-08
1.113477899999999863e+04 1.463868999999999005e+03 1.964999626808936739e+01 1.636820000000000093e-04 1.636669999999999900e-04 1.488767405439999887e-08
1.114227499999999964e+04 1.471365000000000009e+03 1.969999532108485951e+01 1.634039999999999961e-04 1.633910000000000082e-04 1.212622645599999998e-08
1.114978999999999905e+04 1.478879999999999427e+03 1.974999404716739093e+01 1.631249999999999942e-04 1.631159999999999880e-04 9.059185342800000526e-09
1.115732499999999891e+04 1.486414999999999281e+03 1.979999907680209859e+01 1.628459999999999923e-04 1.628400000000000062e-04 5.831056140000000097e-09
1.116487800000000061e+04 1.493968000000000984e+03 1.984999713976887392e+01 1.625669999999999904e-04 1.625639999999999973e-04 2.587384880400000181e-09
1.117244999999999891e+04 1.501539999999999281e+03 1.989999488326172639e+01 1.622879999999999885e-04 1.622879999999999885e-04 -5.311945900799999230e-10
1.118004199999999946e+04 1.509131999999999834e+03 1.994999888783677733e+01 1.620089999999999866e-04 1.620120000000000067e-04 -3.395236880399999843e-09
1.118765200000000004e+04 1.516742000000000417e+03 1.999999598311923421e+01 1.617310000000000004e-04 1.617369999999999865e-04 -5.893130200499999619e-09
