# # Once                                                         FEFF 10.0.0 
# # POT  SCF 100  9.0000   0, NO core-hole, FOLP (folp(0)= 1.000)
# # Abs   Z=30 Rmt= 1.199 Rnm= 1.523 K  shell
# #   RGRID 0.0100
# # Pot 1 Z= 6 Rmt= 0.780 Rnm= 1.122
# # Pot 2 Z= 6 Rmt= 0.803 Rnm= 1.164
# # Pot 3 Z= 1 Rmt= 0.550 Rnm= 0.955
# # Pot 4 Z=16 Rmt= 1.094 Rnm= 1.479
# # Gam_ch=1.897E+00 H-L exch Vi= 0.000E+00 Vr= 0.000E+00
# # Mu=-4.459E+00eV kf=1.399E+00 Vint=-9.219E+00eV Rs_int= 2.592
# FMS rfms= 9.0000
# # PATH  Rmax= 0.100,  Keep_limit= 0.00, Heap_limit 0.00  Pwcrit= 2.50%
#  S02=1.000  Temp=  10.00  Debye_temp= 315.00  Global_sig2= 0.00000
#  Energy zero shift, vr, vi    0.00000E+00   0.00000E+00
#  Curved wave amplitude ratio filter   4.000%
#     file         sig2 tot  cw amp ratio   deg  nlegs   reff  inp sig2
#     0/   0 paths used
#  xsedge+ 50, used to normalize mu           1.0000E+00
#  -----------------------------------------------------------------------
#  omega    e    k    mu    mu0     chi     @#
      9554.6371727366      -24.4592716000       -2.2911494664    3.4236217232E-06    4.0704305016E-06   -6.4680877841E-07
      9555.6371727366      -23.4592716000       -2.2331362757    3.6131575572E-06    4.3022391057E-06   -6.8908154847E-07
      9556.6371727366      -22.4592716000       -2.1735752517    3.8226544326E-06    4.5610717130E-06   -7.3841728034E-07
      9557.6371727366      -21.4592716000       -2.1123354666    4.0553300758E-06    4.8518202659E-06   -7.9649019002E-07
      9558.6371727366      -20.4592716000       -2.0492663191    4.3151221290E-06    5.1806128717E-06   -8.6549074266E-07
      9559.6371727366      -19.4592716000       -1.9841936954    4.6069001179E-06    5.5552261675E-06   -9.4832604960E-07
      9560.6371727366      -18.4592716000       -1.9169132400    4.9367569678E-06    5.9856732606E-06   -1.0489162928E-06
      9561.6371727366      -17.4592716000       -1.8471837768    5.3124173602E-06    6.4850606171E-06   -1.1726432570E-06
      9562.6371727366      -16.4592716000       -1.7747167214    5.7438217835E-06    7.0708684207E-06   -1.3270466372E-06
      9563.6371727366      -15.4592716000       -1.6991619081    6.2439819583E-06    7.7669189610E-06   -1.5229370027E-06
      9564.6371727366      -14.4592716000       -1.6200872587    6.8302685914E-06    8.6065040161E-06   -1.7762354247E-06
      9565.1371727366      -13.9592716000       -1.5790658039    7.1628003833E-06    9.0943204236E-06   -1.9315200403E-06
      9565.6371727366      -13.4592716000       -1.5369497306    7.5264132120E-06    9.6375483995E-06   -2.1111351875E-06
      9566.1371727366      -12.9592716000       -1.4936466613    7.9255942749E-06    1.0245916020E-05   -2.3203217454E-06
      9566.6371727366      -12.4592716000       -1.4490501841    8.3657410771E-06    1.0931532439E-05   -2.5657913617E-06
      9567.1371727366      -11.9592716000       -1.4030367413    8.8534079584E-06    1.1709655982E-05   -2.8562480238E-06
      9567.6371727366      -11.4592716000       -1.3554622724    9.3966389594E-06    1.2599777499E-05   -3.2031385397E-06
      9568.1371727366      -10.9592716000       -1.3061560932    1.0005425295E-05    1.3627179717E-05   -3.6217544222E-06
      9568.6371727366      -10.4592716000       -1.2549141860    1.0692346829E-05    1.4825233531E-05   -4.1328867024E-06
      9569.1371727266       -9.9592716100       -1.2014889076    1.1473492402E-05    1.6238867603E-05   -4.7653752013E-06
      9569.6371727266       -9.4592716100       -1.1455747332    1.2369815645E-05    1.7929966367E-05   -5.5601507221E-06
      9570.1371727266       -8.9592716100       -1.0867876258    1.3409194080E-05    1.9986052327E-05   -6.5768582470E-06
      9570.6371727266       -8.4592716100       -1.0246331595    1.4629670653E-05    2.2534796108E-05   -7.9051254559E-06
      9571.1371727266       -7.9592716100       -0.9584566200    1.6084774815E-05    2.5769353862E-05   -9.6845790466E-06
      9571.6371727266       -7.4592716100       -0.8873583607    1.7852697765E-05    2.9994890230E-05   -1.2142192465E-05
      9572.1371727266       -6.9592716100       -0.8100436294    2.0053036660E-05    3.5718930514E-05   -1.5665893854E-05
      9572.6371727266       -6.4592716100       -0.7245250921    2.2879293695E-05    4.3837301847E-05   -2.0958008152E-05
      9573.1371727266       -5.9592716100       -0.6274570930    2.6665349247E-05    5.6033324843E-05   -2.9367975596E-05
      9573.6371727266       -5.4592716100       -0.5123165798    3.2018801726E-05    7.5593579439E-05   -4.3574777713E-05
      9574.1371727266       -4.9592716100       -0.3622625460    3.9987831015E-05    1.0824788978E-04   -6.8260058767E-05
      9574.6371727266       -4.4592716100        0.0000000000    5.1631246640E-05    1.5732784282E-04   -1.0569659618E-04
      9575.1371727266       -3.9592716100        0.3622625460    6.5919041776E-05    2.0814689095E-04   -1.4222784918E-04
      9575.6371727266       -3.4592716100        0.5123165798    8.1655631448E-05    2.4604202997E-04   -1.6438639852E-04
      9576.1371727266       -2.9592716100        0.6274570930    1.0040029731E-04    2.7151397703E-04   -1.7111367971E-04
      9576.6371727266       -2.4592716100        0.7245250921    1.2364584309E-04    2.8874120399E-04   -1.6509536090E-04
      9577.1371727266       -1.9592716100        0.8100436294    1.5193979041E-04    3.0039305328E-04   -1.4845326288E-04
      9577.6371727266       -1.4592716100        0.8873583607    1.8429211102E-04    3.0803529879E-04   -1.2374318777E-04
      9578.1371727256       -0.9592716110        0.9584566200    2.1813774640E-04    3.1266852595E-04   -9.4530779552E-05
      9578.6371727256       -0.4592716110        1.0246331595    2.5063444840E-04    3.1501516351E-04   -6.4380715117E-05
      9579.1371727258        0.0407283892        1.0867876258    2.8017138990E-04    3.1560998858E-04   -3.5438598678E-05
      9579.6371727256        0.5407283890        1.1455747332    3.0624880627E-04    3.1487118688E-04   -8.6223806111E-06
      9580.1371727266        1.0407283900        1.2014889076    3.2820680709E-04    3.1313159922E-04    1.5075207866E-05
      9580.6371727266        1.5407283900        1.2549141860    3.4499536448E-04    3.1065635218E-04    3.4339012304E-05
      9581.1371727266        2.0407283900        1.3061560932    3.5593836796E-04    3.0764511048E-04    4.8293257478E-05
      9581.6371727266        2.5407283900        1.3554622724    3.6125885964E-04    3.0426560521E-04    5.6993254433E-05
      9582.1371727266        3.0407283900        1.4030367413    3.6178399104E-04    3.0063411667E-04    6.1149874370E-05
      9582.6371727266        3.5407283900        1.4490501841    3.5889775819E-04    2.9685613022E-04    6.2041627967E-05
      9583.1371727266        4.0407283900        1.4936466613    3.5404229166E-04    2.9299858064E-04    6.1043711022E-05
      9583.6371727266        4.5407283900        1.5369497306    3.4842328104E-04    2.8912744358E-04    5.9295837458E-05
      9584.1371727266        5.0407283900        1.5790658039    3.4250984227E-04    2.8527393163E-04    5.7235910640E-05
      9584.6371727266        5.5407283900        1.6200872587    3.3625743004E-04    2.8146421811E-04    5.4793211928E-05
      9585.2639483666        6.1675040300        1.6700872977    3.2776904951E-04    2.7675955139E-04    5.1009498118E-05
      9585.9097739266        6.8133295900        1.7200873036    3.1816958802E-04    2.7184278161E-04    4.6326806406E-05
      9586.5746494066        7.4782050700        1.7700872793    3.0802916394E-04    2.6689481820E-04    4.1134345738E-05
      9587.2585748066        8.1621304700        1.8200872856    2.9950050080E-04    2.6379941271E-04    3.5701088093E-05
      9587.9615501366        8.8651058000        1.8700873770    2.9362190099E-04    2.6306593497E-04    3.0555966017E-05
      9588.6835753766        9.5871310400        1.9200873252    2.8857491011E-04    2.6244532067E-04    2.6129589437E-05
      9589.4246505366       10.3282062000        1.9700873572    2.8330548646E-04    2.6110296759E-04    2.2202518877E-05
      9590.1847756366       11.0883313000        2.0200873613    2.7797832499E-04    2.5917934893E-04    1.8798976064E-05
      9590.9639506366       11.8675063000        2.0700873396    2.7299016966E-04    2.5687968530E-04    1.6110484362E-05
      9591.7621755366       12.6657312000        2.1200873943    2.6852672739E-04    2.5420692754E-04    1.4319799847E-05
      9592.5794503366       13.4830060000        2.1700873240    2.6459566421E-04    2.5113049428E-04    1.3465169937E-05
      9593.4157751366       14.3193308000        2.2200873288    2.6112064126E-04    2.4768466682E-04    1.3435974442E-05
      9594.2711498366       15.1747055000        2.2700873101    2.5795215385E-04    2.4395165995E-04    1.4000493902E-05
      9595.1455744366       16.0491301000        2.3200873610    2.5499367914E-04    2.4014666862E-04    1.4847010521E-05
      9596.0390489366       16.9426046000        2.3700872976    2.5221942000E-04    2.3652836693E-04    1.5691053073E-05
      9596.9515734366       17.8551291000        2.4200873029    2.4947034235E-04    2.3317197809E-04    1.6298364259E-05
      9597.8831477366       18.7867034000        2.4700872865    2.4660880123E-04    2.3011103103E-04    1.6497770192E-05
      9598.8337720366       19.7373277000        2.5200873342    2.4350662060E-04    2.2735374127E-04    1.6152879324E-05
      9599.8034462366       20.7070019000        2.5700872766    2.4001423312E-04    2.2487394722E-04    1.5140285900E-05
      9600.7921703366       21.6957260000        2.6200872821    2.3600819477E-04    2.2267292180E-04    1.3335272973E-05
      9601.7999444366       22.7035001000        2.6700872676    2.3135242455E-04    2.2073062722E-04    1.0621797334E-05
      9602.8267683366       23.7303240000        2.7200873124    2.2596574638E-04    2.1902138633E-04    6.9443600583E-06
      9603.8726422366       24.7761979000        2.7700872596    2.1990859293E-04    2.1753600201E-04    2.3725909181E-06
      9604.9375660366       25.8411217000        2.8200872653    2.1337069351E-04    2.1625508940E-04   -2.8843958955E-06
      9606.0215398366       26.9250955000        2.8700873265    2.0668126498E-04    2.1516202044E-04   -8.4807554625E-06
      9607.1245634366       28.0281191000        2.9200872946    2.0026653322E-04    2.1424888269E-04   -1.3982349466E-05
      9608.2466370366       29.1501927000        2.9700873176    1.9455671850E-04    2.1350109975E-04   -1.8944381247E-05
      9609.3877605366       30.2913162000        3.0200872517    1.8992213390E-04    2.1291598529E-04   -2.2993851390E-05
      9610.5479339366       31.4514896000        3.0700872401    1.8660138880E-04    2.1249322397E-04   -2.5891835170E-05
      9611.7271572366       32.6307129000        3.1200872801    1.8466521845E-04    2.1220012660E-04   -2.7534908145E-05
      9612.9254304366       33.8289861000        3.1700872349    1.8409077713E-04    2.1204039678E-04   -2.7949619650E-05
      9614.1427536366       35.0463093000        3.2200872408    1.8476865455E-04    2.1201280793E-04   -2.7244153377E-05
      9615.3791267366       36.2826824000        3.2700871651    1.8653004534E-04    2.1210183919E-04   -2.5571793851E-05
      9616.6345497366       37.5381054000        3.3200872682    1.8919418713E-04    2.1229865299E-04   -2.3104465860E-05
      9617.9090226366       38.8125783000        3.3700874155    1.9259677762E-04    2.1261249424E-04   -2.0015716619E-05
      9619.2025455366       40.1061012000        3.4200874809    1.9655282930E-04    2.1301494303E-04   -1.6462113723E-05
      9620.5151182366       41.4186739000        3.4700874677    2.0092649443E-04    2.1351843837E-04   -1.2591943936E-05
      9621.8467409366       42.7502966000        3.5200873794    2.0556663202E-04    2.1410323930E-04   -8.5366072778E-06
      9623.1974135366       44.1009692000        3.5700874575    2.1035024687E-04    2.1477121982E-04   -4.4209729504E-06
      9624.5671360366       45.4706917000        3.6200873425    2.1515173898E-04    2.1551936458E-04   -3.6762560462E-07
      9625.9559085366       46.8594642000        3.6700873901    2.1983232176E-04    2.1633105650E-04    3.5012652593E-06
      9627.3637309366       48.2672866000        3.7200873650    2.2427290321E-04    2.1720899509E-04    7.0639081198E-06
      9628.7906031366       49.6941588000        3.7700873829    2.2834609790E-04    2.1813459468E-04    1.0211503218E-05
      9630.2365254366       51.1400811000        3.8200872194    2.3198039746E-04    2.1912089406E-04    1.2859503399E-05
      9631.7014975366       52.6050532000        3.8700873213    2.3509219952E-04    2.2013885401E-04    1.4953345510E-05
      9633.1855195366       54.0890752000        3.9200871357    2.3768136749E-04    2.2120450057E-04    1.6476866920E-05
      9634.6885915366       55.5921472000        3.9700873166    2.3973359195E-04    2.2229026492E-04    1.7443327029E-05
      9636.2107134366       57.1142691000        4.0200872151    2.4129778002E-04    2.2340812969E-04    1.7889650324E-05
      9637.7518852366       58.6554409000        4.0700872600    2.4239038489E-04    2.2453445359E-04    1.7855931301E-05
      9639.3121069366       60.2156626000        4.1200870326    2.4305291092E-04    2.2567412996E-04    1.7378780962E-05
      9640.8913786366       61.7949343000        4.1700873594    2.4328523309E-04    2.2681057452E-04    1.6474658570E-05
      9642.4897001366       63.3932558000        4.2200870102    2.4309592939E-04    2.2795072424E-04    1.5145205148E-05
      9644.1070716366       65.0106273000        4.2700874045    2.4245922990E-04    2.2908128051E-04    1.3377949389E-05
      9645.7434930366       66.6470487000        4.3200871369    2.4136056262E-04    2.3019255245E-04    1.1168010175E-05
      9647.3989644366       68.3025201000        4.3700873990    2.3980633301E-04    2.3127705068E-04    8.5292823328E-06
      9649.0734856366       69.9770413000        4.4200875951    2.3784974315E-04    2.3233637894E-04    5.5133642098E-06
      9650.7670568366       71.6706125000        4.4700873463    2.3558051214E-04    2.3335793498E-04    2.2225771595E-06
      9652.4796779366       73.3832336000        4.5200876093    2.3314300156E-04    2.3433819625E-04   -1.1951946872E-06
      9654.2113489366       75.1149046000        4.5700872495    2.3071088398E-04    2.3526981535E-04   -4.5589313683E-06
      9655.9620698366       76.8656255000        4.6200875770    2.2846954423E-04    2.3615024507E-04   -7.6807008310E-06
      9657.7318407366       78.6353964000        4.6700872937    2.2657741702E-04    2.3697107565E-04   -1.0393658624E-05
      9659.5206614366       80.4242171000        4.7200875012    2.2515845931E-04    2.3773079063E-04   -1.2572331324E-05
      9661.3285321366       82.2320878000        4.7700872916    2.2427998743E-04    2.3842231956E-04   -1.4142332131E-05
      9663.1554527366       84.0590084000        4.8200875611    2.2397175677E-04    2.3904987489E-04   -1.5078118124E-05
      9665.0014233366       85.9049790000        4.8700872460    2.2420738156E-04    2.3960212212E-04   -1.5394740560E-05
      9666.8664437366       87.7699994000        4.9200874025    2.2495015496E-04    2.4008794838E-04   -1.5137793417E-05
      9668.7505141366       89.6540698000        4.9700873309    2.2612066297E-04    2.4049022731E-04   -1.4369564341E-05
      9670.6536344366       91.5571901000        5.0200875471    2.2765444236E-04    2.4081928623E-04   -1.3164843863E-05
      9672.5758046366       93.4793603000        5.0700872027    2.2947787415E-04    2.4107561057E-04   -1.1597736418E-05
      9674.5170247366       95.4205804000        5.1200874783    2.3151090063E-04    2.4125371871E-04   -9.7428180757E-06
      9676.4772948366       97.3808505000        5.1700872031    2.3368458376E-04    2.4135382579E-04   -7.6692420247E-06
      9678.4566147366       99.3601704000        5.2200873716    2.3594051717E-04    2.4138232017E-04   -5.4418029970E-06
      9680.4549843366      101.3585400000        5.2700871633    2.3821850841E-04    2.4134003487E-04   -3.1215264636E-06
      9682.4724043366      103.3759600000        5.3200873890    2.4046021728E-04    2.4122816628E-04   -7.6794899902E-07
      9684.5088743366      105.4124300000        5.3700870854    2.4261201824E-04    2.4105388997E-04    1.5581282623E-06
      9686.5643943366      107.4679500000        5.4200875237    2.4460573761E-04    2.4081395138E-04    3.7917862313E-06
      9688.6389633366      109.5425190000        5.4700872829    2.4638105205E-04    2.4052002954E-04    5.8610225067E-06
      9690.7325833366      111.6361390000        5.5200873067    2.4785798728E-04    2.4016831666E-04    7.6896706204E-06
      9692.8452523366      113.7488080000        5.5700872823    2.4896717012E-04    2.3976704115E-04    9.2001289754E-06
      9694.9769713366      115.8805270000        5.6200875141    2.4964643031E-04    2.3932470971E-04    1.0321720597E-05
      9697.1277413366      118.0312970000        5.6700870942    2.4984185072E-04    2.3884300550E-04    1.0998845214E-05
      9699.2975603366      120.2011160000        5.7200875283    2.4952332943E-04    2.3832348221E-04    1.1199847224E-05
      9701.4864293366      122.3899850000        5.7700870235    2.4869940538E-04    2.3777455802E-04    1.0924847363E-05
      9703.6943483366      124.5979040000        5.8200873593    2.4740628339E-04    2.3720061115E-04    1.0205672241E-05
      9705.9213173366      126.8248730000        5.8700870640    2.4572311104E-04    2.3661694252E-04    9.1061685208E-06
      9708.1673363366      129.0708920000        5.9200873040    2.4373643195E-04    2.3602125449E-04    7.7151774505E-06
      9710.4324043366      131.3359600000        5.9700872103    2.4155786358E-04    2.3541976987E-04    6.1380937105E-06
      9712.7165233366      133.6200790000        6.0200873568    2.3925295596E-04    2.3481859359E-04    4.4343623716E-06
