0.000000000000000000e+00 -6.403712999999999766e-01
5.000000000000000278e-02 -6.700665999999999567e-01
1.000000000000000056e-01 -6.992680999999999480e-01
1.499999999999999944e-01 -7.827781999999999796e-01
2.000000000000000111e-01 -8.614787999999999890e-01
2.500000000000000000e-01 -9.795146000000000130e-01
2.999999999999999889e-01 -1.082980999999999971e+00
3.499999999999999778e-01 -1.199548000000000059e+00
4.000000000000000222e-01 -1.286764000000000019e+00
4.500000000000000111e-01 -1.354568999999999912e+00
5.000000000000000000e-01 -1.378360999999999947e+00
5.500000000000000444e-01 -1.355623999999999940e+00
5.999999999999999778e-01 -1.283744999999999914e+00
6.500000000000000222e-01 -1.157432999999999934e+00
6.999999999999999556e-01 -9.939776000000000167e-01
7.500000000000000000e-01 -7.925963999999999787e-01
8.000000000000000444e-01 -5.815485000000000237e-01
8.499999999999999778e-01 -3.645745000000000235e-01
9.000000000000000222e-01 -1.693653999999999993e-01
9.499999999999999556e-01 9.828006000000000242e-04
1.000000000000000000e+00 1.293091000000000101e-01
1.050000000000000044e+00 2.179059999999999886e-01
1.100000000000000089e+00 2.632090000000000263e-01
1.149999999999999911e+00 2.734203000000000050e-01
1.199999999999999956e+00 2.558454000000000006e-01
1.250000000000000000e+00 2.212401999999999980e-01
1.300000000000000044e+00 1.809103999999999990e-01
1.350000000000000089e+00 1.439486000000000099e-01
1.399999999999999911e+00 1.183159000000000016e-01
1.449999999999999956e+00 1.085007999999999945e-01
1.500000000000000000e+00 1.140372999999999942e-01
1.550000000000000044e+00 1.335944000000000020e-01
1.600000000000000089e+00 1.588434999999999986e-01
1.649999999999999911e+00 1.836106999999999878e-01
1.699999999999999956e+00 1.987949999999999995e-01
1.750000000000000000e+00 1.991985000000000006e-01
1.800000000000000044e+00 1.813800999999999886e-01
1.850000000000000089e+00 1.528753999999999946e-01
1.899999999999999911e+00 1.083408000000000010e-01
1.949999999999999956e+00 7.952230999999999883e-02
2.000000000000000000e+00 3.727338000000000179e-02
2.049999999999999822e+00 2.131001999999999896e-02
2.100000000000000089e+00 1.868014000000000133e-02
2.149999999999999911e+00 2.928183999999999995e-02
2.200000000000000178e+00 4.818842000000000264e-02
2.250000000000000000e+00 6.305460999999999705e-02
2.299999999999999822e+00 7.618133000000000543e-02
2.350000000000000089e+00 8.345344999999999847e-02
2.399999999999999911e+00 8.254738999999999827e-02
2.450000000000000178e+00 7.355116999999999905e-02
2.500000000000000000e+00 6.184142000000000111e-02
2.549999999999999822e+00 4.820379999999999804e-02
2.600000000000000089e+00 3.347808000000000034e-02
2.649999999999999911e+00 1.693957000000000102e-02
2.700000000000000178e+00 -1.925858000000000019e-04
2.750000000000000000e+00 -1.785012000000000057e-02
2.799999999999999822e+00 -3.596649999999999847e-02
2.850000000000000089e+00 -5.352153999999999939e-02
2.899999999999999911e+00 -7.040180999999999523e-02
2.950000000000000178e+00 -8.610545999999999478e-02
3.000000000000000000e+00 -9.992383999999999988e-02
3.049999999999999822e+00 -1.098635000000000028e-01
3.100000000000000089e+00 -1.161326000000000025e-01
3.149999999999999911e+00 -1.180033000000000054e-01
3.200000000000000178e+00 -1.150266000000000066e-01
3.250000000000000000e+00 -1.068758999999999959e-01
3.299999999999999822e+00 -9.449461000000000666e-02
3.350000000000000089e+00 -7.842303000000000468e-02
3.399999999999999911e+00 -5.966504000000000252e-02
3.450000000000000178e+00 -3.966398000000000146e-02
3.500000000000000000e+00 -1.954811000000000049e-02
3.549999999999999822e+00 -3.421540999999999840e-04
3.600000000000000089e+00 1.715699000000000043e-02
3.649999999999999911e+00 3.223663999999999696e-02
3.700000000000000178e+00 4.485886000000000040e-02
3.750000000000000000e+00 5.502347999999999961e-02
3.799999999999999822e+00 6.289106999999999337e-02
3.850000000000000089e+00 6.869237999999999733e-02
3.899999999999999911e+00 7.270994000000000068e-02
3.950000000000000178e+00 7.511299000000000448e-02
4.000000000000000000e+00 7.597170000000000312e-02
4.049999999999999822e+00 7.536682000000000103e-02
4.099999999999999645e+00 7.311257999999999646e-02
4.150000000000000355e+00 6.905445999999999807e-02
4.200000000000000178e+00 6.304118000000000221e-02
4.250000000000000000e+00 5.512166000000000288e-02
4.299999999999999822e+00 4.519784999999999775e-02
4.349999999999999645e+00 3.343795000000000101e-02
4.400000000000000355e+00 2.017847000000000043e-02
4.450000000000000178e+00 5.939342000000000232e-03
4.500000000000000000e+00 -8.686766999999999753e-03
4.549999999999999822e+00 -2.297980000000000161e-02
4.599999999999999645e+00 -3.620020999999999656e-02
4.650000000000000355e+00 -4.777609000000000022e-02
4.700000000000000178e+00 -5.702685999999999866e-02
4.750000000000000000e+00 -6.353913999999999396e-02
4.799999999999999822e+00 -6.710391999999999746e-02
4.849999999999999645e+00 -6.778211000000000652e-02
4.900000000000000355e+00 -6.568501000000000201e-02
4.950000000000000178e+00 -6.116624999999999840e-02
5.000000000000000000e+00 -5.468543000000000015e-02
5.049999999999999822e+00 -4.674642999999999854e-02
5.099999999999999645e+00 -3.782529999999999920e-02
5.150000000000000355e+00 -2.837210000000000079e-02
5.200000000000000178e+00 -1.875821000000000086e-02
5.250000000000000000e+00 -9.173461000000000809e-03
5.299999999999999822e+00 1.098876000000000014e-04
5.349999999999999645e+00 8.929513999999999507e-03
5.400000000000000355e+00 1.714900000000000105e-02
5.450000000000000178e+00 2.475919000000000036e-02
5.500000000000000000e+00 3.146879999999999816e-02
5.549999999999999822e+00 3.708763000000000337e-02
5.599999999999999645e+00 4.141684000000000337e-02
5.650000000000000355e+00 4.433426000000000033e-02
5.700000000000000178e+00 4.557843000000000311e-02
5.750000000000000000e+00 4.505987999999999660e-02
5.799999999999999822e+00 4.277943000000000023e-02
5.849999999999999645e+00 3.885443999999999704e-02
5.900000000000000355e+00 3.344186999999999854e-02
5.950000000000000178e+00 2.683328000000000102e-02
6.000000000000000000e+00 1.938370999999999844e-02
6.049999999999999822e+00 1.147796000000000059e-02
6.099999999999999645e+00 3.458128999999999890e-03
6.150000000000000355e+00 -4.303702999999999869e-03
6.200000000000000178e+00 -1.147619000000000070e-02
6.250000000000000000e+00 -1.778276000000000162e-02
6.299999999999999822e+00 -2.300924000000000025e-02
6.349999999999999645e+00 -2.700639999999999985e-02
6.400000000000000355e+00 -2.968892000000000059e-02
6.450000000000000178e+00 -3.103223999999999913e-02
6.500000000000000000e+00 -3.106830000000000008e-02
6.549999999999999822e+00 -3.013775000000000134e-02
6.599999999999999645e+00 -2.805463999999999875e-02
6.650000000000000355e+00 -2.495864000000000069e-02
6.700000000000000178e+00 -2.103038000000000129e-02
6.750000000000000000e+00 -1.648256000000000027e-02
6.799999999999999822e+00 -1.154791999999999971e-02
6.849999999999999645e+00 -6.464705999999999751e-03
6.900000000000000355e+00 -1.461611999999999937e-03
6.950000000000000178e+00 3.256110999999999901e-03
7.000000000000000000e+00 7.517447000000000018e-03
7.049999999999999822e+00 1.132931000000000042e-02
7.099999999999999645e+00 1.446541999999999967e-02
7.150000000000000355e+00 1.685916000000000151e-02
7.200000000000000178e+00 1.848694000000000032e-02
7.250000000000000000e+00 1.936107999999999926e-02
7.299999999999999822e+00 1.952065999999999871e-02
7.349999999999999645e+00 1.902233000000000049e-02
7.400000000000000355e+00 1.793250999999999873e-02
7.450000000000000178e+00 1.632217999999999863e-02
7.500000000000000000e+00 1.426432000000000047e-02
7.549999999999999822e+00 1.181374999999999960e-02
7.599999999999999645e+00 9.077609999999999846e-03
7.650000000000000355e+00 6.144417000000000108e-03
7.700000000000000178e+00 3.102639999999999825e-03
7.750000000000000000e+00 4.133916999999999675e-05
7.799999999999999822e+00 -2.949544000000000124e-03
7.849999999999999645e+00 -5.779651000000000233e-03
7.900000000000000355e+00 -8.359587999999999394e-03
7.950000000000000178e+00 -1.060321000000000007e-02
8.000000000000000000e+00 -1.243068999999999945e-02
8.050000000000000711e+00 -1.379625999999999943e-02
8.099999999999999645e+00 -1.463268000000000034e-02
8.150000000000000355e+00 -1.490212999999999954e-02
8.199999999999999289e+00 -1.458526999999999914e-02
8.250000000000000000e+00 -1.368476000000000067e-02
8.300000000000000711e+00 -1.222846999999999996e-02
8.349999999999999645e+00 -1.027180999999999927e-02
8.400000000000000355e+00 -7.898346000000000533e-03
8.449999999999999289e+00 -5.218086000000000252e-03
8.500000000000000000e+00 -2.363001999999999898e-03
8.550000000000000711e+00 5.338193000000000408e-04
8.599999999999999645e+00 3.339621999999999990e-03
8.650000000000000355e+00 5.908092999999999678e-03
8.699999999999999289e+00 8.107015999999999875e-03
8.750000000000000000e+00 9.828751999999999628e-03
8.800000000000000711e+00 1.099872999999999997e-02
8.849999999999999645e+00 1.158078000000000059e-02
8.900000000000000355e+00 1.157861999999999954e-02
8.949999999999999289e+00 1.103325999999999960e-02
9.000000000000000000e+00 1.001678999999999937e-02
9.050000000000000711e+00 8.679430999999999605e-03
9.099999999999999645e+00 7.044359000000000037e-03
9.150000000000000355e+00 5.215705000000000167e-03
9.199999999999999289e+00 3.294273999999999814e-03
9.250000000000000000e+00 1.371269999999999954e-03
9.300000000000000711e+00 -4.754475999999999776e-04
9.349999999999999645e+00 -2.182603999999999881e-03
9.400000000000000355e+00 -3.700716000000000162e-03
9.449999999999999289e+00 -4.992042999999999828e-03
9.500000000000000000e+00 -6.028205000000000022e-03
9.550000000000000711e+00 -6.833459000000000061e-03
9.599999999999999645e+00 -7.352054000000000228e-03
9.650000000000000355e+00 -7.572304999999999661e-03
9.699999999999999289e+00 -7.490280000000000202e-03
9.750000000000000000e+00 -7.111572000000000032e-03
9.800000000000000711e+00 -6.453081999999999742e-03
9.849999999999999645e+00 -5.544208000000000122e-03
9.900000000000000355e+00 -4.426938000000000054e-03
9.949999999999999289e+00 -3.154545999999999826e-03
1.000000000000000000e+01 -1.788908999999999985e-03
1.005000000000000071e+01 -3.959511999999999776e-04
1.009999999999999964e+01 9.703217999999999566e-04
1.015000000000000036e+01 2.246522999999999836e-03
1.019999999999999929e+01 3.375557999999999857e-03
1.025000000000000000e+01 4.310038999999999884e-03
1.030000000000000071e+01 5.014789999999999873e-03
1.034999999999999964e+01 5.468274999999999872e-03
1.040000000000000036e+01 5.662920000000000106e-03
1.044999999999999929e+01 5.604440999999999937e-03
1.050000000000000000e+01 5.310381000000000302e-03
1.055000000000000071e+01 4.808086999999999951e-03
1.059999999999999964e+01 4.132384999999999704e-03
1.065000000000000036e+01 3.323145000000000005e-03
1.069999999999999929e+01 2.422917000000000126e-03
1.075000000000000000e+01 1.474753999999999995e-03
1.080000000000000071e+01 5.202953999999999652e-04
1.084999999999999964e+01 -4.018264000000000124e-04
1.090000000000000036e+01 -1.257237000000000025e-03
1.094999999999999929e+01 -2.016703999999999806e-03
1.100000000000000000e+01 -2.656677000000000084e-03
1.105000000000000071e+01 -3.188336999999999855e-03
1.109999999999999964e+01 -3.576549000000000048e-03
1.115000000000000036e+01 -3.812058000000000113e-03
1.119999999999999929e+01 -3.890844999999999981e-03
1.125000000000000000e+01 -3.814035999999999815e-03
1.130000000000000071e+01 -3.587819999999999811e-03
1.134999999999999964e+01 -3.223394999999999993e-03
1.140000000000000036e+01 -2.736876999999999973e-03
1.144999999999999929e+01 -2.149106999999999927e-03
1.150000000000000000e+01 -1.485273000000000062e-03
1.155000000000000071e+01 -7.742403999999999606e-04
1.159999999999999964e+01 -4.754125000000000158e-05
1.165000000000000036e+01 6.619914999999999654e-04
1.169999999999999929e+01 1.321897000000000046e-03
1.175000000000000000e+01 1.901953999999999971e-03
1.180000000000000071e+01 2.376075000000000062e-03
1.184999999999999964e+01 2.724026999999999959e-03
1.190000000000000036e+01 2.932788999999999882e-03
1.194999999999999929e+01 2.997371999999999884e-03
1.200000000000000000e+01 2.920999999999999985e-03
1.205000000000000071e+01 2.746433999999999855e-03
1.209999999999999964e+01 2.448250999999999813e-03
1.215000000000000036e+01 2.045157000000000138e-03
1.219999999999999929e+01 1.560657999999999924e-03
1.225000000000000000e+01 1.021460999999999984e-03
1.230000000000000071e+01 4.557718999999999790e-04
1.234999999999999964e+01 -1.083475999999999992e-04
1.240000000000000036e+01 -6.444591999999999639e-04
1.244999999999999929e+01 -1.128978000000000100e-03
1.250000000000000000e+01 -1.542111000000000089e-03
1.255000000000000071e+01 -1.868494999999999965e-03
1.259999999999999964e+01 -2.097560000000000049e-03
1.265000000000000036e+01 -2.223646000000000129e-03
1.269999999999999929e+01 -2.245912999999999989e-03
1.275000000000000000e+01 -2.168083999999999810e-03
1.280000000000000071e+01 -1.998052000000000161e-03
1.284999999999999964e+01 -1.747356999999999947e-03
1.290000000000000036e+01 -1.430569000000000025e-03
1.294999999999999929e+01 -1.064571000000000050e-03
1.300000000000000000e+01 -6.677758999999999908e-04
1.305000000000000071e+01 -2.638712000000000089e-04
1.309999999999999964e+01 1.373117000000000087e-04
1.315000000000000036e+01 5.186487999999999732e-04
1.319999999999999929e+01 8.644933000000000261e-04
1.325000000000000000e+01 1.161097999999999948e-03
1.330000000000000071e+01 1.396976999999999984e-03
1.334999999999999964e+01 1.563284000000000071e-03
1.340000000000000036e+01 1.654239999999999964e-03
1.344999999999999929e+01 1.667571000000000071e-03
1.350000000000000000e+01 1.604846000000000050e-03
1.355000000000000071e+01 1.471576999999999955e-03
1.359999999999999964e+01 1.276959999999999944e-03
1.365000000000000036e+01 1.033241999999999971e-03
1.369999999999999929e+01 7.547584000000000411e-04
1.375000000000000000e+01 4.568115000000000088e-04
1.380000000000000071e+01 1.545754000000000041e-04
1.384999999999999964e+01 -1.377968999999999884e-04
1.390000000000000036e+01 -4.077792999999999804e-04
1.394999999999999929e+01 -6.448018999999999496e-04
1.400000000000000000e+01 -8.403990999999999545e-04
1.405000000000000071e+01 -1.000388000000000058e-03
1.409999999999999964e+01 -1.109628999999999997e-03
1.415000000000000036e+01 -1.165704999999999953e-03
1.419999999999999929e+01 -1.168847999999999892e-03
1.425000000000000000e+01 -1.121676999999999961e-03
1.430000000000000071e+01 -1.028828000000000078e-03
1.434999999999999964e+01 -8.965161000000000137e-04
1.440000000000000036e+01 -7.320964000000000334e-04
1.444999999999999929e+01 -5.436517000000000519e-04
1.450000000000000000e+01 -3.396386000000000045e-04
1.455000000000000071e+01 -1.285993999999999939e-04
1.459999999999999964e+01 8.106575999999999615e-05
1.465000000000000036e+01 2.812852999999999816e-04
1.469999999999999929e+01 4.644835000000000261e-04
1.475000000000000000e+01 6.237518000000000272e-04
1.480000000000000071e+01 7.530383000000000302e-04
1.484999999999999964e+01 8.473623999999999696e-04
1.490000000000000036e+01 9.030467999999999612e-04
1.494999999999999929e+01 9.179471999999999719e-04
1.500000000000000000e+01 8.916558999999999683e-04
1.505000000000000071e+01 8.320282000000000242e-04
1.509999999999999964e+01 7.361806000000000036e-04
1.515000000000000036e+01 6.083955000000000266e-04
1.519999999999999929e+01 4.546808999999999855e-04
1.525000000000000000e+01 2.825316000000000242e-04
1.530000000000000071e+01 1.005544999999999941e-04
1.534999999999999964e+01 -8.202492999999999666e-05
1.540000000000000036e+01 -2.559412999999999749e-04
1.544999999999999929e+01 -4.125037999999999925e-04
1.550000000000000000e+01 -5.441851000000000153e-04
1.555000000000000071e+01 -6.451217999999999666e-04
1.559999999999999964e+01 -7.114683999999999592e-04
1.565000000000000036e+01 -7.415673000000000447e-04
1.569999999999999929e+01 -7.359188999999999922e-04
1.575000000000000000e+01 -6.969685000000000203e-04
1.580000000000000071e+01 -6.287506999999999905e-04
1.584999999999999964e+01 -5.364489000000000063e-04
1.590000000000000036e+01 -4.259352000000000212e-04
1.594999999999999929e+01 -3.033460999999999992e-04
1.600000000000000000e+01 -1.747367000000000104e-04
1.605000000000000071e+01 -4.818628000000000174e-05
1.610000000000000142e+01 7.452858000000000193e-05
1.614999999999999858e+01 1.889892999999999966e-04
1.619999999999999929e+01 2.913368000000000056e-04
1.625000000000000000e+01 3.782845999999999865e-04
1.630000000000000071e+01 4.471343999999999926e-04
1.635000000000000142e+01 4.958090999999999757e-04
1.639999999999999858e+01 5.229126999999999647e-04
1.644999999999999929e+01 5.278111999999999518e-04
1.650000000000000000e+01 5.107179999999999576e-04
1.655000000000000071e+01 4.727611999999999960e-04
1.660000000000000142e+01 4.160069999999999762e-04
1.664999999999999858e+01 3.434196000000000145e-04
1.669999999999999929e+01 2.587423000000000045e-04
1.675000000000000000e+01 1.663032999999999905e-04
1.680000000000000071e+01 7.075702000000000174e-05
1.685000000000000142e+01 -2.321319999999999994e-05
1.689999999999999858e+01 -1.111992000000000042e-04
1.694999999999999929e+01 -1.893447000000000034e-04
1.700000000000000000e+01 -2.545641000000000180e-04
1.705000000000000071e+01 -3.078402999999999739e-04
1.710000000000000142e+01 -3.447750000000000185e-04
1.714999999999999858e+01 -3.647057000000000207e-04
1.719999999999999929e+01 -3.678403000000000228e-04
1.725000000000000000e+01 -3.551391000000000096e-04
1.730000000000000071e+01 -3.281709999999999857e-04
1.735000000000000142e+01 -2.889624999999999833e-04
1.739999999999999858e+01 -2.398590000000000086e-04
1.744999999999999929e+01 -1.834058999999999917e-04
1.750000000000000000e+01 -1.222518000000000075e-04
1.755000000000000071e+01 -5.907081999999999833e-05
1.760000000000000142e+01 3.505751999999999905e-06
1.764999999999999858e+01 6.295617999999999733e-05
1.769999999999999929e+01 1.169414999999999984e-04
1.775000000000000000e+01 1.633874000000000003e-04
1.780000000000000071e+01 2.005719999999999899e-04
1.785000000000000142e+01 2.272131999999999949e-04
1.789999999999999858e+01 2.425430000000000121e-04
1.794999999999999929e+01 2.463591000000000110e-04
1.800000000000000000e+01 2.390419999999999926e-04
1.805000000000000071e+01 2.247627999999999887e-04
1.810000000000000142e+01 2.013384999999999969e-04
1.814999999999999858e+01 1.701742000000000012e-04
1.819999999999999929e+01 1.330034000000000012e-04
1.825000000000000000e+01 9.177221000000000272e-05
1.830000000000000071e+01 4.851632999999999700e-05
1.835000000000000142e+01 5.242525999999999652e-06
1.839999999999999858e+01 -3.617409000000000249e-05
1.844999999999999929e+01 -7.407028000000000667e-05
1.850000000000000000e+01 -1.070495000000000057e-04
1.855000000000000071e+01 -1.340128000000000055e-04
1.860000000000000142e+01 -1.541694000000000083e-04
1.864999999999999858e+01 -1.670346000000000016e-04
1.869999999999999929e+01 -1.724197000000000121e-04
1.875000000000000000e+01 -1.704192999999999897e-04
1.880000000000000071e+01 -1.613998000000000060e-04
1.885000000000000142e+01 -1.459861000000000015e-04
1.889999999999999858e+01 -1.250466999999999898e-04
1.894999999999999929e+01 -9.967098000000000027e-05
1.900000000000000000e+01 -7.113602000000000607e-05
1.905000000000000071e+01 -4.159278999999999857e-05
1.910000000000000142e+01 -1.106811000000000066e-05
1.914999999999999858e+01 1.900396000000000024e-05
1.919999999999999929e+01 4.720199999999999971e-05
1.925000000000000000e+01 7.220298999999999901e-05
1.930000000000000071e+01 9.286717000000000214e-05
1.935000000000000142e+01 1.083132000000000051e-04
1.939999999999999858e+01 1.179753999999999954e-04
1.944999999999999929e+01 1.216359999999999989e-04
1.950000000000000000e+01 1.194291999999999983e-04
1.955000000000000071e+01 1.118180000000000058e-04
1.960000000000000142e+01 9.954444999999999863e-05
1.964999999999999858e+01 8.356258999999999779e-05
1.969999999999999929e+01 6.495958999999999989e-05
1.975000000000000000e+01 4.487450999999999940e-05
1.980000000000000071e+01 2.442225999999999883e-05
1.985000000000000142e+01 4.628573999999999741e-06
1.989999999999999858e+01 -1.361989999999999982e-05
1.994999999999999929e+01 -2.960898999999999991e-05
2.000000000000000000e+01 -4.281452999999999680e-05
