# # Once                                                         FEFF 10.0.0 
# # POT  SCF 100  9.0000   0, NO core-hole, FOLP (folp(0)= 1.000)
# # Abs   Z=30 Rmt= 1.197 Rnm= 1.521 K  shell
# #   RGRID 0.0100
# # Pot 1 Z= 6 Rmt= 0.779 Rnm= 1.121
# # Pot 2 Z= 6 Rmt= 0.805 Rnm= 1.167
# # Pot 3 Z= 1 Rmt= 0.552 Rnm= 0.959
# # Pot 4 Z=16 Rmt= 1.097 Rnm= 1.482
# # Gam_ch=1.897E+00 H-L exch Vi= 0.000E+00 Vr= 0.000E+00
# # Mu=-4.507E+00eV kf=1.395E+00 Vint=-9.137E+00eV Rs_int= 2.600
# FMS rfms= 9.0000
# # PATH  Rmax= 0.100,  Keep_limit= 0.00, Heap_limit 0.00  Pwcrit= 2.50%
#  S02=1.000  Temp=  10.00  Debye_temp= 315.00  Global_sig2= 0.00000
#  Energy zero shift, vr, vi    0.00000E+00   0.00000E+00
#  Curved wave amplitude ratio filter   4.000%
#     file         sig2 tot  cw amp ratio   deg  nlegs   reff  inp sig2
#     0/   0 paths used
#  xsedge+ 50, used to normalize mu           1.0000E+00
#  -----------------------------------------------------------------------
#  omega    e    k    mu    mu0     chi     @#
      9554.5392110045      -24.5071562000       -2.2911494664    3.4226969298E-06    4.0794827216E-06   -6.5678579184E-07
      9555.5392110045      -23.5071562000       -2.2331362757    3.6122416666E-06    4.3122802735E-06   -7.0003860690E-07
      9556.5392110045      -22.5071562000       -2.1735752517    3.8217385207E-06    4.5722409208E-06   -7.5050240011E-07
      9557.5392110045      -21.5071562000       -2.1123354666    4.0544000301E-06    4.8642837254E-06   -8.0988369528E-07
      9558.5392110045      -20.5071562000       -2.0492663191    4.3141559936E-06    5.1945709140E-06   -8.8041492040E-07
      9559.5392110045      -19.5071562000       -1.9841936954    4.6058639624E-06    5.5709225534E-06   -9.6505859096E-07
      9560.5392110045      -18.5071562000       -1.9169132400    4.9355983510E-06    6.0034077528E-06   -1.0678094018E-06
      9561.5392110045      -17.5071562000       -1.8471837768    5.3110547857E-06    6.5052062464E-06   -1.1941514607E-06
      9562.5392110045      -16.5071562000       -1.7747167214    5.7421273178E-06    7.0938956553E-06   -1.3517683375E-06
      9563.5392110045      -15.5071562000       -1.6991619081    6.2417518503E-06    7.7934302753E-06   -1.5516784251E-06
      9564.5392110045      -14.5071562000       -1.6200872587    6.8271721726E-06    8.6372845655E-06   -1.8101123930E-06
      9565.0392110045      -14.0071562000       -1.5790658039    7.1590837997E-06    9.1276070056E-06   -1.9685232059E-06
      9565.5392110045      -13.5071562000       -1.5369497306    7.5219010347E-06    9.6736424451E-06   -2.1517414104E-06
      9566.0392110045      -13.0071562000       -1.4936466613    7.9200564484E-06    1.0285170247E-05   -2.3651137984E-06
      9566.5392110045      -12.5071562000       -1.4490501841    8.3588732771E-06    1.0974362481E-05   -2.6154892040E-06
      9567.0392110045      -12.0071562000       -1.4030367413    8.8448037261E-06    1.1756555400E-05   -2.9117516738E-06
      9567.5392110045      -11.5071562000       -1.3554622724    9.3857496022E-06    1.2651337379E-05   -3.2655877768E-06
      9568.0392110045      -11.0071562000       -1.3061560932    9.9915012672E-06    1.3684114622E-05   -3.6926133546E-06
      9568.5392110045      -10.5071562000       -1.2549141860    1.0674350533E-05    1.4888416368E-05   -4.2140658346E-06
      9569.0392110045      -10.0071562000       -1.2014889076    1.1449965937E-05    1.6309377277E-05   -4.8594113403E-06
      9569.5392110245       -9.5071561800       -1.1455747332    1.2338675712E-05    1.8009154011E-05   -5.6704782982E-06
      9570.0392110245       -9.0071561800       -1.0867876258    1.3367405952E-05    2.0075635193E-05   -6.7082292417E-06
      9570.5392110245       -8.5071561800       -1.0246331595    1.4572715200E-05    2.2636994192E-05   -8.0642789919E-06
      9571.0392110245       -8.0071561800       -0.9584566200    1.6005747837E-05    2.5887092838E-05   -9.8813450010E-06
      9571.5392110245       -7.5071561800       -0.8873583607    1.7740729591E-05    3.0132111722E-05   -1.2391382130E-05
      9572.0392110245       -7.0071561800       -0.8100436294    1.9890395016E-05    3.5881080508E-05   -1.5990685493E-05
      9572.5392110245       -6.5071561800       -0.7245250921    2.2635804043E-05    4.4032126009E-05   -2.1396321967E-05
      9573.0392110245       -6.0071561800       -0.6274570930    2.6287096266E-05    5.6272233955E-05   -2.9985137690E-05
      9573.5392110245       -5.5071561800       -0.5123165798    3.1404617768E-05    7.5894375946E-05   -4.4489758178E-05
      9574.0392110245       -5.0071561800       -0.3622625460    3.8945015416E-05    1.0864314658E-04   -6.9698131165E-05
      9574.5392110245       -4.5071561800        0.0000000000    4.9833382083E-05    1.5790381158E-04   -1.0807042950E-04
      9575.0392110245       -4.0071561800        0.3622625460    6.3036319026E-05    2.0901293193E-04   -1.4597661291E-04
      9575.5392110245       -3.5071561800        0.5123165798    7.7513814334E-05    2.4734060935E-04   -1.6982679501E-04
      9576.0392110245       -3.0071561800        0.6274570930    9.5131494118E-05    2.7325796356E-04   -1.7812646944E-04
      9576.5392110245       -2.5071561800        0.7245250921    1.1819007286E-04    2.9086342748E-04   -1.7267335462E-04
      9577.0392110245       -2.0071561800        0.8100436294    1.4853401273E-04    3.0279438595E-04   -1.5426037322E-04
      9577.5392110245       -1.5071561800        0.8873583607    1.8649388660E-04    3.1060100066E-04   -1.2410711405E-04
      9578.0392110245       -1.0071561800        0.9584566200    2.2932055825E-04    3.1531480615E-04   -8.5994247893E-05
      9578.5392110295       -0.5071561750        1.0246331595    2.7118533229E-04    3.1765371891E-04   -4.6468386612E-05
      9579.0392110293       -0.0071561752        1.0867876258    3.0610266261E-04    3.1818522155E-04   -1.2082558948E-05
      9579.5392110295        0.4928438250        1.1455747332    3.3103534125E-04    3.1734456986E-04    1.3690771390E-05
      9580.0392110295        0.9928438250        1.2014889076    3.4556065020E-04    3.1547575549E-04    3.0084894711E-05
      9580.5392110245        1.4928438200        1.2549141860    3.5045615834E-04    3.1284896701E-04    3.7607191332E-05
      9581.0392110245        1.9928438200        1.3061560932    3.4793278699E-04    3.0968279122E-04    3.8249995769E-05
      9581.5392110245        2.4928438200        1.3554622724    3.4183590952E-04    3.0613802681E-04    3.5697882705E-05
      9582.0392110245        2.9928438200        1.4030367413    3.3601936879E-04    3.0234796010E-04    3.3671408685E-05
      9582.5392110245        3.4928438200        1.4490501841    3.3303606059E-04    2.9840917879E-04    3.4626881803E-05
      9583.0392110245        3.9928438200        1.4936466613    3.3371110772E-04    2.9440955719E-04    3.9301550529E-05
      9583.5392110245        4.4928438200        1.5369497306    3.3730329999E-04    2.9039559955E-04    4.6907700440E-05
      9584.0392110245        4.9928438200        1.5790658039    3.4135458525E-04    2.8640877964E-04    5.4945805612E-05
      9584.5392110245        5.4928438200        1.6200872587    3.4235597654E-04    2.8247371887E-04    5.9882257665E-05
      9585.1659866745        6.1196194700        1.6700872977    3.3588947370E-04    2.7761576277E-04    5.8273710931E-05
      9585.8118122345        6.7654450300        1.7200873036    3.2191131621E-04    2.7253496036E-04    4.9376355848E-05
      9586.4766877145        7.4303205100        1.7700872793    3.0556230178E-04    2.6745474826E-04    3.8107553518E-05
      9587.1606131145        8.1142459100        1.8200872856    2.9342451325E-04    2.6456127934E-04    2.8863233911E-05
      9587.8635884345        8.8172212300        1.8700873770    2.8686776399E-04    2.6381558699E-04    2.3052177003E-05
      9588.5856136745        9.5392464700        1.9200873252    2.8260194005E-04    2.6309256753E-04    1.9509372515E-05
      9589.3266888045       10.2803216000        1.9700873572    2.7890192987E-04    2.6163016473E-04    1.7271765143E-05
      9590.0868139045       11.0404467000        2.0200873613    2.7572831646E-04    2.5961723773E-04    1.6111078730E-05
      9590.8659889045       11.8196217000        2.0700873396    2.7322556170E-04    2.5722718282E-04    1.5998378874E-05
      9591.6642138045       12.6178466000        2.1200873943    2.7137700770E-04    2.5446933977E-04    1.6907667923E-05
      9592.4814887045       13.4351215000        2.1700873240    2.7001233418E-04    2.5130654697E-04    1.8705787210E-05
      9593.3178134045       14.2714462000        2.2200873288    2.6881920644E-04    2.4779167826E-04    2.1027528179E-05
      9594.1731881045       15.1268209000        2.2700873101    2.6727436907E-04    2.4399506309E-04    2.3279305986E-05
      9595.0476127045       16.0012455000        2.3200873610    2.6497185017E-04    2.4013765385E-04    2.4834196323E-05
      9595.9410873045       16.8947201000        2.3700872976    2.6177413272E-04    2.3647036683E-04    2.5303765889E-05
      9596.8536117045       17.8072445000        2.4200873029    2.5766065718E-04    2.3307283548E-04    2.4587821705E-05
      9597.7851861045       18.7388189000        2.4700872865    2.5278898618E-04    2.2997423778E-04    2.2814748406E-05
      9598.7358103045       19.6894431000        2.5200873342    2.4739723039E-04    2.2718203208E-04    2.0215198312E-05
      9599.7054845045       20.6591173000        2.5700872766    2.4167662359E-04    2.2467753759E-04    1.6999085994E-05
      9600.6942087045       21.6478415000        2.6200872821    2.3574281376E-04    2.2245068778E-04    1.3292125979E-05
      9601.7019827045       22.6556155000        2.6700872676    2.2959631255E-04    2.2048788832E-04    9.1084242287E-06
      9602.7288067045       23.6824395000        2.7200873124    2.2316862013E-04    2.1876564880E-04    4.4029713286E-06
      9603.7746806045       24.7283134000        2.7700872596    2.1642512281E-04    2.1726261557E-04   -8.3749276760E-07
      9604.8396044045       25.7932372000        2.8200872653    2.0944191800E-04    2.1597065240E-04   -6.5287344045E-06
      9605.9235781045       26.8772109000        2.8700873265    2.0244466694E-04    2.1486750857E-04   -1.2422841622E-05
      9607.0266017045       27.9802345000        2.9200872946    1.9582862372E-04    2.1394491019E-04   -1.8116286473E-05
      9608.1486753045       29.1023081000        2.9700873176    1.9005801977E-04    2.1319461711E-04   -2.3136597337E-05
      9609.2897988045       30.2434316000        3.0200872517    1.8555013508E-04    2.1260870348E-04   -2.7058568392E-05
      9610.4499722045       31.4036050000        3.0700872401    1.8257563768E-04    2.1218002312E-04   -2.9604385435E-05
      9611.6291955045       32.5828283000        3.1200872801    1.8122639006E-04    2.1188667496E-04   -3.0660284909E-05
      9612.8274688045       33.7811016000        3.1700872349    1.8145803266E-04    2.1173353800E-04   -3.0275505342E-05
      9614.0447919045       34.9984247000        3.2200872408    1.8310697743E-04    2.1171387303E-04   -2.8606895602E-05
      9615.2811650045       36.2347978000        3.2700871651    1.8592646006E-04    2.1180505220E-04   -2.5878592140E-05
      9616.5365880045       37.4902208000        3.3200872682    1.8965309727E-04    2.1200984863E-04   -2.2356751355E-05
      9617.8110609045       38.7646937000        3.3700874155    1.9401228668E-04    2.1232740593E-04   -1.8315119254E-05
      9619.1045838045       40.0582166000        3.4200874809    1.9873533549E-04    2.1274397559E-04   -1.4008640105E-05
      9620.4171566045       41.3707894000        3.4700874677    2.0359492601E-04    2.1325261139E-04   -9.6576853819E-06
      9621.7487792045       42.7024120000        3.5200873794    2.0842089265E-04    2.1385255152E-04   -5.4316588688E-06
      9623.0994519045       44.0530847000        3.5700874575    2.1307475036E-04    2.1453070007E-04   -1.4559497103E-06
      9624.4691744045       45.4228072000        3.6200873425    2.1746896298E-04    2.1528404491E-04    2.1849180726E-06
      9625.8579468045       46.8115796000        3.6700873901    2.2154722748E-04    2.1611182103E-04    5.4354064532E-06
      9627.2657692045       48.2194020000        3.7200873650    2.2526178522E-04    2.1700152735E-04    8.2602578752E-06
      9628.6926415045       49.6462743000        3.7700873829    2.2858800008E-04    2.1794404815E-04    1.0643951930E-05
      9630.1385637045       51.0921965000        3.8200872194    2.3153114898E-04    2.1894270858E-04    1.2588440395E-05
      9631.6035358045       52.5571686000        3.8700873213    2.3408683348E-04    2.1997772531E-04    1.4109108169E-05
      9633.0875579045       54.0411907000        3.9200871357    2.3628899642E-04    2.2105529253E-04    1.5233703889E-05
      9634.5906298045       55.5442626000        3.9700873166    2.3814277298E-04    2.2215349130E-04    1.5989281687E-05
      9636.1127517045       57.0663845000        4.0200872151    2.3968934609E-04    2.2328883267E-04    1.6400513419E-05
      9637.6539235045       58.6075563000        4.0700872600    2.4090345655E-04    2.2442751160E-04    1.6475944956E-05
      9639.2141453045       60.1677781000        4.1200870326    2.4179724371E-04    2.2558557959E-04    1.6211664123E-05
      9640.7934169045       61.7470497000        4.1700873594    2.4232614767E-04    2.2674075527E-04    1.5585392396E-05
      9642.3917385045       63.3453713000        4.2200870102    2.4246386699E-04    2.2789910524E-04    1.4564761754E-05
      9644.0091100045       64.9627428000        4.2700874045    2.4214679184E-04    2.2904222069E-04    1.3104571153E-05
      9645.6455314045       66.5991642000        4.3200871369    2.4133681288E-04    2.3016553811E-04    1.1171274767E-05
      9647.3010027045       68.2546355000        4.3700873990    2.4001810029E-04    2.3126725978E-04    8.7508405097E-06
      9648.9755240045       69.9291568000        4.4200875951    2.3821399305E-04    2.3233881584E-04    5.8751772086E-06
      9650.6690951045       71.6227279000        4.4700873463    2.3601442988E-04    2.3337770814E-04    2.6367217373E-06
      9652.3817162045       73.3353490000        4.5200876093    2.3355841516E-04    2.3437003186E-04   -8.1161670049E-07
      9654.1133872045       75.0670200000        4.5700872495    2.3105001553E-04    2.3531814473E-04   -4.2681292030E-06
      9655.8641082045       76.8177410000        4.6200875770    2.2869200594E-04    2.3620393529E-04   -7.5119293494E-06
      9657.6338790045       78.5875118000        4.6700872937    2.2670254806E-04    2.3704045519E-04   -1.0337907130E-05
      9659.4226998045       80.3763326000        4.7200875012    2.2521997438E-04    2.3780498090E-04   -1.2585006515E-05
      9661.2305705045       82.1842033000        4.7700872916    2.2435587950E-04    2.3851137197E-04   -1.4155492472E-05
      9663.0574911045       84.0111239000        4.8200875611    2.2412575376E-04    2.3914330074E-04   -1.5017546975E-05
      9664.9034616045       85.8570944000        4.8700872460    2.2451230463E-04    2.3970947669E-04   -1.5197172055E-05
      9666.7684821045       87.7221149000        4.9200874025    2.2542739829E-04    2.4019246169E-04   -1.4765063404E-05
      9668.6525524045       89.6061852000        4.9700873309    2.2678507779E-04    2.4060236538E-04   -1.3817287590E-05
      9670.5556727045       91.5093055000        5.0200875471    2.2847406540E-04    2.4093921112E-04   -1.2465145720E-05
      9672.4778429045       93.4314757000        5.0700872027    2.3037955406E-04    2.4119703607E-04   -1.0817482016E-05
      9674.4190631045       95.3726959000        5.1200874783    2.3240089433E-04    2.4137596717E-04   -8.9750728398E-06
      9676.3793331045       97.3329659000        5.1700872031    2.3445430801E-04    2.4147689911E-04   -7.0225910992E-06
      9678.3586531045       99.3122859000        5.2200873716    2.3648598107E-04    2.4151105647E-04   -5.0250754006E-06
      9680.3570232045      101.3106560000        5.2700871633    2.3843600605E-04    2.4146291858E-04   -3.0269125306E-06
      9682.3744432045      103.3280760000        5.3200873890    2.4029421577E-04    2.4135022053E-04   -1.0560047573E-06
      9684.4109122045      105.3645450000        5.3700870854    2.4204637893E-04    2.4117544176E-04    8.7093717035E-07
      9686.4664322045      107.4200650000        5.4200875237    2.4367314693E-04    2.4093413929E-04    2.7390076472E-06
      9688.5410022045      109.4946350000        5.4700872829    2.4515693424E-04    2.4063252150E-04    4.5244127417E-06
      9690.6346212045      111.5882540000        5.5200873067    2.4646930096E-04    2.4027817711E-04    6.1911238463E-06
      9692.7472902045      113.7009230000        5.5700872823    2.4755755178E-04    2.3986835708E-04    7.6891947088E-06
      9694.8790102045      115.8326430000        5.6200875141    2.4837505230E-04    2.3941687085E-04    8.9581814526E-06
      9697.0297792045      117.9834120000        5.6700870942    2.4885978516E-04    2.3892592087E-04    9.9338642834E-06
      9699.1995982045      120.1532310000        5.7200875283    2.4895441366E-04    2.3839747207E-04    1.0556941590E-05
      9701.3884672045      122.3421000000        5.7700870235    2.4862637236E-04    2.3784566707E-04    1.0780705290E-05
      9703.5963862045      124.5500190000        5.8200873593    2.4784173496E-04    2.3726296958E-04    1.0578765378E-05
      9705.8233552045      126.7769880000        5.8700870640    2.4662315347E-04    2.3667001783E-04    9.9531356447E-06
      9708.0693742045      129.0230070000        5.9200873040    2.4500238693E-04    2.3606543385E-04    8.9369530750E-06
      9710.3344432045      131.2880760000        5.9700872103    2.4305433809E-04    2.3546171144E-04    7.5926266496E-06
      9712.6185622045      133.5721950000        6.0200873568    2.4079842008E-04    2.3485201458E-04    5.9464055032E-06
