# # Once                                                         FEFF 10.0.0 
# # POT  SCF 100  9.0000   0, NO core-hole, FOLP (folp(0)= 1.150)
# # Abs   Z=30 Rmt= 1.378 Rnm= 1.522 K  shell
# #   RGRID 0.0100
# # Pot 1 Z= 6 Rmt= 0.898 Rnm= 1.121
# # Pot 2 Z= 6 Rmt= 0.928 Rnm= 1.163
# # Pot 3 Z= 1 Rmt= 0.548 Rnm= 0.930
# # Pot 4 Z=16 Rmt= 1.259 Rnm= 1.479
# # Gam_ch=1.897E+00 H-L exch Vi=-5.000E-01 Vr= 0.000E+00
# # Mu=-7.026E+00eV kf=1.322E+00 Vint=-9.424E+00eV Rs_int= 2.744
# FMS rfms= 9.0000
# # PATH  Rmax= 0.100,  Keep_limit= 0.00, Heap_limit 0.00  Pwcrit= 2.50%
#  S02=1.000  Temp=  10.00  Debye_temp= 315.00  Global_sig2= 0.00000
#  Energy zero shift, vr, vi    0.00000E+00   0.00000E+00
#  Curved wave amplitude ratio filter   4.000%
#     file         sig2 tot  cw amp ratio   deg  nlegs   reff  inp sig2
#     0/   0 paths used
#  xsedge+ 50, used to normalize mu           1.0000E+00
#  -----------------------------------------------------------------------
#  omega    e    k    mu    mu0     chi     @#
      9653.6565310435      -17.0258095000       -1.6200872587    2.7309538076E-06    3.9290932431E-06   -1.1981394356E-06
      9654.1565310435      -16.5258095000       -1.5790658039    2.8546726221E-06    4.1560777550E-06   -1.3014051329E-06
      9654.6565310435      -16.0258095000       -1.5369497306    2.9891542839E-06    4.4091897257E-06   -1.4200354418E-06
      9655.1565310435      -15.5258095000       -1.4936466613    3.1358490260E-06    4.6930709986E-06   -1.5572219726E-06
      9655.6565310435      -15.0258095000       -1.4490501841    3.2964825673E-06    5.0135132760E-06   -1.7170307086E-06
      9656.1565310435      -14.5258095000       -1.4030367413    3.4731264955E-06    5.3778343122E-06   -1.9047078166E-06
      9656.6565310435      -14.0258095000       -1.3554622724    3.6682922293E-06    5.7954113739E-06   -2.1271191447E-06
      9657.1565310435      -13.5258095000       -1.3061560932    3.8850587744E-06    6.2784541987E-06   -2.3933954243E-06
      9657.6565310435      -13.0258095000       -1.2549141860    4.1272501455E-06    6.8431527131E-06   -2.7159025676E-06
      9658.1565310435      -12.5258095000       -1.2014889076    4.3996879728E-06    7.5114296205E-06   -3.1117416477E-06
      9658.6565310435      -12.0258095000       -1.1455747332    4.7085619726E-06    8.3137047476E-06   -3.6051427749E-06
      9659.1565310435      -11.5258095000       -1.0867876258    5.0619930820E-06    9.2934236812E-06   -4.2314305992E-06
      9659.6565310435      -11.0258095000       -1.0246331595    5.4709278860E-06    1.0514817947E-05   -5.0438900606E-06
      9660.1565310435      -10.5258095000       -0.9584566200    5.9506392226E-06    1.2076943565E-05   -6.1263043428E-06
      9660.6565310435      -10.0258095000       -0.8873583607    6.5234249169E-06    1.4140828046E-05   -7.6174031294E-06
      9661.1565310635       -9.5258094800       -0.8100436294    7.2239167949E-06    1.6986559935E-05   -9.7626431402E-06
      9661.6565310635       -9.0258094800       -0.7245250921    8.1108324946E-06    2.1147119800E-05   -1.3036287305E-05
      9662.1565310635       -8.5258094800       -0.6274570930    9.2974489264E-06    2.7771122455E-05   -1.8473673529E-05
      9662.6565310635       -8.0258094800       -0.5123165798    1.1049461875E-05    3.9821461363E-05   -2.8771999487E-05
      9663.1565310635       -7.5258094800       -0.3622625460    1.4189126404E-05    6.7099124492E-05   -5.2909998088E-05
      9663.6565310635       -7.0258094800        0.0000000000    2.1212493948E-05    1.4001816665E-04   -1.1880567270E-04
      9664.1565310635       -6.5258094800        0.3622625460    2.8458765525E-05    2.2625236071E-04   -1.9779359518E-04
      9664.6565310635       -6.0258094800        0.5123165798    3.4060623312E-05    2.7975048755E-04   -2.4568986423E-04
      9665.1565310635       -5.5258094800        0.6274570930    4.0578368848E-05    3.1408777377E-04   -2.7350940492E-04
      9665.6565310635       -5.0258094800        0.7245250921    4.9849929535E-05    3.3488446711E-04   -2.8503453757E-04
      9666.1565310635       -4.5258094800        0.8100436294    6.3822838007E-05    3.4532573355E-04   -2.8150289554E-04
      9666.6565310635       -4.0258094800        0.8873583607    8.5376962851E-05    3.4824069033E-04   -2.6286372748E-04
      9667.1565310635       -3.5258094800        0.9584566200    1.1873469098E-04    3.4609310482E-04   -2.2735841385E-04
      9667.6565310635       -3.0258094800        1.0246331595    1.6976736333E-04    3.4076717336E-04   -1.7099981003E-04
      9668.1565310635       -2.5258094800        1.0867876258    2.3847859417E-04    3.3362471257E-04   -9.5146118399E-05
      9668.6565310635       -2.0258094800        1.1455747332    2.9812573532E-04    3.2559091568E-04   -2.7465180358E-05
      9669.1565310635       -1.5258094800        1.2014889076    3.2098519132E-04    3.1725689422E-04    3.7282970973E-06
      9669.6565310635       -1.0258094800        1.2549141860    3.2714729816E-04    3.0899608076E-04    1.8151217400E-05
      9670.1565310675       -0.5258094760        1.3061560932    3.3831708604E-04    3.0102932404E-04    3.7287762006E-05
      9670.6565310671       -0.0258094764        1.3554622724    3.5087326970E-04    2.9348237024E-04    5.7390899462E-05
      9671.1565310675        0.4741905240        1.4030367413    3.5251467086E-04    2.8640817250E-04    6.6106498364E-05
      9671.6565310675        0.9741905240        1.4490501841    3.4213082987E-04    2.7983518812E-04    6.2295641757E-05
      9672.1565310635        1.4741905200        1.4936466613    3.2853199937E-04    2.7375901091E-04    5.4772988455E-05
      9672.6565310635        1.9741905200        1.5369497306    3.1729325483E-04    2.6816402517E-04    4.9129229653E-05
      9673.1565310635        2.4741905200        1.5790658039    3.0884465104E-04    2.6299538521E-04    4.5849265825E-05
      9673.6565310635        2.9741905200        1.6200872587    3.0274508849E-04    2.5814033105E-04    4.4604757446E-05
      9674.2833067035        3.6009661600        1.6700872977    2.9902786559E-04    2.5277601815E-04    4.6251847436E-05
      9674.9291322735        4.2467917300        1.7200873036    2.9785143034E-04    2.4868639820E-04    4.9165032135E-05
      9675.5940077535        4.9116672100        1.7700872793    2.9571688066E-04    2.4909020441E-04    4.6626676256E-05
      9676.2779331535        5.5955926100        1.8200872856    2.8773302781E-04    2.4850959908E-04    3.9223428721E-05
      9676.9809084735        6.2985679300        1.8700873770    2.7714327188E-04    2.4642740626E-04    3.0715865617E-05
      9677.7029337135        7.0205931700        1.9200873252    2.6655966809E-04    2.4339884309E-04    2.3160825001E-05
      9678.4440088735        7.7616683300        1.9700873572    2.5747650721E-04    2.3991602204E-04    1.7560485177E-05
      9679.2041339635        8.5217934200        2.0200873613    2.5012664549E-04    2.3607868038E-04    1.4047965106E-05
      9679.9833089635        9.3009684200        2.0700873396    2.4429576567E-04    2.3194469547E-04    1.2351070209E-05
      9680.7815338435       10.0991933000        2.1200873943    2.3970691923E-04    2.2757682702E-04    1.2130092219E-05
      9681.5988087435       10.9164682000        2.1700873240    2.3614200216E-04    2.2305049380E-04    1.3091508367E-05
      9682.4351334435       11.7527929000        2.2200873288    2.3368025718E-04    2.1880886095E-04    1.4871396225E-05
      9683.2905081435       12.6081676000        2.2700873101    2.3234228252E-04    2.1537175012E-04    1.6970532409E-05
      9684.1649327435       13.4825922000        2.3200873610    2.3163866638E-04    2.1268545139E-04    1.8953214990E-05
      9685.0584073435       14.3760668000        2.3700872976    2.3107988263E-04    2.1058999820E-04    2.0489884426E-05
      9685.9709317435       15.2885912000        2.4200873029    2.3032049384E-04    2.0897766652E-04    2.1342827324E-05
      9686.9025061435       16.2201656000        2.4700872865    2.2916265375E-04    2.0778990478E-04    2.1372748971E-05
      9687.8531303435       17.1707898000        2.5200873342    2.2757002700E-04    2.0698416121E-04    2.0585865789E-05
      9688.8228045435       18.1404640000        2.5700872766    2.2560145357E-04    2.0653165472E-04    1.9069798848E-05
      9689.8115287435       19.1291882000        2.6200872821    2.2322321816E-04    2.0635572972E-04    1.6867488439E-05
      9690.8193027435       20.1369622000        2.6700872676    2.2035861538E-04    2.0642854255E-04    1.3930072830E-05
      9691.8461267435       21.1637862000        2.7200873124    2.1687924055E-04    2.0671720829E-04    1.0162032259E-05
      9692.8920006435       22.2096601000        2.7700872596    2.1271531514E-04    2.0719466906E-04    5.5206460809E-06
      9693.9569244435       23.2745839000        2.8200872653    2.0797351656E-04    2.0785050655E-04    1.2301000876E-07
      9695.0408981435       24.3585576000        2.8700873265    2.0293252390E-04    2.0864737936E-04   -5.7148554583E-06
      9696.1439217435       25.4615812000        2.9200872946    1.9805571387E-04    2.0957575973E-04   -1.1520045869E-05
      9697.2659953435       26.5836548000        2.9700873176    1.9383967502E-04    2.1061694337E-04   -1.6777268350E-05
      9698.4071188435       27.7247783000        3.0200872517    1.9071109635E-04    2.1176482760E-04   -2.1053731252E-05
      9699.5672922435       28.8849517000        3.0700872401    1.8893031932E-04    2.1300588661E-04   -2.4075567289E-05
      9700.7465155435       30.0641750000        3.1200872801    1.8859106915E-04    2.1431547586E-04   -2.5724406709E-05
      9701.9447888435       31.2624483000        3.1700872349    1.8968493154E-04    2.1568839183E-04   -2.6003460289E-05
      9703.1621119435       32.4797714000        3.2200872408    1.9209966788E-04    2.1710670279E-04   -2.5007034910E-05
      9704.3984850435       33.7161445000        3.2700871651    1.9567069839E-04    2.1857210259E-04   -2.2901404198E-05
      9705.6539080435       34.9715675000        3.3200872682    2.0014367735E-04    2.2005174224E-04   -1.9908064895E-05
      9706.9283809435       36.2460404000        3.3700874155    2.0526995148E-04    2.2154856850E-04   -1.6278617018E-05
      9708.2219038435       37.5395633000        3.4200874809    2.1078295048E-04    2.2304123331E-04   -1.2258282827E-05
      9709.5344766435       38.8521361000        3.4700874677    2.1645837135E-04    2.2452723990E-04   -8.0688685541E-06
      9710.8660992435       40.1837587000        3.5200873794    2.2209965534E-04    2.2598756873E-04   -3.8879133857E-06
      9712.2167719435       41.5344314000        3.5700874575    2.2756430813E-04    2.2741013047E-04    1.5417766155E-07
      9713.5864944435       42.9041539000        3.6200873425    2.3276355367E-04    2.2879678693E-04    3.9667667400E-06
      9714.9752668435       44.2929263000        3.6700873901    2.3760513169E-04    2.3012067199E-04    7.4844596952E-06
      9716.3830892435       45.7007487000        3.7200873650    2.4204354422E-04    2.3138823005E-04    1.0655314168E-05
      9717.8099615435       47.1276210000        3.7700873829    2.4600289294E-04    2.3257942005E-04    1.3423472893E-05
      9719.2558837435       48.5735432000        3.8200872194    2.4942151917E-04    2.3368956991E-04    1.5731949258E-05
      9720.7208558435       50.0385153000        3.8700873213    2.5223045218E-04    2.3471101125E-04    1.7519440932E-05
      9722.2048779435       51.5225374000        3.9200871357    2.5437683726E-04    2.3564190931E-04    1.8734927948E-05
      9723.7079498435       53.0256093000        3.9700873166    2.5581887133E-04    2.3648002341E-04    1.9338847926E-05
      9725.2300717435       54.5477312000        4.0200872151    2.5652374562E-04    2.3721159418E-04    1.9312151439E-05
      9726.7712435435       56.0889030000        4.0700872600    2.5649389491E-04    2.3784188634E-04    1.8652008569E-05
      9728.3314653435       57.6491248000        4.1200870326    2.5574631139E-04    2.3837002728E-04    1.7376284115E-05
      9729.9107369435       59.2283964000        4.1700873594    2.5430285183E-04    2.3878997922E-04    1.5512872616E-05
      9731.5090585435       60.8267180000        4.2200870102    2.5220480507E-04    2.3910201560E-04    1.3102789477E-05
      9733.1264300435       62.4440895000        4.2700874045    2.4951171079E-04    2.3931877396E-04    1.0192936829E-05
      9734.7628514435       64.0805109000        4.3200871369    2.4626555952E-04    2.3942948758E-04    6.8360719417E-06
      9736.4183227435       65.7359822000        4.3700873990    2.4255341271E-04    2.3944681995E-04    3.1065927557E-06
      9738.0928440435       67.4105035000        4.4200875951    2.3847994642E-04    2.3936815227E-04   -8.8820584535E-07
      9739.7864151435       69.1040746000        4.4700873463    2.3422716044E-04    2.3921332742E-04   -4.9861669801E-06
      9741.4990362435       70.8166957000        4.5200876093    2.3000409388E-04    2.3897257644E-04   -8.9684825579E-06
      9743.2307072435       72.5483667000        4.5700872495    2.2608205081E-04    2.3866003098E-04   -1.2577980167E-05
      9744.9814281435       74.2990876000        4.6200875770    2.2272392957E-04    2.3828531855E-04   -1.5561388988E-05
      9746.7511990435       76.0688585000        4.6700872937    2.2012361309E-04    2.3784454125E-04   -1.7720928164E-05
      9748.5400198435       77.8576793000        4.7200875012    2.1840657312E-04    2.3735205739E-04   -1.8945484274E-05
      9750.3478905435       79.6655500000        4.7700872916    2.1759246879E-04    2.3681868786E-04   -1.9226219065E-05
      9752.1748111435       81.4924706000        4.8200875611    2.1761720630E-04    2.3625364360E-04   -1.8636437297E-05
      9754.0207816435       83.3384411000        4.8700872460    2.1835521602E-04    2.3565870541E-04   -1.7303489388E-05
      9755.8858021435       85.2034616000        4.9200874025    2.1965667596E-04    2.3503766394E-04   -1.5380987980E-05
      9757.7698724435       87.0875319000        4.9700873309    2.2138681716E-04    2.3441177949E-04   -1.3024962327E-05
      9759.6729927435       88.9906522000        5.0200875471    2.2340018688E-04    2.3377724222E-04   -1.0377055336E-05
      9761.5951629435       90.9128224000        5.0700872027    2.2557955256E-04    2.3314277775E-04   -7.5632251963E-06
      9763.5363831435       92.8540426000        5.1200874783    2.2782869524E-04    2.3251693808E-04   -4.6882428342E-06
      9765.4966531435       94.8143126000        5.1700872031    2.3006081731E-04    2.3190329700E-04   -1.8424796882E-06
      9767.4759731435       96.7936326000        5.2200873716    2.3220853133E-04    2.3131520325E-04    8.9332808542E-07
      9769.4743430435       98.7920025000        5.2700871633    2.3418865077E-04    2.3074121670E-04    3.4474340685E-06
      9771.4917625435      100.8094220000        5.3200873890    2.3594738120E-04    2.3019617793E-04    5.7512032679E-06
      9773.5282325435      102.8458920000        5.3700870854    2.3743362223E-04    2.2968761760E-04    7.7460046380E-06
      9775.5837525435      104.9014120000        5.4200875237    2.3859063946E-04    2.2920588383E-04    9.3847556227E-06
      9777.6583215435      106.9759810000        5.4700872829    2.3941030443E-04    2.2877663716E-04    1.0633667262E-05
      9779.7519415435      109.0696010000        5.5200873067    2.3985672074E-04    2.2838045247E-04    1.1476268267E-05
      9781.8646105435      111.1822700000        5.5700872823    2.3993608349E-04    2.2802468617E-04    1.1911397321E-05
      9783.9963295435      113.3139890000        5.6200875141    2.3966424638E-04    2.2771592735E-04    1.1948319037E-05
      9786.1470995435      115.4647590000        5.6700870942    2.3904603716E-04    2.2744282331E-04    1.1603213854E-05
      9788.3169185435      117.6345780000        5.7200875283    2.3811875172E-04    2.2722452140E-04    1.0894230325E-05
      9790.5057875435      119.8234470000        5.7700870235    2.3688915713E-04    2.2704779803E-04    9.8413590957E-06
      9792.7137065435      122.0313660000        5.8200873593    2.3538918449E-04    2.2691944570E-04    8.4697387899E-06
      9794.9406755435      124.2583350000        5.8700870640    2.3365068353E-04    2.2683217471E-04    6.8185088247E-06
      9797.1866945435      126.5043540000        5.9200873040    2.3173098558E-04    2.2678511716E-04    4.9458684220E-06
      9799.4517635435      128.7694230000        5.9700872103    2.2971945479E-04    2.2677915812E-04    2.9402966666E-06
      9801.7358815435      131.0535410000        6.0200873568    2.2775444748E-04    2.2682781739E-04    9.2663009041E-07
