# # Once                                                         FEFF 10.0.0 
# # POT  SCF 100  9.0000   0, core-hole, FOLP (folp(0)= 1.150)
# # Abs   Z=30 Rmt= 1.381 Rnm= 1.525 K  shell
# #   RGRID 0.0100
# # Pot 1 Z= 6 Rmt= 0.899 Rnm= 1.123
# # Pot 2 Z= 6 Rmt= 0.923 Rnm= 1.165
# # Pot 3 Z= 1 Rmt= 0.551 Rnm= 0.958
# # Pot 4 Z=16 Rmt= 1.251 Rnm= 1.468
# # Gam_ch=1.897E+00 H-L exch Vi= 0.000E+00 Vr= 0.000E+00
# # Mu=-6.961E+00eV kf=1.983E+00 Vint=-1.288E+01eV Rs_int= 1.829
# # PATH  Rmax= 6.000,  Keep_limit= 0.00, Heap_limit 0.00  Pwcrit= 2.50%
#  S02=1.000  Temp=  10.00  Debye_temp= 315.00  Global_sig2= 0.00000
#  Energy zero shift, vr, vi    0.00000E+00   0.00000E+00
#  Curved wave amplitude ratio filter   4.000%
#     file         sig2 tot  cw amp ratio   deg  nlegs   reff  inp sig2
#           1       0.00288    100.00      1.00     2   2.3460
#           2       0.00303    197.00      2.00     2   2.3593
#           3       0.00307     97.60      1.00     2   2.3677
#           4       0.02303     13.62      1.00     2   2.9586
#           5       0.02234     12.20      1.00     2   3.0843
#           6       0.02315     11.31      1.00     2   3.1727
#           7       0.02825     11.07      1.00     2   3.1985
#           8       0.00644     39.11      1.00     2   3.2766
#           9       0.00573     38.98      1.00     2   3.2807
#          10       0.00592     38.64      1.00     2   3.2911
#          11       0.00592     38.13      1.00     2   3.3074
#          12       0.03136      9.83      1.00     2   3.3437
#          13       0.02501      8.20      1.00     2   3.5748
#          14       0.02430      7.79      1.00     2   3.6425
#          15       0.01188     17.66      2.00     3   3.6640
#          16       0.00403     43.89      2.00     3   3.7252
#          17       0.01108     14.17      2.00     3   3.7290
#          18       0.00426     42.83      2.00     3   3.7364
#          19       0.00416     43.12      2.00     3   3.7385
#          20       0.00419     43.07      2.00     3   3.7456
#          21       0.01152     12.35      2.00     3   3.7866
#          22       0.01373     11.65      2.00     3   3.7910
#          23       0.00932     25.11      1.00     2   3.8447
#          24       0.01501      7.73      2.00     3   3.8676
#          25       0.02530      6.45      1.00     2   3.9019
#          26       0.01461      7.68      2.00     3   3.9159
#          27       0.01491      7.42      2.00     3   3.9677
#          28       0.01638      7.33      2.00     3   3.9837
#          29       0.01308      8.54      2.00     3   3.9879
#          30       0.01302      9.55      2.00     3   4.0082
#          31       0.02176      8.94      1.00     4   4.0515
#          33       0.01457     13.92      2.00     3   4.1358
#          34       0.01655     14.53      2.00     3   4.1400
#          35       0.00433     15.36      1.00     4   4.1697
#          36       0.01494      6.60      2.00     3   4.1735
#          38       0.01874      7.84      1.00     4   4.1774
#          39       0.00455     14.71      1.00     4   4.1837
#          40       0.00453     14.98      1.00     4   4.1858
#          41       0.00451     15.11      1.00     4   4.1961
#          42       0.01464      6.58      2.00     3   4.2029
#          44       0.00423      9.02      2.00     3   4.2351
#          47       0.01259      5.08      1.00     2   4.2471
#          48       0.00412      9.57      2.00     3   4.2494
#          50       0.01881      7.20      1.00     4   4.2658
#          51       0.00432      9.91      2.00     3   4.2826
#          52       0.02476      7.01      1.00     4   4.2908
#          53       0.00436      9.95      2.00     3   4.3036
#          54       0.00441     10.25      2.00     3   4.3063
#          56       0.01099     20.66      2.00     3   4.3158
#          57       0.00420     10.95      2.00     3   4.3190
#          58       0.00605     17.61      2.00     3   4.3253
#          59       0.01461      6.52      2.00     3   4.3412
#          60       0.04617      4.76      1.00     2   4.3465
#          61       0.01163      8.38      1.00     4   4.3698
#          62       0.03063      4.68      1.00     2   4.3712
#          64       0.01101     23.04      1.00     4   4.3846
#          66       0.01073      4.89      2.00     4   4.4260
#          67       0.03042      6.71      1.00     4   4.4353
#          68       0.00927     16.66      1.00     2   4.4367
#          69       0.01073      6.22      2.00     4   4.4528
#          70       0.01748      4.27      2.00     4   4.4566
#          71       0.01756      4.15      2.00     4   4.4671
#          72       0.01184      9.00      2.00     3   4.4982
#          73       0.00562     15.16      2.00     3   4.5041
#          74       0.02052      4.24      2.00     4   4.5233
#          75       0.01645      4.46      2.00     4   4.5425
#          76       0.00948     20.11      2.00     4   4.5669
#          78       0.00961      7.53      2.00     4   4.5751
#          80       0.01303      4.92      2.00     3   4.5948
#          81       0.01151      9.44      2.00     4   4.5956
#          84       0.00589     28.96      2.00     3   4.6145
#          85       0.01112      5.56      2.00     4   4.6206
#          86       0.00597     14.73      1.00     2   4.6264
#          87       0.01745      8.49      2.00     3   4.6546
#          88       0.01827      4.90      1.00     4   4.6684
#          89       0.01683      6.72      2.00     4   4.6707
#          90       0.00577      8.83      1.00     4   4.6920
#          91       0.00582     14.10      1.00     2   4.6960
#          92       0.00451      5.01      2.00     4   4.7048
#          94       0.00555     40.04      2.00     3   4.7111
#          96       0.00605      8.58      1.00     4   4.7177
#          97       0.00470      4.18      2.00     4   4.7182
#          98       0.00605      8.57      1.00     4   4.7186
#         102       0.00614      8.41      1.00     4   4.7354
#         103       0.01409      4.34      1.00     4   4.7493
#         105       0.00573     42.26      2.00     3   4.7600
#         106       0.00951     14.19      2.00     4   4.7632
#         107       0.00982      7.07      2.00     3   4.7725
#         108       0.00500      7.27      2.00     4   4.7727
#         109       0.00644     23.02      1.00     4   4.7922
#         110       0.00551     16.92      2.00     3   4.7962
#         111       0.00631     38.17      1.00     4   4.7958
#         114       0.00651     41.37      1.00     4   4.8241
#         115       0.01251      4.99      2.00     4   4.8252
#         116       0.01479     13.31      2.00     3   4.8373
#         118       0.00489     22.23      2.00     3   4.8684
#         123       0.00499     23.01      2.00     3   4.9176
#         124       0.00891      6.51      2.00     3   4.9330
#         125       0.01360      4.38      1.00     4   4.9379
#         126       0.01307     13.14      1.00     4   4.9404
#         127       0.01131     10.42      2.00     4   4.9502
#         129       0.00454     34.93      2.00     4   4.9530
#         130       0.00491     18.97      2.00     4   4.9740
#         131       0.00468     38.39      2.00     4   4.9816
#         132       0.00507      7.21      2.00     4   4.9848
#         133       0.01173      7.60      2.00     4   5.0019
#         134       0.00898      6.08      2.00     3   5.0110
#         135       0.00923     12.43      2.00     4   5.0177
#         138       0.02003      5.01      2.00     4   5.0278
#         139       0.02234      5.62      2.00     3   5.0355
#         140       0.00533     18.21      2.00     4   5.0742
#         141       0.00939     12.47      2.00     4   5.0751
#         142       0.01614      4.15      2.00     4   5.0755
#         143       0.01405      4.67      2.00     3   5.0940
#         144       0.01736      4.82      2.00     3   5.0976
#         145       0.00643      6.27      1.00     4   5.1044
#         146       0.00683      6.10      1.00     4   5.1051
#         147       0.00524     10.16      1.00     4   5.1103
#         148       0.01252      7.52      2.00     4   5.1158
#         149       0.00702      6.15      1.00     4   5.1176
#         150       0.02212      6.25      2.00     3   5.1212
#         152       0.00668      6.16      1.00     4   5.1323
#         154       0.01351      5.68      2.00     4   5.1353
#         155       0.00537     11.60      1.00     4   5.1392
#         156       0.01226      4.30      2.00     4   5.1542
#         157       0.00551      4.70      1.00     4   5.1558
#         158       0.00471     26.87      2.00     4   5.1556
#         160       0.01203      7.67      2.00     4   5.1594
#         161       0.01718      5.11      2.00     3   5.1812
#         162       0.02196      7.42      2.00     3   5.1888
#         163       0.01159      4.56      2.00     4   5.1901
#         165       0.01143      9.45      2.00     4   5.1972
#         166       0.00481     28.58      2.00     4   5.1982
#         168       0.00885      4.11      2.00     3   5.2114
#         169       0.02157      9.25      2.00     3   5.2163
#         170       0.01564      5.80      2.00     3   5.2332
#         172       0.01233      7.32      2.00     4   5.2392
#         173       0.02166      9.02      2.00     3   5.2498
#         174       0.02393      4.29      2.00     3   5.2557
#         175       0.01091     10.84      2.00     4   5.2755
#         176       0.01434      6.59      2.00     3   5.2784
#         177       0.01572      6.16      2.00     3   5.2843
#         178       0.01102     10.30      2.00     4   5.2948
#         179       0.02373      5.06      2.00     4   5.3046
#         180       0.00651      5.68      2.00     3   5.3064
#         181       0.02407      7.99      1.00     4   5.3081
#         183       0.01608      6.07      2.00     3   5.3149
#         185       0.01265      8.21      2.00     4   5.3179
#         186       0.01161      7.97      2.00     4   5.3216
#         187       0.01529      6.56      2.00     3   5.3258
#         190       0.02416      7.76      1.00     4   5.3419
#         192       0.02419      5.11      1.00     4   5.3508
#         194       0.00698      6.41      2.00     3   5.3700
#         195       0.01341      8.22      2.00     3   5.3714
#         196       0.01601      9.73      2.00     4   5.3760
#         197       0.01598      4.19      2.00     4   5.3787
#         198       0.01645      7.32      2.00     4   5.3952
#         199       0.01160      7.94      2.00     4   5.4050
#         200       0.01614      9.55      2.00     4   5.4069
#         201       0.01610      5.27      2.00     4   5.4094
#         202       0.01494      7.32      2.00     3   5.4120
#         204       0.01135      5.20      2.00     3   5.4221
#         205       0.01327      7.86      2.00     4   5.4221
#         206       0.01228      6.15      2.00     4   5.4387
#         208       0.01223      8.78      2.00     4   5.4403
#         209       0.01263      6.20      2.00     4   5.4405
#         210       0.01473      4.36      1.00     4   5.4409
#         213       0.01464      5.68      1.00     4   5.4447
#         214       0.01525      7.35      2.00     3   5.4539
#         215       0.01181      7.47      2.00     4   5.4561
#         216       0.00635      8.34      2.00     3   5.4612
#         217       0.00665      8.97      2.00     3   5.4704
#         218       0.01490      5.85      1.00     4   5.4713
#         220       0.01132      4.75      2.00     3   5.4735
#         221       0.01217      5.92      2.00     4   5.4737
#         223       0.00621      7.86      2.00     3   5.4801
#         224       0.01112      6.94      2.00     4   5.4847
#         225       0.01109     10.71      2.00     4   5.4865
#         226       0.01140      5.81      2.00     4   5.4967
#         227       0.01128      7.86      2.00     4   5.5068
#         228       0.01171      8.84      2.00     4   5.5139
#         231       0.01169      6.66      1.00     4   5.5321
#         232       0.01028      4.24      2.00     4   5.5369
#         233       0.01142      7.86      2.00     4   5.5375
#         237       0.01223      8.53      2.00     4   5.5492
#         238       0.01121      7.22      2.00     3   5.5505
#         240       0.01179      7.99      2.00     4   5.5656
#         242       0.01074      6.11      2.00     4   5.5818
#         243       0.01062     11.35      2.00     4   5.5832
#         244       0.01114      6.85      2.00     3   5.6137
#         245       0.00533      9.92      2.00     4   5.6218
#         246       0.00727      7.86      2.00     4   5.6226
#         247       0.00891      4.83      2.00     4   5.6267
#         248       0.00531      9.38      2.00     4   5.6286
#         250       0.01090      5.59      2.00     4   5.6306
#         251       0.01078     11.12      2.00     4   5.6311
#         252       0.01144      9.05      2.00     4   5.6352
#         253       0.00675      7.00      2.00     4   5.6400
#         254       0.00995      4.70      2.00     4   5.6443
#         256       0.00939      4.72      2.00     4   5.6504
#         257       0.00542      9.30      2.00     4   5.6513
#         258       0.00714      4.43      2.00     4   5.6588
#         259       0.01131      5.94      2.00     4   5.6641
#         260       0.00935      4.68      2.00     4   5.6663
#         261       0.00668      6.40      2.00     4   5.6751
#         262       0.01162      8.97      2.00     4   5.6778
#         264       0.00550      4.41      2.00     4   5.6827
#         265       0.01141      5.70      2.00     4   5.6951
#         268       0.01000      5.64      1.00     4   5.7216
#         269       0.01052      6.26      2.00     4   5.7309
#         271       0.01169      4.66      2.00     4   5.7677
#         274       0.01389      4.71      2.00     4   5.7856
#         275       0.00999      5.25      1.00     4   5.7910
#         276       0.00985      8.02      2.00     4   5.7925
#         277       0.01187      4.87      2.00     4   5.7931
#         279       0.00990      8.24      2.00     4   5.8353
#         280       0.01383      5.22      2.00     4   5.8565
#         281       0.00926      5.19      2.00     4   5.8832
#         282       0.01408      5.26      2.00     4   5.8921
#         283       0.00967      4.64      2.00     4   5.9062
#         284       0.00719      9.58      1.00     4   5.9523
#         285       0.00976      4.64      2.00     4   5.9529
#   222/ 275 paths used
#  xsedge+50, used to normalize mu           1.0000E+00
#  -----------------------------------------------------------------------
#  omega    e    k    mu    mu0     chi     @#
    9923.618     -6.961   0.000 -1.74994E-05  1.45735E-04 -5.56858E-01
    9923.627     -6.952   0.050 -2.28377E-05  1.47626E-04 -5.80712E-01
    9923.656     -6.923   0.100 -2.80906E-05  1.49517E-04 -6.04210E-01
    9923.704     -6.876   0.150 -4.31014E-05  1.55140E-04 -6.71789E-01
    9923.770     -6.809   0.200 -5.72325E-05  1.60764E-04 -7.35877E-01
    9923.856     -6.723   0.250 -7.86401E-05  1.69697E-04 -8.33542E-01
    9923.961     -6.618   0.300 -9.71797E-05  1.78630E-04 -9.20532E-01
    9924.085     -6.495   0.350 -1.18681E-04  1.89471E-04 -1.02183E+00
    9924.227     -6.352   0.400 -1.33943E-04  2.00312E-04 -1.10126E+00
    9924.389     -6.190   0.450 -1.46187E-04  2.10987E-04 -1.16962E+00
    9924.570     -6.009   0.500 -1.48321E-04  2.21661E-04 -1.20425E+00
    9924.770     -5.809   0.550 -1.41061E-04  2.30646E-04 -1.20430E+00
    9924.989     -5.590   0.600 -1.21534E-04  2.39630E-04 -1.16478E+00
    9925.228     -5.352   0.650 -8.92140E-05  2.46440E-04 -1.08011E+00
    9925.485     -5.094   0.700 -4.64570E-05  2.53250E-04 -9.62295E-01
    9925.761     -4.818   0.750  6.56125E-06  2.57977E-04 -8.07814E-01
    9926.056     -4.523   0.800  6.39533E-05  2.62705E-04 -6.39051E-01
    9926.371     -4.209   0.850  1.24085E-04  2.65602E-04 -4.56773E-01
    9926.704     -3.875   0.900  1.80749E-04  2.68500E-04 -2.84324E-01
    9927.056     -3.523   0.950  2.31752E-04  2.69837E-04 -1.24249E-01
    9927.428     -3.151   1.000  2.73532E-04  2.71173E-04  7.74938E-03
    9927.818     -2.761   1.050  3.04662E-04  2.71218E-04  1.10917E-01
    9928.228     -2.351   1.100  3.25162E-04  2.71262E-04  1.80486E-01
    9928.657     -1.923   1.150  3.35150E-04  2.70276E-04  2.19788E-01
    9929.104     -1.475   1.200  3.37303E-04  2.69290E-04  2.33170E-01
    9929.571     -1.008   1.250  3.32997E-04  2.67531E-04  2.27446E-01
    9930.057     -0.522   1.300  3.25628E-04  2.65773E-04  2.10779E-01
    9930.562     -0.018   1.350  3.17036E-04  2.63481E-04  1.91326E-01
    9931.085      0.506   1.400  3.09414E-04  2.61188E-04  1.74821E-01
    9931.628      1.049   1.450  3.04210E-04  2.58564E-04  1.67964E-01
    9932.190      1.611   1.500  3.01235E-04  2.55939E-04  1.69231E-01
    9932.771      2.192   1.550  3.00864E-04  2.53156E-04  1.80949E-01
    9933.371      2.792   1.600  3.00869E-04  2.50374E-04  1.94479E-01
    9933.991      3.411   1.650  3.00358E-04  2.47560E-04  2.06400E-01
    9934.629      4.050   1.700  2.97239E-04  2.44746E-04  2.08329E-01
    9935.286      4.707   1.750  2.90548E-04  2.42002E-04  1.95447E-01
    9935.962      5.383   1.800  2.79968E-04  2.39258E-04  1.66299E-01
    9936.658      6.078   1.850  2.67519E-04  2.36649E-04  1.27823E-01
    9937.372      6.793   1.900  2.52389E-04  2.34040E-04  7.70296E-02
    9938.105      7.526   1.950  2.42204E-04  2.31576E-04  4.51812E-02
    9938.858      8.279   2.000  2.30419E-04  2.29113E-04  5.62578E-03
    9939.629      9.050   2.050  2.26321E-04  2.26981E-04 -2.87662E-03
    9940.420      9.841   2.100  2.26066E-04  2.24850E-04  5.36042E-03
    9941.230     10.650   2.150  2.28948E-04  2.22718E-04  2.77953E-02
    9942.058     11.479   2.200  2.33231E-04  2.20587E-04  5.71087E-02
    9942.906     12.327   2.250  2.38223E-04  2.20380E-04  8.10966E-02
    9943.773     13.194   2.300  2.41612E-04  2.20174E-04  9.80556E-02
    9944.659     14.079   2.350  2.42566E-04  2.19967E-04  1.04022E-01
    9945.563     14.984   2.400  2.40986E-04  2.19760E-04  9.83272E-02
    9946.487     15.908   2.450  2.38059E-04  2.19858E-04  8.45444E-02
    9947.430     16.851   2.500  2.34561E-04  2.19955E-04  6.80252E-02
    9948.392     17.813   2.550  2.30918E-04  2.20052E-04  5.07421E-02
    9949.373     18.794   2.600  2.27449E-04  2.20149E-04  3.41813E-02
    9950.373     19.794   2.650  2.23149E-04  2.19703E-04  1.61737E-02
    9951.393     20.814   2.700  2.18952E-04  2.19256E-04 -1.42893E-03
    9952.431     21.852   2.750  2.14853E-04  2.18809E-04 -1.86554E-02
    9953.488     22.909   2.800  2.10808E-04  2.18362E-04 -3.57028E-02
    9954.564     23.985   2.850  2.07120E-04  2.18156E-04 -5.21250E-02
    9955.660     25.081   2.900  2.03597E-04  2.17949E-04 -6.77546E-02
    9956.774     26.195   2.950  2.00272E-04  2.17742E-04 -8.24334E-02
    9957.908     27.329   3.000  1.97235E-04  2.17535E-04 -9.57344E-02
    9959.060     28.481   3.050  1.95125E-04  2.17566E-04 -1.05610E-01
    9960.232     29.653   3.100  1.93644E-04  2.17596E-04 -1.12485E-01
    9961.422     30.843   3.150  1.92949E-04  2.17627E-04 -1.15652E-01
    9962.632     32.053   3.200  1.93166E-04  2.17658E-04 -1.14536E-01
    9963.861     33.282   3.250  1.94629E-04  2.17879E-04 -1.08401E-01
    9965.109     34.529   3.300  1.96968E-04  2.18101E-04 -9.82315E-02
    9966.375     35.796   3.350  2.00158E-04  2.18323E-04 -8.41796E-02
    9967.661     37.082   3.400  2.04058E-04  2.18545E-04 -6.69301E-02
    9968.966     38.387   3.450  2.08498E-04  2.18910E-04 -4.79360E-02
    9970.290     39.711   3.500  2.13136E-04  2.19275E-04 -2.81639E-02
    9971.633     41.054   3.550  2.17754E-04  2.19640E-04 -8.61889E-03
    9972.995     42.416   3.600  2.22160E-04  2.20005E-04  9.81831E-03
    9974.376     43.797   3.650  2.26213E-04  2.20446E-04  2.61820E-02
    9975.777     45.197   3.700  2.29804E-04  2.20887E-04  4.03429E-02
    9977.196     46.617   3.750  2.32884E-04  2.21328E-04  5.20958E-02
    9978.634     48.055   3.800  2.35440E-04  2.21769E-04  6.14186E-02
    9980.091     49.512   3.850  2.37501E-04  2.22220E-04  6.84349E-02
    9981.568     50.989   3.900  2.39106E-04  2.22671E-04  7.33756E-02
    9983.063     52.484   3.950  2.40288E-04  2.23122E-04  7.63991E-02
    9984.578     53.998   4.000  2.41068E-04  2.23573E-04  7.76205E-02
    9986.111     55.532   4.050  2.41424E-04  2.23970E-04  7.72479E-02
    9987.664     57.085   4.100  2.41388E-04  2.24368E-04  7.51410E-02
    9989.235     58.656   4.150  2.40939E-04  2.24766E-04  7.12301E-02
    9990.826     60.247   4.200  2.40057E-04  2.25163E-04  6.54332E-02
    9992.436     61.857   4.250  2.38642E-04  2.25451E-04  5.78556E-02
    9994.064     63.485   4.300  2.36786E-04  2.25739E-04  4.83754E-02
    9995.712     65.133   4.350  2.34521E-04  2.26027E-04  3.71343E-02
    9997.379     66.800   4.400  2.31909E-04  2.26315E-04  2.44198E-02
    9999.065     68.486   4.450  2.28912E-04  2.26460E-04  1.06934E-02
   10000.770     70.191   4.500  2.25788E-04  2.26605E-04 -3.55978E-03
   10002.494     71.915   4.550  2.22690E-04  2.26750E-04 -1.76868E-02
   10004.237     73.658   4.600  2.19774E-04  2.26895E-04 -3.09964E-02
   10005.999     75.420   4.650  2.17028E-04  2.26891E-04 -4.29317E-02
   10007.780     77.201   4.700  2.14749E-04  2.26886E-04 -5.28357E-02
   10009.581     79.001   4.750  2.13039E-04  2.26881E-04 -6.02678E-02
   10011.400     80.821   4.800  2.11956E-04  2.26876E-04 -6.49694E-02
   10013.238     82.659   4.850  2.11373E-04  2.26741E-04 -6.69673E-02
   10015.096     84.516   4.900  2.11411E-04  2.26605E-04 -6.62621E-02
   10016.972     86.393   4.950  2.12006E-04  2.26469E-04 -6.31216E-02
   10018.867     88.288   5.000  2.13072E-04  2.26333E-04 -5.79208E-02
   10020.782     90.203   5.050  2.14417E-04  2.26100E-04 -5.10833E-02
   10022.716     92.136   5.100  2.16042E-04  2.25866E-04 -4.30084E-02
   10024.668     94.089   5.150  2.17853E-04  2.25632E-04 -3.40962E-02
   10026.640     96.061   5.200  2.19772E-04  2.25399E-04 -2.46906E-02
   10028.631     98.051   5.250  2.21705E-04  2.25114E-04 -1.49822E-02
   10030.640    100.061   5.300  2.23634E-04  2.24830E-04 -5.26345E-03
   10032.669    102.090   5.350  2.25512E-04  2.24545E-04  4.25827E-03
   10034.717    104.138   5.400  2.27294E-04  2.24261E-04  1.33818E-02
   10036.784    106.205   5.450  2.28957E-04  2.23973E-04  2.20146E-02
   10038.870    108.291   5.500  2.30421E-04  2.23685E-04  2.97893E-02
   10040.975    110.396   5.550  2.31626E-04  2.23397E-04  3.64374E-02
   10043.099    112.520   5.600  2.32513E-04  2.23109E-04  4.16917E-02
   10045.242    114.663   5.650  2.33084E-04  2.22857E-04  4.53833E-02
   10047.404    116.825   5.700  2.33236E-04  2.22605E-04  4.72203E-02
   10049.585    119.006   5.750  2.32947E-04  2.22354E-04  4.71052E-02
   10051.786    121.207   5.800  2.32224E-04  2.22102E-04  4.50519E-02
   10054.005    123.426   5.850  2.31169E-04  2.21916E-04  4.12152E-02
   10056.243    125.664   5.900  2.29759E-04  2.21729E-04  3.57847E-02
   10058.501    127.922   5.950  2.28067E-04  2.21543E-04  2.90965E-02
   10060.777    130.198   6.000  2.26185E-04  2.21356E-04  2.15470E-02
   10063.073    132.494   6.050  2.24327E-04  2.21288E-04  1.35651E-02
   10065.387    134.808   6.100  2.22451E-04  2.21219E-04  5.49751E-03
   10067.721    137.142   6.150  2.20640E-04  2.21150E-04 -2.27977E-03
   10070.074    139.495   6.200  2.18965E-04  2.21082E-04 -9.44676E-03
   10072.445    141.866   6.250  2.17485E-04  2.21013E-04 -1.57509E-02
   10074.836    144.257   6.300  2.16239E-04  2.20944E-04 -2.10099E-02
   10077.246    146.667   6.350  2.15253E-04  2.20876E-04 -2.51082E-02
   10079.675    149.096   6.400  2.14539E-04  2.20807E-04 -2.79890E-02
   10082.123    151.544   6.450  2.14100E-04  2.20739E-04 -2.96458E-02
   10084.590    154.011   6.500  2.13928E-04  2.20670E-04 -3.01133E-02
   10087.076    156.497   6.550  2.14028E-04  2.20680E-04 -2.97118E-02
   10089.581    159.002   6.600  2.14367E-04  2.20691E-04 -2.82422E-02
   10092.105    161.526   6.650  2.14923E-04  2.20701E-04 -2.58048E-02
   10094.648    164.069   6.700  2.15666E-04  2.20712E-04 -2.25306E-02
   10097.210    166.631   6.750  2.16561E-04  2.20722E-04 -1.85790E-02
   10099.792    169.212   6.800  2.17567E-04  2.20733E-04 -1.41323E-02
   10102.392    171.813   6.850  2.18640E-04  2.20744E-04 -9.38852E-03
   10105.011    174.432   6.900  2.19735E-04  2.20754E-04 -4.55085E-03
   10107.650    177.070   6.950  2.20806E-04  2.20765E-04  1.82885E-04
   10110.307    179.728   7.000  2.21813E-04  2.20775E-04  4.63110E-03
   10112.984    182.404   7.050  2.22656E-04  2.20697E-04  8.74952E-03
   10115.679    185.100   7.100  2.23373E-04  2.20619E-04  1.23092E-02
   10118.394    187.815   7.150  2.23942E-04  2.20540E-04  1.52092E-02
   10121.127    190.548   7.200  2.24349E-04  2.20462E-04  1.73883E-02
   10123.880    193.301   7.250  2.24588E-04  2.20384E-04  1.88231E-02
   10126.652    196.073   7.300  2.24663E-04  2.20305E-04  1.95212E-02
   10129.443    198.864   7.350  2.24581E-04  2.20227E-04  1.95149E-02
   10132.253    201.673   7.400  2.24353E-04  2.20149E-04  1.88547E-02
   10135.082    204.502   7.450  2.23993E-04  2.20071E-04  1.76027E-02
   10137.929    207.350   7.500  2.23518E-04  2.19992E-04  1.58298E-02
   10140.797    210.217   7.550  2.22785E-04  2.19760E-04  1.36042E-02
   10143.683    213.103   7.600  2.21975E-04  2.19528E-04  1.10229E-02
   10146.588    216.009   7.650  2.21109E-04  2.19295E-04  8.17765E-03
   10149.512    218.933   7.700  2.20205E-04  2.19063E-04  5.15984E-03
   10152.455    221.876   7.750  2.19286E-04  2.18831E-04  2.06046E-03
   10155.417    224.838   7.800  2.18371E-04  2.18598E-04 -1.02964E-03
   10158.399    227.819   7.850  2.17480E-04  2.18366E-04 -4.01965E-03
   10161.399    230.820   7.900  2.16632E-04  2.18133E-04 -6.81899E-03
   10164.418    233.839   7.950  2.15848E-04  2.17901E-04 -9.33839E-03
   10167.457    236.878   8.000  2.15146E-04  2.17669E-04 -1.14917E-02
   10170.514    239.935   8.050  2.14479E-04  2.17376E-04 -1.32205E-02
   10173.591    243.012   8.100  2.13922E-04  2.17083E-04 -1.44466E-02
   10176.687    246.107   8.150  2.13488E-04  2.16790E-04 -1.51167E-02
   10179.801    249.222   8.200  2.13184E-04  2.16497E-04 -1.51931E-02
   10182.935    252.356   8.250  2.13013E-04  2.16204E-04 -1.46585E-02
   10186.088    255.509   8.300  2.12973E-04  2.15911E-04 -1.35209E-02
   10189.260    258.680   8.350  2.13054E-04  2.15618E-04 -1.18171E-02
   10192.450    261.871   8.400  2.13242E-04  2.15326E-04 -9.61621E-03
   10195.660    265.081   8.450  2.13515E-04  2.15033E-04 -7.01863E-03
   10198.889    268.310   8.500  2.13843E-04  2.14740E-04 -4.15334E-03
   10202.137    271.558   8.550  2.14259E-04  2.14511E-04 -1.16864E-03
   10205.404    274.825   8.600  2.14670E-04  2.14282E-04  1.80459E-03
   10208.690    278.111   8.650  2.15043E-04  2.14053E-04  4.60632E-03
   10211.996    281.416   8.700  2.15346E-04  2.13823E-04  7.08683E-03
   10215.320    284.741   8.750  2.15551E-04  2.13594E-04  9.11905E-03
   10218.663    288.084   8.800  2.15639E-04  2.13365E-04  1.06090E-02
   10222.025    291.446   8.850  2.15599E-04  2.13136E-04  1.15029E-02
   10225.407    294.828   8.900  2.15428E-04  2.12907E-04  1.17899E-02
   10228.807    298.228   8.950  2.15134E-04  2.12678E-04  1.15003E-02
   10232.227    301.647   9.000  2.14731E-04  2.12449E-04  1.06992E-02
   10235.665    305.086   9.050  2.14340E-04  2.12307E-04  9.54128E-03
   10239.123    308.544   9.100  2.13878E-04  2.12165E-04  8.04395E-03
   10242.599    312.020   9.150  2.13365E-04  2.12023E-04  6.31118E-03
   10246.095    315.516   9.200  2.12825E-04  2.11880E-04  4.44456E-03
   10249.610    319.030   9.250  2.12277E-04  2.11738E-04  2.53640E-03
   10253.143    322.564   9.300  2.11737E-04  2.11596E-04  6.65734E-04
   10256.696    326.117   9.350  2.11220E-04  2.11454E-04 -1.10296E-03
   10260.268    329.689   9.400  2.10736E-04  2.11312E-04 -2.71865E-03
   10263.859    333.280   9.450  2.10293E-04  2.11170E-04 -4.14127E-03
   10267.469    336.890   9.500  2.09898E-04  2.11028E-04 -5.33881E-03
   10271.098    340.519   9.550  2.09550E-04  2.10887E-04 -6.32848E-03
   10274.746    344.167   9.600  2.09258E-04  2.10747E-04 -7.05209E-03
   10278.413    347.834   9.650  2.09026E-04  2.10607E-04 -7.48935E-03
   10282.099    351.520   9.700  2.08858E-04  2.10466E-04 -7.62637E-03
   10285.805    355.225   9.750  2.08755E-04  2.10326E-04 -7.45813E-03
   10289.529    358.950   9.800  2.08714E-04  2.10186E-04 -6.99110E-03
   10293.272    362.693   9.850  2.08732E-04  2.10045E-04 -6.24539E-03
   10297.034    366.455   9.900  2.08801E-04  2.09905E-04 -5.25555E-03
   10300.816    370.237   9.950  2.08910E-04  2.09765E-04 -4.06991E-03
   10304.616    374.037  10.000  2.09048E-04  2.09624E-04 -2.74811E-03
   10308.436    377.857  10.050  2.09103E-04  2.09387E-04 -1.35826E-03
   10312.274    381.695  10.100  2.09160E-04  2.09150E-04  4.55023E-05
   10316.132    385.553  10.150  2.09205E-04  2.08913E-04  1.39519E-03
   10320.009    389.429  10.200  2.09224E-04  2.08676E-04  2.62784E-03
   10323.904    393.325  10.250  2.09208E-04  2.08439E-04  3.68961E-03
   10327.819    397.240  10.300  2.09147E-04  2.08201E-04  4.53900E-03
   10331.753    401.174  10.350  2.09035E-04  2.07964E-04  5.14859E-03
   10335.706    405.127  10.400  2.08871E-04  2.07727E-04  5.50560E-03
   10339.678    409.099  10.450  2.08654E-04  2.07490E-04  5.61107E-03
   10343.669    413.089  10.500  2.08388E-04  2.07253E-04  5.47817E-03
   10347.679    417.099  10.550  2.08078E-04  2.07016E-04  5.12982E-03
   10351.708    421.129  10.600  2.07729E-04  2.06778E-04  4.59607E-03
   10355.756    425.177  10.650  2.07349E-04  2.06541E-04  3.91159E-03
   10359.823    429.244  10.700  2.06946E-04  2.06304E-04  3.11342E-03
   10363.909    433.330  10.750  2.06528E-04  2.06067E-04  2.23915E-03
   10368.014    437.435  10.800  2.06102E-04  2.05830E-04  1.32558E-03
   10372.139    441.560  10.850  2.05676E-04  2.05593E-04  4.07809E-04
   10376.282    445.703  10.900  2.05257E-04  2.05355E-04 -4.81372E-04
   10380.445    449.865  10.950  2.04849E-04  2.05118E-04 -1.31189E-03
   10384.626    454.047  11.000  2.04460E-04  2.04881E-04 -2.05671E-03
   10388.826    458.247  11.050  2.04114E-04  2.04669E-04 -2.71508E-03
   10393.046    462.467  11.100  2.03793E-04  2.04457E-04 -3.25228E-03
   10397.285    466.705  11.150  2.03500E-04  2.04246E-04 -3.65086E-03
   10401.542    470.963  11.200  2.03239E-04  2.04034E-04 -3.89774E-03
   10405.819    475.240  11.250  2.03010E-04  2.03822E-04 -3.98482E-03
   10410.115    479.536  11.300  2.02814E-04  2.03610E-04 -3.90946E-03
   10414.430    483.850  11.350  2.02651E-04  2.03399E-04 -3.67498E-03
   10418.763    488.184  11.400  2.02518E-04  2.03187E-04 -3.29113E-03
   10423.116    492.537  11.450  2.02412E-04  2.02975E-04 -2.77429E-03
   10427.488    496.909  11.500  2.02328E-04  2.02763E-04 -2.14742E-03
   10431.879    501.300  11.550  2.02260E-04  2.02552E-04 -1.43944E-03
   10436.289    505.710  11.600  2.02201E-04  2.02340E-04 -6.84088E-04
   10440.718    510.139  11.650  2.02145E-04  2.02128E-04  8.17884E-05
   10445.167    514.587  11.700  2.02082E-04  2.01916E-04  8.20497E-04
   10449.634    519.055  11.750  2.02007E-04  2.01705E-04  1.49598E-03
   10454.120    523.541  11.800  2.01912E-04  2.01493E-04  2.07628E-03
   10458.625    528.046  11.850  2.01792E-04  2.01281E-04  2.53574E-03
   10463.150    532.571  11.900  2.01645E-04  2.01069E-04  2.85659E-03
   10467.693    537.114  11.950  2.01467E-04  2.00858E-04  3.02978E-03
   10472.256    541.676  12.000  2.01260E-04  2.00646E-04  3.05506E-03
   10476.837    546.258  12.050  2.01030E-04  2.00432E-04  2.97656E-03
   10481.438    550.858  12.100  2.00772E-04  2.00218E-04  2.76263E-03
   10486.057    555.478  12.150  2.00490E-04  2.00004E-04  2.42869E-03
   10490.696    560.117  12.200  2.00189E-04  1.99789E-04  1.99548E-03
   10495.354    564.774  12.250  1.99873E-04  1.99575E-04  1.48770E-03
   10500.030    569.451  12.300  1.99548E-04  1.99361E-04  9.32448E-04
   10504.726    574.147  12.350  1.99219E-04  1.99147E-04  3.57579E-04
   10509.441    578.862  12.400  1.98891E-04  1.98933E-04 -2.09738E-04
   10514.175    583.596  12.450  1.98571E-04  1.98719E-04 -7.44290E-04
   10518.928    588.349  12.500  1.98261E-04  1.98505E-04 -1.22379E-03
   10523.700    593.121  12.550  1.97967E-04  1.98291E-04 -1.62954E-03
   10528.491    597.912  12.600  1.97690E-04  1.98077E-04 -1.94687E-03
   10533.301    602.722  12.650  1.97433E-04  1.97863E-04 -2.16544E-03
   10538.130    607.551  12.700  1.97197E-04  1.97649E-04 -2.27936E-03
   10542.978    612.399  12.750  1.96982E-04  1.97435E-04 -2.28740E-03
   10547.846    617.267  12.800  1.96787E-04  1.97220E-04 -2.19303E-03
   10552.732    622.153  12.850  1.96610E-04  1.97006E-04 -2.00435E-03
   10557.637    627.058  12.900  1.96450E-04  1.96792E-04 -1.73384E-03
   10562.562    631.983  12.950  1.96303E-04  1.96578E-04 -1.39765E-03
   10567.505    636.926  13.000  1.96164E-04  1.96364E-04 -1.01474E-03
   10572.468    641.889  13.050  1.95968E-04  1.96088E-04 -6.12216E-04
   10577.449    646.870  13.100  1.95774E-04  1.95813E-04 -1.98330E-04
   10582.450    651.871  13.150  1.95578E-04  1.95537E-04  2.07938E-04
   10587.470    656.890  13.200  1.95376E-04  1.95261E-04  5.88775E-04
   10592.508    661.929  13.250  1.95167E-04  1.94985E-04  9.28301E-04
   10597.566    666.987  13.300  1.94946E-04  1.94709E-04  1.21320E-03
   10602.643    672.064  13.350  1.94713E-04  1.94434E-04  1.43322E-03
   10607.739    677.159  13.400  1.94466E-04  1.94158E-04  1.58144E-03
   10612.854    682.274  13.450  1.94204E-04  1.93882E-04  1.65450E-03
   10617.987    687.408  13.500  1.93927E-04  1.93606E-04  1.65256E-03
   10623.140    692.561  13.550  1.93637E-04  1.93330E-04  1.57918E-03
   10628.313    697.733  13.600  1.93334E-04  1.93055E-04  1.44102E-03
   10633.504    702.924  13.650  1.93020E-04  1.92779E-04  1.24735E-03
   10638.714    708.135  13.700  1.92698E-04  1.92503E-04  1.00955E-03
   10643.943    713.364  13.750  1.92370E-04  1.92227E-04  7.40407E-04
   10649.191    718.612  13.800  1.92039E-04  1.91952E-04  4.53399E-04
   10654.459    723.879  13.850  1.91707E-04  1.91676E-04  1.61990E-04
   10659.745    729.166  13.900  1.91377E-04  1.91400E-04 -1.21036E-04
   10665.050    734.471  13.950  1.91051E-04  1.91124E-04 -3.84134E-04
   10670.375    739.796  14.000  1.90730E-04  1.90848E-04 -6.17421E-04
   10675.718    745.139  14.050  1.90461E-04  1.90619E-04 -8.24597E-04
   10681.081    750.502  14.100  1.90200E-04  1.90389E-04 -9.90351E-04
   10686.462    755.883  14.150  1.89947E-04  1.90159E-04 -1.10912E-03
   10691.863    761.284  14.200  1.89705E-04  1.89929E-04 -1.17748E-03
   10697.283    766.704  14.250  1.89472E-04  1.89699E-04 -1.19415E-03
   10702.722    772.142  14.300  1.89249E-04  1.89469E-04 -1.15993E-03
   10708.179    777.600  14.350  1.89035E-04  1.89239E-04 -1.07762E-03
   10713.656    783.077  14.400  1.88829E-04  1.89009E-04 -9.51817E-04
   10719.152    788.573  14.450  1.88630E-04  1.88779E-04 -7.88773E-04
   10724.667    794.088  14.500  1.88437E-04  1.88550E-04 -5.96122E-04
   10730.201    799.622  14.550  1.88247E-04  1.88320E-04 -3.82634E-04
   10735.754    805.175  14.600  1.88060E-04  1.88090E-04 -1.57877E-04
   10741.326    810.747  14.650  1.87873E-04  1.87860E-04  6.81592E-05
   10746.917    816.338  14.700  1.87684E-04  1.87630E-04  2.85486E-04
   10752.528    821.948  14.750  1.87491E-04  1.87400E-04  4.84578E-04
   10758.157    827.578  14.800  1.87294E-04  1.87170E-04  6.56831E-04
   10763.805    833.226  14.850  1.87089E-04  1.86940E-04  7.94995E-04
   10769.472    838.893  14.900  1.86878E-04  1.86710E-04  8.93540E-04
   10775.159    844.580  14.950  1.86658E-04  1.86481E-04  9.48927E-04
   10780.864    850.285  15.000  1.86430E-04  1.86251E-04  9.59760E-04
   10786.589    856.010  15.050  1.86147E-04  1.85973E-04  9.33017E-04
   10792.332    861.753  15.100  1.85857E-04  1.85696E-04  8.65682E-04
   10798.095    867.516  15.150  1.85561E-04  1.85419E-04  7.61573E-04
   10803.877    873.297  15.200  1.85258E-04  1.85142E-04  6.26172E-04
   10809.677    879.098  15.250  1.84951E-04  1.84864E-04  4.66323E-04
   10815.497    884.918  15.300  1.84641E-04  1.84587E-04  2.89877E-04
   10821.336    890.757  15.350  1.84329E-04  1.84310E-04  1.05294E-04
   10827.194    896.615  15.400  1.84018E-04  1.84033E-04 -7.87740E-05
   10833.071    902.491  15.450  1.83709E-04  1.83755E-04 -2.53894E-04
   10838.967    908.387  15.500  1.83402E-04  1.83478E-04 -4.12253E-04
   10844.882    914.302  15.550  1.83101E-04  1.83201E-04 -5.47023E-04
   10850.816    920.236  15.600  1.82804E-04  1.82924E-04 -6.52673E-04
   10856.769    926.190  15.650  1.82514E-04  1.82647E-04 -7.25218E-04
   10862.741    932.162  15.700  1.82230E-04  1.82369E-04 -7.62380E-04
   10868.732    938.153  15.750  1.81953E-04  1.82092E-04 -7.63664E-04
   10874.742    944.163  15.800  1.81682E-04  1.81815E-04 -7.30341E-04
   10880.772    950.192  15.850  1.81417E-04  1.81538E-04 -6.65335E-04
   10886.820    956.241  15.900  1.81156E-04  1.81260E-04 -5.73030E-04
   10892.887    962.308  15.950  1.80900E-04  1.80983E-04 -4.59006E-04
   10898.974    968.395  16.000  1.80646E-04  1.80706E-04 -3.29702E-04
   10905.079    974.500  16.050  1.80399E-04  1.80434E-04 -1.95411E-04
   10911.204    980.625  16.100  1.80152E-04  1.80163E-04 -5.87131E-05
   10917.347    986.768  16.150  1.79905E-04  1.79891E-04  7.41714E-05
   10923.510    992.931  16.200  1.79655E-04  1.79620E-04  1.97572E-04
   10929.692    999.113  16.250  1.79404E-04  1.79348E-04  3.06614E-04
   10935.893   1005.313  16.300  1.79148E-04  1.79077E-04  3.97399E-04
   10942.112   1011.533  16.350  1.78889E-04  1.78805E-04  4.67109E-04
   10948.351   1017.772  16.400  1.78626E-04  1.78534E-04  5.14045E-04
   10954.609   1024.030  16.450  1.78358E-04  1.78262E-04  5.37596E-04
   10960.886   1030.307  16.500  1.78087E-04  1.77991E-04  5.38167E-04
   10967.182   1036.603  16.550  1.77812E-04  1.77719E-04  5.17070E-04
   10973.497   1042.918  16.600  1.77533E-04  1.77448E-04  4.76386E-04
   10979.831   1049.252  16.650  1.77251E-04  1.77176E-04  4.18821E-04
   10986.184   1055.605  16.700  1.76967E-04  1.76905E-04  3.47557E-04
   10992.557   1061.977  16.750  1.76681E-04  1.76633E-04  2.66102E-04
   10998.948   1068.369  16.800  1.76393E-04  1.76362E-04  1.78148E-04
   11005.358   1074.779  16.850  1.76106E-04  1.76091E-04  8.74363E-05
   11011.787   1081.208  16.900  1.75819E-04  1.75819E-04 -2.37203E-06
   11018.236   1087.657  16.950  1.75532E-04  1.75548E-04 -8.78121E-05
   11024.703   1094.124  17.000  1.75247E-04  1.75276E-04 -1.65724E-04
   11031.190   1100.611  17.050  1.74968E-04  1.75009E-04 -2.36331E-04
   11037.695   1107.116  17.100  1.74691E-04  1.74743E-04 -2.94666E-04
   11044.220   1113.641  17.150  1.74417E-04  1.74476E-04 -3.38630E-04
   11050.764   1120.184  17.200  1.74145E-04  1.74209E-04 -3.66753E-04
   11057.326   1126.747  17.250  1.73876E-04  1.73942E-04 -3.78271E-04
   11063.908   1133.329  17.300  1.73611E-04  1.73675E-04 -3.73171E-04
   11070.509   1139.930  17.350  1.73347E-04  1.73409E-04 -3.52205E-04
   11077.129   1146.550  17.400  1.73087E-04  1.73142E-04 -3.16854E-04
   11083.768   1153.188  17.450  1.72829E-04  1.72875E-04 -2.69248E-04
   11090.426   1159.846  17.500  1.72572E-04  1.72608E-04 -2.12048E-04
   11097.103   1166.523  17.550  1.72316E-04  1.72342E-04 -1.48285E-04
   11103.799   1173.219  17.600  1.72061E-04  1.72075E-04 -8.11859E-05
   11110.514   1179.935  17.650  1.71806E-04  1.71808E-04 -1.39847E-05
   11117.248   1186.669  17.700  1.71550E-04  1.71541E-04  5.02545E-05
   11124.001   1193.422  17.750  1.71293E-04  1.71275E-04  1.08794E-04
   11130.773   1200.194  17.800  1.71035E-04  1.71008E-04  1.59346E-04
   11137.565   1206.985  17.850  1.70775E-04  1.70741E-04  2.00155E-04
   11144.375   1213.796  17.900  1.70514E-04  1.70474E-04  2.30040E-04
   11151.204   1220.625  17.950  1.70250E-04  1.70208E-04  2.48398E-04
   11158.053   1227.474  18.000  1.69984E-04  1.69941E-04  2.55174E-04
   11164.920   1234.341  18.050  1.69689E-04  1.69645E-04  2.54196E-04
   11171.807   1241.228  18.100  1.69391E-04  1.69350E-04  2.42936E-04
   11178.712   1248.133  18.150  1.69092E-04  1.69055E-04  2.22182E-04
   11185.637   1255.058  18.200  1.68792E-04  1.68759E-04  1.93037E-04
   11192.581   1262.002  18.250  1.68490E-04  1.68464E-04  1.56881E-04
   11199.543   1268.964  18.300  1.68188E-04  1.68169E-04  1.15339E-04
   11206.525   1275.946  18.350  1.67885E-04  1.67873E-04  7.02314E-05
   11213.526   1282.947  18.400  1.67582E-04  1.67578E-04  2.35247E-05
   11220.546   1289.967  18.450  1.67279E-04  1.67282E-04 -2.27375E-05
   11227.585   1297.006  18.500  1.66976E-04  1.66987E-04 -6.65189E-05
   11234.643   1304.064  18.550  1.66674E-04  1.66692E-04 -1.05888E-04
   11241.720   1311.141  18.600  1.66373E-04  1.66396E-04 -1.39124E-04
   11248.816   1318.237  18.650  1.66074E-04  1.66101E-04 -1.64819E-04
   11255.931   1325.352  18.700  1.65775E-04  1.65806E-04 -1.81969E-04
   11263.065   1332.486  18.750  1.65479E-04  1.65510E-04 -1.90041E-04
   11270.219   1339.640  18.800  1.65184E-04  1.65215E-04 -1.89003E-04
   11277.391   1346.812  18.850  1.64890E-04  1.64920E-04 -1.79320E-04
   11284.582   1354.003  18.900  1.64598E-04  1.64624E-04 -1.61916E-04
   11291.793   1361.214  18.950  1.64306E-04  1.64329E-04 -1.38089E-04
   11299.022   1368.443  19.000  1.64016E-04  1.64033E-04 -1.09417E-04
   11306.271   1375.691  19.050  1.63752E-04  1.63765E-04 -7.87480E-05
   11313.538   1382.959  19.100  1.63488E-04  1.63496E-04 -4.60708E-05
   11320.825   1390.246  19.150  1.63225E-04  1.63227E-04 -1.30264E-05
   11328.130   1397.551  19.200  1.62961E-04  1.62958E-04  1.88293E-05
   11335.455   1404.876  19.250  1.62697E-04  1.62689E-04  4.81011E-05
   11342.799   1412.220  19.300  1.62432E-04  1.62420E-04  7.36118E-05
   11350.162   1419.583  19.350  1.62167E-04  1.62152E-04  9.44402E-05
   11357.544   1426.964  19.400  1.61901E-04  1.61883E-04  1.09942E-04
   11364.944   1434.365  19.450  1.61633E-04  1.61614E-04  1.19754E-04
   11372.364   1441.785  19.500  1.61365E-04  1.61345E-04  1.23794E-04
   11379.803   1449.224  19.550  1.61096E-04  1.61076E-04  1.22239E-04
   11387.261   1456.682  19.600  1.60826E-04  1.60807E-04  1.15510E-04
   11394.738   1464.159  19.650  1.60555E-04  1.60539E-04  1.04238E-04
   11402.235   1471.655  19.700  1.60284E-04  1.60270E-04  8.92328E-05
   11409.750   1479.171  19.750  1.60012E-04  1.60001E-04  7.14350E-05
   11417.284   1486.705  19.800  1.59740E-04  1.59732E-04  5.18689E-05
   11424.837   1494.258  19.850  1.59468E-04  1.59463E-04  3.15853E-05
   11432.410   1501.831  19.900  1.59196E-04  1.59194E-04  1.16037E-05
   11440.001   1509.422  19.950  1.58924E-04  1.58926E-04 -7.14567E-06
   11447.612   1517.032  20.000  1.58653E-04  1.58657E-04 -2.38725E-05
