# # Once                                                         FEFF 10.0.0 
# # POT  SCF 100  9.0000   0, core-hole, FOLP (folp(0)= 1.150)
# # Abs   Z=30 Rmt= 1.374 Rnm= 1.519 K  shell
# #   RGRID 0.0100
# # Pot 1 Z= 6 Rmt= 0.896 Rnm= 1.120
# # Pot 2 Z= 6 Rmt= 0.922 Rnm= 1.164
# # Pot 3 Z= 1 Rmt= 0.550 Rnm= 0.958
# # Pot 4 Z=16 Rmt= 1.250 Rnm= 1.467
# # Gam_ch=1.897E+00 H-L exch Vi= 0.000E+00 Vr= 0.000E+00
# # Mu=-6.954E+00eV kf=1.985E+00 Vint=-1.288E+01eV Rs_int= 1.827
# # PATH  Rmax= 6.000,  Keep_limit= 0.00, Heap_limit 0.00  Pwcrit= 2.50%
#  S02=1.000  Temp=  10.00  Debye_temp= 315.00  Global_sig2= 0.00000
#  Energy zero shift, vr, vi    0.00000E+00   0.00000E+00
#  Curved wave amplitude ratio filter   4.000%
#     file         sig2 tot  cw amp ratio   deg  nlegs   reff  inp sig2
#           1       0.00287    100.00      1.00     2   2.3421
#           2       0.00294     99.44      1.00     2   2.3470
#           3       0.00300     98.79      1.00     2   2.3529
#           4       0.00302     98.64      1.00     2   2.3543
#           5       0.02226     13.12      1.00     2   2.9927
#           6       0.03098     11.60      1.00     2   3.1350
#           7       0.02881     11.25      1.00     2   3.1710
#           8       0.02474     10.88      1.00     2   3.2108
#           9       0.00585     39.64      1.00     2   3.2517
#          10       0.03041     10.50      1.00     2   3.2536
#          11       0.00599     38.88      1.00     2   3.2749
#          12       0.00607     38.69      1.00     2   3.2806
#          13       0.00587     38.16      1.00     2   3.2974
#          14       0.02490      9.35      1.00     2   3.3977
#          15       0.03298      9.27      1.00     2   3.4083
#          16       0.01139     16.50      2.00     3   3.6832
#          17       0.00940     27.99      1.00     2   3.6915
#          18       0.00399     44.06      2.00     3   3.7070
#          19       0.00416     43.27      2.00     3   3.7253
#          20       0.00408     43.45      2.00     3   3.7252
#          21       0.00414     43.00      2.00     3   3.7373
#          22       0.01208     10.96      2.00     3   3.7779
#          23       0.01380     12.14      2.00     3   3.7808
#          24       0.01465     10.39      2.00     3   3.8106
#          25       0.02454      6.60      1.00     2   3.8586
#          26       0.01259      8.82      2.00     3   3.8714
#          27       0.01476      7.74      2.00     3   3.8736
#          28       0.01017     24.22      1.00     2   3.8869
#          29       0.01633     17.90      2.00     3   3.9594
#          30       0.01658      7.41      2.00     3   3.9622
#          31       0.01494      7.37      2.00     3   3.9786
#          32       0.01701      7.24      2.00     3   4.0039
#          33       0.01482      6.96      2.00     3   4.0751
#          34       0.02071      8.56      1.00     4   4.0857
#          35       0.01389     12.90      2.00     3   4.1163
#          37       0.00394      9.09      2.00     3   4.1363
#          38       0.00426      8.93      2.00     3   4.1531
#          39       0.00431     15.77      1.00     4   4.1623
#          40       0.03404      5.33      1.00     2   4.1646
#          41       0.00435     15.14      1.00     4   4.1698
#          42       0.00441     15.19      1.00     4   4.1757
#          43       0.00447     14.75      1.00     4   4.1772
#          45       0.01787     13.39      2.00     3   4.1941
#          47       0.02944      7.96      1.00     4   4.2273
#          49       0.00608     19.49      2.00     3   4.2400
#          50       0.01298      5.06      1.00     2   4.2434
#          51       0.01189      5.00      1.00     2   4.2596
#          53       0.02529      7.14      1.00     4   4.2641
#          54       0.00417     10.24      2.00     3   4.2802
#          55       0.00425     10.39      2.00     3   4.2920
#          57       0.01871      6.80      1.00     4   4.3041
#          58       0.01437      6.57      2.00     3   4.3082
#          59       0.01083     21.37      2.00     3   4.3139
#          60       0.01109     20.17      2.00     3   4.3171
#          62       0.02745      6.56      1.00     4   4.3462
#          63       0.00599     17.03      2.00     3   4.3494
#          64       0.00437     12.21      2.00     3   4.3628
#          65       0.00427     12.54      2.00     3   4.3650
#          66       0.01129     24.98      1.00     4   4.3683
#          67       0.01134      7.05      1.00     4   4.3741
#          68       0.01106     22.10      1.00     4   4.3907
#          69       0.01726      4.29      2.00     4   4.3976
#          70       0.03274      4.53      1.00     2   4.4130
#          71       0.00561     15.39      2.00     3   4.4187
#          72       0.04055      4.49      1.00     2   4.4260
#          73       0.01852      8.52      2.00     3   4.4747
#          74       0.00829     16.15      1.00     2   4.4761
#          75       0.01849      5.67      1.00     4   4.4912
#          76       0.01191      8.91      2.00     3   4.4954
#          77       0.03297      6.26      1.00     4   4.5014
#          78       0.01165      9.14      2.00     3   4.5022
#          79       0.01102      5.20      2.00     4   4.5079
#          80       0.00577     15.22      2.00     3   4.5183
#          81       0.01933      4.16      2.00     4   4.5189
#          83       0.00949     21.37      2.00     4   4.5566
#          84       0.01114      8.99      2.00     4   4.5610
#          86       0.00944      6.76      2.00     4   4.5659
#          87       0.00948     19.56      2.00     4   4.5691
#          89       0.01276      5.06      2.00     3   4.6027
#          91       0.00567     30.86      2.00     3   4.6345
#          93       0.01117      5.55      2.00     4   4.6567
#          94       0.01689      6.62      2.00     4   4.6626
#          95       0.00551     14.27      1.00     2   4.6683
#          96       0.00574      8.88      1.00     4   4.6841
#          98       0.00495      9.14      2.00     4   4.6904
#          99       0.01749      6.75      2.00     4   4.6925
#         100       0.00587      8.78      1.00     4   4.6941
#         101       0.00455      7.17      2.00     4   4.6949
#         102       0.01925      8.20      2.00     3   4.6965
#         103       0.00455      4.09      2.00     4   4.6963
#         104       0.01495     15.06      2.00     3   4.6989
#         105       0.00462      4.32      2.00     4   4.6999
#         106       0.00461      6.78      2.00     4   4.7013
#         107       0.00601      8.67      1.00     4   4.7058
#         109       0.00604      8.64      1.00     4   4.7085
#         110       0.00566     46.43      2.00     3   4.7165
#         112       0.01398      4.58      1.00     4   4.7449
#         113       0.01403      4.29      1.00     4   4.7474
#         115       0.00957     14.12      2.00     4   4.7570
#         117       0.00939     14.52      2.00     4   4.7643
#         118       0.00650     46.59      1.00     4   4.7648
#         121       0.01321     15.65      1.00     4   4.7872
#         122       0.00630      5.08      1.00     4   4.7885
#         123       0.00521      6.86      2.00     4   4.7894
#         124       0.00628     25.60      1.00     4   4.7930
#         125       0.00524     18.50      2.00     3   4.7953
#         128       0.00951      6.86      2.00     3   4.8092
#         130       0.01232      5.07      2.00     4   4.8328
#         132       0.01966      5.96      2.00     4   4.8473
#         134       0.02402      4.20      2.00     3   4.8772
#         135       0.01492     12.86      2.00     3   4.8794
#         136       0.02429      4.07      2.00     3   4.8823
#         137       0.00476     23.82      2.00     3   4.8848
#         139       0.00447     42.14      2.00     4   4.9330
#         142       0.00467     22.45      2.00     4   4.9537
#         144       0.01055     10.73      2.00     4   4.9676
#         145       0.01549      4.24      1.00     4   4.9799
#         146       0.00500      6.94      2.00     4   4.9809
#         147       0.01303     12.67      1.00     4   4.9825
#         149       0.00911      5.78      2.00     3   5.0160
#         150       0.01410      5.31      2.00     4   5.0232
#         151       0.01368      4.34      2.00     3   5.0248
#         152       0.01171      7.57      2.00     4   5.0371
#         154       0.00977     12.94      2.00     4   5.0642
#         155       0.01601      4.36      2.00     4   5.0653
#         158       0.00639      6.32      1.00     4   5.0719
#         160       0.00507     20.42      2.00     4   5.0791
#         161       0.02135      4.76      2.00     4   5.0814
#         162       0.00693      6.21      1.00     4   5.0977
#         163       0.00516     12.25      1.00     4   5.1012
#         164       0.00668      6.24      1.00     4   5.1034
#         165       0.01159      5.34      2.00     4   5.1060
#         166       0.00883      4.82      2.00     3   5.1089
#         168       0.01154      9.24      2.00     4   5.1131
#         169       0.00530      6.02      1.00     4   5.1145
#         170       0.01387      4.73      2.00     3   5.1193
#         171       0.00685      6.18      1.00     4   5.1203
#         172       0.02159      7.28      2.00     3   5.1274
#         173       0.00705      4.24      2.00     3   5.1355
#         174       0.01222      7.53      2.00     4   5.1560
#         175       0.01028     12.10      2.00     4   5.1571
#         176       0.01375      5.64      2.00     4   5.1590
#         177       0.01251      4.45      2.00     4   5.1658
#         178       0.00462     29.83      2.00     4   5.1718
#         179       0.02187      8.22      2.00     3   5.1731
#         180       0.01678      5.69      2.00     3   5.1803
#         181       0.02147      8.63      2.00     3   5.1857
#         183       0.01156      4.33      2.00     4   5.2145
#         185       0.01142      9.54      2.00     4   5.2223
#         186       0.01547      5.81      2.00     3   5.2408
#         187       0.01616      6.15      2.00     3   5.2413
#         188       0.01268      7.36      2.00     4   5.2427
#         189       0.01267      8.41      2.00     4   5.2474
#         193       0.02402      6.93      1.00     4   5.3008
#         194       0.02405      6.27      1.00     4   5.3048
#         195       0.02384      4.78      1.00     4   5.3045
#         196       0.01318      6.18      2.00     3   5.3053
#         200       0.02300      4.27      2.00     4   5.3348
#         201       0.01258      6.77      2.00     4   5.3363
#         202       0.01238      8.12      2.00     4   5.3420
#         203       0.01492      6.68      2.00     3   5.3511
#         205       0.01590      9.00      2.00     4   5.3564
#         206       0.01585      6.88      2.00     4   5.3574
#         207       0.00644      6.81      2.00     3   5.3622
#         209       0.00621      7.61      2.00     3   5.3714
#         210       0.01617      8.12      2.00     4   5.3726
#         211       0.00620      7.41      2.00     3   5.3904
#         212       0.00625      6.83      2.00     3   5.3900
#         213       0.01249      8.23      2.00     4   5.4008
#         214       0.01145      8.20      2.00     4   5.4041
#         215       0.01522      7.70      2.00     3   5.4103
#         218       0.01265      8.03      2.00     3   5.4145
#         219       0.01482      6.31      1.00     4   5.4153
#         220       0.01116      4.36      2.00     3   5.4160
#         222       0.01194      9.15      2.00     4   5.4370
#         224       0.01455      4.61      1.00     4   5.4448
#         225       0.01038      4.56      2.00     4   5.4531
#         227       0.01126      8.18      2.00     4   5.4642
#         228       0.01153      7.41      2.00     4   5.4638
#         229       0.01198      5.93      2.00     4   5.4703
#         230       0.03147      4.62      2.00     4   5.4892
#         231       0.00521     10.50      2.00     4   5.5012
#         232       0.01089      6.61      2.00     4   5.5048
#         233       0.01083     10.98      2.00     4   5.5083
#         234       0.01124      5.82      2.00     4   5.5109
#         235       0.00516     10.52      2.00     4   5.5144
#         237       0.00535      8.44      2.00     4   5.5255
#         238       0.01160      6.78      2.00     4   5.5312
#         239       0.01163      4.42      2.00     4   5.5330
#         240       0.00531      9.03      2.00     4   5.5361
#         241       0.01056      4.22      2.00     4   5.5523
#         244       0.01094      6.57      1.00     4   5.5717
#         245       0.01140      4.31      2.00     4   5.5723
#         246       0.01182      8.62      2.00     4   5.5730
#         247       0.01089      6.87      2.00     3   5.5843
#         250       0.01078      4.95      2.00     4   5.5868
#         251       0.01071     11.52      2.00     4   5.5894
#         252       0.00887      4.91      2.00     4   5.5938
#         253       0.00685      5.93      2.00     4   5.5988
#         254       0.00707      5.72      2.00     4   5.6227
#         255       0.00930      4.80      2.00     4   5.6277
#         256       0.00950      4.78      2.00     4   5.6278
#         257       0.00718      4.93      2.00     4   5.6292
#         258       0.01153      9.37      2.00     4   5.6326
#         259       0.01122      5.38      2.00     4   5.6325
#         260       0.00701      5.00      2.00     4   5.6503
#         261       0.00936      4.72      2.00     4   5.6516
#         263       0.01023      6.83      2.00     4   5.7337
#         265       0.01159      5.07      2.00     4   5.7490
#         267       0.00957      5.22      1.00     4   5.7635
#         269       0.00916      5.41      2.00     4   5.7911
#         270       0.01369      4.86      2.00     4   5.7957
#         271       0.00966      8.48      2.00     4   5.8008
#         272       0.00993      4.27      2.00     4   5.8334
#         273       0.01390      5.33      2.00     4   5.8656
#         274       0.00918      5.18      2.00     4   5.9013
#         275       0.00957      4.66      2.00     4   5.9230
#         276       0.00928      7.48      2.00     3   5.9397
#         277       0.00679      9.67      1.00     4   5.9885
#   219/ 272 paths used
#  xsedge+50, used to normalize mu           1.0000E+00
#  -----------------------------------------------------------------------
#  omega    e    k    mu    mu0     chi     @#
    9923.561     -6.954   0.000  3.30247E-05  1.45710E-04 -3.84139E-01
    9923.570     -6.945   0.050  2.54643E-05  1.47598E-04 -4.15775E-01
    9923.599     -6.916   0.100  1.79869E-05  1.49485E-04 -4.47043E-01
    9923.646     -6.869   0.150 -3.60423E-06  1.55105E-04 -5.37497E-01
    9923.713     -6.802   0.200 -2.42890E-05  1.60726E-04 -6.24206E-01
    9923.799     -6.716   0.250 -5.62562E-05  1.69658E-04 -7.57947E-01
    9923.904     -6.612   0.300 -8.50671E-05  1.78589E-04 -8.79676E-01
    9924.027     -6.488   0.350 -1.19879E-04  1.89423E-04 -1.02543E+00
    9924.170     -6.345   0.400 -1.47433E-04  2.00257E-04 -1.14545E+00
    9924.332     -6.183   0.450 -1.73261E-04  2.10915E-04 -1.25815E+00
    9924.513     -6.002   0.500 -1.86777E-04  2.21573E-04 -1.32944E+00
    9924.713     -5.802   0.550 -1.90026E-04  2.30537E-04 -1.36310E+00
    9924.932     -5.583   0.600 -1.77596E-04  2.39500E-04 -1.34586E+00
    9925.170     -5.345   0.650 -1.49723E-04  2.46282E-04 -1.27515E+00
    9925.428     -5.088   0.700 -1.07464E-04  2.53064E-04 -1.15851E+00
    9925.704     -4.811   0.750 -5.17053E-05  2.57765E-04 -9.95273E-01
    9925.999     -4.516   0.800  1.17387E-05  2.62465E-04 -8.07025E-01
    9926.313     -4.202   0.850  8.03539E-05  2.65338E-04 -5.97765E-01
    9926.647     -3.868   0.900  1.47088E-04  2.68212E-04 -3.92953E-01
    9926.999     -3.516   0.950  2.08867E-04  2.69528E-04 -1.98167E-01
    9927.371     -3.144   1.000  2.60928E-04  2.70844E-04 -3.26181E-02
    9927.761     -2.754   1.050  3.01413E-04  2.70873E-04  1.01437E-01
    9928.171     -2.344   1.100  3.29197E-04  2.70902E-04  1.95502E-01
    9928.599     -1.916   1.150  3.44654E-04  2.69910E-04  2.53622E-01
    9929.047     -1.468   1.200  3.49694E-04  2.68919E-04  2.77357E-01
    9929.514     -1.001   1.250  3.46515E-04  2.67158E-04  2.76143E-01
    9930.000     -0.516   1.300  3.38190E-04  2.65398E-04  2.56744E-01
    9930.504     -0.011   1.350  3.27529E-04  2.63108E-04  2.30511E-01
    9931.028      0.513   1.400  3.16814E-04  2.60819E-04  2.03308E-01
    9931.571      1.056   1.450  3.08213E-04  2.58207E-04  1.84292E-01
    9932.133      1.618   1.500  3.01934E-04  2.55595E-04  1.73386E-01
    9932.714      2.199   1.550  2.98668E-04  2.52821E-04  1.74146E-01
    9933.314      2.799   1.600  2.96703E-04  2.50048E-04  1.79946E-01
    9933.933      3.418   1.650  2.95206E-04  2.47252E-04  1.87717E-01
    9934.572      4.056   1.700  2.92229E-04  2.44456E-04  1.89840E-01
    9935.229      4.714   1.750  2.86730E-04  2.41731E-04  1.81381E-01
    9935.905      5.390   1.800  2.78060E-04  2.39006E-04  1.59708E-01
    9936.600      6.085   1.850  2.67933E-04  2.36417E-04  1.30633E-01
    9937.315      6.800   1.900  2.54784E-04  2.33827E-04  8.80588E-02
    9938.048      7.533   1.950  2.45810E-04  2.31384E-04  6.13783E-02
    9938.801      8.286   2.000  2.34807E-04  2.28941E-04  2.52778E-02
    9939.572      9.057   2.050  2.30523E-04  2.26821E-04  1.61393E-02
    9940.363      9.848   2.100  2.29239E-04  2.24701E-04  2.00137E-02
    9941.172     10.657   2.150  2.30481E-04  2.22581E-04  3.52562E-02
    9942.001     11.486   2.200  2.33110E-04  2.20461E-04  5.71254E-02
    9942.849     12.334   2.250  2.36973E-04  2.20213E-04  7.61814E-02
    9943.716     13.200   2.300  2.39940E-04  2.19966E-04  9.13851E-02
    9944.601     14.086   2.350  2.41089E-04  2.19718E-04  9.84163E-02
    9945.506     14.991   2.400  2.40118E-04  2.19470E-04  9.57116E-02
    9946.430     15.915   2.450  2.37918E-04  2.19573E-04  8.52767E-02
    9947.373     16.858   2.500  2.35090E-04  2.19675E-04  7.18514E-02
    9948.335     17.820   2.550  2.31963E-04  2.19778E-04  5.69573E-02
    9949.316     18.801   2.600  2.28792E-04  2.19880E-04  4.17760E-02
    9950.316     19.801   2.650  2.24555E-04  2.19446E-04  2.39997E-02
    9951.336     20.820   2.700  2.20257E-04  2.19013E-04  5.85749E-03
    9952.374     21.859   2.750  2.15942E-04  2.18579E-04 -1.24447E-02
    9953.431     22.916   2.800  2.11636E-04  2.18146E-04 -3.07904E-02
    9954.507     23.992   2.850  2.07700E-04  2.17953E-04 -4.84682E-02
    9955.603     25.088   2.900  2.03984E-04  2.17761E-04 -6.50905E-02
    9956.717     26.202   2.950  2.00547E-04  2.17568E-04 -8.03756E-02
    9957.851     27.335   3.000  1.97476E-04  2.17376E-04 -9.39146E-02
    9959.003     28.488   3.050  1.95341E-04  2.17421E-04 -1.03981E-01
    9960.175     29.660   3.100  1.93832E-04  2.17467E-04 -1.11055E-01
    9961.365     30.850   3.150  1.93067E-04  2.17512E-04 -1.14615E-01
    9962.575     32.060   3.200  1.93142E-04  2.17557E-04 -1.14230E-01
    9963.804     33.289   3.250  1.94379E-04  2.17791E-04 -1.09198E-01
    9965.051     34.536   3.300  1.96406E-04  2.18026E-04 -1.00520E-01
    9966.318     35.803   3.350  1.99230E-04  2.18260E-04 -8.82075E-02
    9967.604     37.089   3.400  2.02758E-04  2.18494E-04 -7.27140E-02
    9968.909     38.394   3.450  2.06862E-04  2.18869E-04 -5.52871E-02
    9970.233     39.718   3.500  2.11234E-04  2.19243E-04 -3.67499E-02
    9971.576     41.061   3.550  2.15691E-04  2.19618E-04 -1.79563E-02
    9972.938     42.423   3.600  2.20060E-04  2.19993E-04  3.06443E-04
    9974.319     43.804   3.650  2.24201E-04  2.20439E-04  1.70780E-02
    9975.719     45.204   3.700  2.28000E-04  2.20886E-04  3.21825E-02
    9977.139     46.623   3.750  2.31387E-04  2.21332E-04  4.53268E-02
    9978.577     48.062   3.800  2.34326E-04  2.21779E-04  5.63635E-02
    9980.034     49.519   3.850  2.36802E-04  2.22234E-04  6.52350E-02
    9981.511     50.995   3.900  2.38838E-04  2.22690E-04  7.20824E-02
    9983.006     52.491   3.950  2.40433E-04  2.23145E-04  7.69295E-02
    9984.520     54.005   4.000  2.41585E-04  2.23601E-04  7.97771E-02
    9986.054     55.539   4.050  2.42251E-04  2.23999E-04  8.07653E-02
    9987.607     57.091   4.100  2.42449E-04  2.24396E-04  7.96843E-02
    9989.178     58.663   4.150  2.42154E-04  2.24794E-04  7.64382E-02
    9990.769     60.254   4.200  2.41346E-04  2.25192E-04  7.09515E-02
    9992.379     61.863   4.250  2.39931E-04  2.25478E-04  6.33810E-02
    9994.007     63.492   4.300  2.38018E-04  2.25764E-04  5.36533E-02
    9995.655     65.140   4.350  2.35655E-04  2.26050E-04  4.19873E-02
    9997.322     66.807   4.400  2.32924E-04  2.26335E-04  2.87521E-02
    9999.008     68.493   4.450  2.29808E-04  2.26480E-04  1.45144E-02
   10000.713     70.198   4.500  2.26577E-04  2.26625E-04 -2.06492E-04
   10002.437     71.922   4.550  2.23389E-04  2.26769E-04 -1.47224E-02
   10004.180     73.665   4.600  2.20404E-04  2.26914E-04 -2.83290E-02
   10005.942     75.427   4.650  2.17609E-04  2.26907E-04 -4.04686E-02
   10007.723     77.208   4.700  2.15290E-04  2.26900E-04 -5.05376E-02
   10009.524     79.008   4.750  2.13539E-04  2.26893E-04 -5.81342E-02
   10011.343     80.828   4.800  2.12406E-04  2.26886E-04 -6.30426E-02
   10013.181     82.666   4.850  2.11753E-04  2.26750E-04 -6.53434E-02
   10015.038     84.523   4.900  2.11693E-04  2.26614E-04 -6.50631E-02
   10016.915     86.400   4.950  2.12157E-04  2.26478E-04 -6.24917E-02
   10018.810     88.295   5.000  2.13057E-04  2.26342E-04 -5.80136E-02
   10020.725     90.210   5.050  2.14202E-04  2.26106E-04 -5.20495E-02
   10022.658     92.143   5.100  2.15597E-04  2.25871E-04 -4.49731E-02
   10024.611     94.096   5.150  2.17161E-04  2.25635E-04 -3.71400E-02
   10026.583     96.068   5.200  2.18830E-04  2.25400E-04 -2.88279E-02
   10028.573     98.058   5.250  2.20529E-04  2.25117E-04 -2.01603E-02
   10030.583    100.068   5.300  2.22261E-04  2.24835E-04 -1.13210E-02
   10032.612    102.097   5.350  2.24003E-04  2.24552E-04 -2.41735E-03
   10034.660    104.145   5.400  2.25729E-04  2.24270E-04  6.43856E-03
   10036.727    106.212   5.450  2.27427E-04  2.23982E-04  1.52149E-02
   10038.813    108.298   5.500  2.29028E-04  2.23694E-04  2.35855E-02
   10040.918    110.403   5.550  2.30467E-04  2.23406E-04  3.12631E-02
   10043.042    112.527   5.600  2.31671E-04  2.23118E-04  3.79131E-02
   10045.185    114.670   5.650  2.32619E-04  2.22867E-04  4.32728E-02
   10047.347    116.832   5.700  2.33174E-04  2.22616E-04  4.68988E-02
   10049.528    119.013   5.750  2.33281E-04  2.22364E-04  4.85382E-02
   10051.729    121.213   5.800  2.32911E-04  2.22113E-04  4.80576E-02
   10053.948    123.433   5.850  2.32145E-04  2.21928E-04  4.54987E-02
   10056.186    125.671   5.900  2.30935E-04  2.21744E-04  4.09591E-02
   10058.444    127.929   5.950  2.29351E-04  2.21560E-04  3.47423E-02
   10060.720    130.205   6.000  2.27485E-04  2.21375E-04  2.72598E-02
   10063.016    132.501   6.050  2.25564E-04  2.21307E-04  1.89992E-02
   10065.330    134.815   6.100  2.23565E-04  2.21238E-04  1.03827E-02
   10067.664    137.149   6.150  2.21591E-04  2.21170E-04  1.88242E-03
   10070.017    139.501   6.200  2.19737E-04  2.21101E-04 -6.08773E-03
   10072.388    141.873   6.250  2.18077E-04  2.21032E-04 -1.31955E-02
   10074.779    144.264   6.300  2.16663E-04  2.20964E-04 -1.92002E-02
   10077.189    146.674   6.350  2.15531E-04  2.20895E-04 -2.39517E-02
   10079.618    149.103   6.400  2.14695E-04  2.20827E-04 -2.73811E-02
   10082.066    151.550   6.450  2.14155E-04  2.20758E-04 -2.94873E-02
   10084.533    154.017   6.500  2.13900E-04  2.20690E-04 -3.03226E-02
   10087.019    156.503   6.550  2.13927E-04  2.20699E-04 -3.02437E-02
   10089.524    159.008   6.600  2.14198E-04  2.20709E-04 -2.90728E-02
   10092.048    161.533   6.650  2.14687E-04  2.20718E-04 -2.69295E-02
   10094.591    164.076   6.700  2.15362E-04  2.20728E-04 -2.39564E-02
   10097.153    166.638   6.750  2.16187E-04  2.20737E-04 -2.03145E-02
   10099.734    169.219   6.800  2.17123E-04  2.20747E-04 -1.61779E-02
   10102.335    171.820   6.850  2.18129E-04  2.20756E-04 -1.17273E-02
   10104.954    174.439   6.900  2.19165E-04  2.20766E-04 -7.14261E-03
   10107.592    177.077   6.950  2.20194E-04  2.20775E-04 -2.59529E-03
   10110.250    179.735   7.000  2.21179E-04  2.20785E-04  1.75881E-03
   10112.926    182.411   7.050  2.22024E-04  2.20704E-04  5.89401E-03
   10115.622    185.107   7.100  2.22775E-04  2.20624E-04  9.60875E-03
   10118.337    187.821   7.150  2.23407E-04  2.20544E-04  1.28027E-02
   10121.070    190.555   7.200  2.23907E-04  2.20464E-04  1.54046E-02
   10123.823    193.308   7.250  2.24264E-04  2.20384E-04  1.73699E-02
   10126.595    196.080   7.300  2.24473E-04  2.20304E-04  1.86764E-02
   10129.386    198.870   7.350  2.24534E-04  2.20223E-04  1.93205E-02
   10132.195    201.680   7.400  2.24449E-04  2.20143E-04  1.93130E-02
   10135.024    204.509   7.450  2.24225E-04  2.20063E-04  1.86768E-02
   10137.872    207.357   7.500  2.23868E-04  2.19983E-04  1.74466E-02
   10140.739    210.224   7.550  2.23234E-04  2.19750E-04  1.56655E-02
   10143.625    213.110   7.600  2.22494E-04  2.19518E-04  1.34034E-02
   10146.531    216.015   7.650  2.21667E-04  2.19286E-04  1.07411E-02
   10149.455    218.940   7.700  2.20773E-04  2.19053E-04  7.76934E-03
   10152.398    221.883   7.750  2.19835E-04  2.18821E-04  4.58816E-03
   10155.360    224.845   7.800  2.18877E-04  2.18588E-04  1.30575E-03
   10158.341    227.826   7.850  2.17923E-04  2.18356E-04 -1.96348E-03
   10161.342    230.827   7.900  2.17000E-04  2.18123E-04 -5.10194E-03
   10164.361    233.846   7.950  2.16134E-04  2.17891E-04 -7.99287E-03
   10167.400    236.885   8.000  2.15348E-04  2.17659E-04 -1.05252E-02
   10170.457    239.942   8.050  2.14601E-04  2.17366E-04 -1.26151E-02
   10173.534    243.019   8.100  2.13972E-04  2.17073E-04 -1.41763E-02
   10176.629    246.114   8.150  2.13471E-04  2.16780E-04 -1.51499E-02
   10179.744    249.229   8.200  2.13107E-04  2.16487E-04 -1.55002E-02
   10182.878    252.363   8.250  2.12882E-04  2.16195E-04 -1.52177E-02
   10186.031    255.515   8.300  2.12789E-04  2.15902E-04 -1.43206E-02
   10189.202    258.687   8.350  2.12820E-04  2.15609E-04 -1.28550E-02
   10192.393    261.878   8.400  2.12956E-04  2.15316E-04 -1.08936E-02
   10195.603    265.088   8.450  2.13178E-04  2.15024E-04 -8.53291E-03
   10198.832    268.317   8.500  2.13459E-04  2.14731E-04 -5.88853E-03
   10202.080    271.565   8.550  2.13837E-04  2.14504E-04 -3.09666E-03
   10205.347    274.832   8.600  2.14223E-04  2.14278E-04 -2.57330E-04
   10208.633    278.118   8.650  2.14589E-04  2.14052E-04  2.49742E-03
   10211.938    281.423   8.700  2.14909E-04  2.13826E-04  5.04191E-03
   10215.263    284.747   8.750  2.15158E-04  2.13599E-04  7.26397E-03
   10218.606    288.091   8.800  2.15318E-04  2.13373E-04  9.07120E-03
   10221.968    291.453   8.850  2.15373E-04  2.13147E-04  1.03960E-02
   10225.350    294.834   8.900  2.15315E-04  2.12921E-04  1.11988E-02
   10228.750    298.235   8.950  2.15144E-04  2.12694E-04  1.14692E-02
   10232.169    301.654   9.000  2.14862E-04  2.12468E-04  1.12249E-02
   10235.608    305.093   9.050  2.14582E-04  2.12326E-04  1.05835E-02
   10239.066    308.550   9.100  2.14210E-04  2.12184E-04  9.51588E-03
   10242.542    312.027   9.150  2.13764E-04  2.12042E-04  8.09370E-03
   10246.038    315.523   9.200  2.13261E-04  2.11900E-04  6.40081E-03
   10249.553    319.037   9.250  2.12720E-04  2.11758E-04  4.52764E-03
   10253.086    322.571   9.300  2.12160E-04  2.11616E-04  2.56605E-03
   10256.639    326.124   9.350  2.11602E-04  2.11474E-04  6.04813E-04
   10260.211    329.696   9.400  2.11062E-04  2.11332E-04 -1.27407E-03
   10263.802    333.287   9.450  2.10555E-04  2.11189E-04 -2.99799E-03
   10267.412    336.897   9.500  2.10094E-04  2.11047E-04 -4.50555E-03
   10271.041    340.526   9.550  2.09681E-04  2.10906E-04 -5.79450E-03
   10274.689    344.174   9.600  2.09330E-04  2.10765E-04 -6.79261E-03
   10278.356    347.841   9.650  2.09047E-04  2.10624E-04 -7.47143E-03
   10282.042    351.527   9.700  2.08834E-04  2.10482E-04 -7.81557E-03
   10285.747    355.232   9.750  2.08693E-04  2.10341E-04 -7.82310E-03
   10289.472    358.956   9.800  2.08620E-04  2.10200E-04 -7.50577E-03
   10293.215    362.700   9.850  2.08609E-04  2.10058E-04 -6.88887E-03
   10296.977    366.462   9.900  2.08654E-04  2.09917E-04 -6.01049E-03
   10300.759    370.244   9.950  2.08743E-04  2.09776E-04 -4.92004E-03
   10304.559    374.044  10.000  2.08863E-04  2.09634E-04 -3.67574E-03
   10308.379    377.864  10.050  2.08905E-04  2.09397E-04 -2.34588E-03
   10312.217    381.702  10.100  2.08955E-04  2.09159E-04 -9.77087E-04
   10316.075    385.560  10.150  2.08998E-04  2.08921E-04  3.67401E-04
   10319.951    389.436  10.200  2.09024E-04  2.08684E-04  1.62903E-03
   10323.847    393.332  10.250  2.09021E-04  2.08446E-04  2.75734E-03
   10327.762    397.247  10.300  2.08982E-04  2.08208E-04  3.71255E-03
   10331.696    401.181  10.350  2.08900E-04  2.07971E-04  4.46689E-03
   10335.649    405.133  10.400  2.08773E-04  2.07733E-04  5.00476E-03
   10339.621    409.105  10.450  2.08600E-04  2.07495E-04  5.32163E-03
   10343.611    413.096  10.500  2.08382E-04  2.07258E-04  5.42223E-03
   10347.621    417.106  10.550  2.08121E-04  2.07020E-04  5.31826E-03
   10351.651    421.135  10.600  2.07822E-04  2.06783E-04  5.02619E-03
   10355.699    425.184  10.650  2.07488E-04  2.06545E-04  4.56558E-03
   10359.766    429.251  10.700  2.07124E-04  2.06307E-04  3.95808E-03
   10363.852    433.337  10.750  2.06734E-04  2.06070E-04  3.22725E-03
   10367.957    437.442  10.800  2.06326E-04  2.05832E-04  2.39892E-03
   10372.082    441.566  10.850  2.05903E-04  2.05594E-04  1.50181E-03
   10376.225    445.710  10.900  2.05473E-04  2.05357E-04  5.68008E-04
   10380.387    449.872  10.950  2.05044E-04  2.05119E-04 -3.67108E-04
   10384.569    454.054  11.000  2.04622E-04  2.04881E-04 -1.26573E-03
   10388.769    458.254  11.050  2.04239E-04  2.04670E-04 -2.10479E-03
   10392.989    462.474  11.100  2.03877E-04  2.04459E-04 -2.84467E-03
   10397.227    466.712  11.150  2.03543E-04  2.04247E-04 -3.45132E-03
   10401.485    470.970  11.200  2.03241E-04  2.04036E-04 -3.89617E-03
   10405.762    475.247  11.250  2.02977E-04  2.03825E-04 -4.15859E-03
   10410.058    479.542  11.300  2.02752E-04  2.03614E-04 -4.22785E-03
   10414.372    483.857  11.350  2.02567E-04  2.03402E-04 -4.10421E-03
   10418.706    488.191  11.400  2.02419E-04  2.03191E-04 -3.79895E-03
   10423.059    492.544  11.450  2.02303E-04  2.02980E-04 -3.33345E-03
   10427.431    496.916  11.500  2.02213E-04  2.02768E-04 -2.73725E-03
   10431.822    501.307  11.550  2.02142E-04  2.02557E-04 -2.04564E-03
   10436.232    505.717  11.600  2.02083E-04  2.02346E-04 -1.29684E-03
   10440.661    510.146  11.650  2.02027E-04  2.02135E-04 -5.29369E-04
   10445.109    514.594  11.700  2.01968E-04  2.01923E-04  2.20381E-04
   10449.577    519.062  11.750  2.01898E-04  2.01712E-04  9.19916E-04
   10454.063    523.548  11.800  2.01812E-04  2.01501E-04  1.54189E-03
   10458.568    528.053  11.850  2.01706E-04  2.01289E-04  2.06472E-03
   10463.093    532.577  11.900  2.01576E-04  2.01078E-04  2.47284E-03
   10467.636    537.121  11.950  2.01422E-04  2.00867E-04  2.75650E-03
   10472.198    541.683  12.000  2.01241E-04  2.00656E-04  2.91151E-03
   10476.780    546.265  12.050  2.01040E-04  2.00442E-04  2.97930E-03
   10481.381    550.865  12.100  2.00813E-04  2.00227E-04  2.91833E-03
   10486.000    555.485  12.150  2.00561E-04  2.00013E-04  2.73369E-03
   10490.639    560.124  12.200  2.00287E-04  1.99799E-04  2.43560E-03
   10495.296    564.781  12.250  1.99993E-04  1.99585E-04  2.03911E-03
   10499.973    569.458  12.300  1.99684E-04  1.99371E-04  1.56353E-03
   10504.669    574.154  12.350  1.99363E-04  1.99157E-04  1.03148E-03
   10509.384    578.869  12.400  1.99036E-04  1.98943E-04  4.67912E-04
   10514.118    583.603  12.450  1.98709E-04  1.98729E-04 -1.01142E-04
   10518.871    588.356  12.500  1.98385E-04  1.98515E-04 -6.49709E-04
   10523.643    593.128  12.550  1.98071E-04  1.98301E-04 -1.15308E-03
   10528.434    597.919  12.600  1.97771E-04  1.98087E-04 -1.58895E-03
   10533.244    602.729  12.650  1.97488E-04  1.97873E-04 -1.93851E-03
   10538.073    607.558  12.700  1.97225E-04  1.97658E-04 -2.18745E-03
   10542.921    612.406  12.750  1.96984E-04  1.97444E-04 -2.32673E-03
   10547.789    617.273  12.800  1.96765E-04  1.97230E-04 -2.35319E-03
   10552.675    622.160  12.850  1.96568E-04  1.97016E-04 -2.26966E-03
   10557.580    627.065  12.900  1.96391E-04  1.96802E-04 -2.08473E-03
   10562.505    631.989  12.950  1.96231E-04  1.96588E-04 -1.81209E-03
   10567.448    636.933  13.000  1.96085E-04  1.96374E-04 -1.46942E-03
   10572.411    641.895  13.050  1.95884E-04  1.96098E-04 -1.08631E-03
   10577.392    646.877  13.100  1.95690E-04  1.95821E-04 -6.69949E-04
   10582.393    651.878  13.150  1.95498E-04  1.95545E-04 -2.41173E-04
   10587.412    656.897  13.200  1.95304E-04  1.95269E-04  1.79641E-04
   10592.451    661.936  13.250  1.95105E-04  1.94993E-04  5.73590E-04
   10597.509    666.994  13.300  1.94897E-04  1.94716E-04  9.24126E-04
   10602.586    672.070  13.350  1.94677E-04  1.94440E-04  1.21773E-03
   10607.681    677.166  13.400  1.94445E-04  1.94164E-04  1.44437E-03
   10612.796    682.281  13.450  1.94198E-04  1.93888E-04  1.59772E-03
   10617.930    687.415  13.500  1.93936E-04  1.93611E-04  1.67516E-03
   10623.083    692.568  13.550  1.93660E-04  1.93335E-04  1.67757E-03
   10628.255    697.740  13.600  1.93370E-04  1.93059E-04  1.60904E-03
   10633.447    702.931  13.650  1.93068E-04  1.92782E-04  1.47637E-03
   10638.657    708.142  13.700  1.92755E-04  1.92506E-04  1.28860E-03
   10643.886    713.371  13.750  1.92434E-04  1.92230E-04  1.05646E-03
   10649.134    718.619  13.800  1.92106E-04  1.91954E-04  7.91831E-04
   10654.401    723.886  13.850  1.91775E-04  1.91677E-04  5.07248E-04
   10659.688    729.173  13.900  1.91442E-04  1.91401E-04  2.15392E-04
   10664.993    734.478  13.950  1.91111E-04  1.91125E-04 -7.13656E-05
   10670.318    739.802  14.000  1.90783E-04  1.90849E-04 -3.41404E-04
   10675.661    745.146  14.050  1.90505E-04  1.90619E-04 -5.93213E-04
   10681.024    750.509  14.100  1.90234E-04  1.90389E-04 -8.12171E-04
   10686.405    755.890  14.150  1.89970E-04  1.90159E-04 -9.89760E-04
   10691.806    761.291  14.200  1.89716E-04  1.89929E-04 -1.11955E-03
   10697.226    766.710  14.250  1.89471E-04  1.89699E-04 -1.19744E-03
   10702.664    772.149  14.300  1.89237E-04  1.89469E-04 -1.22180E-03
   10708.122    777.607  14.350  1.89013E-04  1.89239E-04 -1.19345E-03
   10713.599    783.084  14.400  1.88798E-04  1.89009E-04 -1.11545E-03
   10719.095    788.580  14.450  1.88592E-04  1.88780E-04 -9.92904E-04
   10724.610    794.095  14.500  1.88392E-04  1.88550E-04 -8.32567E-04
   10730.144    799.629  14.550  1.88198E-04  1.88320E-04 -6.42454E-04
   10735.697    805.182  14.600  1.88008E-04  1.88090E-04 -4.31442E-04
   10741.269    810.754  14.650  1.87821E-04  1.87860E-04 -2.08869E-04
   10746.860    816.345  14.700  1.87633E-04  1.87630E-04  1.58260E-05
   10752.470    821.955  14.750  1.87444E-04  1.87400E-04  2.33430E-04
   10758.100    827.585  14.800  1.87252E-04  1.87170E-04  4.35245E-04
   10763.748    833.233  14.850  1.87055E-04  1.86940E-04  6.13342E-04
   10769.415    838.900  14.900  1.86853E-04  1.86710E-04  7.60803E-04
   10775.102    844.587  14.950  1.86644E-04  1.86481E-04  8.71948E-04
   10780.807    850.292  15.000  1.86427E-04  1.86251E-04  9.42551E-04
   10786.532    856.017  15.050  1.86156E-04  1.85973E-04  9.76966E-04
   10792.275    861.760  15.100  1.85876E-04  1.85696E-04  9.67899E-04
   10798.038    867.523  15.150  1.85589E-04  1.85419E-04  9.15506E-04
   10803.819    873.304  15.200  1.85294E-04  1.85142E-04  8.22118E-04
   10809.620    879.105  15.250  1.84993E-04  1.84864E-04  6.92265E-04
   10815.440    884.925  15.300  1.84686E-04  1.84587E-04  5.32522E-04
   10821.279    890.764  15.350  1.84375E-04  1.84310E-04  3.51179E-04
   10827.137    896.621  15.400  1.84062E-04  1.84033E-04  1.57746E-04
   10833.013    902.498  15.450  1.83749E-04  1.83756E-04 -3.76696E-05
   10838.909    908.394  15.500  1.83437E-04  1.83478E-04 -2.25042E-04
   10844.824    914.309  15.550  1.83128E-04  1.83201E-04 -3.95097E-04
   10850.758    920.243  15.600  1.82825E-04  1.82924E-04 -5.39909E-04
   10856.712    926.196  15.650  1.82527E-04  1.82647E-04 -6.53358E-04
   10862.684    932.169  15.700  1.82236E-04  1.82369E-04 -7.31421E-04
   10868.675    938.160  15.750  1.81951E-04  1.82092E-04 -7.72261E-04
   10874.685    944.170  15.800  1.81673E-04  1.81815E-04 -7.76150E-04
   10880.714    950.199  15.850  1.81402E-04  1.81538E-04 -7.45235E-04
   10886.763    956.248  15.900  1.81136E-04  1.81260E-04 -6.83205E-04
   10892.830    962.315  15.950  1.80875E-04  1.80983E-04 -5.94901E-04
   10898.917    968.402  16.000  1.80618E-04  1.80706E-04 -4.85923E-04
   10905.022    974.507  16.050  1.80368E-04  1.80434E-04 -3.67140E-04
   10911.147    980.632  16.100  1.80120E-04  1.80163E-04 -2.39337E-04
   10917.290    986.775  16.150  1.79872E-04  1.79891E-04 -1.07686E-04
   10923.453    992.938  16.200  1.79624E-04  1.79620E-04  2.28703E-05
   10929.635    999.120  16.250  1.79375E-04  1.79348E-04  1.47673E-04
   10935.835   1005.320  16.300  1.79124E-04  1.79077E-04  2.62384E-04
   10942.055   1011.540  16.350  1.78870E-04  1.78805E-04  3.63045E-04
   10948.294   1017.779  16.400  1.78614E-04  1.78534E-04  4.46156E-04
   10954.552   1024.037  16.450  1.78353E-04  1.78262E-04  5.08803E-04
   10960.829   1030.314  16.500  1.78089E-04  1.77991E-04  5.48810E-04
   10967.125   1036.610  16.550  1.77820E-04  1.77719E-04  5.64895E-04
   10973.440   1042.925  16.600  1.77547E-04  1.77448E-04  5.56814E-04
   10979.774   1049.259  16.650  1.77270E-04  1.77176E-04  5.25450E-04
   10986.127   1055.612  16.700  1.76989E-04  1.76905E-04  4.72823E-04
   10992.499   1061.984  16.750  1.76705E-04  1.76633E-04  4.02021E-04
   10998.891   1068.376  16.800  1.76418E-04  1.76362E-04  3.17027E-04
   11005.301   1074.786  16.850  1.76130E-04  1.76091E-04  2.22466E-04
   11011.730   1081.215  16.900  1.75841E-04  1.75819E-04  1.23294E-04
   11018.179   1087.664  16.950  1.75552E-04  1.75548E-04  2.44621E-05
   11024.646   1094.131  17.000  1.75264E-04  1.75276E-04 -6.94110E-05
   11031.133   1100.617  17.050  1.74982E-04  1.75009E-04 -1.56809E-04
   11037.638   1107.123  17.100  1.74702E-04  1.74743E-04 -2.32590E-04
   11044.163   1113.648  17.150  1.74424E-04  1.74476E-04 -2.94229E-04
   11050.706   1120.191  17.200  1.74150E-04  1.74209E-04 -3.40140E-04
   11057.269   1126.754  17.250  1.73878E-04  1.73942E-04 -3.69626E-04
   11063.851   1133.336  17.300  1.73609E-04  1.73675E-04 -3.82765E-04
   11070.452   1139.937  17.350  1.73343E-04  1.73409E-04 -3.80267E-04
   11077.072   1146.556  17.400  1.73079E-04  1.73142E-04 -3.63308E-04
   11083.710   1153.195  17.450  1.72817E-04  1.72875E-04 -3.33403E-04
   11090.368   1159.853  17.500  1.72558E-04  1.72608E-04 -2.92294E-04
   11097.045   1166.530  17.550  1.72300E-04  1.72342E-04 -2.41894E-04
   11103.741   1173.226  17.600  1.72043E-04  1.72075E-04 -1.84256E-04
   11110.457   1179.941  17.650  1.71787E-04  1.71808E-04 -1.21580E-04
   11117.191   1186.676  17.700  1.71532E-04  1.71541E-04 -5.62128E-05
   11123.944   1193.429  17.750  1.71276E-04  1.71275E-04  9.35689E-06
   11130.716   1200.201  17.800  1.71020E-04  1.71008E-04  7.25420E-05
   11137.507   1206.992  17.850  1.70763E-04  1.70741E-04  1.30737E-04
   11144.318   1213.803  17.900  1.70505E-04  1.70474E-04  1.81445E-04
   11151.147   1220.632  17.950  1.70245E-04  1.70208E-04  2.22429E-04
   11157.996   1227.480  18.000  1.69984E-04  1.69941E-04  2.51887E-04
   11164.863   1234.348  18.050  1.69692E-04  1.69645E-04  2.71904E-04
   11171.750   1241.234  18.100  1.69397E-04  1.69350E-04  2.79038E-04
   11178.655   1248.140  18.150  1.69101E-04  1.69055E-04  2.73105E-04
   11185.580   1255.065  18.200  1.68802E-04  1.68759E-04  2.54712E-04
   11192.524   1262.008  18.250  1.68502E-04  1.68464E-04  2.25206E-04
   11199.486   1268.971  18.300  1.68200E-04  1.68169E-04  1.86561E-04
   11206.468   1275.953  18.350  1.67897E-04  1.67873E-04  1.41207E-04
   11213.469   1282.954  18.400  1.67593E-04  1.67578E-04  9.18154E-05
   11220.489   1289.974  18.450  1.67289E-04  1.67282E-04  4.10876E-05
   11227.528   1297.013  18.500  1.66986E-04  1.66987E-04 -8.43912E-06
   11234.586   1304.071  18.550  1.66683E-04  1.66692E-04 -5.45447E-05
   11241.663   1311.148  18.600  1.66381E-04  1.66396E-04 -9.54232E-05
   11248.759   1318.244  18.650  1.66079E-04  1.66101E-04 -1.29724E-04
   11255.874   1325.359  18.700  1.65780E-04  1.65806E-04 -1.56542E-04
   11263.008   1332.493  18.750  1.65481E-04  1.65510E-04 -1.75375E-04
   11270.162   1339.646  18.800  1.65184E-04  1.65215E-04 -1.86058E-04
   11277.334   1346.819  18.850  1.64888E-04  1.64920E-04 -1.88709E-04
   11284.525   1354.010  18.900  1.64594E-04  1.64624E-04 -1.83673E-04
   11291.736   1361.220  18.950  1.64301E-04  1.64329E-04 -1.71501E-04
   11298.965   1368.450  19.000  1.64008E-04  1.64033E-04 -1.52938E-04
   11306.214   1375.698  19.050  1.63743E-04  1.63765E-04 -1.30704E-04
   11313.481   1382.966  19.100  1.63479E-04  1.63496E-04 -1.03680E-04
   11320.768   1390.252  19.150  1.63215E-04  1.63227E-04 -7.29844E-05
   11328.073   1397.558  19.200  1.62952E-04  1.62958E-04 -3.99408E-05
   11335.398   1404.883  19.250  1.62688E-04  1.62689E-04 -6.03881E-06
   11342.742   1412.227  19.300  1.62425E-04  1.62420E-04  2.71326E-05
   11350.105   1419.589  19.350  1.62161E-04  1.62152E-04  5.79776E-05
   11357.486   1426.971  19.400  1.61897E-04  1.61883E-04  8.50027E-05
   11364.887   1434.372  19.450  1.61631E-04  1.61614E-04  1.06929E-04
   11372.307   1441.792  19.500  1.61365E-04  1.61345E-04  1.22792E-04
   11379.746   1449.231  19.550  1.61098E-04  1.61076E-04  1.32016E-04
   11387.204   1456.689  19.600  1.60829E-04  1.60807E-04  1.34455E-04
   11394.681   1464.166  19.650  1.60560E-04  1.60539E-04  1.30387E-04
   11402.177   1471.662  19.700  1.60289E-04  1.60270E-04  1.20477E-04
   11409.693   1479.178  19.750  1.60018E-04  1.60001E-04  1.05701E-04
   11417.227   1486.712  19.800  1.59746E-04  1.59732E-04  8.72467E-05
   11424.780   1494.265  19.850  1.59474E-04  1.59463E-04  6.64105E-05
   11432.353   1501.837  19.900  1.59202E-04  1.59194E-04  4.44905E-05
   11439.944   1509.429  19.950  1.58929E-04  1.58926E-04  2.26960E-05
   11447.554   1517.039  20.000  1.58657E-04  1.58657E-04  2.07678E-06
