# # Once                                                         FEFF 10.0.0 
# # POT  SCF 100  9.0000   0, NO core-hole, FOLP (folp(0)= 1.000)
# # Abs   Z=30 Rmt= 1.189 Rnm= 1.512 K  shell
# #   RGRID 0.0100
# # Pot 1 Z= 6 Rmt= 0.778 Rnm= 1.120
# # Pot 2 Z= 6 Rmt= 0.802 Rnm= 1.164
# # Pot 3 Z= 1 Rmt= 0.550 Rnm= 0.957
# # Pot 4 Z=16 Rmt= 1.091 Rnm= 1.475
# # Gam_ch=1.897E+00 H-L exch Vi= 0.000E+00 Vr= 0.000E+00
# # Mu=-4.513E+00eV kf=1.408E+00 Vint=-9.187E+00eV Rs_int= 2.575
# FMS rfms= 9.0000
# # PATH  Rmax= 0.100,  Keep_limit= 0.00, Heap_limit 0.00  Pwcrit= 2.50%
#  S02=1.000  Temp=  10.00  Debye_temp= 315.00  Global_sig2= 0.00000
#  Energy zero shift, vr, vi    0.00000E+00   0.00000E+00
#  Curved wave amplitude ratio filter   4.000%
#     file         sig2 tot  cw amp ratio   deg  nlegs   reff  inp sig2
#     0/   0 paths used
#  xsedge+ 50, used to normalize mu           1.0000E+00
#  -----------------------------------------------------------------------
#  omega    e    k    mu    mu0     chi     @#
      9554.5337667185      -24.5128726000       -2.2911494664    3.4297133093E-06    4.0966534889E-06   -6.6694017961E-07
      9555.5337667185      -23.5128726000       -2.2331362757    3.6190079033E-06    4.3308115498E-06   -7.1180364651E-07
      9556.5337667185      -22.5128726000       -2.1735752517    3.8281618357E-06    4.5922586287E-06   -7.6409679305E-07
      9557.5337667185      -21.5128726000       -2.1123354666    4.0603635337E-06    4.8859274556E-06   -8.2556392184E-07
      9558.5337667185      -20.5128726000       -2.0492663191    4.3195119800E-06    5.2179949912E-06   -8.9848301117E-07
      9559.5337667185      -19.5128726000       -1.9841936954    4.6104251266E-06    5.5962967061E-06   -9.8587157949E-07
      9560.5337667185      -18.5128726000       -1.9169132400    4.9391262267E-06    6.0309169228E-06   -1.0917906961E-06
      9561.5337667185      -17.5128726000       -1.8471837768    5.3132444731E-06    6.5350486890E-06   -1.2218042160E-06
      9562.5337667185      -16.5128726000       -1.7747167214    5.7425872852E-06    7.1262777534E-06   -1.3836904682E-06
      9563.5337667185      -15.5128726000       -1.6991619081    6.2399773243E-06    7.8285550989E-06   -1.5885777746E-06
      9564.5337667185      -14.5128726000       -1.6200872587    6.8225105390E-06    8.6753284444E-06   -1.8528179053E-06
      9565.0337667185      -14.0128726000       -1.5790658039    7.1526760141E-06    9.1671564061E-06   -2.0144803920E-06
      9565.5337667185      -13.5128726000       -1.5369497306    7.5135083370E-06    9.7147081100E-06   -2.2011997730E-06
      9566.0337667185      -13.0128726000       -1.4936466613    7.9094082174E-06    1.0327738747E-05   -2.4183305299E-06
      9566.5337667185      -12.5128726000       -1.4490501841    8.3456639656E-06    1.1018384955E-05   -2.6727209893E-06
      9567.0337667185      -12.0128726000       -1.4030367413    8.8286905628E-06    1.1801931239E-05   -2.9732406766E-06
      9567.5337667185      -11.5128726000       -1.3554622724    9.3663520624E-06    1.2697890323E-05   -3.3315382602E-06
      9568.0337667185      -11.0128726000       -1.3061560932    9.9684041245E-06    1.3731557202E-05   -3.7631530777E-06
      9568.5337667185      -10.5128726000       -1.2549141860    1.0647113769E-05    1.4936296133E-05   -4.2891823635E-06
      9569.0337667185      -10.0128726000       -1.2014889076    1.1418147483E-05    1.6356993787E-05   -4.9388463042E-06
      9569.5337667385       -9.5128725800       -1.1455747332    1.2301878081E-05    1.8055427672E-05   -5.7535495912E-06
      9570.0337667385       -9.0128725800       -1.0867876258    1.3325367656E-05    2.0118894152E-05   -6.7935264956E-06
      9570.5337667385       -8.5128725800       -1.0246331595    1.4525487602E-05    2.2674616657E-05   -8.1491290558E-06
      9571.0337667385       -8.0128725800       -0.9584566200    1.5954039149E-05    2.5914883414E-05   -9.9608442654E-06
      9571.5337667385       -7.5128725800       -0.8873583607    1.7686587230E-05    3.0143164386E-05   -1.2456577156E-05
      9572.0337667385       -7.0128725800       -0.8100436294    1.9838601089E-05    3.5863597164E-05   -1.6024996075E-05
      9572.5337667385       -6.5128725800       -0.7245250921    2.2596839124E-05    4.3964995370E-05   -2.1368156246E-05
      9573.0337667385       -6.0128725800       -0.6274570930    2.6283641176E-05    5.6115653282E-05   -2.9832012106E-05
      9573.5337667385       -5.5128725800       -0.5123165798    3.1485482578E-05    7.5570354503E-05   -4.4084871926E-05
      9574.0337667385       -5.0128725800       -0.3622625460    3.9206186057E-05    1.0800858276E-04   -6.8802396703E-05
      9574.5337667385       -4.5128725800        0.0000000000    5.0391149354E-05    1.5681204095E-04   -1.0642089159E-04
      9575.0337667385       -4.0128725800        0.3622625460    6.3772796138E-05    2.0760285474E-04   -1.4383005860E-04
      9575.5337667385       -3.5128725800        0.5123165798    7.8189109509E-05    2.4596919407E-04   -1.6778008456E-04
      9576.0337667385       -3.0128725800        0.6274570930    9.5430033118E-05    2.7224674354E-04   -1.7681671042E-04
      9576.5337667385       -2.5128725800        0.7245250921    1.1772153129E-04    2.9041000773E-04   -1.7268847645E-04
      9577.0337667385       -2.0128725800        0.8100436294    1.4682222942E-04    3.0299283765E-04   -1.5617060823E-04
      9577.5337667385       -1.5128725800        0.8873583607    1.8280708326E-04    3.1149972910E-04   -1.2869264584E-04
      9578.0337667385       -1.0128725800        0.9584566200    2.2240432749E-04    3.1688885845E-04   -9.4484530957E-05
      9578.5337667365       -0.5128725820        1.0246331595    2.5935482741E-04    3.1985936777E-04   -6.0504540363E-05
      9579.0337667365       -0.0128725820        1.0867876258    2.8859046311E-04    3.2096317833E-04   -3.2372715221E-05
      9579.5337667365        0.4871274180        1.1455747332    3.0976825612E-04    3.2061542381E-04   -1.0847167692E-05
      9580.0337667365        0.9871274180        1.2014889076    3.2522527957E-04    3.1916801315E-04    6.0572664273E-06
      9580.5337667385        1.4871274200        1.2549141860    3.3638416839E-04    3.1688705703E-04    1.9497111363E-05
      9581.0337667385        1.9871274200        1.3061560932    3.4326208644E-04    3.1399845434E-04    2.9263632099E-05
      9581.5337667385        2.4871274200        1.3554622724    3.4613452193E-04    3.1067043878E-04    3.5464083152E-05
      9582.0337667385        2.9871274200        1.4030367413    3.4617498283E-04    3.0703974856E-04    3.9135234272E-05
      9582.5337667385        3.4871274200        1.4490501841    3.4502468961E-04    3.0321611176E-04    4.1808577848E-05
      9583.0337667385        3.9871274200        1.4936466613    3.4382239491E-04    2.9928559192E-04    4.4536802991E-05
      9583.5337667385        4.4871274200        1.5369497306    3.4299414256E-04    2.9530763834E-04    4.7686504222E-05
      9584.0337667385        4.9871274200        1.5790658039    3.4210236974E-04    2.9132670803E-04    5.0775661714E-05
      9584.5337667385        5.4871274200        1.6200872587    3.4028980576E-04    2.8736675998E-04    5.2923045781E-05
      9585.1605423785        6.1139030600        1.6700872977    3.3583075389E-04    2.8246933366E-04    5.3361420240E-05
      9585.8063679385        6.7597286200        1.7200873036    3.2858998024E-04    2.7735903327E-04    5.1230946977E-05
      9586.4712434185        7.4246041000        1.7700872793    3.1885375288E-04    2.7209977849E-04    4.6753974388E-05
      9587.1551688185        8.1085295000        1.8200872856    3.0818920117E-04    2.6791058770E-04    4.0278613474E-05
      9587.8581441385        8.8115048200        1.8700873770    3.0028105945E-04    2.6678119481E-04    3.3499864637E-05
      9588.5801693885        9.5335300700        1.9200873252    2.9441394959E-04    2.6620000517E-04    2.8213944415E-05
      9589.3212445185       10.2746052000        1.9700873572    2.8899492005E-04    2.6499811441E-04    2.3996805643E-05
      9590.0813696185       11.0347303000        2.0200873613    2.8392400003E-04    2.6316979031E-04    2.0754209722E-05
      9590.8605446185       11.8139053000        2.0700873396    2.7952465774E-04    2.6094600724E-04    1.8578650504E-05
      9591.6587695185       12.6121302000        2.1200873943    2.7589798852E-04    2.5836779558E-04    1.7530192942E-05
      9592.4760444185       13.4294051000        2.1700873240    2.7291022704E-04    2.5538817452E-04    1.7522052522E-05
      9593.3123691185       14.2657298000        2.2200873288    2.7029591233E-04    2.5202915146E-04    1.8266760870E-05
      9594.1677438185       15.1211045000        2.2700873101    2.6766853960E-04    2.4832489975E-04    1.9343639856E-05
      9595.0421684185       15.9955291000        2.3200873610    2.6466322417E-04    2.4438737603E-04    2.0275848136E-05
      9595.9356429185       16.8890036000        2.3700872976    2.6123730406E-04    2.4053001476E-04    2.0707289292E-05
      9596.8481674185       17.8015281000        2.4200873029    2.5735584003E-04    2.3690059893E-04    2.0455241104E-05
      9597.7797418185       18.7331025000        2.4700872865    2.5308335288E-04    2.3356578539E-04    1.9517567486E-05
      9598.7303660185       19.6837267000        2.5200873342    2.4853026052E-04    2.3052500842E-04    1.8005252095E-05
      9599.7000402185       20.6534009000        2.5700872766    2.4379522126E-04    2.2776263907E-04    1.6032582190E-05
      9600.6887644185       21.6421251000        2.6200872821    2.3890337435E-04    2.2528625897E-04    1.3617115381E-05
      9601.6965384185       22.6498991000        2.6700872676    2.3373354882E-04    2.2308266061E-04    1.0650888214E-05
      9602.7233624185       23.6767231000        2.7200873124    2.2810236394E-04    2.2112673572E-04    6.9756282287E-06
      9603.7692363185       24.7225970000        2.7700872596    2.2191171855E-04    2.1939548518E-04    2.5162333684E-06
      9604.8341601185       25.7875208000        2.8200872653    2.1524737398E-04    2.1788040726E-04   -2.6330332826E-06
      9605.9181338185       26.8714945000        2.8700873265    2.0837740211E-04    2.1655497303E-04   -8.1775709195E-06
      9607.0211574185       27.9745181000        2.9200872946    2.0174232499E-04    2.1542626937E-04   -1.3683944379E-05
      9608.1432310185       29.0965917000        2.9700873176    1.9578113883E-04    2.1447075152E-04   -1.8689612696E-05
      9609.2843545185       30.2377152000        3.0200872517    1.9087037469E-04    2.1368015467E-04   -2.2809779982E-05
      9610.4445279185       31.3978886000        3.0700872401    1.8724893094E-04    2.1305635054E-04   -2.5807419605E-05
      9611.6237512185       32.5771119000        3.1200872801    1.8498463795E-04    2.1257608784E-04   -2.7591449897E-05
      9612.8220245185       33.7753852000        3.1700872349    1.8405126037E-04    2.1223688798E-04   -2.8185627616E-05
      9614.0393476185       34.9927083000        3.2200872408    1.8435016002E-04    2.1203040316E-04   -2.7680243135E-05
      9615.2757207185       36.2290814000        3.2700871651    1.8574584558E-04    2.1194663563E-04   -2.6200790054E-05
      9616.5311437185       37.4845044000        3.3200872682    1.8808388236E-04    2.1198334486E-04   -2.3899462494E-05
      9617.8056166185       38.7589773000        3.3700874155    1.9120085460E-04    2.1213843199E-04   -2.0937577391E-05
      9619.0991395185       40.0525002000        3.4200874809    1.9491366964E-04    2.1240091677E-04   -1.7487247132E-05
      9620.4117123185       41.3650730000        3.4700874677    1.9904333403E-04    2.1275328238E-04   -1.3709948353E-05
      9621.7433349185       42.6966956000        3.5200873794    2.0344485200E-04    2.1320431592E-04   -9.7594639231E-06
      9623.0940075185       44.0473682000        3.5700874575    2.0797965201E-04    2.1374886028E-04   -5.7692082726E-06
      9624.4637301185       45.4170908000        3.6200873425    2.1251080670E-04    2.1436979851E-04   -1.8589918113E-06
      9625.8525025185       46.8058632000        3.6700873901    2.1692989691E-04    2.1506872276E-04    1.8611741485E-06
      9627.2603249185       48.2136856000        3.7200873650    2.2112967903E-04    2.1583390727E-04    5.2957717554E-06
      9628.6871972185       49.6405579000        3.7700873829    2.2503628423E-04    2.1667604068E-04    8.3602435579E-06
      9630.1331194185       51.0864801000        3.8200872194    2.2855672973E-04    2.1756223785E-04    1.0994491887E-05
      9631.5980915185       52.5514522000        3.8700873213    2.3167274223E-04    2.1850959154E-04    1.3163150680E-05
      9633.0821136185       54.0354743000        3.9200871357    2.3435440277E-04    2.1949466423E-04    1.4859738541E-05
      9634.5851855185       55.5385462000        3.9700873166    2.3662761496E-04    2.2052407460E-04    1.6103540363E-05
      9636.1073074185       57.0606681000        4.0200872151    2.3850507244E-04    2.2158012230E-04    1.6924950133E-05
      9637.6484792185       58.6018399000        4.0700872600    2.4002961757E-04    2.2267556444E-04    1.7354053134E-05
      9639.2087010185       60.1620617000        4.1200870326    2.4118126910E-04    2.2378043042E-04    1.7400838681E-05
      9640.7879726185       61.7413333000        4.1700873594    2.4195493740E-04    2.2490148937E-04    1.7053448031E-05
      9642.3862942185       63.3396549000        4.2200870102    2.4229464783E-04    2.2602515341E-04    1.6269494423E-05
      9644.0036657185       64.9570264000        4.2700874045    2.4214803830E-04    2.2715518324E-04    1.4992855054E-05
      9645.6400871185       66.5934478000        4.3200871369    2.4145134708E-04    2.2827588799E-04    1.3175459097E-05
      9647.2955584185       68.2489191000        4.3700873990    2.4018302166E-04    2.2938018562E-04    1.0802836032E-05
      9648.9700796185       69.9234403000        4.4200875951    2.3838586516E-04    2.3046895878E-04    7.9169063820E-06
      9650.6636508185       71.6170115000        4.4700873463    2.3616245187E-04    2.3153126576E-04    4.6311861087E-06
      9652.3762719185       73.3296326000        4.5200876093    2.3368565985E-04    2.3256641861E-04    1.1192412321E-06
      9654.1079429185       75.0613036000        4.5700872495    2.3114792238E-04    2.3355305756E-04   -2.4051351823E-06
      9655.8586638185       76.8120245000        4.6200875770    2.2877306706E-04    2.3450237027E-04   -5.7293032061E-06
      9657.6284347185       78.5817954000        4.6700872937    2.2672726718E-04    2.3539487685E-04   -8.6676096718E-06
      9659.4172555185       80.3706162000        4.7200875012    2.2515244469E-04    2.3624249141E-04   -1.1090046716E-05
      9661.2251262185       82.1784869000        4.7700872916    2.2410078677E-04    2.3702401245E-04   -1.2923225679E-05
      9663.0520468185       84.0054075000        4.8200875611    2.2359931819E-04    2.3774594378E-04   -1.4146625592E-05
      9664.8980173185       85.8513780000        4.8700872460    2.2362752678E-04    2.3840937765E-04   -1.4781850867E-05
      9666.7630377185       87.7163984000        4.9200874025    2.2411704984E-04    2.3899335077E-04   -1.4876300937E-05
      9668.6471081185       89.6004688000        4.9700873309    2.2502029230E-04    2.3951214560E-04   -1.4491853300E-05
      9670.5502284185       91.5035891000        5.0200875471    2.2625920064E-04    2.3995193242E-04   -1.3692731780E-05
      9672.4723986185       93.4257593000        5.0700872027    2.2778095134E-04    2.4032137204E-04   -1.2540420698E-05
      9674.4136188185       95.3669795000        5.1200874783    2.2952715523E-04    2.4061760667E-04   -1.1090451440E-05
      9676.3738888185       97.3272495000        5.1700872031    2.3144509508E-04    2.4083795245E-04   -9.3928573761E-06
      9678.3532088185       99.3065695000        5.2200873716    2.3349211824E-04    2.4098609684E-04   -7.4939786005E-06
      9680.3515783185      101.3049390000        5.2700871633    2.3561540563E-04    2.4105488445E-04   -5.4394788239E-06
      9682.3689983185      103.3223590000        5.3200873890    2.3777645136E-04    2.4105438923E-04   -3.2779378747E-06
      9684.4054683185      105.3588290000        5.3700870854    2.3992911242E-04    2.4098899673E-04   -1.0598843181E-06
      9686.4609883185      107.4143490000        5.4200875237    2.4201012113E-04    2.4085109180E-04    1.1590293284E-06
      9688.5355573185      109.4889180000        5.4700872829    2.4397558594E-04    2.4065682297E-04    3.3187629731E-06
      9690.6291773185      111.5825380000        5.5200873067    2.4574825161E-04    2.4039500637E-04    5.3532452421E-06
      9692.7418463185      113.6952070000        5.5700872823    2.4727006155E-04    2.4007639120E-04    7.1936703409E-06
      9694.8735653185      115.8269260000        5.6200875141    2.4848360073E-04    2.3971282328E-04    8.7707774485E-06
      9697.0243353185      117.9776960000        5.6700870942    2.4931392060E-04    2.3929593773E-04    1.0017982870E-05
      9699.1941543185      120.1475150000        5.7200875283    2.4972327918E-04    2.3884485364E-04    1.0878425539E-05
      9701.3830233185      122.3363840000        5.7700870235    2.4966401129E-04    2.3835473441E-04    1.1309276878E-05
      9703.5909423185      124.5443030000        5.8200873593    2.4911828995E-04    2.3783070124E-04    1.1287588714E-05
      9705.8179113185      126.7712720000        5.8700870640    2.4809488151E-04    2.3728088466E-04    1.0813996846E-05
      9708.0639303185      129.0172910000        5.9200873040    2.4663133163E-04    2.3671475617E-04    9.9165754591E-06
      9710.3289983185      131.2823590000        5.9700872103    2.4478655018E-04    2.3613949868E-04    8.6470515024E-06
      9712.6131173185      133.5664780000        6.0200873568    2.4255687152E-04    2.3554297846E-04    7.0138930643E-06
