# # Once                                                         FEFF 10.0.0 
# # POT  SCF 100  9.0000   0, NO core-hole, FOLP (folp(0)= 1.000)
# # Abs   Z=30 Rmt= 1.201 Rnm= 1.526 K  shell
# #   RGRID 0.0100
# # Pot 1 Z= 6 Rmt= 0.781 Rnm= 1.124
# # Pot 2 Z= 6 Rmt= 0.805 Rnm= 1.167
# # Pot 3 Z= 1 Rmt= 0.552 Rnm= 0.960
# # Pot 4 Z=16 Rmt= 1.098 Rnm= 1.483
# # Gam_ch=1.897E+00 H-L exch Vi= 0.000E+00 Vr= 0.000E+00
# # Mu=-4.504E+00eV kf=1.392E+00 Vint=-9.113E+00eV Rs_int= 2.605
# FMS rfms= 9.0000
# # PATH  Rmax= 0.100,  Keep_limit= 0.00, Heap_limit 0.00  Pwcrit= 2.50%
#  S02=1.000  Temp=  10.00  Debye_temp= 315.00  Global_sig2= 0.00000
#  Energy zero shift, vr, vi    0.00000E+00   0.00000E+00
#  Curved wave amplitude ratio filter   4.000%
#     file         sig2 tot  cw amp ratio   deg  nlegs   reff  inp sig2
#     0/   0 paths used
#  xsedge+ 50, used to normalize mu           1.0000E+00
#  -----------------------------------------------------------------------
#  omega    e    k    mu    mu0     chi     @#
      9554.5609800731      -24.5035072000       -2.2911494664    3.4193522689E-06    4.0754166705E-06   -6.5606440159E-07
      9555.5609800731      -23.5035072000       -2.2331362757    3.6088481430E-06    4.3080161229E-06   -6.9916797990E-07
      9556.5609800731      -22.5035072000       -2.1735752517    3.8182827636E-06    4.5677439273E-06   -7.4946116369E-07
      9557.5609800731      -21.5035072000       -2.1123354666    4.0508643048E-06    4.8595105930E-06   -8.0864628828E-07
      9558.5609800731      -20.5035072000       -2.0492663191    4.3105166494E-06    5.1894670989E-06   -8.7895044945E-07
      9559.5609800731      -19.5035072000       -1.9841936954    4.6020892487E-06    5.5654185049E-06   -9.6332925621E-07
      9560.5609800731      -18.5035072000       -1.9169132400    4.9316452970E-06    5.9974135742E-06   -1.0657682772E-06
      9561.5609800731      -17.5035072000       -1.8471837768    5.3068646739E-06    6.4986039510E-06   -1.1917392771E-06
      9562.5609800731      -16.5035072000       -1.7747167214    5.7376189888E-06    7.0865276665E-06   -1.3489086777E-06
      9563.5609800731      -15.5035072000       -1.6991619081    6.2368115840E-06    7.7850818811E-06   -1.5482702971E-06
      9564.5609800731      -14.5035072000       -1.6200872587    6.8216379871E-06    8.6276563002E-06   -1.8060183131E-06
      9565.0609800731      -14.0035072000       -1.5790658039    7.1531703360E-06    9.1171884124E-06   -1.9640180764E-06
      9565.5609800731      -13.5035072000       -1.5369497306    7.5155375319E-06    9.6623049968E-06   -2.1467674650E-06
      9566.0609800731      -13.0035072000       -1.4936466613    7.9131563102E-06    1.0272756978E-05   -2.3596006676E-06
      9566.5609800731      -12.5035072000       -1.4490501841    8.3513296988E-06    1.0960679808E-05   -2.6093501090E-06
      9567.0609800731      -12.0035072000       -1.4030367413    8.8364837962E-06    1.1741361967E-05   -2.9048781709E-06
      9567.5609800731      -11.5035072000       -1.3554622724    9.3764862013E-06    1.2634328591E-05   -3.2578423897E-06
      9568.0609800731      -11.0035072000       -1.3061560932    9.9810817084E-06    1.3664900787E-05   -3.6838190782E-06
      9568.5609800731      -10.5035072000       -1.2549141860    1.0662500238E-05    1.4866491153E-05   -4.2039909154E-06
      9569.0609800731      -10.0035072000       -1.2014889076    1.1436324306E-05    1.6284071092E-05   -4.8477467856E-06
      9569.5609800831       -9.5035071900       -1.1455747332    1.2322759250E-05    1.7979563164E-05   -5.6568039143E-06
      9570.0609800831       -9.0035071900       -1.0867876258    1.3348549838E-05    2.0040511086E-05   -6.6919612476E-06
      9570.5609800831       -8.5035071900       -1.0246331595    1.4549976291E-05    2.2594563109E-05   -8.0445868189E-06
      9571.0609800831       -8.0035071900       -0.9584566200    1.5977735721E-05    2.5834751165E-05   -9.8570154437E-06
      9571.5609800831       -7.5035071900       -0.8873583607    1.7705295121E-05    3.0065884719E-05   -1.2360589598E-05
      9572.0609800831       -7.0035071900       -0.8100436294    1.9844019859E-05    3.5794607518E-05   -1.5950587659E-05
      9572.5609800831       -6.5035071900       -0.7245250921    2.2572328592E-05    4.3914643006E-05   -2.1342314414E-05
      9573.0609800831       -6.0035071900       -0.6274570930    2.6194951171E-05    5.6104358909E-05   -2.9909407738E-05
      9573.5609800831       -5.5035071900       -0.5123165798    3.1261098409E-05    7.5639442864E-05   -4.4378344454E-05
      9574.0609800831       -5.0035071900       -0.3622625460    3.8710484361E-05    1.0823531568E-04   -6.9524831315E-05
      9574.5609800831       -4.5035071900        0.0000000000    4.9488338600E-05    1.5727669821E-04   -1.0778835961E-04
      9575.0609800831       -4.0035071900        0.3622625460    6.2626302002E-05    2.0821038547E-04   -1.4558408347E-04
      9575.5609800831       -3.5035071900        0.5123165798    7.7354664435E-05    2.4648681529E-04   -1.6913215086E-04
      9576.0609800831       -3.0035071900        0.6274570930    9.5507205601E-05    2.7246801575E-04   -1.7696081015E-04
      9576.5609800831       -2.5035071900        0.7245250921    1.1924899067E-04    2.9017568508E-04   -1.7092669442E-04
      9577.0609800831       -2.0035071900        0.8100436294    1.5009247861E-04    3.0223178079E-04   -1.5213930218E-04
      9577.5609800831       -1.5035071900        0.8873583607    1.8764032107E-04    3.1016658003E-04   -1.2252625896E-04
      9578.0609800831       -1.0035071900        0.9584566200    2.2842304752E-04    3.1499362692E-04   -8.6570579398E-05
      9578.5609800841       -0.5035071890        1.0246331595    2.6668391795E-04    3.1744216030E-04   -5.0758242345E-05
      9579.0609800843       -0.0035071888        1.0867876258    2.9779508143E-04    3.1806299396E-04   -2.0267912527E-05
      9579.5609800841        0.4964928110        1.1455747332    3.2061057533E-04    3.1729576887E-04    3.3148064690E-06
      9580.0609800841        0.9964928110        1.2014889076    3.3620304047E-04    3.1548943000E-04    2.0713610470E-05
      9580.5609800831        1.4964928100        1.2549141860    3.4558558930E-04    3.1291480584E-04    3.2670783455E-05
      9581.0609800831        1.9964928100        1.3061560932    3.4944643051E-04    3.0978149259E-04    3.9664937926E-05
      9581.5609800831        2.4964928100        1.3554622724    3.4940966138E-04    3.0627033020E-04    4.3139331174E-05
      9582.0609800831        2.9964928100        1.4030367413    3.4786019338E-04    3.0250050901E-04    4.5359684373E-05
      9582.5609800831        3.4964928100        1.4490501841    3.4665095787E-04    2.9858448806E-04    4.8066469811E-05
      9583.0609800831        3.9964928100        1.4936466613    3.4645976972E-04    2.9459512756E-04    5.1864642155E-05
      9583.5609800831        4.4964928100        1.5369497306    3.4656782160E-04    2.9058942894E-04    5.5978392658E-05
      9584.0609800831        4.9964928100        1.5790658039    3.4541063334E-04    2.8660848882E-04    5.8802144517E-05
      9584.5609800831        5.4964928100        1.6200872587    3.4138775156E-04    2.8267179578E-04    5.8715955782E-05
      9585.1877557231        6.1232684500        1.6700872977    3.3158496132E-04    2.7780130414E-04    5.3783657177E-05
      9585.8335812831        6.7690940100        1.7200873036    3.1770576042E-04    2.7269940021E-04    4.5006360204E-05
      9586.4984567631        7.4339694900        1.7700872793    3.0364864453E-04    2.6760968619E-04    3.6038958334E-05
      9587.1823821731        8.1178949000        1.8200872856    2.9459923492E-04    2.6490196163E-04    2.9697273292E-05
      9587.8853574931        8.8208702200        1.8700873770    2.8998932620E-04    2.6419811971E-04    2.5791206492E-05
      9588.6073827331        9.5428954600        1.9200873252    2.8645048057E-04    2.6344341082E-04    2.3007069752E-05
      9589.3484578731       10.2839706000        1.9700873572    2.8269662871E-04    2.6194422040E-04    2.0752408304E-05
      9590.1085829731       11.0440957000        2.0200873613    2.7890877657E-04    2.5991134786E-04    1.8997428711E-05
      9590.8877579731       11.8232707000        2.0700873396    2.7541940350E-04    2.5750804380E-04    1.7911359694E-05
      9591.6859828731       12.6214956000        2.1200873943    2.7234745231E-04    2.5472484511E-04    1.7622607205E-05
      9592.5032577731       13.4387705000        2.1700873240    2.6958013060E-04    2.5153898725E-04    1.8041143342E-05
      9593.3395824731       14.2750952000        2.2200873288    2.6682337609E-04    2.4798907141E-04    1.8834304683E-05
      9594.1949571731       15.1304699000        2.2700873101    2.6372563999E-04    2.4416704678E-04    1.9558593207E-05
      9595.0693817731       16.0048945000        2.3200873610    2.6016365606E-04    2.4030261691E-04    1.9861039154E-05
      9595.9628562731       16.8983690000        2.3700872976    2.5624223673E-04    2.3663233171E-04    1.9609905020E-05
      9596.8753807731       17.8108935000        2.4200873029    2.5206199275E-04    2.3324206013E-04    1.8819932621E-05
      9597.8069550731       18.7424678000        2.4700872865    2.4772021997E-04    2.3015115156E-04    1.7569068415E-05
      9598.7575793731       19.6930921000        2.5200873342    2.4327786441E-04    2.2735593580E-04    1.5921928607E-05
      9599.7272535731       20.6627663000        2.5700872766    2.3874364940E-04    2.2485488130E-04    1.3888768106E-05
      9600.7159777731       21.6514905000        2.6200872821    2.3403222809E-04    2.2263092573E-04    1.1401302360E-05
      9601.7237517731       22.6592645000        2.6700872676    2.2898460015E-04    2.2066771957E-04    8.3168805742E-06
      9602.7505757731       23.6860885000        2.7200873124    2.2343765455E-04    2.1893680453E-04    4.5008500184E-06
      9603.7964496731       24.7319624000        2.7700872596    2.1733533888E-04    2.1743149576E-04   -9.6156880064E-08
      9604.8613734731       25.7968862000        2.8200872653    2.1077133573E-04    2.1613207189E-04   -5.3607361593E-06
      9605.9453471731       26.8808599000        2.8700873265    2.0405220748E-04    2.1502686781E-04   -1.0974660324E-05
      9607.0483707731       27.9838835000        2.9200872946    1.9764157688E-04    2.1410307732E-04   -1.6461500433E-05
      9608.1704443731       29.1059571000        2.9700873176    1.9203973575E-04    2.1334498284E-04   -2.1305247094E-05
      9609.3115678731       30.2470806000        3.0200872517    1.8767403290E-04    2.1274946734E-04   -2.5075434441E-05
      9610.4717412731       31.4072540000        3.0700872401    1.8480125606E-04    2.1231740891E-04   -2.7516152848E-05
      9611.6509645731       32.5864773000        3.1200872801    1.8347030994E-04    2.1201626729E-04   -2.8545957347E-05
      9612.8492378731       33.7847506000        3.1700872349    1.8361691434E-04    2.1185437916E-04   -2.8237464828E-05
      9614.0665609731       35.0020737000        3.2200872408    1.8506275872E-04    2.1182501663E-04   -2.6762257913E-05
      9615.3029340731       36.2384468000        3.2700871651    1.8756355325E-04    2.1190801841E-04   -2.4344465155E-05
      9616.5583570731       37.4938698000        3.3200872682    1.9087687888E-04    2.1210992027E-04   -2.1233041389E-05
      9617.8328299731       38.7683427000        3.3700874155    1.9476388679E-04    2.1242413162E-04   -1.7660244831E-05
      9619.1263528731       40.0618656000        3.4200874809    1.9900658129E-04    2.1282743024E-04   -1.3820848952E-05
      9620.4389255731       41.3744383000        3.4700874677    2.0345809904E-04    2.1333180118E-04   -9.8737021459E-06
      9621.7705482731       42.7060610000        3.5200873794    2.0798955242E-04    2.1392314094E-04   -5.9335885225E-06
      9623.1212208731       44.0567336000        3.5700874575    2.1249815696E-04    2.1459299303E-04   -2.0948360717E-06
      9624.4909434731       45.4264562000        3.6200873425    2.1689901740E-04    2.1534285085E-04    1.5561665462E-06
      9625.8797158731       46.8152286000        3.6700873901    2.2109622165E-04    2.1616204880E-04    4.9341728491E-06
      9627.2875382731       48.2230510000        3.7200873650    2.2499975639E-04    2.1704322120E-04    7.9565351821E-06
      9628.7144105731       49.6499233000        3.7700873829    2.2854104495E-04    2.1798271474E-04    1.0558330217E-05
      9630.1603327731       51.0958455000        3.8200872194    2.3167374070E-04    2.1897259375E-04    1.2701146950E-05
      9631.6253048731       52.5608176000        3.8700873213    2.3437743848E-04    2.1999888594E-04    1.4378552533E-05
      9633.1093269731       54.0448397000        3.9200871357    2.3667785299E-04    2.2106802130E-04    1.5609831694E-05
      9634.6123988731       55.5479116000        3.9700873166    2.3858810061E-04    2.2216292036E-04    1.6425180251E-05
      9636.1345207731       57.0700335000        4.0200872151    2.4015009038E-04    2.2329050079E-04    1.6859589593E-05
      9637.6756925731       58.6112053000        4.0700872600    2.4135534405E-04    2.2442681991E-04    1.6928524137E-05
      9639.2359142731       60.1714270000        4.1200870326    2.4220668259E-04    2.2557706251E-04    1.6629620076E-05
      9640.8151859731       61.7506987000        4.1700873594    2.4265907777E-04    2.2672988340E-04    1.5929194367E-05
      9642.4135075731       63.3490203000        4.2200870102    2.4266058168E-04    2.2788077871E-04    1.4779802967E-05
      9644.0308790731       64.9663918000        4.2700874045    2.4215049202E-04    2.2902193180E-04    1.3128560216E-05
      9645.6673004731       66.6028132000        4.3200871369    2.4109097723E-04    2.3014347759E-04    1.0947499645E-05
      9647.3227717731       68.2582845000        4.3700873990    2.3949101894E-04    2.3123788776E-04    8.2531311825E-06
      9648.9972929731       69.9328057000        4.4200875951    2.3743216997E-04    2.3230738397E-04    5.1247859965E-06
      9650.6908641731       71.6263769000        4.4700873463    2.3504150455E-04    2.3333924602E-04    1.7022585315E-06
      9652.4034852731       73.3389980000        4.5200876093    2.3250465156E-04    2.3432963326E-04   -1.8249816995E-06
      9654.1351562731       75.0706690000        4.5700872495    2.3002239357E-04    2.3527117007E-04   -5.2487765040E-06
      9655.8858771731       76.8213899000        4.6200875770    2.2779492210E-04    2.3616145762E-04   -8.3665355210E-06
      9657.6556480731       78.5911608000        4.6700872937    2.2597881775E-04    2.3699219261E-04   -1.1013374857E-05
      9659.4444688731       80.3799816000        4.7200875012    2.2468856984E-04    2.3776159576E-04   -1.3073025918E-05
      9661.2523394731       82.1878522000        4.7700872916    2.2397747841E-04    2.3846203847E-04   -1.4484560066E-05
      9663.0792601731       84.0147729000        4.8200875611    2.2385552696E-04    2.3909312926E-04   -1.5237602300E-05
      9664.9252306731       85.8607434000        4.8700872460    2.2429584102E-04    2.3965901957E-04   -1.5363178557E-05
      9666.7902510731       87.7257638000        4.9200874025    2.2521933928E-04    2.4014205048E-04   -1.4922711194E-05
      9668.6743214731       89.6098342000        4.9700873309    2.2655681318E-04    2.4055209780E-04   -1.3995284620E-05
      9670.5774417731       91.5129545000        5.0200875471    2.2822286190E-04    2.4088903100E-04   -1.2666169094E-05
      9672.4996119731       93.4351247000        5.0700872027    2.3012814789E-04    2.4114708430E-04   -1.1018936413E-05
      9674.4408320731       95.3763448000        5.1200874783    2.3219649576E-04    2.4132656022E-04   -9.1300644594E-06
      9676.4011021731       97.3366149000        5.1700872031    2.3436786922E-04    2.4143367921E-04   -7.0658099949E-06
      9678.3804221731       99.3159349000        5.2200873716    2.3657799974E-04    2.4146338305E-04   -4.8853833131E-06
      9680.3787922731      101.3143050000        5.2700871633    2.3877924871E-04    2.4142141588E-04   -2.6421671740E-06
      9682.3962122731      103.3317250000        5.3200873890    2.4092099067E-04    2.4130961624E-04   -3.8862556770E-07
      9684.4326812731      105.3681940000        5.3700870854    2.4295742215E-04    2.4113553696E-04    1.8218851818E-06
      9686.4882012731      107.4237140000        5.4200875237    2.4482823839E-04    2.4089554184E-04    3.9326965478E-06
      9688.5627712731      109.4982840000        5.4700872829    2.4648434399E-04    2.4060114015E-04    5.8832038391E-06
      9690.6563902731      111.5919030000        5.5200873067    2.4785954389E-04    2.4024878685E-04    7.6107570321E-06
      9692.7690592731      113.7045720000        5.5700872823    2.4889981738E-04    2.3984613235E-04    9.0536850268E-06
      9694.9007792731      115.8362920000        5.6200875141    2.4954954128E-04    2.3939598317E-04    1.0153558115E-05
      9697.0515482731      117.9870610000        5.6700870942    2.4976499993E-04    2.3890635204E-04    1.0858647886E-05
      9699.2213672731      120.1568800000        5.7200875283    2.4951488098E-04    2.3838459249E-04    1.1130288493E-05
      9701.4102362731      122.3457490000        5.7700870235    2.4877675773E-04    2.3782813532E-04    1.0948622411E-05
      9703.6181552731      124.5536680000        5.8200873593    2.4757255995E-04    2.3725275405E-04    1.0319805892E-05
      9705.8451242731      126.7806370000        5.8700870640    2.4594808520E-04    2.3666750408E-04    9.2805811184E-06
      9708.0911432731      129.0266560000        5.9200873040    2.4396572025E-04    2.3606409954E-04    7.9016207165E-06
      9710.3562122731      131.2917250000        5.9700872103    2.4174495511E-04    2.3546108557E-04    6.2838695398E-06
      9712.6403312731      133.5758440000        6.0200873568    2.3934539172E-04    2.3485154617E-04    4.4938455438E-06
