# # Once                                                         FEFF 10.0.0 
# # POT  SCF 100  9.0000   0, NO core-hole, FOLP (folp(0)= 1.000)
# # Abs   Z=30 Rmt= 1.198 Rnm= 1.522 K  shell
# #   RGRID 0.0100
# # Pot 1 Z= 6 Rmt= 0.781 Rnm= 1.122
# # Pot 2 Z= 6 Rmt= 0.805 Rnm= 1.166
# # Pot 3 Z= 1 Rmt= 0.550 Rnm= 0.953
# # Pot 4 Z=16 Rmt= 1.095 Rnm= 1.480
# # Gam_ch=1.897E+00 H-L exch Vi= 0.000E+00 Vr= 0.000E+00
# # Mu=-4.392E+00eV kf=1.397E+00 Vint=-9.227E+00eV Rs_int= 2.597
# FMS rfms= 9.0000
# # PATH  Rmax= 0.100,  Keep_limit= 0.00, Heap_limit 0.00  Pwcrit= 2.50%
#  S02=1.000  Temp=  10.00  Debye_temp= 315.00  Global_sig2= 0.00000
#  Energy zero shift, vr, vi    0.00000E+00   0.00000E+00
#  Curved wave amplitude ratio filter   4.000%
#     file         sig2 tot  cw amp ratio   deg  nlegs   reff  inp sig2
#     0/   0 paths used
#  xsedge+ 50, used to normalize mu           1.0000E+00
#  -----------------------------------------------------------------------
#  omega    e    k    mu    mu0     chi     @#
      9554.6480572827      -24.3921928000       -2.2911494664    3.4287592355E-06    4.0701680543E-06   -6.4140881883E-07
      9555.6480572827      -23.3921928000       -2.2331362757    3.6190556853E-06    4.3017226223E-06   -6.8266693703E-07
      9556.6480572827      -22.3921928000       -2.1735752517    3.8294404714E-06    4.5602733115E-06   -7.3083284012E-07
      9557.6480572827      -21.3921928000       -2.1123354666    4.0631591554E-06    4.8507085194E-06   -7.8754936399E-07
      9558.6480572827      -20.3921928000       -2.0492663191    4.3241848399E-06    5.1791524034E-06   -8.5496756344E-07
      9559.6480572827      -19.3921928000       -1.9841936954    4.6174326601E-06    5.5533772911E-06   -9.3594463097E-07
      9560.6480572827      -18.3921928000       -1.9169132400    4.9490548046E-06    5.9833917685E-06   -1.0343369639E-06
      9561.6480572827      -17.3921928000       -1.8471837768    5.3268537862E-06    6.4822979130E-06   -1.1554441268E-06
      9562.6480572827      -16.3921928000       -1.7747167214    5.7608734515E-06    7.0675723841E-06   -1.3066989326E-06
      9563.6480572827      -15.3921928000       -1.6991619081    6.2642643372E-06    7.7630363109E-06   -1.4987719737E-06
      9564.6480572827      -14.3921928000       -1.6200872587    6.8545856494E-06    8.6019857188E-06   -1.7474000694E-06
      9565.1480572827      -13.8921928000       -1.5790658039    7.1895135950E-06    9.0894701464E-06   -1.8999565514E-06
      9565.6480572827      -13.3921928000       -1.5369497306    7.5558273816E-06    9.6323613366E-06   -2.0765339550E-06
      9566.1480572827      -12.8921928000       -1.4936466613    7.9580620793E-06    1.0240393316E-05   -2.2823312366E-06
      9566.6480572827      -12.3921928000       -1.4490501841    8.4016714538E-06    1.0925684302E-05   -2.5240128478E-06
      9567.1480572827      -11.8921928000       -1.4030367413    8.8932757952E-06    1.1703506310E-05   -2.8102305146E-06
      9567.6480572827      -11.3921928000       -1.3554622724    9.4409960179E-06    1.2593370827E-05   -3.1523748094E-06
      9568.1480572827      -10.8921928000       -1.3061560932    1.0054911981E-05    1.3620591810E-05   -3.5656798288E-06
      9568.6480572827      -10.3921928000       -1.2549141860    1.0747703762E-05    1.4818587799E-05   -4.0708840370E-06
      9569.1480572627       -9.8921928200       -1.2014889076    1.1535569373E-05    1.6232361048E-05   -4.6967916756E-06
      9569.6480572627       -9.3921928200       -1.1455747332    1.2439572921E-05    1.7923911769E-05   -5.4843388485E-06
      9570.1480572627       -8.8921928200       -1.0867876258    1.3487685198E-05    1.9980948348E-05   -6.4932631501E-06
      9570.6480572627       -8.3921928200       -1.0246331595    1.4717984538E-05    2.2531448267E-05   -7.8134637284E-06
      9571.1480572627       -7.8921928200       -0.9584566200    1.6183890060E-05    2.5769091234E-05   -9.5852011739E-06
      9571.6480572627       -7.3921928200       -0.8873583607    1.7963147273E-05    2.9999971595E-05   -1.2036824322E-05
      9572.1480572627       -6.8921928200       -0.8100436294    2.0174155689E-05    3.5733345447E-05   -1.5559189758E-05
      9572.6480572627       -6.3921928200       -0.7245250921    2.3007527437E-05    4.3868437371E-05   -2.0860909934E-05
      9573.1480572627       -5.8921928200       -0.6274570930    2.6790384626E-05    5.6095571578E-05   -2.9305186952E-05
      9573.6480572627       -5.3921928200       -0.5123165798    3.2114760507E-05    7.5715782735E-05   -4.3601022228E-05
      9574.1480572627       -4.8921928200       -0.3622625460    3.9995665157E-05    1.0848164638E-04   -6.8485981225E-05
      9574.6480572627       -4.3921928200        0.0000000000    5.1436081055E-05    1.5770262893E-04   -1.0626654787E-04
      9575.1480572627       -3.8921928200        0.3622625460    6.5498435260E-05    2.0858151347E-04   -1.4308307821E-04
      9575.6480572627       -3.3921928200        0.5123165798    8.1124255963E-05    2.4633822625E-04   -1.6521397029E-04
      9576.1480572627       -2.8921928200        0.6274570930    1.0027224482E-04    2.7155982722E-04   -1.7128758240E-04
      9576.6480572627       -2.3921928200        0.7245250921    1.2506648467E-04    2.8851622988E-04   -1.6344974521E-04
      9577.1480572627       -1.8921928200        0.8100436294    1.5671075501E-04    2.9991522889E-04   -1.4320447389E-04
      9577.6480572627       -1.3921928200        0.8873583607    1.9419762811E-04    3.0735248769E-04   -1.1315485958E-04
      9578.1480572597       -0.8921928230        0.9584566200    2.3349604841E-04    3.1182613567E-04   -7.8330087262E-05
      9578.6480572597       -0.3921928230        1.0246331595    2.6908507126E-04    3.1406011304E-04   -4.4975041779E-05
      9579.1480572597        0.1078071770        1.0867876258    2.9744283510E-04    3.1457850997E-04   -1.7135674870E-05
      9579.6480572597        0.6078071770        1.1455747332    3.1818987452E-04    3.1379709459E-04    4.3927799261E-06
      9580.1480572627        1.1078071800        1.2014889076    3.3224282238E-04    3.1204077210E-04    2.0202050284E-05
      9580.6480572627        1.6078071800        1.2549141860    3.4034892637E-04    3.0956715665E-04    3.0781769728E-05
      9581.1480572627        2.1078071800        1.3061560932    3.4356757960E-04    3.0657409327E-04    3.6993486332E-05
      9581.6480572627        2.6078071800        1.3554622724    3.4388941308E-04    3.0321739484E-04    4.0672018238E-05
      9582.1480572627        3.1078071800        1.4030367413    3.4351058251E-04    2.9962198317E-04    4.3888599345E-05
      9582.6480572627        3.6078071800        1.4490501841    3.4370534651E-04    2.9588173857E-04    4.7823607945E-05
      9583.1480572627        4.1078071800        1.4936466613    3.4465260992E-04    2.9207310386E-04    5.2579506069E-05
      9583.6480572627        4.6078071800        1.5369497306    3.4542775614E-04    2.8824157841E-04    5.7186177727E-05
      9584.1480572627        5.1078071800        1.5790658039    3.4455726188E-04    2.8443747255E-04    6.0119789334E-05
      9584.6480572627        5.6078071800        1.6200872587    3.4069273792E-04    2.8067109247E-04    6.0021645453E-05
      9585.2748329027        6.2345828200        1.6700872977    3.3126106253E-04    2.7601026424E-04    5.5250798289E-05
      9585.9206584627        6.8804083800        1.7200873036    3.1787768102E-04    2.7113849404E-04    4.6739186985E-05
      9586.5855339427        7.5452838600        1.7700872793    3.0372901740E-04    2.6624729234E-04    3.7481725062E-05
      9587.2694593427        8.2292092600        1.8200872856    2.9339162452E-04    2.6338001196E-04    3.0011612565E-05
      9587.9724346627        8.9321845800        1.8700873770    2.8779913409E-04    2.6271587861E-04    2.5083255486E-05
      9588.6944599127        9.6542098300        1.9200873252    2.8389103933E-04    2.6209209351E-04    2.1798945818E-05
      9589.4355350827       10.3952850000        1.9700873572    2.8015198432E-04    2.6073785076E-04    1.9414133563E-05
      9590.1956601827       11.1554101000        2.0200873613    2.7666687343E-04    2.5883088644E-04    1.7835986991E-05
      9590.9748351827       11.9345851000        2.0700873396    2.7368065659E-04    2.5654644500E-04    1.7134211586E-05
      9591.7730600827       12.7328100000        2.1200873943    2.7120356317E-04    2.5388944884E-04    1.7314114326E-05
      9592.5903348827       13.5500848000        2.1700873240    2.6903267810E-04    2.5083037146E-04    1.8202306636E-05
      9593.4266596827       14.3864096000        2.2200873288    2.6683257737E-04    2.4741842274E-04    1.9414154626E-05
      9594.2820343827       15.2417843000        2.2700873101    2.6418490445E-04    2.4371800143E-04    2.0466903018E-05
      9595.1564589827       16.1162089000        2.3200873610    2.6089165944E-04    2.3992519533E-04    2.0966464114E-05
      9596.0499334827       17.0096834000        2.3700872976    2.5708515787E-04    2.3631808888E-04    2.0767068984E-05
      9596.9624579827       17.9222079000        2.4200873029    2.5287617664E-04    2.3296629586E-04    1.9909880775E-05
      9597.8940322827       18.8537822000        2.4700872865    2.4844023878E-04    2.2991504286E-04    1.8525195917E-05
      9598.8446565827       19.8044065000        2.5200873342    2.4389302506E-04    2.2716229257E-04    1.6730732496E-05
      9599.8143307827       20.7740807000        2.5700872766    2.3925724857E-04    2.2469211365E-04    1.4565134912E-05
      9600.8030548827       21.7628048000        2.6200872821    2.3446797526E-04    2.2250092736E-04    1.1967047897E-05
      9601.8108289827       22.7705789000        2.6700872676    2.2935657877E-04    2.2056488875E-04    8.7916900265E-06
      9602.8376528827       23.7974028000        2.7200873124    2.2375285797E-04    2.1886651415E-04    4.8863438253E-06
      9603.8835267827       24.8432767000        2.7700872596    2.1758965771E-04    2.1739086455E-04    1.9879315738E-07
      9604.9484505827       25.9082005000        2.8200872653    2.1095728578E-04    2.1611488796E-04   -5.1576021826E-06
      9606.0324242827       26.9921742000        2.8700873265    2.0416389463E-04    2.1503142048E-04   -1.0867525857E-05
      9607.1354479827       28.0951979000        2.9200872946    1.9767246650E-04    2.1413269116E-04   -1.6460224659E-05
      9608.2575215827       29.2172715000        2.9700873176    1.9197319862E-04    2.1339535321E-04   -2.1422154594E-05
      9609.3986449827       30.3583949000        3.0200872517    1.8749864652E-04    2.1282107601E-04   -2.5322429485E-05
      9610.5588183827       31.5185683000        3.0700872401    1.8450636901E-04    2.1240272667E-04   -2.7896357661E-05
      9611.7380417827       32.6977917000        3.1200872801    1.8306705762E-04    2.1211829605E-04   -2.9051238435E-05
      9612.9363149827       33.8960649000        3.1700872349    1.8311980816E-04    2.1196828020E-04   -2.8848472044E-05
      9614.1536381827       35.1133881000        3.2200872408    1.8449768844E-04    2.1195130312E-04   -2.7453614684E-05
      9615.3900112827       36.3497612000        3.2700871651    1.8696887043E-04    2.1204973310E-04   -2.5080862674E-05
      9616.6454342827       37.6051842000        3.3200872682    1.9028045311E-04    2.1225603407E-04   -2.1975580957E-05
      9617.9199071827       38.8796571000        3.3700874155    1.9420398781E-04    2.1257932461E-04   -1.8375336805E-05
      9619.2134299827       40.1731799000        3.4200874809    1.9850561761E-04    2.1299068710E-04   -1.4485069488E-05
      9620.5260027827       41.4857527000        3.4700874677    2.0302534271E-04    2.1349791691E-04   -1.0472574196E-05
      9621.8576254827       42.8173754000        3.5200873794    2.0762713437E-04    2.1409108770E-04   -6.4639533304E-06
      9623.2082980827       44.1680480000        3.5700874575    2.1220621750E-04    2.1476770005E-04   -2.5614825478E-06
      9624.5780205827       45.5377705000        3.6200873425    2.1666469886E-04    2.1551889599E-04    1.1458028749E-06
      9625.9667930827       46.9265430000        3.6700873901    2.2090991290E-04    2.1633820009E-04    4.5717128087E-06
      9627.3746153827       48.3343653000        3.7200873650    2.2485256202E-04    2.1721879348E-04    7.6337685380E-06
      9628.8014876827       49.7612376000        3.7700873829    2.2841879337E-04    2.1815191208E-04    1.0266881288E-05
      9630.2474098827       51.2071598000        3.8200872194    2.3157379615E-04    2.1914061311E-04    1.2433183038E-05
      9631.7123820827       52.6721320000        3.8700873213    2.3429134308E-04    2.2016568513E-04    1.4125657948E-05
      9633.1964040827       54.1561540000        3.9200871357    2.3659769944E-04    2.2123283444E-04    1.5364865003E-05
      9634.6994760827       55.6592260000        3.9700873166    2.3850503063E-04    2.2231988441E-04    1.6185146219E-05
      9636.2215979827       57.1813479000        4.0200872151    2.4006514539E-04    2.2343849334E-04    1.6626652049E-05
      9637.7627697827       58.7225197000        4.0700872600    2.4128118321E-04    2.2456573492E-04    1.6715448295E-05
      9639.3229914827       60.2827414000        4.1200870326    2.4217442781E-04    2.2571236281E-04    1.6462064997E-05
      9640.9022631827       61.8620131000        4.1700873594    2.4269752370E-04    2.2685028617E-04    1.5847237531E-05
      9642.5005846827       63.4603346000        4.2200870102    2.4282708345E-04    2.2799632800E-04    1.4830755451E-05
      9644.1179561827       65.0777061000        4.2700874045    2.4247978327E-04    2.2912200318E-04    1.3357780096E-05
      9645.7543775827       66.7141275000        4.3200871369    2.4162058751E-04    2.3023327063E-04    1.1387316886E-05
      9647.4098489827       68.3695989000        4.3700873990    2.4023345378E-04    2.3132296217E-04    8.9104916094E-06
      9649.0843701827       70.0441201000        4.4200875951    2.3835011731E-04    2.3237669499E-04    5.9734223250E-06
      9650.7779413827       71.7376913000        4.4700873463    2.3608723838E-04    2.3339762874E-04    2.6896096437E-06
      9652.4905624827       73.4503124000        4.5200876093    2.3360604148E-04    2.3437733831E-04   -7.7129682506E-07
      9654.2222334827       75.1819834000        4.5700872495    2.3110437085E-04    2.3530787595E-04   -4.2035050966E-06
      9655.9729543827       76.9327043000        4.6200875770    2.2878453881E-04    2.3618181283E-04   -7.3972740156E-06
      9657.7427252827       78.7024752000        4.6700872937    2.2683031432E-04    2.3700161309E-04   -1.0171298766E-05
      9659.5315459827       80.4912959000        4.7200875012    2.2536933791E-04    2.3776046331E-04   -1.2391125399E-05
      9661.3394166827       82.2991666000        4.7700872916    2.2447021683E-04    2.3845087394E-04   -1.3980657107E-05
      9663.1663372827       84.1260872000        4.8200875611    2.2415471041E-04    2.3907195266E-04   -1.4917242251E-05
      9665.0123078827       85.9720578000        4.8700872460    2.2440421966E-04    2.3962862708E-04   -1.5224407427E-05
      9666.8773282827       87.8370782000        4.9200874025    2.2514943990E-04    2.4010802388E-04   -1.4958583981E-05
      9668.7613986827       89.7211486000        4.9700873309    2.2631466441E-04    2.4050846795E-04   -1.4193803536E-05
      9670.6645189827       91.6242689000        5.0200875471    2.2781725301E-04    2.4083042677E-04   -1.3013173756E-05
      9672.5866891827       93.5464391000        5.0700872027    2.2958869016E-04    2.4108474752E-04   -1.1496057355E-05
      9674.5279092827       95.4876592000        5.1200874783    2.3154052206E-04    2.4125624228E-04   -9.7157202182E-06
      9676.4881793827       97.4479293000        5.1700872031    2.3362669385E-04    2.4136101505E-04   -7.7343211989E-06
      9678.4674992827       99.4272492000        5.2200873716    2.3577616646E-04    2.4138327958E-04   -5.6071131182E-06
      9680.4658690827      101.4256190000        5.2700871633    2.3795413837E-04    2.4133982206E-04   -3.3856836895E-06
      9682.4832890827      103.4430390000        5.3200873890    2.4010444150E-04    2.4122728977E-04   -1.1228482717E-06
      9684.5197590827      105.4795090000        5.3700870854    2.4217734573E-04    2.4105260151E-04    1.1247442258E-06
      9686.5752780827      107.5350280000        5.4200875237    2.4410695984E-04    2.4081152935E-04    3.2954304966E-06
      9688.6498480827      109.6095980000        5.4700872829    2.4583274386E-04    2.4051081926E-04    5.3219246024E-06
      9690.7434670827      111.7032170000        5.5200873067    2.4729565109E-04    2.4015790158E-04    7.1377495128E-06
      9692.8561370827      113.8158870000        5.5700872823    2.4843454538E-04    2.3975581988E-04    8.6787255005E-06
      9694.9878560827      115.9476060000        5.6200875141    2.4919970211E-04    2.3931259715E-04    9.8871049614E-06
      9697.1386250827      118.0983750000        5.6700870942    2.4953778938E-04    2.3882409821E-04    1.0713691171E-05
      9699.3084450827      120.2681950000        5.7200875283    2.4942417473E-04    2.3830364855E-04    1.1120526180E-05
      9701.4973140827      122.4570640000        5.7700870235    2.4884076704E-04    2.3775436730E-04    1.1086399742E-05
      9703.7052330827      124.6649830000        5.8200873593    2.4779001862E-04    2.3718024770E-04    1.0609770916E-05
      9705.9322020827      126.8919520000        5.8700870640    2.4631324981E-04    2.3659647715E-04    9.7167726598E-06
      9708.1782200827      129.1379700000        5.9200873040    2.4446478977E-04    2.3600062338E-04    8.4641663922E-06
      9710.4432890827      131.4030390000        5.9700872103    2.4233728507E-04    2.3539915555E-04    6.9381295190E-06
      9712.7274080827      133.6871580000        6.0200873568    2.3998814631E-04    2.3479830896E-04    5.1898373487E-06
