# # Once                                                         FEFF 10.0.0 
# # POT  SCF 100  9.0000   0, NO core-hole, FOLP (folp(0)= 1.000)
# # Abs   Z=30 Rmt= 1.199 Rnm= 1.523 K  shell
# #   RGRID 0.0100
# # Pot 1 Z= 6 Rmt= 0.780 Rnm= 1.123
# # Pot 2 Z= 6 Rmt= 0.804 Rnm= 1.166
# # Pot 3 Z= 1 Rmt= 0.552 Rnm= 0.960
# # Pot 4 Z=16 Rmt= 1.095 Rnm= 1.480
# # Gam_ch=1.897E+00 H-L exch Vi= 0.000E+00 Vr= 0.000E+00
# # Mu=-4.485E+00eV kf=1.396E+00 Vint=-9.115E+00eV Rs_int= 2.597
# FMS rfms= 9.0000
# # PATH  Rmax= 0.100,  Keep_limit= 0.00, Heap_limit 0.00  Pwcrit= 2.50%
#  S02=1.000  Temp=  10.00  Debye_temp= 315.00  Global_sig2= 0.00000
#  Energy zero shift, vr, vi    0.00000E+00   0.00000E+00
#  Curved wave amplitude ratio filter   4.000%
#     file         sig2 tot  cw amp ratio   deg  nlegs   reff  inp sig2
#     0/   0 paths used
#  xsedge+ 50, used to normalize mu           1.0000E+00
#  -----------------------------------------------------------------------
#  omega    e    k    mu    mu0     chi     @#
      9554.5664211606      -24.4846645000       -2.2911494664    3.4237158860E-06    4.0814653830E-06   -6.5774949706E-07
      9555.5664211606      -23.4846645000       -2.2331362757    3.6133499443E-06    4.3143931407E-06   -7.0104319641E-07
      9556.5664211606      -22.4846645000       -2.1735752517    3.8229440732E-06    4.5745026609E-06   -7.5155858775E-07
      9557.5664211606      -21.4846645000       -2.1123354666    4.0557117722E-06    4.8667169117E-06   -8.1100513951E-07
      9558.5664211606      -20.4846645000       -2.0492663191    4.3155840397E-06    5.1972031206E-06   -8.8161908090E-07
      9559.5664211606      -19.4846645000       -1.9841936954    4.6074199990E-06    5.5737878444E-06   -9.6636784536E-07
      9560.5664211606      -18.4846645000       -1.9169132400    4.9372962476E-06    6.0065487443E-06   -1.0692524967E-06
      9561.5664211606      -17.4846645000       -1.8471837768    5.3129116407E-06    6.5086770200E-06   -1.1957653793E-06
      9562.5664211606      -16.4846645000       -1.7747167214    5.7441653077E-06    7.0977659679E-06   -1.3536006602E-06
      9563.5664211606      -15.4846645000       -1.6991619081    6.2440016054E-06    7.7977918033E-06   -1.5537901979E-06
      9564.5664211606      -14.4846645000       -1.6200872587    6.8296791134E-06    8.6422604486E-06   -1.8125813352E-06
      9565.0664211606      -13.9846645000       -1.5790658039    7.1617440707E-06    9.1329499814E-06   -1.9712059108E-06
      9565.5664211606      -13.4846645000       -1.5369497306    7.5247376193E-06    9.6794023953E-06   -2.1546647761E-06
      9566.0664211606      -12.9846645000       -1.4936466613    7.9230995949E-06    1.0291406833E-05   -2.3683072384E-06
      9566.5664211606      -12.4846645000       -1.4490501841    8.3621634331E-06    1.0981147724E-05   -2.6189842913E-06
      9567.0664211606      -11.9846645000       -1.4030367413    8.8483958048E-06    1.1763977135E-05   -2.9155813298E-06
      9567.5664211606      -11.4846645000       -1.3554622724    9.3897192533E-06    1.2659503960E-05   -3.2697847069E-06
      9568.0664211606      -10.9846645000       -1.3061560932    9.9959542068E-06    1.3693161456E-05   -3.6972072491E-06
      9568.5664211606      -10.4846645000       -1.2549141860    1.0679436609E-05    1.4898515159E-05   -4.2190785510E-06
      9569.0664211806       -9.9846644800       -1.2014889076    1.1455900673E-05    1.6320749496E-05   -4.8648488222E-06
      9569.5664211806       -9.4846644800       -1.1455747332    1.2345773625E-05    1.8022090593E-05   -5.6763169679E-06
      9570.0664211806       -8.9846644800       -1.0867876258    1.3376133665E-05    2.0090527531E-05   -6.7143938655E-06
      9570.5664211806       -8.4846644800       -1.0246331595    1.4583776732E-05    2.2654382542E-05   -8.0706058100E-06
      9571.0664211806       -7.9846644800       -0.9584566200    1.6020225529E-05    2.5907746959E-05   -9.8875214293E-06
      9571.5664211806       -7.4846644800       -0.8873583607    1.7760322200E-05    3.0157170774E-05   -1.2396848573E-05
      9572.0664211806       -6.9846644800       -0.8100436294    1.9917830914E-05    3.5912309565E-05   -1.5994478652E-05
      9572.5664211806       -6.4846644800       -0.7245250921    2.2675581181E-05    4.4072415151E-05   -2.1396833970E-05
      9573.0664211806       -5.9846644800       -0.6274570930    2.6346870928E-05    5.6326621847E-05   -2.9979750919E-05
      9573.5664211806       -5.4846644800       -0.5123165798    3.1498128038E-05    7.5972137270E-05   -4.4474009232E-05
      9574.0664211806       -4.9846644800       -0.3622625460    3.9100583758E-05    1.0876080422E-04   -6.9660220460E-05
      9574.5664211806       -4.4846644800        0.0000000000    5.0139995543E-05    1.5808120754E-04   -1.0794121200E-04
      9575.0664211806       -3.9846644800        0.3622625460    6.3551250098E-05    2.0924913634E-04   -1.4569788624E-04
      9575.5664211806       -3.4846644800        0.5123165798    7.8520343528E-05    2.4761388360E-04   -1.6909354007E-04
      9576.0664211806       -2.9846644800        0.6274570930    9.6721896927E-05    2.7354235565E-04   -1.7682045872E-04
      9576.5664211806       -2.4846644800        0.7245250921    1.2025502762E-04    2.9114679321E-04   -1.7089176559E-04
      9577.0664211806       -1.9846644800        0.8100436294    1.5031884556E-04    3.0306666028E-04   -1.5274781473E-04
      9577.5664211806       -1.4846644800        0.8873583607    1.8643899345E-04    3.1086386747E-04   -1.2442487402E-04
      9578.0664211776       -0.9846644830        0.9584566200    2.2562839468E-04    3.1555626776E-04   -8.9927873084E-05
      9578.5664211776       -0.4846644830        1.0246331595    2.6317668015E-04    3.1788312079E-04   -5.4706440641E-05
      9579.0664211774        0.0153355168        1.0867876258    2.9491011983E-04    3.1839720091E-04   -2.3487081082E-05
      9579.5664211776        0.5153355170        1.1455747332    3.1920898357E-04    3.1753917044E-04    1.6698131343E-06
      9580.0664211806        1.0153355200        1.2014889076    3.3639175936E-04    3.1565818437E-04    2.0733574985E-05
      9580.5664211806        1.5153355200        1.2549141860    3.4707593579E-04    3.1301456261E-04    3.4061373180E-05
      9581.0664211806        2.0153355200        1.3061560932    3.5192473422E-04    3.0983222793E-04    4.2092506288E-05
      9581.5664211806        2.5153355200        1.3554622724    3.5241297006E-04    3.0627688363E-04    4.6136086433E-05
      9582.0664211806        3.0153355200        1.4030367413    3.5056806135E-04    3.0247706500E-04    4.8090996344E-05
      9582.5664211806        3.5153355200        1.4490501841    3.4826297628E-04    2.9853388122E-04    4.9729095065E-05
      9583.0664211806        4.0153355200        1.4936466613    3.4638912644E-04    2.9452025496E-04    5.1868871480E-05
      9583.5664211806        4.5153355200        1.5369497306    3.4481877673E-04    2.9050306707E-04    5.4315709653E-05
      9584.0664211806        5.0153355200        1.5790658039    3.4241283570E-04    2.8651320028E-04    5.5899635418E-05
      9584.5664211806        5.5153355200        1.6200872587    3.3782724015E-04    2.8257098252E-04    5.5256257636E-05
      9585.1931968206        6.1421111600        1.6700872977    3.2872283199E-04    2.7770838565E-04    5.1014446338E-05
      9585.8390223806        6.7879367200        1.7200873036    3.1745947363E-04    2.7263441287E-04    4.4825060766E-05
      9586.5038978606        7.4528122000        1.7700872793    3.0693875567E-04    2.6755178661E-04    3.9386969062E-05
      9587.1878232606        8.1367376000        1.8200872856    2.9946415612E-04    2.6454670546E-04    3.4917450663E-05
      9587.8907985806        8.8397129200        1.8700873770    2.9427828986E-04    2.6378000981E-04    3.0498280054E-05
      9588.6128238206        9.5617381600        1.9200873252    2.8933777322E-04    2.6306032902E-04    2.6277444200E-05
      9589.3538989606       10.3028133000        1.9700873572    2.8391228220E-04    2.6161120346E-04    2.2301078742E-05
      9590.1140240606       11.0629384000        2.0200873613    2.7846398779E-04    2.5960224423E-04    1.8861743553E-05
      9590.8931990606       11.8421134000        2.0700873396    2.7359770604E-04    2.5721482225E-04    1.6382883792E-05
      9591.6914239606       12.6403383000        2.1200873943    2.6959013070E-04    2.5445440456E-04    1.5135726143E-05
      9592.5086988606       13.4576132000        2.1700873240    2.6641005329E-04    2.5129120614E-04    1.5118847150E-05
      9593.3450235606       14.2939379000        2.2200873288    2.6383392032E-04    2.4777100689E-04    1.6062913427E-05
      9594.2003982606       15.1493126000        2.2700873101    2.6145206369E-04    2.4397083105E-04    1.7481232639E-05
      9595.0748228606       16.0237372000        2.3200873610    2.5893815590E-04    2.4011791407E-04    1.8820241829E-05
      9595.9682973606       16.9172117000        2.3700872976    2.5613078096E-04    2.3645651234E-04    1.9674268618E-05
      9596.8808218606       17.8297362000        2.4200873029    2.5290647185E-04    2.3306590954E-04    1.9840562310E-05
      9597.8123962606       18.7613106000        2.4700872865    2.4926933228E-04    2.2998238928E-04    1.9286942994E-05
      9598.7630204606       19.7119348000        2.5200873342    2.4524081507E-04    2.2719605152E-04    1.8044763547E-05
      9599.7326946606       20.6816090000        2.5700872766    2.4081499868E-04    2.2469062148E-04    1.6124377200E-05
      9600.7214188606       21.6703332000        2.6200872821    2.3595860428E-04    2.2247041415E-04    1.3488190128E-05
      9601.7291928606       22.6781072000        2.6700872676    2.3057763890E-04    2.2051584469E-04    1.0061794211E-05
      9602.7560168606       23.7049312000        2.7200873124    2.2458496155E-04    2.1878843119E-04    5.7965303580E-06
      9603.8018907606       24.7508051000        2.7700872596    2.1803675551E-04    2.1729105648E-04    7.4569903038E-07
      9604.8668145606       25.8157289000        2.8200872653    2.1109976532E-04    2.1599951507E-04   -4.8997497473E-06
      9605.9507882606       26.8997026000        2.8700873265    2.0410448907E-04    2.1489677607E-04   -1.0792287004E-05
      9607.0538118606       28.0027262000        2.9200872946    1.9749949922E-04    2.1397485192E-04   -1.6475352704E-05
      9608.1758854606       29.1247998000        2.9700873176    1.9174767397E-04    2.1322455612E-04   -2.1476882152E-05
      9609.3170089606       30.2659233000        3.0200872517    1.8722821114E-04    2.1263795327E-04   -2.5409742133E-05
      9610.4771823606       31.4260967000        3.0700872401    1.8417016626E-04    2.1220884187E-04   -2.8038675608E-05
      9611.6564056606       32.6053200000        3.1200872801    1.8264071171E-04    2.1191504170E-04   -2.9274329987E-05
      9612.8546789606       33.8035933000        3.1700872349    1.8259235885E-04    2.1175565719E-04   -2.9163298340E-05
      9614.0720020606       35.0209164000        3.2200872408    1.8389457037E-04    2.1173465862E-04   -2.7840088243E-05
      9615.3083751606       36.2572895000        3.2700871651    1.8633028040E-04    2.1182563886E-04   -2.5495358458E-05
      9616.5637981606       37.5127125000        3.3200872682    1.8967268406E-04    2.1202971480E-04   -2.2357030743E-05
      9617.8382710606       38.7871854000        3.3700874155    1.9368283560E-04    2.1234622705E-04   -1.8663391449E-05
      9619.1317939606       40.0807083000        3.4200874809    1.9812173954E-04    2.1275737174E-04   -1.4635632203E-05
      9620.4443667606       41.3932811000        3.4700874677    2.0279782828E-04    2.1327014207E-04   -1.0472313792E-05
      9621.7759893606       42.7249037000        3.5200873794    2.0753296428E-04    2.1386408107E-04   -6.3311167895E-06
      9623.1266619606       44.0755763000        3.5700874575    2.1220433225E-04    2.1454160384E-04   -2.3372715912E-06
      9624.4963845606       45.4452989000        3.6200873425    2.1670900414E-04    2.1529930591E-04    1.4096982357E-06
      9625.8851569606       46.8340713000        3.6700873901    2.2094230662E-04    2.1611574812E-04    4.8265584978E-06
      9627.2929793606       48.2418937000        3.7200873650    2.2485301993E-04    2.1700931662E-04    7.8437033019E-06
      9628.7198516606       49.6687660000        3.7700873829    2.2835804532E-04    2.1794586395E-04    1.0412181370E-05
      9630.1657738606       51.1146882000        3.8200872194    2.3145268754E-04    2.1894351973E-04    1.2509167807E-05
      9631.6307459606       52.5796603000        3.8700873213    2.3411649564E-04    2.1997794486E-04    1.4138550779E-05
      9633.1147680606       54.0636824000        3.9200871357    2.3638388256E-04    2.2105495143E-04    1.5328931126E-05
      9634.6178399606       55.5667543000        3.9700873166    2.3826842361E-04    2.2215221881E-04    1.6116204801E-05
      9636.1399618606       57.0888762000        4.0200872151    2.3981826203E-04    2.2328164287E-04    1.6536619158E-05
      9637.6811336606       58.6300480000        4.0700872600    2.4103459660E-04    2.2442485550E-04    1.6609741106E-05
      9639.2413554606       60.1902698000        4.1200870326    2.4191812086E-04    2.2557705357E-04    1.6341067291E-05
      9640.8206270606       61.7695414000        4.1700873594    2.4244706525E-04    2.2673154846E-04    1.5715516784E-05
      9642.4189486606       63.3678630000        4.2200870102    2.4259399112E-04    2.2788953901E-04    1.4704452116E-05
      9644.0363201606       64.9852345000        4.2700874045    2.4229539290E-04    2.2903231132E-04    1.3263081580E-05
      9645.6727415606       66.6216559000        4.3200871369    2.4150780290E-04    2.3015551012E-04    1.1352292775E-05
      9647.3282128606       68.2771272000        4.3700873990    2.4020944314E-04    2.3125730520E-04    8.9521379448E-06
      9649.0027340606       69.9516484000        4.4200875951    2.3841586406E-04    2.3232881342E-04    6.0870506411E-06
      9650.6963052606       71.6452196000        4.4700873463    2.3621199490E-04    2.3336764147E-04    2.8443534344E-06
      9652.4089263606       73.3578407000        4.5200876093    2.3373445875E-04    2.3435987124E-04   -6.2541249089E-07
      9654.1405973606       75.0895117000        4.5700872495    2.3118714733E-04    2.3530779234E-04   -4.1206450108E-06
      9655.8913182606       76.8402326000        4.6200875770    2.2877335247E-04    2.3619309584E-04   -7.4197433664E-06
      9657.6610891606       78.6100035000        4.6700872937    2.2670674521E-04    2.3702395817E-04   -1.0317212962E-05
      9659.4499099606       80.3988243000        4.7200875012    2.2514229203E-04    2.3779423086E-04   -1.2651938833E-05
      9661.2577806606       82.2066950000        4.7700872916    2.2417561519E-04    2.3850135164E-04   -1.4325736446E-05
      9663.0847012606       84.0336156000        4.8200875611    2.2382906236E-04    2.3913344480E-04   -1.5304382441E-05
      9664.9306717606       85.8795861000        4.8700872460    2.2409238825E-04    2.3970039571E-04   -1.5608007455E-05
      9666.7956921606       87.7446065000        4.9200874025    2.2489384819E-04    2.4018985915E-04   -1.5296010954E-05
      9668.6797625606       89.6286769000        4.9700873309    2.2615099984E-04    2.4059989640E-04   -1.4448896552E-05
      9670.5828828606       91.5317972000        5.0200875471    2.2777464370E-04    2.4093076024E-04   -1.3156116546E-05
      9672.5050530606       93.4539674000        5.0700872027    2.2968327619E-04    2.4118816381E-04   -1.1504887624E-05
      9674.4462732606       95.3951876000        5.1200874783    2.3178868104E-04    2.4136740815E-04   -9.5787271044E-06
      9676.4065432606       97.3554576000        5.1700872031    2.3402116481E-04    2.4147452389E-04   -7.4533590733E-06
      9678.3858632606       99.3347776000        5.2200873716    2.3630293654E-04    2.4150396055E-04   -5.2010240119E-06
      9680.3842326606      101.3331470000        5.2700871633    2.3857144825E-04    2.4146167409E-04   -2.8902258413E-06
      9682.4016526606      103.3505670000        5.3200873890    2.4076241587E-04    2.4134958860E-04   -5.8717273249E-07
      9684.4381226606      105.3870370000        5.3700870854    2.4282011117E-04    2.4117486409E-04    1.6452470811E-06
      9686.4936426606      107.4425570000        5.4200875237    2.4468192109E-04    2.4093353454E-04    3.7483865527E-06
      9688.5682116606      109.5171260000        5.4700872829    2.4629804265E-04    2.4063175082E-04    5.6662918367E-06
      9690.6618316606      111.6107460000        5.5200873067    2.4762034706E-04    2.4027171670E-04    7.3486303561E-06
      9692.7745006606      113.7234150000        5.5700872823    2.4861591156E-04    2.3986766269E-04    8.7482488707E-06
      9694.9062196606      115.8551340000        5.6200875141    2.4924013562E-04    2.3941704073E-04    9.8230948968E-06
      9697.0569896606      118.0059040000        5.6700870942    2.4946322333E-04    2.3892684353E-04    1.0536379802E-05
      9699.2268086606      120.1757230000        5.7200875283    2.4926349254E-04    2.3840439310E-04    1.0859099441E-05
      9701.4156776606      122.3645920000        5.7700870235    2.4862253464E-04    2.3784673006E-04    1.0775804579E-05
      9703.6235966606      124.5725110000        5.8200873593    2.4755108640E-04    2.3726342668E-04    1.0287659727E-05
      9705.8505656606      126.7994800000        5.8700870640    2.4609057620E-04    2.3667048443E-04    9.4200917722E-06
      9708.0965846606      129.0454990000        5.9200873040    2.4429114729E-04    2.3606653696E-04    8.2246103358E-06
      9710.3616536606      131.3105680000        5.9700872103    2.4224626597E-04    2.3546974370E-04    6.7765222743E-06
      9712.6457716606      133.5946860000        6.0200873568    2.3996421512E-04    2.3485310264E-04    5.1111124783E-06
