# # Once                                                         FEFF 10.0.0 
# # POT  SCF 100  9.0000   0, core-hole, FOLP (folp(0)= 1.150)
# # Abs   Z=30 Rmt= 1.386 Rnm= 1.529 K  shell
# #   RGRID 0.0100
# # Pot 1 Z= 6 Rmt= 0.898 Rnm= 1.123
# # Pot 2 Z= 6 Rmt= 0.924 Rnm= 1.166
# # Pot 3 Z= 1 Rmt= 0.552 Rnm= 0.961
# # Pot 4 Z=16 Rmt= 1.255 Rnm= 1.472
# # Gam_ch=1.897E+00 H-L exch Vi= 0.000E+00 Vr= 0.000E+00
# # Mu=-6.933E+00eV kf=1.978E+00 Vint=-1.280E+01eV Rs_int= 1.834
# # PATH  Rmax= 6.000,  Keep_limit= 0.00, Heap_limit 0.00  Pwcrit= 2.50%
#  S02=1.000  Temp=  10.00  Debye_temp= 315.00  Global_sig2= 0.00000
#  Energy zero shift, vr, vi    0.00000E+00   0.00000E+00
#  Curved wave amplitude ratio filter   4.000%
#     file         sig2 tot  cw amp ratio   deg  nlegs   reff  inp sig2
#           1       0.00300    100.00      1.00     2   2.3574
#           2       0.00302     99.65      1.00     2   2.3606
#           3       0.00311     98.61      1.00     2   2.3699
#           4       0.00311     98.55      1.00     2   2.3706
#           5       0.02229     12.56      1.00     2   3.0688
#           6       0.02300     12.43      1.00     2   3.0809
#           7       0.02633     12.39      1.00     2   3.0852
#           8       0.02802     11.98      1.00     2   3.1245
#           9       0.00610     40.08      1.00     2   3.2595
#          10       0.00595     39.61      1.00     2   3.2738
#          11       0.00587     38.21      1.00     2   3.3171
#          12       0.00600     38.05      1.00     2   3.3224
#          13       0.02754      8.45      1.00     2   3.5561
#          14       0.02639      8.08      1.00     2   3.6160
#          15       0.03709      7.90      1.00     2   3.6458
#          16       0.01149     14.25      2.00     3   3.7166
#          17       0.01118     14.73      2.00     3   3.7177
#          18       0.00418     44.14      2.00     3   3.7220
#          19       0.00415     43.86      2.00     3   3.7309
#          20       0.03601      7.39      1.00     2   3.7351
#          21       0.01276     14.82      2.00     3   3.7478
#          22       0.00417     43.03      2.00     3   3.7577
#          23       0.00422     43.03      2.00     3   3.7598
#          24       0.01350     13.87      2.00     3   3.7700
#          25       0.01470      7.77      2.00     3   3.9169
#          26       0.01483      7.77      2.00     3   3.9213
#          27       0.01599      7.73      2.00     3   3.9264
#          28       0.01653      7.64      2.00     3   3.9467
#          29       0.01403      9.28      2.00     3   3.9546
#          30       0.01377      9.62      2.00     3   3.9917
#          31       0.01154     21.91      1.00     2   4.0508
#          32       0.01081     21.10      1.00     2   4.1047
#          33       0.01919      8.23      1.00     4   4.1617
#          34       0.01526      6.78      2.00     3   4.1633
#          35       0.01949      8.11      1.00     4   4.1738
#          37       0.02276      8.15      1.00     4   4.1786
#          39       0.00447     15.93      1.00     4   4.1844
#          40       0.00447     15.63      1.00     4   4.1879
#          42       0.01462      5.34      1.00     2   4.1950
#          43       0.01507      6.67      2.00     3   4.1950
#          44       0.00454     14.63      1.00     4   4.1972
#          46       0.00452     14.72      1.00     4   4.1983
#          48       0.02440      7.84      1.00     4   4.2175
#          50       0.01425      5.24      1.00     2   4.2232
#          51       0.00430      9.14      2.00     3   4.2384
#          52       0.00430      9.20      2.00     3   4.2401
#          53       0.00429     10.31      2.00     3   4.3011
#          54       0.01147     18.89      2.00     3   4.3027
#          55       0.00425     10.16      2.00     3   4.3065
#          56       0.00425     10.07      2.00     3   4.3068
#          57       0.01150     19.33      2.00     3   4.3195
#          60       0.00446     11.37      2.00     3   4.3746
#          61       0.02065     10.63      2.00     3   4.3950
#          62       0.01094     18.52      1.00     4   4.4104
#          63       0.01812      4.52      2.00     4   4.4117
#          64       0.01103     19.71      1.00     4   4.4157
#          65       0.01122      5.57      2.00     4   4.4171
#          66       0.01800      4.46      2.00     4   4.4357
#          67       0.00627     16.62      2.00     3   4.4454
#          68       0.01115      6.09      2.00     4   4.4488
#          69       0.01974      9.57      2.00     3   4.4665
#          70       0.00616     17.09      2.00     3   4.4700
#          71       0.01234      8.37      2.00     3   4.4804
#          72       0.01227      8.69      2.00     3   4.4931
#          77       0.00953     16.52      2.00     4   4.5881
#          78       0.00956     17.80      2.00     4   4.5894
#          81       0.03098      4.07      1.00     2   4.6148
#          82       0.00619     15.02      2.00     3   4.6173
#          83       0.01626      6.48      2.00     4   4.6288
#          84       0.00600     14.77      1.00     2   4.6391
#          85       0.00597     14.72      1.00     2   4.6448
#          86       0.00604     15.01      2.00     3   4.6449
#          87       0.01798      5.11      1.00     4   4.6497
#          88       0.01682      6.56      2.00     4   4.6516
#          89       0.01225      5.59      2.00     3   4.6632
#          90       0.01167      5.86      2.00     3   4.6723
#          92       0.01792      4.85      1.00     4   4.7097
#          93       0.00580     44.00      2.00     3   4.7107
#          94       0.00568     41.92      2.00     3   4.7153
#          95       0.00599      8.84      1.00     4   4.7149
#          96       0.00464      4.15      2.00     4   4.7180
#          97       0.00605      8.78      1.00     4   4.7212
#          98       0.00470      4.02      2.00     4   4.7274
#         103       0.04016      5.37      1.00     4   4.7392
#         104       0.00622      8.60      1.00     4   4.7399
#         105       0.00476      5.74      2.00     4   4.7405
#         106       0.00621      8.58      1.00     4   4.7411
#         107       0.00985     13.36      2.00     4   4.7433
#         108       0.00983     13.75      2.00     4   4.7568
#         112       0.00647     43.23      1.00     4   4.7766
#         114       0.01210      6.10      2.00     4   4.7896
#         115       0.00632     40.60      1.00     4   4.7915
#         117       0.03820      4.99      1.00     4   4.8284
#         118       0.01208      6.31      2.00     4   4.8318
#         119       0.00631      6.02      1.00     4   4.8353
#         120       0.00641      4.63      1.00     4   4.8400
#         121       0.01994      8.11      2.00     3   4.8793
#         122       0.00564      6.47      2.00     4   4.8828
#         123       0.01233      5.68      2.00     4   4.8930
#         124       0.00498     21.57      2.00     3   4.8945
#         125       0.00499     21.17      2.00     3   4.8945
#         126       0.01195      5.99      2.00     4   4.9007
#         128       0.00551      7.34      2.00     4   4.9106
#         129       0.00887      6.79      2.00     3   4.9298
#         130       0.00900      6.72      2.00     3   4.9385
#         131       0.01846      8.02      2.00     3   4.9407
#         133       0.00469     36.76      2.00     4   4.9604
#         134       0.00468     34.79      2.00     4   4.9707
#         135       0.02400      4.45      2.00     3   5.0030
#         136       0.00935     13.45      2.00     4   5.0044
#         137       0.00923     13.11      2.00     4   5.0060
#         138       0.00498      7.19      2.00     4   5.0102
#         139       0.00506      6.74      2.00     4   5.0118
#         140       0.01555     11.54      2.00     3   5.0281
#         141       0.01403      6.01      2.00     4   5.0376
#         142       0.02338      4.69      2.00     3   5.0382
#         143       0.01645      4.21      2.00     3   5.0515
#         144       0.01501      5.45      2.00     4   5.0578
#         145       0.02233      5.45      2.00     3   5.0745
#         146       0.01522     11.00      2.00     3   5.0751
#         147       0.01612      4.44      2.00     3   5.0834
#         148       0.00654      6.27      1.00     4   5.0865
#         149       0.02209      5.79      2.00     3   5.0898
#         150       0.00656      6.24      1.00     4   5.1011
#         151       0.01735      5.05      2.00     3   5.1109
#         152       0.01728      5.28      2.00     3   5.1231
#         154       0.00538      9.60      1.00     4   5.1442
#         155       0.01706      4.55      1.00     4   5.1438
#         156       0.00673      6.14      1.00     4   5.1448
#         157       0.01391     10.86      1.00     4   5.1462
#         159       0.00680      6.15      1.00     4   5.1496
#         160       0.00539      9.19      1.00     4   5.1499
#         161       0.01206      7.91      2.00     4   5.1592
#         162       0.01234      7.94      2.00     4   5.1678
#         163       0.00481     27.06      2.00     4   5.1723
#         164       0.00481     27.91      2.00     4   5.1732
#         165       0.00925      4.20      2.00     3   5.1769
#         168       0.01667      4.64      1.00     4   5.1976
#         169       0.01456      5.16      2.00     3   5.1982
#         170       0.01344     10.11      1.00     4   5.2000
#         171       0.00730      4.08      2.00     3   5.2029
#         173       0.01462      5.34      2.00     3   5.2157
#         175       0.01188     11.34      2.00     4   5.2428
#         176       0.02139      8.80      2.00     3   5.2445
#         177       0.02151      8.85      2.00     3   5.2508
#         179       0.01283      5.37      2.00     4   5.2675
#         182       0.01359      6.15      2.00     4   5.2739
#         184       0.01170     10.82      2.00     4   5.2801
#         186       0.01605      6.49      2.00     3   5.2823
#         187       0.02415      4.07      2.00     4   5.2821
#         188       0.01588      6.41      2.00     3   5.2941
#         189       0.01265      5.83      2.00     4   5.2952
#         191       0.01319      6.36      2.00     4   5.3060
#         193       0.01159      4.83      2.00     4   5.3159
#         194       0.01166      9.92      2.00     4   5.3163
#         195       0.01159      8.27      2.00     4   5.3346
#         196       0.01147      5.26      2.00     4   5.3404
#         197       0.01154     10.02      2.00     4   5.3407
#         198       0.01163      8.40      2.00     4   5.3468
#         199       0.02407      7.29      1.00     4   5.3497
#         200       0.02416      7.39      1.00     4   5.3532
#         206       0.01643      5.20      2.00     2   5.3717
#         209       0.01617      9.71      2.00     4   5.3875
#         210       0.01608      4.82      2.00     4   5.3888
#         212       0.01550      7.63      2.00     3   5.3968
#         213       0.01618      9.69      2.00     4   5.3965
#         214       0.01610      4.27      2.00     4   5.4005
#         215       0.01532      7.48      2.00     3   5.4043
#         216       0.01301      6.53      2.00     4   5.4058
#         217       0.01493      6.04      1.00     4   5.4220
#         219       0.01268      8.14      2.00     4   5.4226
#         220       0.01554      4.11      1.00     4   5.4254
#         221       0.01273      6.36      2.00     4   5.4332
#         222       0.01480      5.83      1.00     4   5.4368
#         225       0.00656      7.09      2.00     3   5.4389
#         226       0.01135      5.23      2.00     3   5.4387
#         227       0.02314      4.11      2.00     4   5.4387
#         228       0.01533      4.03      1.00     4   5.4398
#         230       0.01138      5.37      2.00     3   5.4404
#         231       0.01258      8.14      2.00     4   5.4404
#         233       0.00638      7.41      2.00     3   5.4476
#         234       0.00663      8.48      2.00     3   5.4503
#         235       0.02386      4.02      2.00     4   5.4515
#         236       0.01113      6.41      2.00     4   5.4556
#         237       0.00648      8.31      2.00     3   5.4591
#         241       0.01153      8.34      2.00     4   5.5045
#         243       0.01143      8.19      2.00     4   5.5166
#         245       0.01178      8.75      2.00     4   5.5428
#         246       0.01176      8.45      2.00     4   5.5439
#         249       0.01138      7.15      2.00     3   5.5528
#         250       0.01138      7.08      2.00     3   5.5556
#         252       0.01090     11.38      2.00     4   5.5808
#         253       0.01096      6.41      2.00     4   5.5817
#         255       0.01079     11.28      2.00     4   5.5854
#         256       0.01087      6.53      2.00     4   5.5861
#         257       0.01182      4.66      2.00     4   5.5900
#         258       0.01139      5.74      2.00     4   5.5945
#         259       0.00554     10.03      2.00     4   5.6047
#         260       0.01204      4.26      2.00     4   5.6066
#         261       0.00546     10.07      2.00     4   5.6087
#         262       0.01129      5.71      2.00     4   5.6153
#         263       0.00956      4.92      2.00     4   5.6169
#         264       0.01180      9.36      2.00     4   5.6215
#         265       0.00539      8.26      2.00     4   5.6272
#         266       0.00545      7.69      2.00     4   5.6283
#         267       0.01167      9.21      2.00     4   5.6290
#         268       0.00715      7.19      2.00     4   5.6301
#         269       0.00935      4.86      2.00     4   5.6344
#         270       0.01315      4.18      2.00     4   5.6355
#         271       0.00700      6.98      2.00     4   5.6437
#         272       0.01086      4.05      2.00     4   5.6483
#         273       0.01327      4.25      2.00     4   5.6563
#         274       0.00703      5.80      2.00     4   5.6745
#         276       0.00720      5.38      2.00     4   5.6830
#         277       0.00946      4.70      2.00     4   5.6877
#         278       0.01133      5.75      2.00     4   5.6883
#         279       0.00964      4.69      2.00     4   5.6924
#         280       0.01138      5.80      2.00     4   5.6958
#         282       0.01001      5.42      1.00     4   5.7339
#         284       0.00993      5.32      1.00     4   5.7396
#         288       0.01192      4.63      2.00     4   5.7698
#         289       0.01192      4.52      2.00     4   5.7799
#         290       0.00994      7.79      2.00     4   5.8053
#         291       0.00997      7.67      2.00     4   5.8083
#         292       0.01416      5.31      2.00     4   5.8592
#         293       0.01411      5.26      2.00     4   5.8614
#         294       0.00977      4.32      2.00     4   5.9286
#         295       0.00978      4.33      2.00     4   5.9284
#   228/ 278 paths used
#  xsedge+50, used to normalize mu           1.0000E+00
#  -----------------------------------------------------------------------
#  omega    e    k    mu    mu0     chi     @#
    9663.657     -6.933   0.000 -4.57370E-05  1.50619E-04 -6.48631E-01
    9663.666     -6.924   0.050 -5.23058E-05  1.52552E-04 -6.75806E-01
    9663.695     -6.895   0.100 -5.87531E-05  1.54486E-04 -7.02507E-01
    9663.742     -6.848   0.150 -7.71312E-05  1.60299E-04 -7.79251E-01
    9663.809     -6.781   0.200 -9.42960E-05  1.66112E-04 -8.51451E-01
    9663.895     -6.695   0.250 -1.19743E-04  1.75343E-04 -9.59536E-01
    9663.999     -6.591   0.300 -1.41306E-04  1.84574E-04 -1.05388E+00
    9664.123     -6.467   0.350 -1.65136E-04  1.95765E-04 -1.15991E+00
    9664.266     -6.324   0.400 -1.80747E-04  2.06956E-04 -1.23839E+00
    9664.428     -6.162   0.450 -1.90737E-04  2.17953E-04 -1.29792E+00
    9664.609     -5.981   0.500 -1.87961E-04  2.28950E-04 -1.31646E+00
    9664.809     -5.781   0.550 -1.72278E-04  2.38176E-04 -1.29068E+00
    9665.028     -5.562   0.600 -1.42091E-04  2.47403E-04 -1.21968E+00
    9665.266     -5.324   0.650 -9.67591E-05  2.54351E-04 -1.09756E+00
    9665.523     -5.067   0.700 -4.06841E-05  2.61300E-04 -9.42345E-01
    9665.800     -4.790   0.750  2.51489E-05  2.66077E-04 -7.52736E-01
    9666.095     -4.495   0.800  9.29827E-05  2.70854E-04 -5.56405E-01
    9666.409     -4.181   0.850  1.60223E-04  2.73729E-04 -3.56607E-01
    9666.743     -3.847   0.900  2.19880E-04  2.76604E-04 -1.78991E-01
    9667.095     -3.495   0.950  2.69653E-04  2.77861E-04 -2.60914E-02
    9667.467     -3.124   1.000  3.06529E-04  2.79118E-04  8.77770E-02
    9667.857     -2.733   1.050  3.30169E-04  2.79046E-04  1.65342E-01
    9668.267     -2.323   1.100  3.41850E-04  2.78975E-04  2.05408E-01
    9668.695     -1.895   1.150  3.43179E-04  2.77852E-04  2.16005E-01
    9669.143     -1.447   1.200  3.38012E-04  2.76729E-04  2.05123E-01
    9669.610     -0.980   1.250  3.28617E-04  2.74830E-04  1.82497E-01
    9670.095     -0.495   1.300  3.18872E-04  2.72931E-04  1.58039E-01
    9670.600      0.010   1.350  3.10432E-04  2.70500E-04  1.39390E-01
    9671.124      0.534   1.400  3.05233E-04  2.68069E-04  1.31665E-01
    9671.667      1.077   1.450  3.03757E-04  2.65319E-04  1.38250E-01
    9672.229      1.639   1.500  3.05204E-04  2.62569E-04  1.55715E-01
    9672.810      2.220   1.550  3.08899E-04  2.59672E-04  1.82536E-01
    9673.410      2.820   1.600  3.12189E-04  2.56775E-04  2.08659E-01
    9674.029      3.439   1.650  3.13664E-04  2.53864E-04  2.28552E-01
    9674.667      4.077   1.700  3.11142E-04  2.50952E-04  2.33536E-01
    9675.325      4.735   1.750  3.03892E-04  2.48128E-04  2.19472E-01
    9676.001      5.411   1.800  2.91770E-04  2.45304E-04  1.85545E-01
    9676.696      6.106   1.850  2.77405E-04  2.42630E-04  1.40735E-01
    9677.411      6.821   1.900  2.60102E-04  2.39956E-04  8.26504E-02
    9678.144      7.554   1.950  2.48163E-04  2.37439E-04  4.45472E-02
    9678.896      8.306   2.000  2.34767E-04  2.34921E-04 -6.47305E-04
    9679.668      9.078   2.050  2.29617E-04  2.32773E-04 -1.34292E-02
    9680.459      9.869   2.100  2.28866E-04  2.30625E-04 -7.57017E-03
    9681.268     10.678   2.150  2.31814E-04  2.28476E-04  1.45451E-02
    9682.097     11.507   2.200  2.36689E-04  2.26328E-04  4.56943E-02
    9682.945     12.355   2.250  2.42561E-04  2.26205E-04  7.25432E-02
    9683.811     13.221   2.300  2.46998E-04  2.26083E-04  9.32949E-02
    9684.697     14.107   2.350  2.48949E-04  2.25960E-04  1.03134E-01
    9685.602     15.012   2.400  2.48161E-04  2.25838E-04  1.00727E-01
    9686.526     15.936   2.450  2.45550E-04  2.25918E-04  8.88130E-02
    9687.469     16.879   2.500  2.42064E-04  2.25998E-04  7.28706E-02
    9688.431     17.841   2.550  2.38155E-04  2.26078E-04  5.49241E-02
    9689.412     18.822   2.600  2.34200E-04  2.26157E-04  3.66695E-02
    9690.412     19.822   2.650  2.29422E-04  2.25705E-04  1.69808E-02
    9691.431     20.841   2.700  2.24691E-04  2.25252E-04 -2.57061E-03
    9692.470     21.880   2.750  2.20038E-04  2.24800E-04 -2.18476E-02
    9693.527     22.937   2.800  2.15448E-04  2.24348E-04 -4.09178E-02
    9694.603     24.013   2.850  2.11339E-04  2.24153E-04 -5.88791E-02
    9695.698     25.108   2.900  2.07526E-04  2.23959E-04 -7.54516E-02
    9696.813     26.223   2.950  2.04076E-04  2.23764E-04 -9.03390E-02
    9697.946     27.356   3.000  2.01094E-04  2.23570E-04 -1.03060E-01
    9699.099     28.509   3.050  1.99215E-04  2.23610E-04 -1.11611E-01
    9700.270     29.680   3.100  1.98123E-04  2.23650E-04 -1.16533E-01
    9701.461     30.871   3.150  1.97945E-04  2.23690E-04 -1.17268E-01
    9702.671     32.081   3.200  1.98766E-04  2.23731E-04 -1.13462E-01
    9703.899     33.309   3.250  2.00845E-04  2.23967E-04 -1.04758E-01
    9705.147     34.557   3.300  2.03783E-04  2.24203E-04 -9.22325E-02
    9706.414     35.824   3.350  2.07479E-04  2.24440E-04 -7.63667E-02
    9707.700     37.110   3.400  2.11738E-04  2.24676E-04 -5.80737E-02
    9709.005     38.415   3.450  2.16383E-04  2.25050E-04 -3.87658E-02
    9710.329     39.739   3.500  2.21065E-04  2.25424E-04 -1.94265E-02
    9711.672     41.082   3.550  2.25579E-04  2.25798E-04 -9.69926E-04
    9713.034     42.444   3.600  2.29761E-04  2.26172E-04  1.58908E-02
    9714.415     43.825   3.650  2.33524E-04  2.26620E-04  3.04587E-02
    9715.815     45.225   3.700  2.36804E-04  2.27068E-04  4.28019E-02
    9717.234     46.644   3.750  2.39596E-04  2.27516E-04  5.29246E-02
    9718.673     48.083   3.800  2.41927E-04  2.27964E-04  6.09664E-02
    9720.130     49.540   3.850  2.43836E-04  2.28413E-04  6.71413E-02
    9721.606     51.016   3.900  2.45378E-04  2.28862E-04  7.16835E-02
    9723.102     52.512   3.950  2.46569E-04  2.29310E-04  7.46849E-02
    9724.616     54.026   4.000  2.47408E-04  2.29759E-04  7.61442E-02
    9726.150     55.560   4.050  2.47824E-04  2.30143E-04  7.61090E-02
    9727.702     57.112   4.100  2.47830E-04  2.30527E-04  7.43080E-02
    9729.274     58.684   4.150  2.47375E-04  2.30911E-04  7.05460E-02
    9730.865     60.275   4.200  2.46419E-04  2.31295E-04  6.46553E-02
    9732.474     61.884   4.250  2.44849E-04  2.31564E-04  5.67124E-02
    9734.103     63.513   4.300  2.42767E-04  2.31832E-04  4.66137E-02
    9735.751     65.161   4.350  2.40223E-04  2.32100E-04  3.45750E-02
    9737.418     66.828   4.400  2.37308E-04  2.32369E-04  2.09944E-02
    9739.104     68.514   4.450  2.34008E-04  2.32492E-04  6.44272E-03
    9740.809     70.219   4.500  2.30624E-04  2.32614E-04 -8.45214E-03
    9742.533     71.943   4.550  2.27332E-04  2.32737E-04 -2.29381E-02
    9744.276     73.686   4.600  2.24310E-04  2.32860E-04 -3.62602E-02
    9746.038     75.448   4.650  2.21550E-04  2.32833E-04 -4.78617E-02
    9747.819     77.229   4.700  2.19352E-04  2.32806E-04 -5.70879E-02
    9749.619     79.029   4.750  2.17805E-04  2.32780E-04 -6.35512E-02
    9751.439     80.849   4.800  2.16952E-04  2.32753E-04 -6.70733E-02
    9753.277     82.687   4.850  2.16647E-04  2.32598E-04 -6.77644E-02
    9755.134     84.544   4.900  2.16983E-04  2.32443E-04 -6.57355E-02
    9757.011     86.421   4.950  2.17871E-04  2.32289E-04 -6.13505E-02
    9758.906     88.316   5.000  2.19205E-04  2.32134E-04 -5.50643E-02
    9760.821     90.231   5.050  2.20787E-04  2.31893E-04 -4.73522E-02
    9762.754     92.164   5.100  2.22596E-04  2.31652E-04 -3.86585E-02
    9764.707     94.117   5.150  2.24533E-04  2.31411E-04 -2.93925E-02
    9766.679     96.088   5.200  2.26522E-04  2.31170E-04 -1.98863E-02
    9768.669     98.079   5.250  2.28483E-04  2.30888E-04 -1.03029E-02
    9770.679    100.089   5.300  2.30396E-04  2.30607E-04 -9.03993E-04
    9772.708    102.118   5.350  2.32222E-04  2.30325E-04  8.14504E-03
    9774.756    104.166   5.400  2.33923E-04  2.30043E-04  1.66844E-02
    9776.823    106.233   5.450  2.35495E-04  2.29768E-04  2.46544E-02
    9778.909    108.319   5.500  2.36854E-04  2.29492E-04  3.17265E-02
    9781.014    110.424   5.550  2.37947E-04  2.29217E-04  3.76621E-02
    9783.138    112.548   5.600  2.38717E-04  2.28941E-04  4.22201E-02
    9785.281    114.691   5.650  2.39178E-04  2.28710E-04  4.52518E-02
    9787.443    116.853   5.700  2.39224E-04  2.28478E-04  4.64899E-02
    9789.624    119.034   5.750  2.38836E-04  2.28247E-04  4.58544E-02
    9791.824    121.234   5.800  2.38023E-04  2.28015E-04  4.33725E-02
    9794.044    123.454   5.850  2.36894E-04  2.27851E-04  3.92057E-02
    9796.282    125.692   5.900  2.35421E-04  2.27688E-04  3.35465E-02
    9798.539    127.949   5.950  2.33682E-04  2.27524E-04  2.67252E-02
    9800.816    130.226   6.000  2.31765E-04  2.27360E-04  1.91264E-02
    9803.111    132.521   6.050  2.29877E-04  2.27309E-04  1.11498E-02
    9805.426    134.836   6.100  2.27981E-04  2.27258E-04  3.13798E-03
    9807.760    137.170   6.150  2.26160E-04  2.27207E-04 -4.54710E-03
    9810.112    139.522   6.200  2.24486E-04  2.27156E-04 -1.15946E-02
    9812.484    141.894   6.250  2.23017E-04  2.27105E-04 -1.77541E-02
    9814.875    144.285   6.300  2.21795E-04  2.27054E-04 -2.28383E-02
    9817.285    146.695   6.350  2.20850E-04  2.27003E-04 -2.67207E-02
    9819.713    149.123   6.400  2.20198E-04  2.26952E-04 -2.93316E-02
    9822.161    151.571   6.450  2.19843E-04  2.26901E-04 -3.06533E-02
    9824.628    154.038   6.500  2.19777E-04  2.26850E-04 -3.07162E-02
    9827.114    156.524   6.550  2.19981E-04  2.26854E-04 -2.98497E-02
    9829.619    159.029   6.600  2.20441E-04  2.26858E-04 -2.78671E-02
    9832.144    161.554   6.650  2.21129E-04  2.26861E-04 -2.48960E-02
    9834.687    164.097   6.700  2.22006E-04  2.26865E-04 -2.11040E-02
    9837.249    166.659   6.750  2.23026E-04  2.26869E-04 -1.66911E-02
    9839.830    169.240   6.800  2.24138E-04  2.26873E-04 -1.18784E-02
    9842.431    171.840   6.850  2.25289E-04  2.26877E-04 -6.89466E-03
    9845.050    174.460   6.900  2.26429E-04  2.26881E-04 -1.96111E-03
    9847.688    177.098   6.950  2.27511E-04  2.26885E-04  2.72158E-03
    9850.346    179.756   7.000  2.28497E-04  2.26889E-04  6.98429E-03
    9853.022    182.432   7.050  2.29274E-04  2.26782E-04  1.08297E-02
    9855.718    185.128   7.100  2.29903E-04  2.26676E-04  1.40372E-02
    9858.432    187.842   7.150  2.30368E-04  2.26569E-04  1.65357E-02
    9861.166    190.576   7.200  2.30663E-04  2.26463E-04  1.82943E-02
    9863.919    193.329   7.250  2.30788E-04  2.26357E-04  1.93152E-02
    9866.691    196.101   7.300  2.30749E-04  2.26250E-04  1.96254E-02
    9869.481    198.891   7.350  2.30557E-04  2.26144E-04  1.92682E-02
    9872.291    201.701   7.400  2.30225E-04  2.26037E-04  1.82974E-02
    9875.120    204.530   7.450  2.29767E-04  2.25931E-04  1.67728E-02
    9877.968    207.378   7.500  2.29198E-04  2.25825E-04  1.47601E-02
    9880.835    210.245   7.550  2.28379E-04  2.25570E-04  1.23112E-02
    9883.721    213.131   7.600  2.27488E-04  2.25315E-04  9.53711E-03
    9886.626    216.036   7.650  2.26547E-04  2.25060E-04  6.53344E-03
    9889.550    218.960   7.700  2.25577E-04  2.24805E-04  3.39875E-03
    9892.494    221.904   7.750  2.24603E-04  2.24550E-04  2.34193E-04
    9895.456    224.866   7.800  2.23648E-04  2.24296E-04 -2.85783E-03
    9898.437    227.847   7.850  2.22734E-04  2.24041E-04 -5.77583E-03
    9901.438    230.848   7.900  2.21884E-04  2.23786E-04 -8.42226E-03
    9904.457    233.867   7.950  2.21117E-04  2.23531E-04 -1.07070E-02
    9907.496    236.905   8.000  2.20450E-04  2.23276E-04 -1.25511E-02
    9910.553    239.963   8.050  2.19857E-04  2.22984E-04 -1.39124E-02
    9913.630    243.040   8.100  2.19385E-04  2.22692E-04 -1.47348E-02
    9916.725    246.135   8.150  2.19041E-04  2.22400E-04 -1.49901E-02
    9919.840    249.250   8.200  2.18827E-04  2.22108E-04 -1.46672E-02
    9922.974    252.384   8.250  2.18739E-04  2.21816E-04 -1.37745E-02
    9926.126    255.536   8.300  2.18772E-04  2.21524E-04 -1.23414E-02
    9929.298    258.708   8.350  2.18912E-04  2.21232E-04 -1.04209E-02
    9932.489    261.899   8.400  2.19142E-04  2.20940E-04 -8.08999E-03
    9935.699    265.109   8.450  2.19438E-04  2.20648E-04 -5.45003E-03
    9938.928    268.338   8.500  2.19775E-04  2.20356E-04 -2.62334E-03
    9942.176    271.586   8.550  2.20201E-04  2.20143E-04  2.63774E-04
    9945.443    274.853   8.600  2.20612E-04  2.19929E-04  3.08818E-03
    9948.729    278.139   8.650  2.20975E-04  2.19715E-04  5.70511E-03
    9952.034    281.444   8.700  2.21262E-04  2.19502E-04  7.97876E-03
    9955.358    284.768   8.750  2.21446E-04  2.19288E-04  9.79330E-03
    9958.702    288.112   8.800  2.21510E-04  2.19075E-04  1.10627E-02
    9962.064    291.474   8.850  2.21442E-04  2.18861E-04  1.17381E-02
    9965.445    294.855   8.900  2.21241E-04  2.18647E-04  1.18113E-02
    9968.846    298.256   8.950  2.20916E-04  2.18434E-04  1.13140E-02
    9972.265    301.675   9.000  2.20480E-04  2.18220E-04  1.03135E-02
    9975.704    305.114   9.050  2.20043E-04  2.18081E-04  8.96130E-03
    9979.161    308.571   9.100  2.19535E-04  2.17942E-04  7.28335E-03
    9982.638    312.048   9.150  2.18981E-04  2.17802E-04  5.39215E-03
    9986.134    315.544   9.200  2.18406E-04  2.17663E-04  3.39911E-03
    9989.648    319.058   9.250  2.17831E-04  2.17524E-04  1.40638E-03
    9993.182    322.592   9.300  2.17276E-04  2.17385E-04 -4.98715E-04
    9996.735    326.145   9.350  2.16756E-04  2.17246E-04 -2.24634E-03
   10000.307    329.717   9.400  2.16282E-04  2.17106E-04 -3.78415E-03
   10003.898    333.308   9.450  2.15863E-04  2.16967E-04 -5.07534E-03
   10007.508    336.918   9.500  2.15503E-04  2.16828E-04 -6.09566E-03
   10011.137    340.547   9.550  2.15175E-04  2.16668E-04 -6.87690E-03
   10014.785    344.195   9.600  2.14910E-04  2.16508E-04 -7.36946E-03
   10018.452    347.862   9.650  2.14708E-04  2.16349E-04 -7.56785E-03
   10022.138    351.548   9.700  2.14571E-04  2.16189E-04 -7.47281E-03
   10025.843    355.253   9.750  2.14495E-04  2.16029E-04 -7.09242E-03
   10029.567    358.977   9.800  2.14477E-04  2.15869E-04 -6.44376E-03
   10033.311    362.721   9.850  2.14510E-04  2.15710E-04 -5.55436E-03
   10037.073    366.483   9.900  2.14587E-04  2.15550E-04 -4.46284E-03
   10040.854    370.264   9.950  2.14697E-04  2.15390E-04 -3.21837E-03
   10044.655    374.065  10.000  2.14826E-04  2.15231E-04 -1.87869E-03
   10048.474    377.884  10.050  2.14868E-04  2.14977E-04 -5.06488E-04
   10052.313    381.723  10.100  2.14906E-04  2.14724E-04  8.46106E-04
   10056.171    385.581  10.150  2.14925E-04  2.14470E-04  2.11748E-03
   10060.047    389.457  10.200  2.14914E-04  2.14217E-04  3.25141E-03
   10063.943    393.353  10.250  2.14863E-04  2.13964E-04  4.20058E-03
   10067.858    397.268  10.300  2.14764E-04  2.13710E-04  4.92910E-03
   10071.792    401.202  10.350  2.14613E-04  2.13457E-04  5.41406E-03
   10075.744    405.154  10.400  2.14407E-04  2.13204E-04  5.64595E-03
   10079.716    409.126  10.450  2.14149E-04  2.12950E-04  5.62802E-03
   10083.707    413.117  10.500  2.13840E-04  2.12697E-04  5.37492E-03
   10087.717    417.127  10.550  2.13487E-04  2.12443E-04  4.91084E-03
   10091.746    421.156  10.600  2.13095E-04  2.12190E-04  4.26743E-03
   10095.794    425.204  10.650  2.12674E-04  2.11937E-04  3.48162E-03
   10099.862    429.272  10.700  2.12232E-04  2.11683E-04  2.59368E-03
   10103.948    433.358  10.750  2.11778E-04  2.11430E-04  1.64533E-03
   10108.053    437.463  10.800  2.11320E-04  2.11177E-04  6.78088E-04
   10112.177    441.587  10.850  2.10867E-04  2.10923E-04 -2.68195E-04
   10116.321    445.731  10.900  2.10426E-04  2.10670E-04 -1.15672E-03
   10120.483    449.893  10.950  2.10005E-04  2.10416E-04 -1.95489E-03
   10124.665    454.075  11.000  2.09609E-04  2.10163E-04 -2.63534E-03
   10128.865    458.275  11.050  2.09282E-04  2.09955E-04 -3.20589E-03
   10133.085    462.495  11.100  2.08986E-04  2.09746E-04 -3.62787E-03
   10137.323    466.733  11.150  2.08723E-04  2.09538E-04 -3.88990E-03
   10141.581    470.991  11.200  2.08495E-04  2.09330E-04 -3.98718E-03
   10145.858    475.268  11.250  2.08301E-04  2.09121E-04 -3.92113E-03
   10150.153    479.563  11.300  2.08140E-04  2.08913E-04 -3.69890E-03
   10154.468    483.878  11.350  2.08009E-04  2.08705E-04 -3.33291E-03
   10158.802    488.212  11.400  2.07904E-04  2.08497E-04 -2.84037E-03
   10163.155    492.565  11.450  2.07821E-04  2.08288E-04 -2.24302E-03
   10167.527    496.937  11.500  2.07754E-04  2.08080E-04 -1.56669E-03
   10171.918    501.328  11.550  2.07697E-04  2.07872E-04 -8.40817E-04
   10176.328    505.738  11.600  2.07643E-04  2.07663E-04 -9.75465E-05
   10180.757    510.167  11.650  2.07586E-04  2.07455E-04  6.29581E-04
   10185.205    514.615  11.700  2.07518E-04  2.07247E-04  1.30731E-03
   10189.672    519.082  11.750  2.07433E-04  2.07038E-04  1.90463E-03
   10194.159    523.569  11.800  2.07326E-04  2.06830E-04  2.39475E-03
   10198.664    528.074  11.850  2.07192E-04  2.06622E-04  2.75691E-03
   10203.188    532.598  11.900  2.07029E-04  2.06413E-04  2.97771E-03
   10207.732    537.142  11.950  2.06836E-04  2.06205E-04  3.05188E-03
   10212.294    541.704  12.000  2.06613E-04  2.05997E-04  2.98241E-03
   10216.876    546.286  12.050  2.06344E-04  2.05764E-04  2.81169E-03
   10221.476    550.886  12.100  2.06049E-04  2.05531E-04  2.51403E-03
   10226.096    555.506  12.150  2.05732E-04  2.05298E-04  2.10867E-03
   10230.735    560.145  12.200  2.05398E-04  2.05065E-04  1.61977E-03
   10235.392    564.802  12.250  2.05052E-04  2.04832E-04  1.07461E-03
   10240.069    569.479  12.300  2.04701E-04  2.04599E-04  5.01793E-04
   10244.765    574.175  12.350  2.04351E-04  2.04365E-04 -7.04057E-05
   10249.480    578.890  12.400  2.04007E-04  2.04132E-04 -6.15511E-04
   10254.214    583.624  12.450  2.03673E-04  2.03899E-04 -1.10999E-03
   10258.967    588.377  12.500  2.03353E-04  2.03666E-04 -1.53411E-03
   10263.739    593.149  12.550  2.03051E-04  2.03433E-04 -1.87249E-03
   10268.530    597.940  12.600  2.02770E-04  2.03200E-04 -2.11437E-03
   10273.340    602.750  12.650  2.02509E-04  2.02967E-04 -2.25364E-03
   10278.169    607.579  12.700  2.02269E-04  2.02734E-04 -2.28870E-03
   10283.017    612.427  12.750  2.02050E-04  2.02501E-04 -2.22219E-03
   10287.884    617.294  12.800  2.01850E-04  2.02268E-04 -2.06069E-03
   10292.771    622.181  12.850  2.01668E-04  2.02035E-04 -1.81441E-03
   10297.676    627.086  12.900  2.01499E-04  2.01802E-04 -1.49684E-03
   10302.600    632.010  12.950  2.01342E-04  2.01569E-04 -1.12440E-03
   10307.544    636.954  13.000  2.01191E-04  2.01336E-04 -7.15880E-04
   10312.506    641.916  13.050  2.00997E-04  2.01056E-04 -2.96427E-04
   10317.488    646.898  13.100  2.00802E-04  2.00777E-04  1.22526E-04
   10322.489    651.898  13.150  2.00602E-04  2.00497E-04  5.21397E-04
   10327.508    656.918  13.200  2.00395E-04  2.00218E-04  8.82023E-04
   10332.547    661.957  13.250  2.00177E-04  1.99938E-04  1.18860E-03
   10337.605    667.015  13.300  1.99945E-04  1.99659E-04  1.42854E-03
   10342.681    672.091  13.350  1.99698E-04  1.99379E-04  1.59309E-03
   10347.777    677.187  13.400  1.99435E-04  1.99100E-04  1.67783E-03
   10352.892    682.302  13.450  1.99156E-04  1.98820E-04  1.68274E-03
   10358.026    687.436  13.500  1.98862E-04  1.98541E-04  1.61201E-03
   10363.179    692.589  13.550  1.98554E-04  1.98261E-04  1.47353E-03
   10368.351    697.761  13.600  1.98235E-04  1.97982E-04  1.27802E-03
   10373.542    702.952  13.650  1.97908E-04  1.97702E-04  1.03816E-03
   10378.752    708.162  13.700  1.97574E-04  1.97423E-04  7.67513E-04
   10383.982    713.392  13.750  1.97238E-04  1.97143E-04  4.79777E-04
   10389.230    718.640  13.800  1.96901E-04  1.96863E-04  1.88055E-04
   10394.497    723.907  13.850  1.96565E-04  1.96584E-04 -9.55455E-05
   10399.784    729.194  13.900  1.96234E-04  1.96304E-04 -3.60180E-04
   10405.089    734.499  13.950  1.95908E-04  1.96025E-04 -5.96410E-04
   10410.413    739.823  14.000  1.95589E-04  1.95745E-04 -7.96331E-04
   10415.757    745.167  14.050  1.95317E-04  1.95506E-04 -9.66197E-04
   10421.119    750.529  14.100  1.95054E-04  1.95268E-04 -1.09124E-03
   10426.501    755.911  14.150  1.94800E-04  1.95029E-04 -1.16748E-03
   10431.902    761.312  14.200  1.94557E-04  1.94790E-04 -1.19280E-03
   10437.321    766.731  14.250  1.94323E-04  1.94551E-04 -1.16699E-03
   10442.760    772.170  14.300  1.94099E-04  1.94312E-04 -1.09186E-03
   10448.218    777.628  14.350  1.93884E-04  1.94073E-04 -9.71205E-04
   10453.695    783.105  14.400  1.93677E-04  1.93834E-04 -8.10750E-04
   10459.191    788.601  14.450  1.93476E-04  1.93596E-04 -6.18004E-04
   10464.706    794.116  14.500  1.93279E-04  1.93357E-04 -4.01982E-04
   10470.240    799.650  14.550  1.93084E-04  1.93118E-04 -1.72840E-04
   10475.793    805.203  14.600  1.92890E-04  1.92879E-04  5.86040E-05
   10481.365    810.775  14.650  1.92695E-04  1.92640E-04  2.81427E-04
   10486.956    816.366  14.700  1.92495E-04  1.92401E-04  4.85196E-04
   10492.566    821.976  14.750  1.92290E-04  1.92162E-04  6.60571E-04
   10498.195    827.605  14.800  1.92078E-04  1.91924E-04  7.99845E-04
   10503.844    833.254  14.850  1.91857E-04  1.91685E-04  8.97383E-04
   10509.511    838.921  14.900  1.91628E-04  1.91446E-04  9.49917E-04
   10515.198    844.607  14.950  1.91391E-04  1.91207E-04  9.56659E-04
   10520.903    850.313  15.000  1.91144E-04  1.90968E-04  9.19234E-04
   10526.627    856.037  15.050  1.90838E-04  1.90676E-04  8.47710E-04
   10532.371    861.781  15.100  1.90526E-04  1.90384E-04  7.41553E-04
   10538.134    867.544  15.150  1.90208E-04  1.90092E-04  6.06863E-04
   10543.915    873.325  15.200  1.89886E-04  1.89800E-04  4.50655E-04
   10549.716    879.126  15.250  1.89561E-04  1.89508E-04  2.80456E-04
   10555.536    884.946  15.300  1.89236E-04  1.89216E-04  1.03936E-04
   10561.375    890.784  15.350  1.88911E-04  1.88924E-04 -7.13819E-05
   10567.232    896.642  15.400  1.88587E-04  1.88632E-04 -2.38358E-04
   10573.109    902.519  15.450  1.88266E-04  1.88340E-04 -3.90411E-04
   10579.005    908.415  15.500  1.87950E-04  1.88048E-04 -5.21672E-04
   10584.920    914.330  15.550  1.87638E-04  1.87756E-04 -6.27125E-04
   10590.854    920.264  15.600  1.87332E-04  1.87464E-04 -7.02766E-04
   10596.807    926.217  15.650  1.87032E-04  1.87172E-04 -7.45769E-04
   10602.780    932.190  15.700  1.86739E-04  1.86880E-04 -7.54660E-04
   10608.771    938.181  15.750  1.86452E-04  1.86588E-04 -7.29475E-04
   10614.781    944.191  15.800  1.86170E-04  1.86296E-04 -6.71860E-04
   10620.810    950.220  15.850  1.85895E-04  1.86004E-04 -5.85098E-04
   10626.859    956.269  15.900  1.85624E-04  1.85712E-04 -4.74014E-04
   10632.926    962.336  15.950  1.85356E-04  1.85420E-04 -3.44759E-04
   10639.012    968.422  16.000  1.85090E-04  1.85128E-04 -2.04461E-04
   10645.118    974.528  16.050  1.84844E-04  1.84856E-04 -6.36368E-05
   10651.243    980.652  16.100  1.84597E-04  1.84583E-04  7.41475E-05
   10657.386    986.796  16.150  1.84348E-04  1.84311E-04  2.02187E-04
   10663.549    992.959  16.200  1.84097E-04  1.84039E-04  3.14701E-04
   10669.730    999.140  16.250  1.83841E-04  1.83766E-04  4.07169E-04
   10675.931   1005.341  16.300  1.83582E-04  1.83494E-04  4.76539E-04
   10682.151   1011.561  16.350  1.83318E-04  1.83222E-04  5.21277E-04
   10688.390   1017.800  16.400  1.83049E-04  1.82950E-04  5.41283E-04
   10694.648   1024.058  16.450  1.82776E-04  1.82677E-04  5.37687E-04
   10700.925   1030.335  16.500  1.82499E-04  1.82405E-04  5.12587E-04
   10707.221   1036.631  16.550  1.82218E-04  1.82133E-04  4.68751E-04
   10713.536   1042.946  16.600  1.81935E-04  1.81860E-04  4.09343E-04
   10719.870   1049.280  16.650  1.81650E-04  1.81588E-04  3.37704E-04
   10726.223   1055.633  16.700  1.81363E-04  1.81316E-04  2.57196E-04
   10732.595   1062.005  16.750  1.81075E-04  1.81044E-04  1.71111E-04
   10738.986   1068.396  16.800  1.80786E-04  1.80771E-04  8.26477E-05
   10745.397   1074.807  16.850  1.80498E-04  1.80499E-04 -5.09505E-06
   10751.826   1081.236  16.900  1.80211E-04  1.80227E-04 -8.91115E-05
   10758.275   1087.684  16.950  1.79924E-04  1.79954E-04 -1.66506E-04
   10764.742   1094.152  17.000  1.79640E-04  1.79682E-04 -2.34544E-04
   10771.228   1100.638  17.050  1.79345E-04  1.79398E-04 -2.93972E-04
   10777.734   1107.144  17.100  1.79053E-04  1.79114E-04 -3.39540E-04
   10784.259   1113.669  17.150  1.78764E-04  1.78830E-04 -3.69289E-04
   10790.802   1120.212  17.200  1.78478E-04  1.78546E-04 -3.81958E-04
   10797.365   1126.775  17.250  1.78195E-04  1.78262E-04 -3.77135E-04
   10803.947   1133.357  17.300  1.77915E-04  1.77978E-04 -3.55345E-04
   10810.547   1139.957  17.350  1.77638E-04  1.77694E-04 -3.18055E-04
   10817.167   1146.577  17.400  1.77363E-04  1.77410E-04 -2.67600E-04
   10823.806   1153.216  17.450  1.77090E-04  1.77126E-04 -2.07019E-04
   10830.464   1159.874  17.500  1.76818E-04  1.76843E-04 -1.39829E-04
   10837.141   1166.551  17.550  1.76546E-04  1.76559E-04 -6.97611E-05
   10843.837   1173.247  17.600  1.76275E-04  1.76275E-04 -4.90862E-07
   10850.552   1179.962  17.650  1.76002E-04  1.75991E-04  6.46127E-05
   10857.286   1186.696  17.700  1.75728E-04  1.75707E-04  1.22684E-04
   10864.040   1193.450  17.750  1.75453E-04  1.75423E-04  1.71494E-04
   10870.812   1200.222  17.800  1.75176E-04  1.75139E-04  2.09514E-04
   10877.603   1207.013  17.850  1.74896E-04  1.74855E-04  2.35910E-04
   10884.414   1213.824  17.900  1.74615E-04  1.74571E-04  2.50482E-04
   10891.243   1220.653  17.950  1.74331E-04  1.74287E-04  2.53579E-04
   10898.091   1227.501  18.000  1.74046E-04  1.74003E-04  2.45982E-04
   10904.959   1234.369  18.050  1.73743E-04  1.73703E-04  2.32095E-04
   10911.845   1241.255  18.100  1.73439E-04  1.73403E-04  2.09644E-04
   10918.751   1248.161  18.150  1.73134E-04  1.73103E-04  1.79765E-04
   10925.676   1255.086  18.200  1.72828E-04  1.72803E-04  1.43767E-04
   10932.619   1262.029  18.250  1.72521E-04  1.72503E-04  1.03127E-04
   10939.582   1268.992  18.300  1.72213E-04  1.72203E-04  5.94776E-05
   10946.564   1275.974  18.350  1.71905E-04  1.71903E-04  1.45889E-05
   10953.565   1282.975  18.400  1.71598E-04  1.71603E-04 -2.96711E-05
   10960.585   1289.995  18.450  1.71291E-04  1.71303E-04 -7.14032E-05
   10967.624   1297.034  18.500  1.70984E-04  1.71003E-04 -1.08769E-04
   10974.682   1304.092  18.550  1.70679E-04  1.70703E-04 -1.40100E-04
   10981.759   1311.169  18.600  1.70375E-04  1.70403E-04 -1.64016E-04
   10988.855   1318.265  18.650  1.70072E-04  1.70103E-04 -1.79530E-04
   10995.970   1325.380  18.700  1.69771E-04  1.69803E-04 -1.86128E-04
   11003.104   1332.514  18.750  1.69471E-04  1.69503E-04 -1.83816E-04
   11010.257   1339.667  18.800  1.69173E-04  1.69203E-04 -1.73111E-04
   11017.430   1346.840  18.850  1.68876E-04  1.68903E-04 -1.54997E-04
   11024.621   1354.031  18.900  1.68581E-04  1.68603E-04 -1.30832E-04
   11031.831   1361.241  18.950  1.68285E-04  1.68303E-04 -1.02233E-04
   11039.061   1368.471  19.000  1.67991E-04  1.68003E-04 -7.09405E-05
   11046.309   1375.719  19.050  1.67717E-04  1.67724E-04 -3.94253E-05
   11053.577   1382.987  19.100  1.67444E-04  1.67445E-04 -7.84225E-06
   11060.863   1390.273  19.150  1.67170E-04  1.67167E-04  2.23913E-05
   11068.169   1397.579  19.200  1.66896E-04  1.66888E-04  5.00386E-05
   11075.494   1404.904  19.250  1.66622E-04  1.66609E-04  7.40789E-05
   11082.838   1412.248  19.300  1.66346E-04  1.66331E-04  9.37217E-05
   11090.200   1419.610  19.350  1.66070E-04  1.66052E-04  1.08407E-04
   11097.582   1426.992  19.400  1.65793E-04  1.65773E-04  1.17797E-04
   11104.983   1434.393  19.450  1.65515E-04  1.65495E-04  1.21768E-04
   11112.403   1441.813  19.500  1.65236E-04  1.65216E-04  1.20403E-04
   11119.842   1449.252  19.550  1.64956E-04  1.64937E-04  1.13988E-04
   11127.300   1456.710  19.600  1.64675E-04  1.64659E-04  1.03007E-04
   11134.777   1464.187  19.650  1.64394E-04  1.64380E-04  8.81369E-05
   11142.273   1471.683  19.700  1.64113E-04  1.64101E-04  7.02274E-05
   11149.788   1479.198  19.750  1.63831E-04  1.63822E-04  5.02679E-05
   11157.323   1486.733  19.800  1.63549E-04  1.63544E-04  2.93392E-05
   11164.876   1494.286  19.850  1.63267E-04  1.63265E-04  8.54844E-06
   11172.448   1501.858  19.900  1.62985E-04  1.62986E-04 -1.10446E-05
   11180.040   1509.450  19.950  1.62703E-04  1.62708E-04 -2.85033E-05
   11187.650   1517.060  20.000  1.62422E-04  1.62429E-04 -4.30813E-05
