0.000000000000000000e+00 -5.423314999999999664e-01
5.000000000000000278e-02 -5.648760000000000447e-01
1.000000000000000056e-01 -5.870843000000000034e-01
1.499999999999999944e-01 -6.512938000000000338e-01
2.000000000000000111e-01 -7.122403999999999957e-01
2.500000000000000000e-01 -8.052527000000000434e-01
2.999999999999999889e-01 -8.882655999999999885e-01
3.499999999999999778e-01 -9.852007000000000403e-01
4.000000000000000222e-01 -1.061585999999999919e+00
4.500000000000000111e-01 -1.127807999999999922e+00
5.000000000000000000e-01 -1.162157000000000107e+00
5.500000000000000444e-01 -1.163769999999999971e+00
5.999999999999999778e-01 -1.127707999999999933e+00
6.500000000000000222e-01 -1.048349999999999893e+00
6.999999999999999556e-01 -9.369929999999999648e-01
7.500000000000000000e-01 -7.898667999999999800e-01
8.000000000000000444e-01 -6.282866000000000284e-01
8.499999999999999778e-01 -4.527158000000000015e-01
9.000000000000000222e-01 -2.855885000000000229e-01
9.499999999999999556e-01 -1.293632999999999866e-01
1.000000000000000000e+00 6.487864999999999995e-04
1.050000000000000044e+00 1.034315999999999985e-01
1.100000000000000089e+00 1.740589999999999915e-01
1.149999999999999911e+00 2.153883000000000048e-01
1.199999999999999956e+00 2.312629999999999963e-01
1.250000000000000000e+00 2.280832999999999888e-01
1.300000000000000044e+00 2.134641999999999928e-01
1.350000000000000089e+00 1.953779999999999961e-01
1.399999999999999911e+00 1.792340000000000044e-01
1.449999999999999956e+00 1.717430000000000068e-01
1.500000000000000000e+00 1.714868999999999977e-01
1.550000000000000044e+00 1.808728000000000002e-01
1.600000000000000089e+00 1.918285999999999880e-01
1.649999999999999911e+00 2.011052999999999868e-01
1.699999999999999956e+00 2.009500999999999926e-01
1.750000000000000000e+00 1.868583000000000049e-01
1.800000000000000044e+00 1.577658999999999867e-01
1.850000000000000089e+00 1.207027999999999990e-01
1.899999999999999911e+00 7.231321000000000276e-02
1.949999999999999956e+00 4.360324000000000144e-02
2.000000000000000000e+00 7.332260000000000166e-03
2.049999999999999822e+00 1.557776000000000082e-03
2.100000000000000089e+00 1.155886000000000066e-02
2.149999999999999911e+00 3.453927999999999859e-02
2.200000000000000178e+00 6.322519000000000056e-02
2.250000000000000000e+00 8.557323999999999486e-02
2.299999999999999822e+00 1.004340999999999984e-01
2.350000000000000089e+00 1.043531999999999932e-01
2.399999999999999911e+00 9.704089000000000464e-02
2.450000000000000178e+00 8.231579999999999453e-02
2.500000000000000000e+00 6.531426999999999372e-02
2.549999999999999822e+00 4.796448999999999852e-02
2.600000000000000089e+00 3.164393000000000067e-02
2.649999999999999911e+00 1.382754999999999922e-02
2.700000000000000178e+00 -3.453164999999999794e-03
2.750000000000000000e+00 -2.028862999999999847e-02
2.799999999999999822e+00 -3.692465999999999804e-02
2.850000000000000089e+00 -5.292282000000000236e-02
2.899999999999999911e+00 -6.814375000000000293e-02
2.950000000000000178e+00 -8.245523000000000435e-02
3.000000000000000000e+00 -9.545041999999999416e-02
3.049999999999999822e+00 -1.050513000000000002e-01
3.100000000000000089e+00 -1.117317000000000032e-01
3.149999999999999911e+00 -1.147854999999999986e-01
3.200000000000000178e+00 -1.136323999999999945e-01
3.250000000000000000e+00 -1.075206999999999968e-01
3.299999999999999822e+00 -9.742573000000000205e-02
3.350000000000000089e+00 -8.348129999999999440e-02
3.399999999999999911e+00 -6.635816999999999410e-02
3.450000000000000178e+00 -4.749318000000000289e-02
3.500000000000000000e+00 -2.783385999999999846e-02
3.549999999999999822e+00 -8.374809000000000420e-03
3.600000000000000089e+00 1.000684999999999943e-02
3.649999999999999911e+00 2.633123000000000061e-02
3.700000000000000178e+00 4.047466999999999732e-02
3.750000000000000000e+00 5.222319000000000266e-02
3.799999999999999822e+00 6.154392000000000196e-02
3.850000000000000089e+00 6.855179999999999607e-02
3.899999999999999911e+00 7.347465000000000246e-02
3.950000000000000178e+00 7.646725999999999523e-02
4.000000000000000000e+00 7.764482000000000328e-02
4.049999999999999822e+00 7.722310000000000285e-02
4.099999999999999645e+00 7.505883000000000693e-02
4.150000000000000355e+00 7.108578000000000119e-02
4.200000000000000178e+00 6.522611000000000381e-02
4.250000000000000000e+00 5.759008000000000183e-02
4.299999999999999822e+00 4.805575000000000124e-02
4.349999999999999645e+00 3.676867999999999803e-02
4.400000000000000355e+00 2.402019999999999850e-02
4.450000000000000178e+00 1.027048000000000023e-02
4.500000000000000000e+00 -3.989387999999999962e-03
4.549999999999999822e+00 -1.810428999999999858e-02
4.599999999999999645e+00 -3.138243000000000282e-02
4.650000000000000355e+00 -4.327083000000000318e-02
4.700000000000000178e+00 -5.311135000000000161e-02
4.750000000000000000e+00 -6.046801000000000259e-02
4.799999999999999822e+00 -6.508770999999999307e-02
4.849999999999999645e+00 -6.700153000000000358e-02
4.900000000000000355e+00 -6.621560999999999420e-02
4.950000000000000178e+00 -6.300186000000000675e-02
5.000000000000000000e+00 -5.773749999999999716e-02
5.049999999999999822e+00 -5.084527999999999964e-02
5.099999999999999645e+00 -4.272552000000000294e-02
5.150000000000000355e+00 -3.377673999999999954e-02
5.200000000000000178e+00 -2.434114999999999890e-02
5.250000000000000000e+00 -1.460844000000000031e-02
5.299999999999999822e+00 -4.871824000000000293e-03
5.349999999999999645e+00 4.659512000000000202e-03
5.400000000000000355e+00 1.378150000000000035e-02
5.450000000000000178e+00 2.239818000000000017e-02
5.500000000000000000e+00 3.013922000000000129e-02
5.549999999999999822e+00 3.673416999999999655e-02
5.599999999999999645e+00 4.191597999999999852e-02
5.650000000000000355e+00 4.551775000000000265e-02
5.700000000000000178e+00 4.725266000000000188e-02
5.750000000000000000e+00 4.703010999999999997e-02
5.799999999999999822e+00 4.487229999999999691e-02
5.849999999999999645e+00 4.094185999999999659e-02
5.900000000000000355e+00 3.543696999999999819e-02
5.950000000000000178e+00 2.869939999999999991e-02
6.000000000000000000e+00 2.112914999999999932e-02
6.049999999999999822e+00 1.315331999999999960e-02
6.099999999999999645e+00 5.118926999999999679e-03
6.150000000000000355e+00 -2.603020000000000160e-03
6.200000000000000178e+00 -9.699663000000000729e-03
6.250000000000000000e+00 -1.592671000000000017e-02
6.299999999999999822e+00 -2.111011999999999958e-02
6.349999999999999645e+00 -2.514125000000000040e-02
6.400000000000000355e+00 -2.796830999999999970e-02
6.450000000000000178e+00 -2.958681999999999979e-02
6.500000000000000000e+00 -3.003112000000000142e-02
6.549999999999999822e+00 -2.961663999999999963e-02
6.599999999999999645e+00 -2.814264000000000002e-02
6.650000000000000355e+00 -2.570472000000000035e-02
6.700000000000000178e+00 -2.242962999999999901e-02
6.750000000000000000e+00 -1.847348999999999866e-02
6.799999999999999822e+00 -1.401730999999999984e-02
6.849999999999999645e+00 -9.259339999999999585e-03
6.900000000000000355e+00 -4.405029000000000410e-03
6.950000000000000178e+00 3.445244999999999775e-04
7.000000000000000000e+00 4.803952999999999696e-03
7.049999999999999822e+00 8.925824000000000605e-03
7.099999999999999645e+00 1.247920999999999926e-02
7.150000000000000355e+00 1.536164999999999926e-02
7.200000000000000178e+00 1.751242000000000076e-02
7.250000000000000000e+00 1.890949999999999923e-02
7.299999999999999822e+00 1.956360000000000043e-02
7.349999999999999645e+00 1.951084000000000152e-02
7.400000000000000355e+00 1.880541000000000157e-02
7.450000000000000178e+00 1.751339999999999841e-02
7.500000000000000000e+00 1.570848999999999857e-02
7.549999999999999822e+00 1.346082000000000008e-02
7.599999999999999645e+00 1.086747000000000060e-02
7.650000000000000355e+00 8.019165999999999447e-03
7.700000000000000178e+00 5.005543000000000319e-03
7.750000000000000000e+00 1.915510999999999950e-03
7.799999999999999822e+00 -1.162075000000000044e-03
7.849999999999999645e+00 -4.137937999999999859e-03
7.900000000000000355e+00 -6.922476999999999797e-03
7.950000000000000178e+00 -9.426723999999999173e-03
8.000000000000000000e+00 -1.156433999999999934e-02
8.050000000000000711e+00 -1.327778999999999938e-02
8.099999999999999645e+00 -1.448762999999999961e-02
8.150000000000000355e+00 -1.513931999999999951e-02
8.199999999999999289e+00 -1.519428999999999919e-02
8.250000000000000000e+00 -1.463482999999999971e-02
8.300000000000000711e+00 -1.346922000000000050e-02
8.349999999999999645e+00 -1.173597000000000008e-02
8.400000000000000355e+00 -9.506163999999999240e-03
8.449999999999999289e+00 -6.883097000000000347e-03
8.500000000000000000e+00 -3.998541999999999895e-03
8.550000000000000711e+00 -1.001797000000000017e-03
8.599999999999999645e+00 1.972829000000000162e-03
8.650000000000000355e+00 4.764253999999999885e-03
8.699999999999999289e+00 7.223105999999999971e-03
8.750000000000000000e+00 9.224081000000000294e-03
8.800000000000000711e+00 1.067615000000000057e-02
8.849999999999999645e+00 1.152921999999999975e-02
8.900000000000000355e+00 1.177634999999999967e-02
8.949999999999999289e+00 1.145130999999999927e-02
9.000000000000000000e+00 1.062202999999999932e-02
9.050000000000000711e+00 9.443958000000000561e-03
9.099999999999999645e+00 7.935941000000000176e-03
9.150000000000000355e+00 6.201329999999999690e-03
9.199999999999999289e+00 4.339972999999999574e-03
9.250000000000000000e+00 2.441795000000000077e-03
9.300000000000000711e+00 5.832641000000000388e-04
9.349999999999999645e+00 -1.173334999999999960e-03
9.400000000000000355e+00 -2.778439000000000169e-03
9.449999999999999289e+00 -4.192514999999999957e-03
9.500000000000000000e+00 -5.383207000000000096e-03
9.550000000000000711e+00 -6.366954000000000190e-03
9.599999999999999645e+00 -7.083919000000000153e-03
9.650000000000000355e+00 -7.512554999999999754e-03
9.699999999999999289e+00 -7.638088999999999816e-03
9.750000000000000000e+00 -7.455205999999999812e-03
9.800000000000000711e+00 -6.970810000000000027e-03
9.849999999999999645e+00 -6.206109999999999925e-03
9.900000000000000355e+00 -5.197369999999999768e-03
9.949999999999999289e+00 -3.994957000000000369e-03
1.000000000000000000e+01 -2.660576999999999907e-03
1.005000000000000071e+01 -1.263446000000000100e-03
1.009999999999999964e+01 1.410938999999999943e-04
1.015000000000000036e+01 1.484754999999999929e-03
1.019999999999999929e+01 2.705088999999999931e-03
1.025000000000000000e+01 3.749553000000000087e-03
1.030000000000000071e+01 4.578445999999999905e-03
1.034999999999999964e+01 5.166465999999999767e-03
1.040000000000000036e+01 5.502884000000000421e-03
1.044999999999999929e+01 5.590496000000000354e-03
1.050000000000000000e+01 5.443668999999999938e-03
1.055000000000000071e+01 5.085875999999999592e-03
1.059999999999999964e+01 4.547080999999999693e-03
1.065000000000000036e+01 3.861306000000000113e-03
1.069999999999999929e+01 3.064564000000000090e-03
1.075000000000000000e+01 2.193285000000000113e-03
1.080000000000000071e+01 1.283192000000000057e-03
1.084999999999999964e+01 3.685685999999999867e-04
1.090000000000000036e+01 -5.182169999999999615e-04
1.094999999999999929e+01 -1.347076000000000003e-03
1.100000000000000000e+01 -2.090559999999999988e-03
1.105000000000000071e+01 -2.747076000000000205e-03
1.109999999999999964e+01 -3.281580000000000087e-03
1.115000000000000036e+01 -3.676165999999999809e-03
1.119999999999999929e+01 -3.917435000000000361e-03
1.125000000000000000e+01 -3.997034000000000004e-03
1.130000000000000071e+01 -3.912251999999999744e-03
1.134999999999999964e+01 -3.666613999999999898e-03
1.140000000000000036e+01 -3.270396000000000067e-03
1.144999999999999929e+01 -2.740892999999999888e-03
1.150000000000000000e+01 -2.102268000000000019e-03
1.155000000000000071e+01 -1.384805000000000020e-03
1.159999999999999964e+01 -6.235168000000000134e-04
1.165000000000000036e+01 1.438649999999999922e-04
1.169999999999999929e+01 8.793209000000000398e-04
1.175000000000000000e+01 1.547133999999999922e-03
1.180000000000000071e+01 2.116315000000000123e-03
1.184999999999999964e+01 2.562580000000000066e-03
1.190000000000000036e+01 2.869669000000000039e-03
1.194999999999999929e+01 3.029907000000000086e-03
1.200000000000000000e+01 3.044046999999999812e-03
1.205000000000000071e+01 2.956031000000000023e-03
1.209999999999999964e+01 2.735004000000000081e-03
1.215000000000000036e+01 2.396418999999999893e-03
1.219999999999999929e+01 1.960795999999999893e-03
1.225000000000000000e+01 1.452404999999999929e-03
1.230000000000000071e+01 8.978102000000000391e-04
1.234999999999999964e+01 3.244017000000000081e-04
1.240000000000000036e+01 -2.409921999999999997e-04
1.244999999999999929e+01 -7.733052999999999498e-04
1.250000000000000000e+01 -1.250198000000000108e-03
1.255000000000000071e+01 -1.652777000000000022e-03
1.259999999999999964e+01 -1.966110999999999987e-03
1.265000000000000036e+01 -2.179606000000000165e-03
1.269999999999999929e+01 -2.287289000000000076e-03
1.275000000000000000e+01 -2.288024999999999955e-03
1.280000000000000071e+01 -2.185622999999999819e-03
1.284999999999999964e+01 -1.988747999999999818e-03
1.290000000000000036e+01 -1.710553999999999981e-03
1.294999999999999929e+01 -1.367960000000000096e-03
1.300000000000000000e+01 -9.805815000000000711e-04
1.305000000000000071e+01 -5.761194999999999988e-04
1.309999999999999964e+01 -1.628269000000000114e-04
1.315000000000000036e+01 2.405820999999999882e-04
1.319999999999999929e+01 6.167473999999999830e-04
1.325000000000000000e+01 9.503054999999999836e-04
1.330000000000000071e+01 1.228432999999999912e-03
1.334999999999999964e+01 1.441302999999999898e-03
1.340000000000000036e+01 1.582438999999999938e-03
1.344999999999999929e+01 1.648925000000000087e-03
1.350000000000000000e+01 1.641420999999999896e-03
1.355000000000000071e+01 1.563956000000000027e-03
1.359999999999999964e+01 1.423500000000000069e-03
1.365000000000000036e+01 1.229386000000000064e-03
1.369999999999999929e+01 9.926523000000000031e-04
1.375000000000000000e+01 7.254056999999999519e-04
1.380000000000000071e+01 4.402683999999999808e-04
1.384999999999999964e+01 1.499204000000000021e-04
1.390000000000000036e+01 -1.332915999999999962e-04
1.394999999999999929e+01 -3.977326000000000212e-04
1.400000000000000000e+01 -6.328934999999999943e-04
1.405000000000000071e+01 -8.410193000000000269e-04
1.409999999999999964e+01 -1.006724000000000074e-03
1.415000000000000036e+01 -1.124014999999999910e-03
1.419999999999999929e+01 -1.189224000000000010e-03
1.425000000000000000e+01 -1.201086999999999988e-03
1.430000000000000071e+01 -1.160706000000000064e-03
1.434999999999999964e+01 -1.071412000000000102e-03
1.440000000000000036e+01 -9.385428999999999820e-04
1.444999999999999929e+01 -7.691437999999999661e-04
1.450000000000000000e+01 -5.716226000000000250e-04
1.455000000000000071e+01 -3.553548999999999814e-04
1.459999999999999964e+01 -1.302614000000000061e-04
1.465000000000000036e+01 9.363212999999999625e-05
1.469999999999999929e+01 3.066319999999999875e-04
1.475000000000000000e+01 4.997935999999999915e-04
1.480000000000000071e+01 6.652941000000000106e-04
1.484999999999999964e+01 7.967426000000000109e-04
1.490000000000000036e+01 8.894114999999999530e-04
1.494999999999999929e+01 9.403815999999999954e-04
1.500000000000000000e+01 9.486015000000000419e-04
1.505000000000000071e+01 9.211526000000000479e-04
1.509999999999999964e+01 8.545754999999999497e-04
1.515000000000000036e+01 7.521341999999999655e-04
1.519999999999999929e+01 6.186457999999999714e-04
1.525000000000000000e+01 4.603165999999999898e-04
1.530000000000000071e+01 2.845103999999999992e-04
1.534999999999999964e+01 9.944951999999999850e-05
1.540000000000000036e+01 -8.615287000000000444e-05
1.544999999999999929e+01 -2.635181999999999802e-04
1.550000000000000000e+01 -4.242687999999999993e-04
1.555000000000000071e+01 -5.609036999999999877e-04
1.559999999999999964e+01 -6.672472000000000038e-04
1.565000000000000036e+01 -7.388262000000000041e-04
1.569999999999999929e+01 -7.731408000000000160e-04
1.575000000000000000e+01 -7.697970000000000160e-04
1.580000000000000071e+01 -7.304896999999999866e-04
1.584999999999999964e+01 -6.588349000000000505e-04
1.590000000000000036e+01 -5.600699999999999689e-04
1.594999999999999929e+01 -4.406472000000000253e-04
1.600000000000000000e+01 -3.077582000000000039e-04
1.605000000000000071e+01 -1.722372999999999916e-04
1.610000000000000142e+01 -3.675007999999999763e-05
1.614999999999999858e+01 9.272451999999999767e-05
1.619999999999999929e+01 2.110738999999999985e-04
1.625000000000000000e+01 3.141989999999999779e-04
1.630000000000000071e+01 3.990581000000000206e-04
1.635000000000000142e+01 4.636282999999999941e-04
1.639999999999999858e+01 5.068133999999999747e-04
1.644999999999999929e+01 5.283281000000000348e-04
1.650000000000000000e+01 5.285866000000000392e-04
1.655000000000000071e+01 5.086116999999999808e-04
1.660000000000000142e+01 4.699737999999999962e-04
1.664999999999999858e+01 4.147536000000000061e-04
1.669999999999999929e+01 3.455166000000000183e-04
1.675000000000000000e+01 2.652810000000000237e-04
1.680000000000000071e+01 1.774629000000000115e-04
1.685000000000000142e+01 8.578365999999999379e-05
1.689999999999999858e+01 -5.863743999999999809e-06
1.694999999999999929e+01 -9.358720999999999804e-05
1.700000000000000000e+01 -1.736933999999999928e-04
1.705000000000000071e+01 -2.458994000000000262e-04
1.710000000000000142e+01 -3.047467000000000210e-04
1.714999999999999858e+01 -3.478948999999999952e-04
1.719999999999999929e+01 -3.738748999999999870e-04
1.725000000000000000e+01 -3.821640999999999753e-04
1.730000000000000071e+01 -3.731868999999999963e-04
1.735000000000000142e+01 -3.482423999999999915e-04
1.739999999999999858e+01 -3.093710000000000166e-04
1.744999999999999929e+01 -2.591758999999999795e-04
1.750000000000000000e+01 -2.006227000000000130e-04
1.755000000000000071e+01 -1.368383999999999942e-04
1.760000000000000142e+01 -7.092809000000000212e-05
1.764999999999999858e+01 -5.823751000000000173e-06
1.769999999999999929e+01 5.582820000000000192e-05
1.775000000000000000e+01 1.117409000000000062e-04
1.780000000000000071e+01 1.600272999999999984e-04
1.785000000000000142e+01 1.992153000000000034e-04
1.789999999999999858e+01 2.282486000000000020e-04
1.794999999999999929e+01 2.464812000000000144e-04
1.800000000000000000e+01 2.536735999999999830e-04
1.805000000000000071e+01 2.533888000000000091e-04
1.810000000000000142e+01 2.427758999999999874e-04
1.814999999999999858e+01 2.223392999999999941e-04
1.819999999999999929e+01 1.929917999999999976e-04
1.825000000000000000e+01 1.560564000000000124e-04
1.830000000000000071e+01 1.132394000000000055e-04
1.835000000000000142e+01 6.656909999999999932e-05
1.839999999999999858e+01 1.829926000000000003e-05
1.844999999999999929e+01 -2.921768999999999910e-05
1.850000000000000000e+01 -7.367656000000000259e-05
1.855000000000000071e+01 -1.129701999999999979e-04
1.860000000000000142e+01 -1.453287000000000101e-04
1.864999999999999858e+01 -1.694309999999999978e-04
1.869999999999999929e+01 -1.844779999999999912e-04
1.875000000000000000e+01 -1.902192000000000032e-04
1.880000000000000071e+01 -1.869337999999999957e-04
1.885000000000000142e+01 -1.753706000000000112e-04
1.889999999999999858e+01 -1.566589999999999921e-04
1.894999999999999929e+01 -1.322019999999999923e-04
1.900000000000000000e+01 -1.035668000000000059e-04
1.905000000000000071e+01 -7.342591000000000525e-05
1.910000000000000142e+01 -4.169257999999999986e-05
1.914999999999999858e+01 -9.807657000000000007e-06
1.919999999999999929e+01 2.087808000000000120e-05
1.925000000000000000e+01 4.914197999999999668e-05
1.930000000000000071e+01 7.391839000000000634e-05
1.935000000000000142e+01 9.432303000000000009e-05
1.939999999999999858e+01 1.096759000000000048e-04
1.944999999999999929e+01 1.195240000000000029e-04
1.950000000000000000e+01 1.236629000000000048e-04
1.955000000000000071e+01 1.221530000000000077e-04
1.960000000000000142e+01 1.153247000000000039e-04
1.964999999999999858e+01 1.037698000000000038e-04
1.969999999999999929e+01 8.831187999999999582e-05
1.975000000000000000e+01 6.995807000000000154e-05
1.980000000000000071e+01 4.983185999999999692e-05
1.985000000000000142e+01 2.909403999999999902e-05
1.989999999999999858e+01 8.859258000000000145e-06
1.994999999999999929e+01 -9.882115000000000845e-06
2.000000000000000000e+01 -2.632773000000000077e-05
