9.654042662699999710e+03 -1.692933730000055093e+01 -1.588952808847899023e+00 2.728599512399999813e-06 3.994665024700000122e-06 -1.266065512300000097e-06
9.654542662699999710e+03 -1.642933730000055093e+01 -1.547105970151546828e+00 2.851820943199999946e-06 4.227805979799999937e-06 -1.375985036599999991e-06
9.655042662699999710e+03 -1.592933730000055093e+01 -1.504095321783659234e+00 2.985698314600000109e-06 4.487862017399999892e-06 -1.502163702799999995e-06
9.655542662699999710e+03 -1.542933730000055093e+01 -1.459817999321977089e+00 3.131655179300000178e-06 4.779614230600000130e-06 -1.647959051299999952e-06
9.656042662699999710e+03 -1.492933730000055093e+01 -1.414155028728233399e+00 3.291382546599999971e-06 5.109025708999999684e-06 -1.817643162399999925e-06
9.656542662699999710e+03 -1.442933730000055093e+01 -1.366967556092784974e+00 3.466906327500000138e-06 5.483627011100000014e-06 -2.016720683599999876e-06
9.657042662699999710e+03 -1.392933730000055093e+01 -1.318091860813658034e+00 3.660677053999999935e-06 5.913062137999999851e-06 -2.252385083999999916e-06
9.657542662699999710e+03 -1.342933730000055093e+01 -1.267332634976367389e+00 3.875691377700000274e-06 6.409878550300000160e-06 -2.534187172599999886e-06
9.658042662699999710e+03 -1.292933730000055093e+01 -1.214453729793388614e+00 4.115660048399999621e-06 6.990698381699999668e-06 -2.875038333300000047e-06
9.658542662699999710e+03 -1.242933730000055093e+01 -1.159165094342476943e+00 4.385245884500000122e-06 7.678003674300000009e-06 -3.292757789799999887e-06
9.659042662699999710e+03 -1.192933730000055093e+01 -1.101103796231279075e+00 4.690410837700000147e-06 8.502946329600000202e-06 -3.812535491900000055e-06
9.659542662699999710e+03 -1.142933730000055093e+01 -1.039805474215184322e+00 5.038940288400000061e-06 9.509940260599999314e-06 -4.470999972100000238e-06
9.660042662699999710e+03 -1.092933730000055093e+01 -9.746595704864314813e-01 5.441270109699999665e-06 1.076450807099999933e-05 -5.323237961699999967e-06
9.660542662699999710e+03 -1.042933730000055093e+01 -9.048354173404828948e-01 5.911863951200000028e-06 1.236742885700000034e-05 -6.455564905699999604e-06
9.661042662710000513e+03 -9.929337289999747185e+00 -8.291519667598712395e-01 6.471670581999999604e-06 1.448198916200000071e-05 -8.010318580100000122e-06
9.661542662710000513e+03 -9.429337289999747185e+00 -7.458276195708316569e-01 7.152918303800000339e-06 1.739102430499999872e-05 -1.023810600099999950e-05
9.662042662710000513e+03 -8.929337289999747185e+00 -6.519391783346233371e-01 8.009641807400000375e-06 2.162989707099999858e-05 -1.362025526399999935e-05
9.662542662710000513e+03 -8.429337289999747185e+00 -5.420244887277274604e-01 9.144771202200000176e-06 2.834454555300000065e-05 -1.919977435000000157e-05
9.663042662710000513e+03 -7.929337289999748073e+00 -4.031828375730853731e-01 1.079654845800000012e-05 4.046548228600000194e-05 -2.966893382799999843e-05
9.663542662710000513e+03 -7.429337289999748073e+00 -1.769809443030958274e-01 1.369374893800000014e-05 6.759233056400000030e-05 -5.389858162599999846e-05
9.663662000000000262e+03 -7.309999999999999609e+00 0.000000000000000000e+00 1.521539059427473219e-05 8.482586242258640416e-05 -6.961047182950505161e-05
9.663671000000000276e+03 -7.300999999999985057e+00 4.860261953445584038e-02 1.533014747292072675e-05 8.612555497239432663e-05 -7.079540750075697677e-05
9.663700000000000728e+03 -7.271999999999533948e+00 9.986888948025554602e-02 1.569991963744672369e-05 9.031345318844231321e-05 -7.461353355256895999e-05
9.663746999999999389e+03 -7.225000000000872724e+00 1.493646705120479090e-01 1.629920555926473008e-05 9.710073650410640223e-05 -8.080153094688503749e-05
9.663814000000000306e+03 -7.157999999999955953e+00 1.997377789593159370e-01 1.715350676696272361e-05 1.067762254860102843e-04 -8.962271872176095621e-05
9.663899999999999636e+03 -7.072000000000625342e+00 2.499348983886820197e-01 1.825007249624672730e-05 1.191955098508423310e-04 -1.009454373581689850e-04
9.664005000000001019e+03 -6.966999999999242910e+00 3.000443701604951774e-01 1.958890274711673097e-05 1.343585895986023932e-04 -1.147696868561090425e-04
9.664042662710000513e+03 -6.929337289999748073e+00 3.160884231044438497e-01 2.006913108499999899e-05 1.397974722199999905e-04 -1.197283411399999999e-04
9.664128000000000611e+03 -6.843999999999650363e+00 3.497287862733068908e-01 2.117686874409297179e-05 1.549723471171397663e-04 -1.337954783775347715e-04
9.664271000000000640e+03 -6.700999999999621259e+00 3.998039390328587128e-01 2.303310867449498200e-05 1.804009388885798862e-04 -1.573678302177148876e-04
9.664433000000000902e+03 -6.538999999999359325e+00 4.498478108507243944e-01 2.513598188236298211e-05 2.092081547415399010e-04 -1.840721728618348947e-04
9.664542662710000513e+03 -6.429337289999748073e+00 4.807764939009844252e-01 2.655948049199999953e-05 2.287086322599999905e-04 -2.021491517699999883e-04
9.664613999999999578e+03 -6.358000000000683549e+00 4.998697967778416573e-01 2.732838459236634594e-05 2.373287802294054725e-04 -2.100003956386111011e-04
9.664814000000000306e+03 -6.157999999999955953e+00 5.498758696994616724e-01 2.948407091116634070e-05 2.614960789014053794e-04 -2.320120079906110217e-04
9.665032999999999447e+03 -5.939000000000814516e+00 5.998700092247406523e-01 3.184454743025234223e-05 2.879592709472454464e-04 -2.561147235160510477e-04
9.665042662710000513e+03 -5.929337289999748073e+00 6.019802180759702415e-01 3.194869628900000167e-05 2.891268789400000018e-04 -2.571781826499999930e-04
9.665271000000000640e+03 -5.700999999999621259e+00 6.498549695126818460e-01 3.489227672255965893e-05 3.076818885192692519e-04 -2.727896117984495816e-04
9.665529000000000451e+03 -5.442999999999810434e+00 7.000202144707585727e-01 3.821825011857566410e-05 3.286473316645892383e-04 -2.904290815508496037e-04
9.665542662710000513e+03 -5.429337289999748073e+00 7.025769202171832095e-01 3.839438116499999972e-05 3.297575827100000107e-04 -2.913632015499999922e-04
9.665805000000000291e+03 -5.166999999999970505e+00 7.499796991827626380e-01 4.324156868153561335e-05 3.426539184407647394e-04 -2.994123497626550762e-04
9.666042662710000513e+03 -4.929337289999748073e+00 7.904735762117109932e-01 4.763284573199999680e-05 3.543372673800000098e-04 -3.067044216500000001e-04
9.666100000000000364e+03 -4.871999999999897746e+00 7.999360569744666805e-01 4.923387752735931816e-05 3.556729710057872969e-04 -3.064390934804279727e-04
9.666414000000000669e+03 -4.557999999999592156e+00 8.498898392453323458e-01 5.800171402159932216e-05 3.629877732661873006e-04 -3.049860592465879791e-04
9.666542662710000513e+03 -4.429337289999748073e+00 8.695301148068426134e-01 6.159436881200000351e-05 3.659850416799999870e-04 -3.043906728699999841e-04
9.666747999999999593e+03 -4.224000000000668997e+00 8.999873045167785524e-01 7.050560659275003229e-05 3.669155531700208500e-04 -2.964099465747533951e-04
9.667042662710000513e+03 -3.929337289999748073e+00 9.419749287656600245e-01 8.329339333100000331e-05 3.682508539200000106e-04 -2.849574605799999908e-04
9.667100000000000364e+03 -3.871999999999897746e+00 9.499294642140519995e-01 8.711327828282627102e-05 3.678061467588193798e-04 -2.806928684680251715e-04
9.667471999999999753e+03 -3.500000000000508926e+00 1.000002095751271414e+00 1.118964028790422481e-04 3.649209203388193920e-04 -2.530245174585051579e-04
9.667542662710000513e+03 -3.429337289999748073e+00 1.009232833537504259e+00 1.166040446699999957e-04 3.643728614200000154e-04 -2.477688167499999790e-04
9.667862000000000990e+03 -3.109999999999272013e+00 1.049936581553178483e+00 1.466210282788185681e-04 3.595726783689782383e-04 -2.129516500901596431e-04
9.668042662710000513e+03 -2.929337289999748073e+00 1.072280307642180519e+00 1.636029147500000006e-04 3.568570103100000075e-04 -1.932540955600000070e-04
9.668272000000000844e+03 -2.699999999999417533e+00 1.099990374909949997e+00 1.891992556313225088e-04 3.525397103463770638e-04 -1.633404547104678377e-04
9.668542662710000513e+03 -2.429337289999748073e+00 1.131821189068431766e+00 2.194079277099999885e-04 3.474444547599999777e-04 -1.280365270400000131e-04
9.668700000000000728e+03 -2.271999999999533948e+00 1.149919672740976173e+00 2.364745891832695278e-04 3.442417751411812896e-04 -1.077671859494851392e-04
9.669042662710000513e+03 -1.929337289999748073e+00 1.188382661389566053e+00 2.736438353999999995e-04 3.372667034499999845e-04 -6.362286804499999696e-05
9.669148000000001048e+03 -1.823999999999213806e+00 1.199958769480723442e+00 2.834628523999934758e-04 3.351047781242599269e-04 -5.164192571945604930e-05
9.669542662710000513e+03 -1.429337289999748073e+00 1.242371722053595917e+00 3.202513425799999791e-04 3.270047851599999929e-04 -6.753442575900000001e-06
9.669614999999999782e+03 -1.357000000000479822e+00 1.249989496233149255e+00 3.253554378953535408e-04 3.255661474442754369e-04 -2.107095442576642982e-07
9.670042662711000958e+03 -9.293372889993039010e-01 1.294110366965689707e+00 3.555311776800000210e-04 3.170608287399999956e-04 3.847034894800000090e-05
9.670101000000000568e+03 -8.709999999996940190e-01 1.300012819350716997e+00 3.577022157170415043e-04 3.159630316945285090e-04 4.173918402934627435e-05
9.670542662711000958e+03 -4.293372889993039010e-01 1.343858544548175660e+00 3.741388133300000167e-04 3.076517778200000175e-04 6.648703550799999851e-05
9.670604999999999563e+03 -3.670000000006981011e-01 1.349932349975339507e+00 3.743792652554971340e-04 3.065571574481018103e-04 6.782210780639273489e-05
9.671042662711101002e+03 7.066271110074051620e-02 1.391829707129600413e+00 3.760674497000000057e-04 2.988719576699999745e-04 7.719549203600000603e-05
9.671129000000000815e+03 1.570000000005533636e-01 1.399946689834637992e+00 3.744047353900668233e-04 2.974714122654798366e-04 7.693332313075964776e-05
9.671542662711000958e+03 5.706627110006960990e-01 1.438201682480339638e+00 3.664382713299999894e-04 2.907610624699999880e-04 7.567720886700000373e-05
9.671672000000000480e+03 7.000000000002186695e-01 1.449955522349051007e+00 3.625229048315858470e-04 2.888333027710513986e-04 7.368960206520632980e-05
9.672042662710000513e+03 1.070662710000251927e+00 1.483124480646774490e+00 3.513020081499999944e-04 2.833086111699999903e-04 6.799339697800000346e-05
9.672234000000000378e+03 1.262000000000116806e+00 1.499959398365525276e+00 3.452211165923130005e-04 2.807004860415816491e-04 6.452063055064471010e-05
9.672542662710000513e+03 1.570662710000251927e+00 1.526726030092116382e+00 3.354115051600000167e-04 2.764930941100000091e-04 5.891841105300000175e-05
9.672815000000000509e+03 1.843000000000247773e+00 1.549958797595160975e+00 3.278037259368720758e-04 2.731090980047942793e-04 5.469462793180971392e-05
9.673042662710000513e+03 2.070662710000251927e+00 1.569116476501315471e+00 3.214439371799999784e-04 2.702802172300000139e-04 5.116371994699999733e-05
9.673415000000000873e+03 2.443000000000611571e+00 1.599954139743766879e+00 3.132138817796090852e-04 2.660525605117882082e-04 4.716132126631021745e-05
9.673542662710000513e+03 2.570662710000251927e+00 1.610391462562743792e+00 3.103920554299999918e-04 2.646030303999999823e-04 4.578902502900000245e-05
9.674033999999999651e+03 3.061999999999389210e+00 1.649945793614544076e+00 3.021144869566696231e-04 2.594242530250969294e-04 4.269023392860737368e-05
9.674042662710000513e+03 3.070662710000251927e+00 1.650634668411530059e+00 3.019685461199999774e-04 2.593329466099999971e-04 4.263559950699999970e-05
9.674669438349999837e+03 3.697438349999575102e+00 1.699736314871584941e+00 2.939424828799999819e-04 2.534731766599999871e-04 4.046930621499999998e-05
9.674673000000000684e+03 3.701000000000422396e+00 1.700011282399241486e+00 2.939076692184780949e-04 2.534476737496456074e-04 4.045999546384355152e-05
9.675315263910000795e+03 4.343263910000533023e+00 1.748888867705701511e+00 2.876298040799999778e-04 2.488487943199999930e-04 3.878100975699999738e-05
9.675329999999999927e+03 4.357999999999665697e+00 1.749994293691794933e+00 2.875706664285175812e-04 2.488395536086046448e-04 3.873111281702377480e-05
9.675980139389999749e+03 5.008139389999487712e+00 1.798088152187253597e+00 2.849615810699999757e-04 2.484318640199999900e-04 3.652971705199999986e-05
9.676005999999999403e+03 5.033999999999141828e+00 1.799974609033689665e+00 2.847834280896031412e-04 2.484089610581266191e-04 3.637446703324966020e-05
9.676664064800001142e+03 5.692064800000880886e+00 1.847330435269448179e+00 2.802500390700000108e-04 2.478261583699999842e-04 3.242388069599999828e-05
9.676701000000000931e+03 5.729000000000669779e+00 1.849952446935221095e+00 2.798897104438815837e-04 2.477158381970058043e-04 3.217387224298083733e-05
9.677367040119999729e+03 6.395040119999467088e+00 1.896612366416526640e+00 2.733920247300000174e-04 2.457264713800000138e-04 2.766555334799999962e-05
9.677416000000001077e+03 6.444000000000815298e+00 1.899997074869211211e+00 2.728896454252028756e-04 2.455121228331407163e-04 2.737752259040121582e-05
9.678089065359999950e+03 7.117065359999688035e+00 1.945930933968594401e+00 2.659832946000000118e-04 2.425654125500000002e-04 2.341788205299999903e-05
9.678148999999999432e+03 7.176999999999170932e+00 1.949968754198961873e+00 2.654134065736593845e-04 2.422708108283680396e-04 2.314259574804869123e-05
9.678830140519999986e+03 7.858140519999724738e+00 1.995283421238120525e+00 2.589367876000000048e-04 2.389227441700000096e-04 2.001404342999999866e-05
9.678902000000000044e+03 7.929999999999782112e+00 2.000004191502662287e+00 2.583258400959122735e-04 2.385484677483039502e-04 1.977737234779397259e-05
9.679590265599999839e+03 8.618265599999578086e+00 2.044667372048455611e+00 2.524432735095614435e-04 2.349330783210385875e-04 1.750996033972391955e-05
9.679673000000000684e+03 8.701000000000423285e+00 2.049970687340530340e+00 2.518287902023139580e-04 2.344764140994453087e-04 1.735211245285045678e-05
9.680369440610000311e+03 9.397440610000050043e+00 2.094080561047327649e+00 2.466756933726050108e-04 2.306327379053356409e-04 1.604264980766033024e-05
9.680463999999999942e+03 9.491999999999681137e+00 2.099998151836547589e+00 2.460996582537656259e-04 2.301015921289220644e-04 1.599782440397016874e-05
9.681167665500001021e+03 1.019566550000076077e+01 2.143520963147887759e+00 2.418432775626621126e-04 2.261881722392766845e-04 1.565585413154568832e-05
9.681273000000001048e+03 1.030100000000078708e+01 2.149960252127960825e+00 2.413424556843826372e-04 2.256072351802295491e-04 1.573627706546864102e-05
9.681984940399999687e+03 1.101294039999942598e+01 2.192986745590197906e+00 2.379174394153796041e-04 2.217583407240935115e-04 1.616269260777401556e-05
9.682102000000000771e+03 1.113000000000051060e+01 2.199980749819791637e+00 2.375080838649067084e-04 2.211855115126109043e-04 1.632695046478540411e-05
9.682821265099999437e+03 1.184926509999917599e+01 2.242476216524555976e+00 2.351014434262069784e-04 2.180277243396529598e-04 1.708603633467627392e-05
9.682950000000000728e+03 1.197800000000046694e+01 2.249997424658124245e+00 2.348288034508453465e-04 2.176155784154987618e-04 1.722739699626063640e-05
9.683676639799999975e+03 1.270463979999971471e+01 2.291987852930296388e+00 2.334293671453421815e-04 2.154798314741296480e-04 1.797512912961752446e-05
9.683817000000000917e+03 1.284500000000065612e+01 2.300010526041509351e+00 2.332343750127943065e-04 2.152157945193957690e-04 1.804682476346566641e-05
9.684551064400000541e+03 1.357906440000028070e+01 2.341520243131049117e+00 2.324726352072363717e-04 2.140069868026276052e-04 1.851209873582102092e-05
9.684702000000001135e+03 1.373000000000087439e+01 2.349964437621665514e+00 2.323246242313516477e-04 2.138786982749794245e-04 1.849675026900357829e-05
9.685444538900001135e+03 1.447253890000087395e+01 2.391072097347893610e+00 2.319842800782967842e-04 2.133922618826607047e-04 1.867432791004459787e-05
9.685606999999999971e+03 1.463499999999971024e+01 2.399972221111235982e+00 2.319065993442205056e-04 2.133799723864506610e-04 1.861688543058920574e-05
9.686357063400000698e+03 1.538506340000043693e+01 2.440642235436421004e+00 2.316159035459583058e-04 2.134738168454854514e-04 1.826447686405305320e-05
9.686531000000000859e+03 1.555900000000059791e+01 2.449977012885667271e+00 2.315576300153930915e-04 2.135742987717060908e-04 1.811393891149046058e-05
9.687288637699999526e+03 1.631663769999926572e+01 2.490229554988898641e+00 2.315120512676693788e-04 2.140956698589041606e-04 1.758827782792059686e-05
9.687474000000000160e+03 1.650199999999989942e+01 2.499978992466393990e+00 2.315295442279327511e-04 2.142834910484334231e-04 1.742894790347122383e-05
9.688239262000000963e+03 1.726726200000070222e+01 2.539833059994800024e+00 2.315567371809093642e-04 2.151046281761544100e-04 1.667821486489572418e-05
9.688435999999999694e+03 1.746399999999943375e+01 2.549978325284629754e+00 2.315895017545084198e-04 2.153577029808101243e-04 1.646966549999641011e-05
9.689208936200000608e+03 1.823693620000034699e+01 2.589451815241041288e+00 2.313269218774378184e-04 2.163623123070529126e-04 1.523371742607800225e-05
9.689416999999999462e+03 1.844499999999920092e+01 2.599975164037636954e+00 2.312577735735980129e-04 2.166571444239075487e-04 1.487807603103310362e-05
9.690197660400001041e+03 1.922566040000078047e+01 2.639084965518434966e+00 2.297962874154137278e-04 2.174539604286572243e-04 1.259568995397948162e-05
9.690416999999999462e+03 1.944499999999920092e+01 2.649969649891612100e+00 2.293421267853688254e-04 2.176772380659153662e-04 1.191048857437067431e-05
9.691205434400000740e+03 2.023343440000047977e+01 2.688731703881858337e+00 2.270226341775068775e-04 2.184108074409999030e-04 8.798023415431705804e-06
9.691436999999999898e+03 2.046499999999963748e+01 2.700010519037955525e+00 2.262848079523939167e-04 2.186143466171788655e-04 7.838095644669861020e-06
9.692232258399999409e+03 2.126025839999914879e+01 2.738391300864561728e+00 2.230360454103734295e-04 2.192284535662258329e-04 3.876738142627762542e-06
9.692475000000000364e+03 2.150300000000010314e+01 2.749999798133768714e+00 2.219877527946586822e-04 2.193951155896193606e-04 2.630794358127389038e-06
9.693278132299999925e+03 2.230613229999966407e+01 2.788063064665712076e+00 2.179413594314665568e-04 2.198542576110568754e-04 -2.008657476456739903e-06
9.693532000000001062e+03 2.256000000000080163e+01 2.799987120345187375e+00 2.166184987439578272e-04 2.199730439866383769e-04 -3.493010200057753247e-06
9.694343056100000467e+03 2.337105610000020661e+01 2.837746356383236357e+00 2.125513289836276443e-04 2.204468120612581726e-04 -8.170720373939146584e-06
9.694608000000000175e+03 2.363599999999991397e+01 2.849972588640921511e+00 2.112024003525469736e-04 2.205747201268892647e-04 -9.693244155910623079e-06
9.695427029800001037e+03 2.445502980000077642e+01 2.887440580945384472e+00 2.072092390950442471e-04 2.208840821630878243e-04 -1.412291474702952179e-05
9.695703999999999724e+03 2.473199999999946286e+01 2.900001552369435576e+00 2.058513513704276316e-04 2.209613644459405086e-04 -1.560115356104820403e-05
9.696530053399999815e+03 2.555805339999955450e+01 2.937145183426303596e+00 2.022516112690817371e-04 2.211145561512249647e-04 -1.945764231149197168e-05
9.696818000000001120e+03 2.584600000000085984e+01 2.949982827193631252e+00 2.009915806088789282e-04 2.211425695560919236e-04 -2.078100879424386004e-05
9.697652126999999382e+03 2.668012699999912130e+01 2.986859650120205600e+00 1.980367885651277326e-04 2.211583824649310628e-04 -2.382120799049998688e-05
9.697952000000001135e+03 2.698000000000087439e+01 3.000006287254053383e+00 1.969659999999999976e-04 2.211430000000000069e-04 -2.490025951400000312e-05
9.698793250500000795e+03 2.782125050000053434e+01 3.036583492219380620e+00 1.951987897482638796e-04 2.212634916080729339e-04 -2.680590670509083533e-05
9.699103999999999360e+03 2.813199999999909906e+01 3.049983802521107012e+00 1.945460000000000039e-04 2.213080000000000028e-04 -2.751035486400000066e-05
9.699953423900000416e+03 2.898142390000015567e+01 3.086316256580413420e+00 1.936349711243174189e-04 2.214283108936860071e-04 -2.853041776221320613e-05
9.700275999999999840e+03 2.930399999999957927e+01 3.100002263475568842e+00 1.932889999999999988e-04 2.214739999999999873e-04 -2.891808165399999819e-05
9.701132647200000065e+03 3.016064719999980426e+01 3.136057518725787308e+00 1.932321301438655423e-04 2.215927788134453773e-04 -2.905849358853350174e-05
9.701466000000000349e+03 3.049400000000008859e+01 3.149976396850841187e+00 1.932100000000000017e-04 2.216390000000000103e-04 -2.911316920600000137e-05
9.702330920500000502e+03 3.135892050000024156e+01 3.185806884737096834e+00 1.939605508471074497e-04 2.217569437045454532e-04 -2.842755347917428027e-05
9.702675999999999476e+03 3.170399999999921548e+01 3.199990302128349562e+00 1.942600000000000002e-04 2.218040000000000061e-04 -2.815380352399999851e-05
9.703548243600000205e+03 3.257624359999994113e+01 3.235563972692196977e+00 1.958774476520748411e-04 2.220531110688364433e-04 -2.671884323535363045e-05
9.703905000000000655e+03 3.293300000000039063e+01 3.250001763731375171e+00 1.965389999999999965e-04 2.221550000000000033e-04 -2.613098187499999893e-05
9.704784616700000697e+03 3.381261670000043296e+01 3.285328439728192773e+00 1.987193490133921405e-04 2.224025905867682540e-04 -2.412819835620531829e-05
9.705152000000000044e+03 3.417999999999977945e+01 3.299971124729633498e+00 1.996300000000000114e-04 2.225060000000000004e-04 -2.329037053800000115e-05
9.706040039699999397e+03 3.506803969999913306e+01 3.335099951590700496e+00 2.023053334924230303e-04 2.227520157337805685e-04 -2.079092716531134605e-05
9.706418999999999869e+03 3.544699999999960482e+01 3.349978619286468007e+00 2.034469999999999920e-04 2.228569999999999976e-04 -1.972262164299999715e-05
9.707314512599999944e+03 3.634251259999967942e+01 3.384878197516845155e+00 2.065116585945567815e-04 2.231014206241057403e-04 -1.683673136120494791e-05
9.707704999999999927e+03 3.673299999999966303e+01 3.399983966557281967e+00 2.078480000000000063e-04 2.232079999999999947e-04 -1.557634707199999992e-05
9.708608035499999460e+03 3.763603549999919551e+01 3.434662888538953851e+00 2.112151806459770212e-04 2.235408429697317964e-04 -1.248741427483689563e-05
9.709010000000000218e+03 3.803799999999995407e+01 3.449987259912667525e+00 2.127139999999999966e-04 2.236890000000000059e-04 -1.110946944720000049e-05
9.709920608200000061e+03 3.894860819999979640e+01 3.484453740868541871e+00 2.161865534756797502e-04 2.240198176315709802e-04 -7.923343271444567747e-06
9.710334000000000742e+03 3.936200000000047794e+01 3.499988587383657812e+00 2.177629999999999952e-04 2.241699999999999899e-04 -6.473805429999999329e-06
9.711252230899999631e+03 4.028023089999936701e+01 3.534250501528727550e+00 2.212143995407297244e-04 2.244981837915115553e-04 -3.318334591020867365e-06
9.711676999999999680e+03 4.070499999999941565e+01 3.549988032038209784e+00 2.228110000000000051e-04 2.246500000000000124e-04 -1.855498921500000017e-06
9.712602903500001048e+03 4.163090350000078388e+01 3.584052920587326163e+00 2.261176039823788576e-04 2.249769894151982315e-04 1.145658868159573357e-06
9.713039000000000669e+03 4.206700000000040518e+01 3.599985672326583064e+00 2.276749999999999911e-04 2.251309999999999965e-04 2.562215911000000020e-06
9.713972626099999616e+03 4.300062609999935148e+01 3.633860769008879998e+00 2.307219607767559534e-04 2.254913350552498208e-04 5.258272480674027557e-06
9.714420000000000073e+03 4.344799999999980855e+01 3.649981582397556323e+00 2.321819999999999939e-04 2.256640000000000132e-04 6.553214860800000923e-06
9.715361398500001087e+03 4.438939850000082288e+01 3.683673819433218366e+00 2.348824688399999772e-04 2.260224038574999987e-04 8.896709074150411424e-06
9.715819999999999709e+03 4.484799999999944475e+01 3.699975832389863939e+00 2.361979999999999906e-04 2.261970000000000029e-04 1.004102054820000023e-05
9.716769220899999709e+03 4.579722089999944501e+01 3.733491870671531210e+00 2.384975210535211342e-04 2.265539605356338036e-04 1.197786632057044527e-05
9.717239999999999782e+03 4.626799999999951751e+01 3.750003484602589143e+00 2.396379999999999984e-04 2.267310000000000083e-04 1.294071717119999990e-05
9.718196093200000178e+03 4.722409319999991340e+01 3.783314721705596018e+00 2.415169425474269582e-04 2.270853794684283850e-04 1.445400771897203496e-05
9.718677999999999884e+03 4.770599999999961938e+01 3.799994149738296745e+00 2.424639999999999879e-04 2.272639999999999979e-04 1.521852922239999901e-05
9.719642015400000673e+03 4.867001540000040904e+01 3.833142185373364264e+00 2.439103539220315617e-04 2.275981302518874534e-04 1.631996414604189826e-05
9.720135000000000218e+03 4.916299999999995407e+01 3.849983355691555253e+00 2.446500000000000107e-04 2.277690000000000075e-04 1.688444763930000317e-05
9.721106987499999377e+03 5.013498749999911297e+01 3.882974084102767343e+00 2.457338614844278889e-04 2.281006734597156352e-04 1.762373349751257287e-05
9.721612000000000990e+03 5.064000000000072532e+01 3.900004808457745220e+00 2.462969999999999765e-04 2.282730000000000013e-04 1.800866241570000135e-05
9.722591009600000689e+03 5.161900960000042460e+01 3.932810252643367033e+00 2.470625265701672309e-04 2.286030473835451600e-04 1.843049742421872588e-05
9.723106999999999971e+03 5.213499999999970669e+01 3.949990835702761771e+00 2.474660000000000054e-04 2.287769999999999951e-04 1.865328693959999911e-05
9.724094081499999447e+03 5.312208149999918305e+01 3.982650524116199353e+00 2.479517171185601160e-04 2.291062444897622283e-04 1.879707378004005720e-05
9.724621000000001004e+03 5.364900000000073987e+01 3.999975574403118905e+00 2.482110000000000262e-04 2.292820000000000047e-04 1.887396689139999724e-05
9.725616203400000813e+03 5.464420340000054921e+01 4.032494752897704871e+00 2.483946001057366223e-04 2.295473443224250402e-04 1.878435622555281437e-05
9.726155000000000655e+03 5.518300000000039063e+01 4.049991475959133780e+00 2.484939999999999827e-04 2.296909999999999935e-04 1.873573408629999982e-05
9.727157375200000388e+03 5.618537520000012364e+01 4.082342790820271183e+00 2.484339736679974089e-04 2.299549867719253074e-04 1.840609809317357443e-05
9.727708000000000538e+03 5.673600000000027421e+01 4.100005391753128947e+00 2.484009999999999821e-04 2.301000000000000094e-04 1.822467933000000207e-05
9.728717596899999990e+03 5.774559689999972534e+01 4.132194500031147300e+00 2.480841755113303822e-04 2.303628422228516963e-04 1.764065787006831087e-05
9.729279000000000451e+03 5.830700000000018690e+01 4.149985770905611382e+00 2.479080000000000259e-04 2.305089999999999982e-04 1.731530590929999979e-05
9.730296868600000380e+03 5.932486860000011575e+01 4.182049752378711460e+00 2.473072591983657828e-04 2.307706645238214826e-04 1.645142859263974377e-05
9.730870000000000800e+03 5.989800000000053615e+01 4.199996303673152909e+00 2.469689999999999863e-04 2.309179999999999870e-04 1.596412336939999747e-05
9.731895190200000798e+03 6.092319020000053342e+01 4.231908419538958022e+00 2.459864729946583729e-04 2.310835586658385081e-04 1.481981297479580844e-05
9.732479999999999563e+03 6.150799999999929923e+01 4.250005047121683255e+00 2.454259999999999775e-04 2.311779999999999879e-04 1.416631042640000000e-05
9.733512561699999424e+03 6.254056169999915937e+01 4.281770382221452564e+00 2.441257841001228410e-04 2.313429054312039117e-04 1.270798960078702796e-05
9.734108000000000175e+03 6.313599999999991041e+01 4.299981544088662844e+00 2.433760000000000090e-04 2.314379999999999888e-04 1.186608084179999980e-05
9.735148983099999896e+03 6.417698309999963158e+01 4.331635526620881471e+00 2.417696771703276742e-04 2.316022327706310539e-04 1.010559097242333874e-05
9.735755999999999403e+03 6.478399999999913916e+01 4.349987244151502175e+00 2.408330000000000030e-04 2.316979999999999897e-04 9.077858130599998640e-06
9.736804454400000395e+03 6.583245440000013105e+01 4.381503744105461173e+00 2.389662857473305168e-04 2.318615261811637527e-04 7.060120644513687676e-06
9.737423000000000684e+03 6.645100000000041973e+01 4.399991325741668291e+00 2.378650000000000003e-04 2.319579999999999906e-04 5.868398225199999963e-06
9.738478975600000922e+03 6.750697560000065778e+01 4.431374930926847533e+00 2.357117116768683092e-04 2.320131161641755444e-04 3.674919343414878994e-06
9.739109000000000378e+03 6.813700000000011414e+01 4.449993843418842410e+00 2.344269999999999969e-04 2.320459999999999938e-04 2.365732174600000123e-06
9.740172546800000418e+03 6.920054680000015424e+01 4.481248990877534588e+00 2.321894971427565903e-04 2.321002689569501396e-04 8.917339154307849881e-08
9.740814000000000306e+03 6.984200000000004138e+01 4.499994849316196088e+00 2.308400000000000057e-04 2.321330000000000084e-04 -1.284394210329999908e-06
9.741885167899999942e+03 7.091316789999967796e+01 4.531125826187752281e+00 2.286405021078886121e-04 2.321876767837587193e-04 -3.523218581787919319e-06
9.742538000000000466e+03 7.156600000000020145e+01 4.549994393273687265e+00 2.272999999999999955e-04 2.322210000000000116e-04 -4.888205605800000550e-06
9.743616838899999493e+03 7.264483889999922894e+01 4.581005346205248685e+00 2.252623995072862743e-04 2.322748491017211775e-04 -6.965718847362708336e-06
9.744281000000000859e+03 7.330900000000059435e+01 4.599992522962911501e+00 2.240079999999999871e-04 2.323079999999999991e-04 -8.245168459200000885e-06
9.745367559800000890e+03 7.439555980000062618e+01 4.630887464178727875e+00 2.221296452038592530e-04 2.322574336528944461e-04 -1.006186672585032839e-05
9.746042999999999665e+03 7.507099999999940110e+01 4.649989284003773982e+00 2.209620000000000030e-04 2.322260000000000090e-04 -1.119078515920000028e-05
9.747137330699999438e+03 7.616533069999917416e+01 4.680772099853943935e+00 2.194461584295901249e-04 2.321756153186973538e-04 -1.264735205287906472e-05
9.747824000000000524e+03 7.685200000000025966e+01 4.699984720073955735e+00 2.184950000000000011e-04 2.321439999999999918e-04 -1.356099354719999956e-05
9.748926151499999833e+03 7.795415149999956839e+01 4.730659170809676795e+00 2.174001961766666800e-04 2.320937908761111035e-04 -1.459958889763999333e-05
9.749623999999999796e+03 7.865199999999953206e+01 4.749978873010902269e+00 2.167070000000000107e-04 2.320620000000000018e-04 -1.525696260240000058e-05
9.750734022099999493e+03 7.976202209999922843e+01 4.780548598061103327e+00 2.160568441985714330e-04 2.320119880152747224e-04 -1.585455983293714347e-05
9.751443999999999505e+03 8.047199999999924103e+01 4.799999123438042581e+00 2.156410000000000043e-04 2.319800000000000117e-04 -1.623665136800000222e-05
9.752560942800000703e+03 8.158894280000043864e+01 4.830440316750331142e+00 2.153347218872687886e-04 2.318481302570185164e-04 -1.641106136380514295e-05
9.753282000000001062e+03 8.231000000000079808e+01 4.849990546920038170e+00 2.151370000000000105e-04 2.317630000000000102e-04 -1.652354308499999976e-05
9.754406913300001179e+03 8.343491330000091466e+01 4.880334248533984898e+00 2.152296826789983964e-04 2.316315480957996950e-04 -1.630155153140448911e-05
9.755139000000001033e+03 8.416700000000076898e+01 4.899980808428132661e+00 2.152900000000000072e-04 2.315460000000000088e-04 -1.615721041620000201e-05
9.756271933699999863e+03 8.529993369999959896e+01 4.930230328884316116e+00 2.157251865730953780e-04 2.314150215168353844e-04 -1.559530427256483866e-05
9.757015999999999622e+03 8.604399999999935744e+01 4.949996455205663004e+00 2.160110000000000025e-04 2.313290000000000073e-04 -1.522660683669999974e-05
9.758156004100001155e+03 8.718400410000089096e+01 4.980128495856903648e+00 2.167226753827440643e-04 2.311978544096042270e-04 -1.439037571621949493e-05
9.758911000000000058e+03 8.793899999999979400e+01 4.999984231913630062e+00 2.171940000000000079e-04 2.311109999999999901e-04 -1.383707779199999911e-05
9.760059124400000655e+03 8.908712440000039123e+01 5.030028684744389800e+00 2.180639365558224537e-04 2.309299380841775551e-04 -1.279155497005787139e-05
9.760826000000000931e+03 8.985400000000066711e+01 5.049996940400661494e+00 2.186450000000000047e-04 2.308090000000000055e-04 -1.209411462920000013e-05
9.761981294600000183e+03 9.100929459999991877e+01 5.079930835962977120e+00 2.196658190257630818e-04 2.306279062266942579e-04 -1.089865705121523583e-05
9.762759000000000015e+03 9.178699999999975034e+01 5.099982382908581080e+00 2.203530000000000094e-04 2.305060000000000052e-04 -1.009496416880000097e-05
9.763922514699999738e+03 9.295051469999947358e+01 5.129834892245010103e+00 2.214724286335381512e-04 2.303254854305683563e-04 -8.802010397343743849e-06
9.764711999999999534e+03 9.373999999999927013e+01 5.149992318415099746e+00 2.222319999999999959e-04 2.302030000000000048e-04 -7.925843249400000369e-06
9.765882784800000081e+03 9.491078479999981710e+01 5.179740801061282873e+00 2.234075344340770821e-04 2.300231076093306427e-04 -6.578123761324925090e-06
9.766684000000001106e+03 9.571200000000084174e+01 5.200000802984041215e+00 2.242120000000000007e-04 2.299000000000000045e-04 -5.657034349999999673e-06
9.767862104800000452e+03 9.689010480000018788e+01 5.229648506866813484e+00 2.254025370617085628e-04 2.297034518625125691e-04 -4.275979252671149022e-06
9.768674000000000888e+03 9.770200000000062346e+01 5.249982881075474950e+00 2.262230000000000057e-04 2.295680000000000084e-04 -3.325590918400000150e-06
9.769860474700000850e+03 9.888847470000058593e+01 5.279557958700738851e+00 2.274118358436816030e-04 2.293714347885074671e-04 -1.946963730835126301e-06
9.770684000000001106e+03 9.971200000000084174e+01 5.299988822438328917e+00 2.282370000000000037e-04 2.292349999999999965e-04 -9.914528367499999942e-07
9.771877894000001106e+03 1.009058940000008420e+02 5.329469095197275408e+00 2.293967659310004921e-04 2.290390578107442021e-04 3.569020344048299138e-07
9.772712999999999738e+03 1.017409999999994739e+02 5.349993428210864543e+00 2.302080000000000023e-04 2.289020000000000117e-04 1.298680075040000059e-06
9.773914364000000205e+03 1.029423639999999409e+02 5.379381901178838632e+00 2.313084681953124912e-04 2.287066610292968810e-04 2.587652955886562214e-06
9.774761000000000422e+03 1.037890000000001578e+02 5.399996735496340072e+00 2.320839999999999958e-04 2.285689999999999998e-04 3.494705725499999831e-06
9.775969884000000093e+03 1.049978839999998286e+02 5.429296313681523323e+00 2.331267867305273267e-04 2.283894511910981937e-04 4.709803228888244122e-06
9.776827999999999520e+03 1.058559999999992556e+02 5.449998780035217649e+00 2.338669999999999887e-04 2.282619999999999907e-04 5.571167807799999666e-06
9.778044453000000431e+03 1.070724530000001664e+02 5.479212264848886349e+00 2.347802144765100639e-04 2.280829726409396073e-04 6.657028567038018158e-06
9.778914000000000669e+03 1.079420000000004052e+02 5.499999596267537427e+00 2.354330000000000073e-04 2.279550000000000087e-04 7.432176433500000294e-06
9.780138073000000077e+03 1.091660729999998125e+02 5.529129760478659783e+00 2.361761664104513063e-04 2.277764772394299229e-04 8.347717104697871218e-06
9.781019000000000233e+03 1.100469999999999686e+02 5.549999217391235362e+00 2.367109999999999906e-04 2.276479999999999997e-04 9.005709350400000566e-06
9.782250742000000173e+03 1.112787419999999088e+02 5.579048712069154980e+00 2.372445229001883256e-04 2.274705456440678135e-04 9.711670478349070294e-06
9.783143000000000029e+03 1.121709999999997649e+02 5.599997675417962562e+00 2.376310000000000022e-04 2.273420000000000063e-04 1.022236482740000130e-05
9.784382461999999578e+03 1.134104619999993133e+02 5.628969127513122395e+00 2.379693505692953657e-04 2.272002976248250062e-04 1.069750949025456387e-05
9.785286000000000058e+03 1.143139999999997940e+02 5.649995001225474489e+00 2.382159999999999974e-04 2.270969999999999977e-04 1.104350001299999932e-05
9.786533230999999432e+03 1.155612309999991680e+02 5.678890921988249296e+00 2.382823420744680691e-04 2.269562394246068496e-04 1.124748871376821772e-05
9.787448000000000320e+03 1.164760000000000559e+02 5.699991224607465767e+00 2.383309999999999921e-04 2.268530000000000047e-04 1.139693592290000106e-05
9.788703050000000076e+03 1.177310499999998115e+02 5.728814082350987213e+00 2.381163582530949094e-04 2.267120154745529614e-04 1.132141324494533865e-05
9.789629000000000815e+03 1.186570000000005507e+02 5.749986374320760874e+00 2.379580000000000009e-04 2.266079999999999961e-04 1.126574873759999966e-05
9.790891918999999689e+03 1.199199189999994246e+02 5.778738573201136042e+00 2.374714233021353994e-04 2.264679944407087600e-04 1.092016261071360468e-05
9.791829999999999927e+03 1.208579999999996630e+02 5.800003104738912008e+00 2.371100000000000117e-04 2.263640000000000031e-04 1.066373640319999982e-05
9.793099838000000091e+03 1.221278379999998265e+02 5.828664360350504836e+00 2.364364536611086225e-04 2.262764446985128497e-04 1.007968569907460257e-05
9.794049000000000888e+03 1.230770000000006235e+02 5.849995996096007289e+00 2.359329999999999923e-04 2.262110000000000065e-04 9.643420172200000339e-06
9.795326806999999462e+03 1.243548069999991981e+02 5.878591410771365489e+00 2.350502968623771225e-04 2.261236432211796374e-04 8.852476639141342707e-06
9.796287000000000262e+03 1.253149999999999977e+02 5.899987897550312610e+00 2.343869999999999905e-04 2.260580000000000098e-04 8.258531702400000101e-06
9.797572825999999623e+03 1.266008259999993584e+02 5.928519692547823183e+00 2.333488862719220380e-04 2.259714430682019414e-04 7.313816300789893388e-06
9.798545000000000073e+03 1.275729999999998086e+02 5.950000890250001007e+00 2.325639999999999912e-04 2.259060000000000018e-04 6.600024514799999860e-06
9.799837895000000572e+03 1.288658950000003074e+02 5.978449174829333579e+00 2.314290245123022725e-04 2.258190874626537787e-04 5.559756034600733636e-06
9.800820999999999913e+03 1.298489999999996485e+02 5.999990702156350331e+00 2.305660000000000012e-04 2.257530000000000051e-04 4.769280453299999956e-06
9.802122013000000152e+03 1.311500129999998876e+02 6.028379806017253983e+00 2.294735117317073052e-04 2.257450669939024379e-04 3.693919912634149987e-06
9.803117000000000189e+03 1.321449999999999250e+02 6.050001291221705380e+00 2.286380000000000020e-04 2.257390000000000015e-04 2.871558097300000116e-06
9.805431000000000495e+03 1.344590000000002306e+02 6.099989118913015318e+00 2.267179999999999933e-04 2.257259999999999866e-04 9.824588714399998456e-07
9.807764999999999418e+03 1.367929999999991537e+02 6.149997418191683884e+00 2.248879999999999922e-04 2.257129999999999987e-04 -8.167357191099999619e-07
9.810118000000000393e+03 1.391460000000001287e+02 6.200004526951174988e+00 2.232129999999999921e-04 2.257000000000000109e-04 -2.460333130000000087e-06
9.812488999999999578e+03 1.415169999999993138e+02 6.249989476304460112e+00 2.217449999999999987e-04 2.256860000000000073e-04 -3.898274278000000516e-06
9.814880000000001019e+03 1.439080000000007544e+02 6.299994455509718705e+00 2.205209999999999983e-04 2.256729999999999923e-04 -5.094703378800000468e-06
9.817290000000000873e+03 1.463180000000006089e+02 6.349998324608631783e+00 2.195640000000000005e-04 2.256600000000000045e-04 -6.025595886000000069e-06
9.819719000000000960e+03 1.487470000000006962e+02 6.400001109621363149e+00 2.188889999999999976e-04 2.256460000000000009e-04 -6.676842575399999591e-06
9.822166999999999462e+03 1.511949999999991974e+02 6.450002835760574982e+00 2.185029999999999915e-04 2.256330000000000130e-04 -7.043156658300000301e-06
9.824634000000000015e+03 1.536619999999997503e+02 6.500003527462714814e+00 2.184010000000000118e-04 2.256199999999999981e-04 -7.127787040000000177e-06
9.827120000000000800e+03 1.561480000000005361e+02 6.550003208417458644e+00 2.185769999999999911e-04 2.256729999999999923e-04 -7.006131121499999585e-06
9.829625000000000000e+03 1.586529999999997358e+02 6.600001901596151299e+00 2.190179999999999959e-04 2.257259999999999866e-04 -6.622326815399999949e-06
9.832148999999999432e+03 1.611769999999991683e+02 6.649999629278909197e+00 2.196990000000000119e-04 2.257790000000000079e-04 -6.001702533800000005e-06
9.834692000000000917e+03 1.637200000000006526e+02 6.699996413080377522e+00 2.205839999999999873e-04 2.258320000000000021e-04 -5.180473164000000267e-06
9.837254000000000815e+03 1.662820000000005507e+02 6.749992273974302570e+00 2.216259999999999953e-04 2.258849999999999964e-04 -4.203674673000000012e-06
9.839835000000000946e+03 1.688630000000006817e+02 6.799987232317323382e+00 2.227750000000000075e-04 2.259379999999999906e-04 -3.121694970800000039e-06
9.842435999999999694e+03 1.714639999999994302e+02 6.850000466166318525e+00 2.239789999999999913e-04 2.259920000000000006e-04 -1.986331824879999653e-06
9.845055000000000291e+03 1.740830000000000268e+02 6.899993539310790958e+00 2.251859999999999951e-04 2.260449999999999948e-04 -8.471782323499999814e-07
9.847693000000001120e+03 1.767210000000008563e+02 6.949985769490864662e+00 2.263520000000000039e-04 2.260979999999999891e-04 2.510908729199999591e-07
9.850351000000000568e+03 1.793790000000003033e+02 6.999995922538436055e+00 2.274389999999999886e-04 2.261510000000000104e-04 1.270371581360000097e-06
9.853027000000000044e+03 1.820549999999997794e+02 7.049986387521265385e+00 2.282990000000000041e-04 2.260639999999999959e-04 2.205222671040000122e-06
9.855722999999999956e+03 1.847509999999996921e+02 7.099994547797226829e+00 2.290240000000000082e-04 2.259779999999999970e-04 3.007021452599999668e-06
9.858438000000000102e+03 1.874659999999998377e+02 7.150001677678725187e+00 2.295949999999999998e-04 2.258910000000000095e-04 3.656000656799999820e-06
9.861171000000000276e+03 1.901990000000000123e+02 7.199989571667311239e+00 2.299969999999999868e-04 2.258050000000000107e-04 4.139366937999999839e-06
9.863924000000000888e+03 1.929520000000006235e+02 7.249994830292107117e+00 2.302240000000000102e-04 2.257179999999999961e-04 4.450684952199999783e-06
9.866695999999999913e+03 1.957239999999996485e+02 7.299999119448512097e+00 2.302770000000000045e-04 2.256319999999999973e-04 4.589761017600000046e-06
9.869487000000000990e+03 1.985150000000007253e+02 7.350002458923351689e+00 2.301620000000000098e-04 2.255450000000000098e-04 4.562076160499999988e-06
9.872296000000000276e+03 2.013240000000000123e+02 7.399987133614512658e+00 2.298889999999999940e-04 2.254590000000000110e-04 4.378684330800000399e-06
9.875125000000000000e+03 2.041529999999997358e+02 7.449988749989903347e+00 2.294739999999999920e-04 2.253730000000000121e-04 4.055023702500000940e-06
9.877972999999999956e+03 2.070009999999996921e+02 7.499989471314939316e+00 2.289360000000000049e-04 2.252859999999999975e-04 3.610163092799999876e-06
9.880840000000000146e+03 2.098679999999998813e+02 7.549989315372358512e+00 2.281050000000000124e-04 2.250110000000000044e-04 3.061094646200000217e-06
9.883726000000000568e+03 2.127540000000003033e+02 7.599988299476625464e+00 2.271979999999999887e-04 2.247360000000000113e-04 2.436834921600000077e-06
9.886631999999999607e+03 2.156599999999993429e+02 7.650003595290709058e+00 2.262389999999999866e-04 2.244609999999999910e-04 1.761011020109999840e-06
9.889556000000000495e+03 2.185840000000002306e+02 7.700000798246167122e+00 2.252509999999999886e-04 2.241850000000000093e-04 1.055431594100000214e-06
9.892498999999999796e+03 2.215269999999995321e+02 7.749997191971426780e+00 2.242529999999999957e-04 2.239099999999999890e-04 3.401842238999999678e-07
9.895461000000001150e+03 2.244890000000008854e+02 7.799992792027558686e+00 2.232660000000000135e-04 2.236349999999999959e-04 -3.658512055500000265e-07
9.898442000000000917e+03 2.274700000000006526e+02 7.849987613578844226e+00 2.223070000000000113e-04 2.233600000000000028e-04 -1.044107488000000149e-06
9.901443000000001120e+03 2.304710000000008563e+02 7.899998283343832028e+00 2.213960000000000060e-04 2.230850000000000096e-04 -1.675615974349999968e-06
9.904461999999999534e+03 2.334899999999992701e+02 7.949991487390438039e+00 2.205519999999999985e-04 2.228090000000000008e-04 -2.240723270299999925e-06
9.907501000000000204e+03 2.365289999999999395e+02 8.000000361760031709e+00 2.197950000000000056e-04 2.225340000000000076e-04 -2.719543507200000071e-06
9.910558000000000902e+03 2.395860000000006380e+02 8.049992009684984851e+00 2.190930000000000113e-04 2.222109999999999906e-04 -3.097465792300000002e-06
9.913635000000000218e+03 2.426629999999999541e+02 8.099999153682540864e+00 2.185099999999999933e-04 2.218889999999999892e-04 -3.356426147400000131e-06
9.916729999999999563e+03 2.457579999999992992e+02 8.149989303831929988e+00 2.180609999999999981e-04 2.215659999999999993e-04 -3.483660061400000361e-06
9.919845000000001164e+03 2.488730000000008999e+02 8.199994779347552054e+00 2.177509999999999960e-04 2.212430000000000093e-04 -3.471081427000000601e-06
9.922978999999999360e+03 2.520069999999990955e+02 8.249999394401276831e+00 2.175850000000000115e-04 2.209199999999999922e-04 -3.316451039999999777e-06
9.926131999999999607e+03 2.551599999999993429e+02 8.300003164545133316e+00 2.175570000000000043e-04 2.205970000000000023e-04 -3.024230452099999989e-06
9.929302999999999884e+03 2.583309999999996194e+02 8.349990388290772003e+00 2.176550000000000023e-04 2.202740000000000123e-04 -2.606149803600000288e-06
9.932494000000000597e+03 2.615220000000003324e+02 8.399992607346277396e+00 2.178609999999999932e-04 2.199520000000000110e-04 -2.081020859999999926e-06
9.935703999999999724e+03 2.647319999999994593e+02 8.449994024846317231e+00 2.181480000000000127e-04 2.196289999999999939e-04 -1.474132277679999830e-06
9.938933000000000902e+03 2.679610000000006380e+02 8.499994654936456229e+00 2.184859999999999949e-04 2.193060000000000040e-04 -8.161933332600000176e-07
9.942181000000000495e+03 2.712090000000002306e+02 8.549994511431027178e+00 2.189419999999999919e-04 2.190840000000000051e-04 -1.408591814640000153e-07
9.945448000000000320e+03 2.744760000000000559e+02 8.599993607822977282e+00 2.193870000000000054e-04 2.188609999999999904e-04 5.235986791799999301e-07
9.948734000000000378e+03 2.777620000000001141e+02 8.649991957293050149e+00 2.197850000000000107e-04 2.186389999999999916e-04 1.142331928860000007e-06
9.952039000000000669e+03 2.810670000000004052e+02 8.699989572718800801e+00 2.201059999999999963e-04 2.184169999999999927e-04 1.683134507019999879e-06
9.955363999999999578e+03 2.843919999999993138e+02 8.750001464881682622e+00 2.203200000000000048e-04 2.181940000000000051e-04 2.118953938020000086e-06
9.958707000000000335e+03 2.877350000000000705e+02 8.799997564471196299e+00 2.204100000000000124e-04 2.179720000000000062e-04 2.430126233600000033e-06
9.962068999999999505e+03 2.910969999999992410e+02 8.849992967879067862e+00 2.203630000000000042e-04 2.177500000000000074e-04 2.605944900000000146e-06
9.965451000000000931e+03 2.944790000000006671e+02 8.900002432255522677e+00 2.201799999999999959e-04 2.175269999999999927e-04 2.645324094299999854e-06
9.968851000000000568e+03 2.978790000000003033e+02 8.949996395867998444e+00 2.198679999999999894e-04 2.173049999999999938e-04 2.556506403000000042e-06
9.972270000000000437e+03 3.012980000000001723e+02 8.999989698632392177e+00 2.194440000000000084e-04 2.170829999999999949e-04 2.355611049600000131e-06
9.975709000000000742e+03 3.047370000000004779e+02 9.049996852527790736e+00 2.190510000000000005e-04 2.169659999999999959e-04 2.079514966319999762e-06
9.979166999999999462e+03 3.081949999999991974e+02 9.100003207888404333e+00 2.185859999999999973e-04 2.168500000000000126e-04 1.731837828999999988e-06
9.982643000000000029e+03 3.116709999999997649e+02 9.149994435279580784e+00 2.180729999999999973e-04 2.167330000000000135e-04 1.336520889110000041e-06
9.986139000000001033e+03 3.151670000000007690e+02 9.199999310519000773e+00 2.175350000000000103e-04 2.166170000000000031e-04 9.163722244599999431e-07
9.989653000000000247e+03 3.186809999999999832e+02 9.249989237329071301e+00 2.169929999999999873e-04 2.165000000000000041e-04 4.914636600000000763e-07
9.993186999999999898e+03 3.222149999999996339e+02 9.299992679227871761e+00 2.164629999999999907e-04 2.163839999999999937e-04 7.843379039999999879e-08
9.996739999999999782e+03 3.257679999999995175e+02 9.349995383647168978e+00 2.159580000000000082e-04 2.162680000000000104e-04 -3.095119481999999859e-07
1.000031199999999990e+04 3.293399999999996339e+02 9.399997362355891894e+00 2.154880000000000077e-04 2.161510000000000113e-04 -6.620316058200000545e-07
1.000390300000000025e+04 3.329309999999999832e+02 9.449998626873716390e+00 2.150619999999999951e-04 2.160350000000000009e-04 -9.708353657999999058e-07
1.000751300000000083e+04 3.365410000000005653e+02 9.499999188477623591e+00 2.146879999999999882e-04 2.159180000000000019e-04 -1.228940480600000115e-06
1.001114199999999983e+04 3.401699999999995612e+02 9.549999058208248570e+00 2.143430000000000042e-04 2.157849999999999948e-04 -1.440185773449999965e-06
1.001479000000000087e+04 3.438180000000006089e+02 9.599998246876134900e+00 2.140590000000000049e-04 2.156509999999999992e-04 -1.590775479620000132e-06
1.001845700000000033e+04 3.474850000000000705e+02 9.649996765067530902e+00 2.138399999999999990e-04 2.155179999999999921e-04 -1.675855036920000037e-06
1.002214300000000003e+04 3.511709999999997649e+02 9.699994623150352879e+00 2.136899999999999954e-04 2.153839999999999965e-04 -1.692345318560000103e-06
1.002584799999999996e+04 3.548759999999996921e+02 9.749991831279691823e+00 2.136100000000000097e-04 2.152509999999999894e-04 -1.639711085169999964e-06
1.002957300000000032e+04 3.586010000000000559e+02 9.800001790649350397e+00 2.135960000000000061e-04 2.151169999999999938e-04 -1.520474921209999868e-06
1.003331600000000071e+04 3.623440000000004488e+02 9.849997660542436861e+00 2.136419999999999986e-04 2.149839999999999867e-04 -1.340562829759999968e-06
1.003707799999999952e+04 3.661059999999992556e+02 9.899992910411349101e+00 2.137399999999999966e-04 2.148499999999999911e-04 -1.109150234000000004e-06
1.004086000000000058e+04 3.698880000000003179e+02 9.950000738971519709e+00 2.138780000000000011e-04 2.147170000000000111e-04 -8.382573151699999801e-07
1.004465999999999985e+04 3.736879999999995903e+02 9.999994710704767087e+00 2.140409999999999925e-04 2.145829999999999884e-04 -5.419079081999999850e-07
1.004847999999999956e+04 3.775079999999992992e+02 1.005000114868389538e+01 2.140920000000000095e-04 2.143269999999999962e-04 -2.352195959600000088e-07
1.005231800000000112e+04 3.813460000000008563e+02 1.009999388080129812e+01 2.141409999999999950e-04 2.140710000000000041e-04 6.988540458900000667e-08
1.005617599999999948e+04 3.852039999999992119e+02 1.014999896855825234e+01 2.141749999999999882e-04 2.138160000000000006e-04 3.592087418399999640e-07
1.006005199999999968e+04 3.890799999999994156e+02 1.019999049805906211e+01 2.141800000000000127e-04 2.135600000000000085e-04 6.199475951999999904e-07
1.006394800000000032e+04 3.929760000000000559e+02 1.024999427439310828e+01 2.141450000000000038e-04 2.133039999999999893e-04 8.413925592799998804e-07
1.006786300000000119e+04 3.968910000000009290e+02 1.029999737802058313e+01 2.140640000000000023e-04 2.130479999999999971e-04 1.015450682399999970e-06
1.007179700000000048e+04 4.008250000000002160e+02 1.034999981869143859e+01 2.139289999999999909e-04 2.127920000000000050e-04 1.136930632640000115e-06
1.007575000000000000e+04 4.047779999999997358e+02 1.040000160596803624e+01 2.137399999999999966e-04 2.125360000000000129e-04 1.203636000560000102e-06
1.007972199999999975e+04 4.087499999999994884e+02 1.045000274922957395e+01 2.134969999999999923e-04 2.122799999999999937e-04 1.216234909199999936e-06
1.008371199999999953e+04 4.127399999999992701e+02 1.049999075918283076e+01 2.132020000000000096e-04 2.120240000000000015e-04 1.177931135599999972e-06
1.008772199999999975e+04 4.167499999999994884e+02 1.054999070107546366e+01 2.128619999999999959e-04 2.117680000000000094e-04 1.094010429440000008e-06
1.009175200000000041e+04 4.207800000000001432e+02 1.060000240605951660e+01 2.124840000000000073e-04 2.115130000000000059e-04 9.712888473000000221e-07
1.009580000000000109e+04 4.248280000000008272e+02 1.065000106354020559e+01 2.120740000000000027e-04 2.112569999999999867e-04 8.175329014499999420e-07
1.009986700000000019e+04 4.288949999999999250e+02 1.069999912130323594e+01 2.116420000000000042e-04 2.110009999999999946e-04 6.409535176799999872e-07
1.010395299999999952e+04 4.329809999999992556e+02 1.074999658771645983e+01 2.111950000000000134e-04 2.107450000000000024e-04 4.497677640999999937e-07
1.010805800000000090e+04 4.370860000000006380e+02 1.079999347099268014e+01 2.107409999999999937e-04 2.104890000000000103e-04 2.518942911899999877e-07
1.011218300000000090e+04 4.412110000000006380e+02 1.085000187451079867e+01 2.102879999999999897e-04 2.102329999999999911e-04 5.477095232499999636e-08
1.011632600000000093e+04 4.453540000000006671e+02 1.089999756007047793e+01 2.098419999999999875e-04 2.099769999999999989e-04 -1.347390912450000040e-07
1.012048800000000119e+04 4.495160000000009290e+02 1.094999268674367343e+01 2.094110000000000047e-04 2.097210000000000068e-04 -3.103744967400000076e-07
1.012467000000000007e+04 4.536979999999998086e+02 1.099999919253505354e+01 2.089989999999999958e-04 2.094649999999999876e-04 -4.665057854499999343e-07
1.012887000000000080e+04 4.578980000000005361e+02 1.104999317018139138e+01 2.086489999999999873e-04 2.092530000000000106e-04 -6.034793744100000053e-07
1.013309000000000015e+04 4.621179999999998813e+02 1.109999843478247072e+01 2.083259999999999973e-04 2.090399999999999908e-04 -7.135538591999999931e-07
1.013732799999999952e+04 4.663559999999992556e+02 1.114999129472944439e+01 2.080340000000000075e-04 2.088269999999999981e-04 -7.931082398400000365e-07
1.014158599999999933e+04 4.706139999999990664e+02 1.119999535083592512e+01 2.077740000000000066e-04 2.086140000000000054e-04 -8.394940280999999772e-07
1.014586300000000119e+04 4.748910000000009290e+02 1.124999878855521018e+01 2.075500000000000034e-04 2.084010000000000127e-04 -8.511888763800001424e-07
1.015015899999999965e+04 4.791869999999993865e+02 1.130000161609648579e+01 2.073599999999999933e-04 2.081879999999999929e-04 -8.279220383999999266e-07
1.015447299999999996e+04 4.835009999999996921e+02 1.134999227904249786e+01 2.072040000000000036e-04 2.079759999999999888e-04 -7.707881726399999582e-07
1.015880700000000070e+04 4.878350000000004343e+02 1.139999396099402773e+01 2.070800000000000028e-04 2.077629999999999961e-04 -6.823040801499999979e-07
1.016315999999999985e+04 4.921879999999995903e+02 1.144999505609582258e+01 2.069829999999999934e-04 2.075500000000000034e-04 -5.664516865000000231e-07
1.016753200000000106e+04 4.965600000000007981e+02 1.149999557200265876e+01 2.069080000000000051e-04 2.073370000000000107e-04 -4.285800925900000117e-07
1.017192300000000068e+04 5.009510000000004197e+02 1.154999551623658682e+01 2.068489999999999977e-04 2.071239999999999908e-04 -2.752325849199999785e-07
1.017633300000000054e+04 5.053610000000002742e+02 1.159999489618994417e+01 2.067969999999999921e-04 2.069109999999999981e-04 -1.138492602630000039e-07
1.018076200000000063e+04 5.097900000000003615e+02 1.164999371912806048e+01 2.067460000000000023e-04 2.066980000000000054e-04 4.764368230199999961e-08
1.018521000000000095e+04 5.142380000000007385e+02 1.169999199219199504e+01 2.066869999999999949e-04 2.064860000000000014e-04 2.013304575519999966e-07
1.018967799999999988e+04 5.187059999999996762e+02 1.175000089126910119e+01 2.066129999999999952e-04 2.062730000000000086e-04 3.398265165799999947e-07
1.019416400000000067e+04 5.231920000000004620e+02 1.179999803820086335e+01 2.065179999999999902e-04 2.060599999999999888e-04 4.567793837999999902e-07
1.019866899999999987e+04 5.276969999999996617e+02 1.184999465636193072e+01 2.063950000000000051e-04 2.058469999999999961e-04 5.472874773700000111e-07
1.020319399999999951e+04 5.322219999999992979e+02 1.190000178050000201e+01 2.062440000000000128e-04 2.056340000000000034e-04 6.081625550000000709e-07
1.020773700000000099e+04 5.367650000000007822e+02 1.194999731486378813e+01 2.060610000000000046e-04 2.054210000000000107e-04 6.380458428400000631e-07
1.021229900000000089e+04 5.413270000000006803e+02 1.199999234050350871e+01 2.058469999999999961e-04 2.052090000000000066e-04 6.373586330999999706e-07
1.021688099999999940e+04 5.459089999999991960e+02 1.204999775455864253e+01 2.056050000000000076e-04 2.049879999999999964e-04 6.154928690400000117e-07
1.022148099999999977e+04 5.505089999999995598e+02 1.209999173664368399e+01 2.053350000000000119e-04 2.047680000000000019e-04 5.660934220800000725e-07
1.022610100000000057e+04 5.551290000000003602e+02 1.214999603023216501e+01 2.050409999999999906e-04 2.045480000000000074e-04 4.925740842800000428e-07
1.023073999999999978e+04 5.597679999999995744e+02 1.219999975163982775e+01 2.047270000000000068e-04 2.043269999999999971e-04 3.993591647699999946e-07
1.023539700000000084e+04 5.644250000000006366e+02 1.224999219487988000e+01 2.043989999999999924e-04 2.041070000000000026e-04 2.916219583899999843e-07
1.024007400000000052e+04 5.691020000000003165e+02 1.229999483638340863e+01 2.040619999999999988e-04 2.038859999999999924e-04 1.749594698640000023e-07
1.024477000000000044e+04 5.737980000000002292e+02 1.234999692603370569e+01 2.037209999999999965e-04 2.036659999999999979e-04 5.510814994599999628e-08
1.024948500000000058e+04 5.785130000000003747e+02 1.239999847050670034e+01 2.033829999999999872e-04 2.034460000000000034e-04 -6.234521291599999258e-08
1.025421900000000096e+04 5.832470000000007531e+02 1.244999947637099247e+01 2.030529999999999954e-04 2.032249999999999931e-04 -1.722049392249999984e-07
1.025897199999999975e+04 5.879999999999995453e+02 1.249999995009000209e+01 2.027339999999999871e-04 2.030049999999999986e-04 -2.698728169499999844e-07
1.026374400000000060e+04 5.927720000000003893e+02 1.254999989802412586e+01 2.024320000000000026e-04 2.027850000000000041e-04 -3.514994075999999808e-07
1.026853499999999985e+04 5.975629999999996471e+02 1.259999932643266618e+01 2.021489999999999919e-04 2.025639999999999938e-04 -4.140894313599999857e-07
1.027334500000000116e+04 6.023730000000009568e+02 1.264999824147597351e+01 2.018869999999999866e-04 2.023439999999999993e-04 -4.555916800800000100e-07
1.027817400000000089e+04 6.072020000000006803e+02 1.269999664921724758e+01 2.016470000000000025e-04 2.021240000000000048e-04 -4.749408689999999658e-07
1.028302200000000084e+04 6.120500000000006366e+02 1.274999455562457662e+01 2.014300000000000010e-04 2.019029999999999946e-04 -4.720895945999999675e-07
1.028788999999999942e+04 6.169179999999992106e+02 1.280000221924268899e+01 2.012340000000000049e-04 2.016830000000000001e-04 -4.480266835199999920e-07
1.029277599999999984e+04 6.218039999999996326e+02 1.284999910062373907e+01 2.010570000000000098e-04 2.014619999999999898e-04 -4.047230556599999775e-07
1.029768100000000049e+04 6.267090000000002874e+02 1.289999549833204462e+01 2.008959999999999956e-04 2.012419999999999953e-04 -3.450595953000000190e-07
1.030260599999999977e+04 6.316339999999995598e+02 1.295000155188320790e+01 2.007479999999999963e-04 2.010220000000000008e-04 -2.726541794799999806e-07
1.030754900000000089e+04 6.365770000000006803e+02 1.299999695999270699e+01 2.006090000000000032e-04 2.008009999999999906e-04 -1.916380487680000093e-07
1.031251200000000063e+04 6.415400000000004184e+02 1.305000195753610193e+01 2.004019999999999966e-04 2.005099999999999895e-04 -1.076544205299999969e-07
1.031749300000000039e+04 6.465210000000001855e+02 1.309999639896224366e+01 2.001949999999999899e-04 2.002179999999999997e-04 -2.263824882399999748e-08
1.032249400000000060e+04 6.515220000000003893e+02 1.315000036425042218e+01 1.999860000000000060e-04 1.999260000000000100e-04 5.956595244000000285e-08
1.032751300000000083e+04 6.565410000000006221e+02 1.319999386121069129e+01 1.997699999999999932e-04 1.996350000000000088e-04 1.354535453100000102e-07
1.033255199999999968e+04 6.615799999999994725e+02 1.324999681728444756e+01 1.995450000000000012e-04 1.993429999999999920e-04 2.019823013200000163e-07
1.033761000000000058e+04 6.666380000000003747e+02 1.329999925855785392e+01 1.993089999999999988e-04 1.990510000000000022e-04 2.566762644999999949e-07
1.034268699999999990e+04 6.717149999999996908e+02 1.335000119081543346e+01 1.990580000000000040e-04 1.987600000000000011e-04 2.976987528000000116e-07
1.034778199999999924e+04 6.768099999999990359e+02 1.339999282616072129e+01 1.987930000000000057e-04 1.984680000000000114e-04 3.238958066400000575e-07
1.035289700000000084e+04 6.819250000000006366e+02 1.344999379380449156e+01 1.985119999999999994e-04 1.981759999999999945e-04 3.348480784000000069e-07
1.035803100000000086e+04 6.870590000000006512e+02 1.349999426900405730e+01 1.982160000000000009e-04 1.978849999999999934e-04 3.308478891999999835e-07
1.036318400000000111e+04 6.922120000000008986e+02 1.354999425721090311e+01 1.979069999999999874e-04 1.975930000000000037e-04 3.128569006199999947e-07
1.036835599999999977e+04 6.973839999999995598e+02 1.359999376379625602e+01 1.975839999999999975e-04 1.973009999999999868e-04 2.824403275199999865e-07
1.037354700000000048e+04 7.025750000000002728e+02 1.364999279405264687e+01 1.972520000000000013e-04 1.970100000000000128e-04 2.416248846000000208e-07
1.037875799999999981e+04 7.077859999999996035e+02 1.370000093233265481e+01 1.969109999999999990e-04 1.967179999999999959e-04 1.927586568139999944e-07
1.038398700000000099e+04 7.130150000000007822e+02 1.374999899066882669e+01 1.965649999999999993e-04 1.964260000000000062e-04 1.383701350139999997e-07
1.038923500000000058e+04 7.182630000000003747e+02 1.379999658834792697e+01 1.962160000000000065e-04 1.961339999999999893e-04 8.102844715200000572e-08
1.039450200000000041e+04 7.235300000000002001e+02 1.384999373035879877e+01 1.958659999999999980e-04 1.958429999999999882e-04 2.323931790899999730e-08
1.039978900000000067e+04 7.288170000000004620e+02 1.389999986292721168e+01 1.955179999999999939e-04 1.955509999999999985e-04 -3.263120426800000195e-08
1.040509400000000096e+04 7.341220000000007531e+02 1.394999607444483125e+01 1.951749999999999872e-04 1.952590000000000087e-04 -8.441066095900000719e-08
1.041041899999999987e+04 7.394469999999996617e+02 1.400000121894674088e+01 1.948370000000000050e-04 1.949680000000000076e-04 -1.301684355200000058e-07
1.041576200000000063e+04 7.447900000000004184e+02 1.404999652004390676e+01 1.945659999999999935e-04 1.947370000000000025e-04 -1.706305067700000081e-07
1.042112500000000000e+04 7.501529999999997926e+02 1.410000069722749849e+01 1.943029999999999996e-04 1.945059999999999975e-04 -2.026363508000000014e-07
1.042650599999999940e+04 7.555339999999991960e+02 1.414999510740682886e+01 1.940490000000000118e-04 1.942749999999999924e-04 -2.249957057500000032e-07
1.043190699999999924e+04 7.609349999999990359e+02 1.419999833743980311e+01 1.938060000000000076e-04 1.940439999999999873e-04 -2.369471283999999788e-07
1.043732700000000114e+04 7.663550000000009277e+02 1.425000108506987928e+01 1.935739999999999867e-04 1.938130000000000094e-04 -2.382058676500000106e-07
1.044276499999999942e+04 7.717929999999992106e+02 1.429999417814365792e+01 1.933530000000000036e-04 1.935820000000000043e-04 -2.289862119800000016e-07
1.044822299999999996e+04 7.772509999999997490e+02 1.434999600805615394e+01 1.931409999999999995e-04 1.933509999999999992e-04 -2.099927205699999790e-07
1.045370000000000073e+04 7.827280000000005202e+02 1.439999737031419258e+01 1.929370000000000130e-04 1.931199999999999941e-04 -1.823765412799999972e-07
1.045919599999999991e+04 7.882239999999997053e+02 1.444999826977243274e+01 1.927409999999999898e-04 1.928889999999999891e-04 -1.476551792769999919e-07
1.046471099999999933e+04 7.937389999999991232e+02 1.449999871121855932e+01 1.925499999999999911e-04 1.926580000000000111e-04 -1.076152909559999980e-07
1.047024500000000080e+04 7.992730000000005930e+02 1.454999869937440948e+01 1.923630000000000012e-04 1.924270000000000060e-04 -6.421058077600000015e-08
1.047579800000000068e+04 8.048260000000004766e+02 1.459999823889704196e+01 1.921770000000000000e-04 1.921960000000000010e-04 -1.946580307599999857e-08
1.048137000000000080e+04 8.103980000000005930e+02 1.464999733437993967e+01 1.919900000000000100e-04 1.919649999999999959e-04 2.460972103500000067e-08
1.048696099999999933e+04 8.159889999999991232e+02 1.469999599035402760e+01 1.918009999999999886e-04 1.917350000000000066e-04 6.609949084000001202e-08
1.049257099999999991e+04 8.215989999999997053e+02 1.474999421128880250e+01 1.916069999999999969e-04 1.915040000000000015e-04 1.032537861919999995e-07
1.049820100000000093e+04 8.272290000000007240e+02 1.480000086876742849e+01 1.914080000000000078e-04 1.912729999999999964e-04 1.345639984139999848e-07
1.050384900000000016e+04 8.328769999999999527e+02 1.484999820293695727e+01 1.912010000000000012e-04 1.910419999999999913e-04 1.588323188000000048e-07
1.050951599999999962e+04 8.385439999999994143e+02 1.489999511531759246e+01 1.909860000000000041e-04 1.908110000000000134e-04 1.752291829290000199e-07
1.051520299999999952e+04 8.442309999999993124e+02 1.495000038834715639e+01 1.907640000000000052e-04 1.905800000000000083e-04 1.833276686800000078e-07
1.052090799999999945e+04 8.499359999999992397e+02 1.499999644053035652e+01 1.905330000000000001e-04 1.903490000000000032e-04 1.831048881070000224e-07
1.052663299999999981e+04 8.556609999999996035e+02 1.505000080352494152e+01 1.902329999999999928e-04 1.900559999999999977e-04 1.761414300719999845e-07
1.053237600000000020e+04 8.614039999999999964e+02 1.509999601276538961e+01 1.899260000000000108e-04 1.897629999999999922e-04 1.619321686569999915e-07
1.053813900000000103e+04 8.671670000000008258e+02 1.514999948352456727e+01 1.896119999999999999e-04 1.894710000000000025e-04 1.411971996780000028e-07
1.054392000000000007e+04 8.729479999999998654e+02 1.519999386662078678e+01 1.892929999999999916e-04 1.891779999999999970e-04 1.148961232320000030e-07
1.054972099999999955e+04 8.787489999999993415e+02 1.524999646248021534e+01 1.889700000000000017e-04 1.888849999999999915e-04 8.420682184999999126e-08
1.055554100000000108e+04 8.845690000000008695e+02 1.529999861318791687e+01 1.886430000000000030e-04 1.885930000000000017e-04 5.048936358799999798e-08
1.056138000000000102e+04 8.904080000000008113e+02 1.535000032309406492e+01 1.883149999999999885e-04 1.882999999999999962e-04 1.524732887999999844e-08
1.056723799999999937e+04 8.962659999999991669e+02 1.540000159649231826e+01 1.879870000000000011e-04 1.880069999999999907e-04 -1.992366581099999960e-08
1.057311399999999958e+04 9.021419999999993706e+02 1.544999394350029398e+01 1.876609999999999910e-04 1.877140000000000124e-04 -5.340444528600000549e-08
1.057901000000000022e+04 9.080380000000000109e+02 1.549999438394286955e+01 1.873380000000000010e-04 1.874219999999999955e-04 -8.363369390400000692e-08
1.058492499999999927e+04 9.139529999999990650e+02 1.554999440025197188e+01 1.870200000000000085e-04 1.871289999999999900e-04 -1.091978180469999898e-07
1.059085900000000038e+04 9.198870000000001710e+02 1.559999399650584273e+01 1.867070000000000134e-04 1.868360000000000116e-04 -1.289218845719999967e-07
1.059681300000000010e+04 9.258409999999998945e+02 1.565000156230034989e+01 1.864009999999999929e-04 1.865439999999999948e-04 -1.419491644479999961e-07
1.060278499999999985e+04 9.318129999999996471e+02 1.570000030376558620e+01 1.861029999999999900e-04 1.862509999999999893e-04 -1.477981772929999903e-07
1.060877599999999984e+04 9.378039999999996326e+02 1.574999863727037663e+01 1.858110000000000003e-04 1.859580000000000109e-04 -1.463985967860000178e-07
1.061478600000000006e+04 9.438139999999998508e+02 1.579999656668763386e+01 1.855270000000000009e-04 1.856650000000000054e-04 -1.380905717300000141e-07
1.062081500000000051e+04 9.498430000000003020e+02 1.584999409584136920e+01 1.852489999999999877e-04 1.853729999999999885e-04 -1.235987453609999847e-07
1.062686399999999958e+04 9.558919999999993706e+02 1.589999948222973103e+01 1.849759999999999989e-04 1.850800000000000101e-04 -1.039735020800000204e-07
1.063293100000000049e+04 9.619590000000002874e+02 1.594999619626465837e+01 1.847069999999999919e-04 1.847870000000000046e-04 -8.051520685299999938e-08
1.063901800000000003e+04 9.680459999999998217e+02 1.600000072352006342e+01 1.844399999999999892e-04 1.844949999999999878e-04 -5.467509324999999901e-08
1.064512299999999959e+04 9.741509999999993852e+02 1.604999663780897734e+01 1.841869999999999901e-04 1.842160000000000130e-04 -2.859713919200000140e-08
1.065124799999999959e+04 9.802759999999993852e+02 1.610000032175624085e+01 1.839339999999999910e-04 1.839370000000000111e-04 -2.858123468200000394e-09
1.065739099999999962e+04 9.864189999999994143e+02 1.614999545128956981e+01 1.836800000000000032e-04 1.836580000000000092e-04 2.137430169800000159e-08
1.066355400000000009e+04 9.925819999999998799e+02 1.619999830736508173e+01 1.834229999999999953e-04 1.833790000000000073e-04 4.314009312900000208e-08
1.066973600000000079e+04 9.987640000000005784e+02 1.625000074271174100e+01 1.831620000000000058e-04 1.831009999999999940e-04 6.171657236299999815e-08
1.067593599999999969e+04 1.004963999999999487e+03 1.629999471002624389e+01 1.828990000000000119e-04 1.828219999999999921e-04 7.662015173399999936e-08
1.068215600000000086e+04 1.011184000000000651e+03 1.634999634010571157e+01 1.826309999999999934e-04 1.825429999999999902e-04 8.758723463099999047e-08
1.068839500000000044e+04 1.017423000000000229e+03 1.639999756078028526e+01 1.823589999999999933e-04 1.822639999999999883e-04 9.454033679999998645e-08
1.069465300000000025e+04 1.023681000000000040e+03 1.644999837578324531e+01 1.820830000000000116e-04 1.819850000000000135e-04 9.754741771500000295e-08
1.070093000000000029e+04 1.029958000000000084e+03 1.649999878880258208e+01 1.818029999999999939e-04 1.817060000000000116e-04 9.678352042799999850e-08
1.070722600000000057e+04 1.036254000000000360e+03 1.654999880348167807e+01 1.815200000000000103e-04 1.814279999999999983e-04 9.250324293600000294e-08
1.071354100000000108e+04 1.042569000000000869e+03 1.659999842341998999e+01 1.812340000000000066e-04 1.811489999999999964e-04 8.501992821299999358e-08
1.071987500000000000e+04 1.048902999999999793e+03 1.664999765217370253e+01 1.809450000000000099e-04 1.808699999999999945e-04 7.470401261999998891e-08
1.072622800000000097e+04 1.055256000000000768e+03 1.669999649325643176e+01 1.806529999999999931e-04 1.805909999999999926e-04 6.198334597499999892e-08
1.073260000000000036e+04 1.061628000000000156e+03 1.674999495013974382e+01 1.803599999999999876e-04 1.803119999999999907e-04 4.735101307200000326e-08
1.073899200000000019e+04 1.068019999999999982e+03 1.680000083781163056e+01 1.800650000000000048e-04 1.800340000000000046e-04 3.136894412599999881e-08
1.074540200000000004e+04 1.074429999999999836e+03 1.684999851336750964e+01 1.797699999999999949e-04 1.797550000000000027e-04 1.466493418950000075e-08
1.075183100000000013e+04 1.080858999999999924e+03 1.689999581503042947e+01 1.794739999999999964e-04 1.794760000000000008e-04 -2.079875573600000012e-09
1.075828000000000065e+04 1.087308000000000447e+03 1.695000048853803776e+01 1.791789999999999865e-04 1.791969999999999989e-04 -1.815839040399999886e-08
1.076474699999999939e+04 1.093774999999999181e+03 1.699999702953162384e+01 1.788849999999999924e-04 1.789179999999999970e-04 -3.287421440199999958e-08
1.077123400000000038e+04 1.100262000000000171e+03 1.705000090359421705e+01 1.785970000000000114e-04 1.786430000000000038e-04 -4.615313362199999930e-08
1.077773899999999958e+04 1.106766999999999371e+03 1.709999669737669947e+01 1.783119999999999963e-04 1.783689999999999993e-04 -5.690702412899999675e-08
1.078426399999999921e+04 1.113291999999999007e+03 1.714999978582679674e+01 1.780290000000000128e-04 1.780940000000000062e-04 -6.465898573400000895e-08
1.079080700000000070e+04 1.119835000000000491e+03 1.719999484554213609e+01 1.777489999999999951e-04 1.778190000000000131e-04 -6.911291073000000235e-08
1.079737000000000080e+04 1.126398000000000593e+03 1.724999716189330812e+01 1.774730000000000133e-04 1.775439999999999928e-04 -7.017391091199999845e-08
1.080395200000000114e+04 1.132980000000000928e+03 1.729999908617111259e+01 1.772010000000000132e-04 1.772689999999999997e-04 -6.795093034900000242e-08
1.081055299999999988e+04 1.139580999999999676e+03 1.735000062176534996e+01 1.769309999999999904e-04 1.769940000000000066e-04 -6.274065612600000423e-08
1.081717300000000068e+04 1.146201000000000477e+03 1.740000177202687226e+01 1.766639999999999877e-04 1.767190000000000134e-04 -5.499336232900000219e-08
1.082381099999999969e+04 1.152838999999999487e+03 1.744999501968608868e+01 1.763989999999999894e-04 1.764439999999999932e-04 -4.526847263999999989e-08
1.083046900000000096e+04 1.159497000000000753e+03 1.749999543066898866e+01 1.761350000000000068e-04 1.761690000000000001e-04 -3.418383276000000384e-08
1.083714600000000064e+04 1.166174000000000433e+03 1.754999546602061855e+01 1.758720000000000129e-04 1.758940000000000069e-04 -2.236703282800000243e-08
1.084384200000000055e+04 1.172870000000000346e+03 1.759999512894239260e+01 1.756089999999999919e-04 1.756189999999999867e-04 -1.041303005269999940e-08
1.085055800000000090e+04 1.179586000000000695e+03 1.765000185796258236e+01 1.753450000000000093e-04 1.753439999999999936e-04 1.148047305600000079e-09
1.085729199999999946e+04 1.186319999999999254e+03 1.770000076448077309e+01 1.750809999999999996e-04 1.750690000000000004e-04 1.186941559649999905e-08
1.086404500000000007e+04 1.193072999999999865e+03 1.774999930807606319e+01 1.748160000000000013e-04 1.747940000000000073e-04 2.139513518799999896e-08
1.087081700000000092e+04 1.199845000000000709e+03 1.779999749180669255e+01 1.745489999999999986e-04 1.745200000000000028e-04 2.945723079999999780e-08
1.087760800000000017e+04 1.206635999999999967e+03 1.784999531869660672e+01 1.742810000000000073e-04 1.742450000000000097e-04 3.586711353499999789e-08
1.088441899999999987e+04 1.213446999999999662e+03 1.790000012325396739e+01 1.740099999999999958e-04 1.739699999999999894e-04 4.050369540000000209e-08
1.089124799999999959e+04 1.220275999999999385e+03 1.794999722497873762e+01 1.737379999999999957e-04 1.736949999999999963e-04 4.330442153499999253e-08
1.089809699999999975e+04 1.227124999999999545e+03 1.800000126963416491e+01 1.734639999999999912e-04 1.734200000000000032e-04 4.425817135999999737e-08
1.090496399999999994e+04 1.233991999999999734e+03 1.804999765834250525e+01 1.731550000000000049e-04 1.731109999999999897e-04 4.400135398000000207e-08
1.091185100000000057e+04 1.240879000000000360e+03 1.810000095556193855e+01 1.728439999999999870e-04 1.728020000000000033e-04 4.202440958799999607e-08
1.091875600000000122e+04 1.247784000000001015e+03 1.814999664313377892e+01 1.725320000000000076e-04 1.724929999999999899e-04 3.839521686999999753e-08
1.092568100000000049e+04 1.254709000000000287e+03 1.819999920511059344e+01 1.722179999999999967e-04 1.721840000000000035e-04 3.324597545600000255e-08
1.093262500000000000e+04 1.261652999999999793e+03 1.825000139407742239e+01 1.719020000000000086e-04 1.718760000000000058e-04 2.678240582399999847e-08
1.093958699999999953e+04 1.268614999999999327e+03 1.829999604182691897e+01 1.715859999999999933e-04 1.715669999999999923e-04 1.928378766600000087e-08
1.094656899999999951e+04 1.275596999999999298e+03 1.834999751345401720e+01 1.712689999999999894e-04 1.712580000000000059e-04 1.109703887759999950e-08
1.095356999999999971e+04 1.282597999999999502e+03 1.839999862103797668e+01 1.709520000000000126e-04 1.709489999999999925e-04 2.620101133199999845e-09
1.096059000000000015e+04 1.289617999999999938e+03 1.844999936753855607e+01 1.706339999999999929e-04 1.706400000000000061e-04 -5.722275888000000845e-09
1.096762900000000081e+04 1.296657000000000608e+03 1.849999975588350765e+01 1.703180000000000048e-04 1.703309999999999926e-04 -1.350804885569999980e-08
1.097468699999999990e+04 1.303714999999999691e+03 1.854999978896898227e+01 1.700019999999999895e-04 1.700229999999999949e-04 -2.034954280099999858e-08
1.098176399999999921e+04 1.310791999999999007e+03 1.859999946965998063e+01 1.696880000000000057e-04 1.697140000000000085e-04 -2.592211636000000345e-08
1.098886000000000058e+04 1.317888000000000375e+03 1.864999880079077599e+01 1.693750000000000106e-04 1.694049999999999950e-04 -2.998824250499999889e-08
1.099597500000000036e+04 1.325003000000000156e+03 1.869999778516526234e+01 1.690639999999999927e-04 1.690960000000000087e-04 -3.241181399199999840e-08
1.100310900000000038e+04 1.332137000000000171e+03 1.874999642555744828e+01 1.687539999999999906e-04 1.687869999999999952e-04 -3.316259461199999885e-08
1.101026300000000083e+04 1.339291000000000622e+03 1.880000170525213576e+01 1.684459999999999929e-04 1.684780000000000088e-04 -3.231172170799999859e-08
1.101743499999999949e+04 1.346462999999999283e+03 1.884999964736870126e+01 1.681390000000000109e-04 1.681689999999999954e-04 -3.001698931699999918e-08
1.102462600000000020e+04 1.353653999999999996e+03 1.889999725374743278e+01 1.678340000000000062e-04 1.678609999999999976e-04 -2.650491617800000121e-08
1.103183699999999953e+04 1.360864999999999327e+03 1.895000145233121813e+01 1.675299999999999901e-04 1.675520000000000113e-04 -2.204598950399999991e-08
1.103906600000000071e+04 1.368094000000000506e+03 1.899999837695523297e+01 1.672260000000000012e-04 1.672429999999999978e-04 -1.693435720799999723e-08
1.104631400000000031e+04 1.375342000000000098e+03 1.904999497382586071e+01 1.669560000000000054e-04 1.669680000000000047e-04 -1.162858654080000044e-08
1.105358200000000033e+04 1.382610000000000127e+03 1.909999811641651135e+01 1.666869999999999984e-04 1.666930000000000115e-04 -6.138869788199999994e-09
1.106086900000000060e+04 1.389897000000000389e+03 1.915000090049556647e+01 1.664179999999999913e-04 1.664179999999999913e-04 -7.158786464199999424e-10
1.106817400000000089e+04 1.397202000000000680e+03 1.919999649375225559e+01 1.661479999999999956e-04 1.661439999999999868e-04 4.415459558399999509e-09
1.107549899999999980e+04 1.404526999999999589e+03 1.924999858693634280e+01 1.658779999999999998e-04 1.658689999999999937e-04 9.061141492700000051e-09
1.108284300000000076e+04 1.411871000000000549e+03 1.930000032983281955e+01 1.656069999999999884e-04 1.655940000000000005e-04 1.306068028980000042e-08
1.109020600000000013e+04 1.419233999999999924e+03 1.935000172515716343e+01 1.653349999999999883e-04 1.653190000000000074e-04 1.628826938970000311e-08
1.109758699999999953e+04 1.426614999999999327e+03 1.939999601094996962e+01 1.650629999999999882e-04 1.650439999999999872e-04 1.865327287999999799e-08
1.110498800000000119e+04 1.434016000000000986e+03 1.944999673655498640e+01 1.647899999999999994e-04 1.647689999999999940e-04 2.010115892399999878e-08
1.111240799999999945e+04 1.441435999999999240e+03 1.949999712247841188e+01 1.645150000000000063e-04 1.644949999999999895e-04 2.061517138000000166e-08
1.111984699999999975e+04 1.448874999999999545e+03 1.954999717132657011e+01 1.642400000000000132e-04 1.642199999999999964e-04 2.021646731999999859e-08
1.112730500000000029e+04 1.456333000000000084e+03 1.959999688567909004e+01 1.639640000000000043e-04 1.639450000000000033e-04 1.896663310499999996e-08
1.113478199999999924e+04 1.463809999999999036e+03 1.964999626808936739e+01 1.636870000000000068e-04 1.636700000000000101e-04 1.696521384999999956e-08
1.114227800000000025e+04 1.471306000000000040e+03 1.969999532108485951e+01 1.634100000000000092e-04 1.633949999999999899e-04 1.434671824049999747e-08
1.114979399999999987e+04 1.478821999999999662e+03 1.975000069193515273e+01 1.631319999999999960e-04 1.631210000000000125e-04 1.127366748830000218e-08
1.115732799999999952e+04 1.486355999999999312e+03 1.979999907680209859e+01 1.628540000000000098e-04 1.628459999999999923e-04 7.927033872599999217e-09
1.116488100000000122e+04 1.493909000000001015e+03 1.984999713976887392e+01 1.625750000000000079e-04 1.625709999999999991e-04 4.494389094699999405e-09
1.117245399999999972e+04 1.501481999999999516e+03 1.990000147794302876e+01 1.622969999999999947e-04 1.622960000000000060e-04 1.156482344960000156e-09
1.118004500000000007e+04 1.509072999999999865e+03 1.994999888783677733e+01 1.620190000000000085e-04 1.620210000000000129e-04 -1.925279340899999959e-09
1.118765500000000065e+04 1.516683000000000447e+03 1.999999598311923421e+01 1.617420000000000110e-04 1.617459999999999926e-04 -4.619530458399999485e-09
