# # Once                                                         FEFF 10.0.0 
# # POT  SCF 100  9.0000   0, core-hole, FOLP (folp(0)= 1.150)
# # Abs   Z=30 Rmt= 1.382 Rnm= 1.525 K  shell
# #   RGRID 0.0100
# # Pot 1 Z= 6 Rmt= 0.899 Rnm= 1.123
# # Pot 2 Z= 6 Rmt= 0.923 Rnm= 1.165
# # Pot 3 Z= 1 Rmt= 0.550 Rnm= 0.958
# # Pot 4 Z=16 Rmt= 1.251 Rnm= 1.468
# # Gam_ch=1.897E+00 H-L exch Vi= 0.000E+00 Vr= 0.000E+00
# # Mu=-6.946E+00eV kf=1.984E+00 Vint=-1.289E+01eV Rs_int= 1.828
# # PATH  Rmax= 6.000,  Keep_limit= 0.00, Heap_limit 0.00  Pwcrit= 2.50%
#  S02=1.000  Temp=  10.00  Debye_temp= 315.00  Global_sig2= 0.00000
#  Energy zero shift, vr, vi    0.00000E+00   0.00000E+00
#  Curved wave amplitude ratio filter   4.000%
#     file         sig2 tot  cw amp ratio   deg  nlegs   reff  inp sig2
#           1       0.00289    100.00      1.00     2   2.3466
#           2       0.00302     98.61      1.00     2   2.3591
#           3       0.00304     98.43      1.00     2   2.3607
#           4       0.00307     97.61      1.00     2   2.3682
#           5       0.02230     13.74      1.00     2   2.9479
#           6       0.02246     11.88      1.00     2   3.1149
#           7       0.02306     11.30      1.00     2   3.1738
#           8       0.02830     11.09      1.00     2   3.1965
#           9       0.00623     39.48      1.00     2   3.2668
#          10       0.00571     38.69      1.00     2   3.2913
#          11       0.00594     38.62      1.00     2   3.2934
#          12       0.00591     38.15      1.00     2   3.3083
#          13       0.03125      9.74      1.00     2   3.3540
#          14       0.02500      8.19      1.00     2   3.5758
#          15       0.02447      7.86      1.00     2   3.6302
#          16       0.01144     17.82      2.00     3   3.6538
#          17       0.00403     43.74      2.00     3   3.7308
#          18       0.00420     42.87      2.00     3   3.7318
#          19       0.00417     43.03      2.00     3   3.7402
#          20       0.00419     43.02      2.00     3   3.7462
#          21       0.01113     13.50      2.00     3   3.7496
#          22       0.01150     12.31      2.00     3   3.7876
#          23       0.01376     11.69      2.00     3   3.7911
#          24       0.00923     25.00      1.00     2   3.8530
#          25       0.02506      6.63      1.00     2   3.8615
#          26       0.01467      7.59      2.00     3   3.9320
#          27       0.01490      7.39      2.00     3   3.9684
#          28       0.01639      7.30      2.00     3   3.9834
#          29       0.01308      8.50      2.00     3   3.9888
#          30       0.01299      9.20      2.00     3   4.0074
#          31       0.02076      8.98      1.00     4   4.0408
#          32       0.01426     13.40      2.00     3   4.1107
#          34       0.01645     14.36      2.00     3   4.1493
#          35       0.00433     15.10      1.00     4   4.1704
#          36       0.01495      6.58      2.00     3   4.1742
#          37       0.00455     14.64      1.00     4   4.1842
#          38       0.00454     14.88      1.00     4   4.1870
#          40       0.01472      6.57      2.00     3   4.1972
#          41       0.00450     15.21      1.00     4   4.1968
#          42       0.01877      7.57      1.00     4   4.2080
#          44       0.00420      9.02      2.00     3   4.2377
#          46       0.01267      5.08      1.00     2   4.2477
#          47       0.00414      9.54      2.00     3   4.2506
#          50       0.01883      7.15      1.00     4   4.2669
#          52       0.02482      6.99      1.00     4   4.2888
#          53       0.00434     10.01      2.00     3   4.2900
#          54       0.00435      9.78      2.00     3   4.2971
#          55       0.00443     10.21      2.00     3   4.3069
#          56       0.01102     20.55      2.00     3   4.3173
#          57       0.00420     10.97      2.00     3   4.3209
#          58       0.01462      6.43      2.00     3   4.3218
#          59       0.00604     17.50      2.00     3   4.3306
#          60       0.01135      7.55      1.00     4   4.3599
#          61       0.03043      4.65      1.00     2   4.3820
#          63       0.01104     22.80      1.00     4   4.3868
#          64       0.04035      4.61      1.00     2   4.3957
#          66       0.01073      4.86      2.00     4   4.4268
#          67       0.03022      6.62      1.00     4   4.4456
#          68       0.01072      5.87      2.00     4   4.4470
#          69       0.00855     16.46      1.00     2   4.4576
#          70       0.01742      4.20      2.00     4   4.4658
#          71       0.01754      4.13      2.00     4   4.4681
#          72       0.01978      4.28      2.00     4   4.4977
#          73       0.01187      8.96      2.00     3   4.4993
#          74       0.00561     15.15      2.00     3   4.5084
#          75       0.01613      4.22      2.00     4   4.5326
#          76       0.00950     19.93      2.00     4   4.5689
#          77       0.00957      6.85      2.00     4   4.5710
#          79       0.01143      8.98      2.00     4   4.5757
#          81       0.01302      4.93      2.00     3   4.5980
#          83       0.00579     30.80      2.00     3   4.6201
#          84       0.01109      5.55      2.00     4   4.6269
#          85       0.00583     14.57      1.00     2   4.6468
#          86       0.01733      8.46      2.00     3   4.6641
#          87       0.01823      4.87      1.00     4   4.6694
#          88       0.01687      6.68      2.00     4   4.6708
#          89       0.00577      8.77      1.00     4   4.6931
#          90       0.00581     14.12      1.00     2   4.6969
#          91       0.00450      5.01      2.00     4   4.7056
#          94       0.00605      8.53      1.00     4   4.7181
#          95       0.00472      4.13      2.00     4   4.7198
#          96       0.00608      8.50      1.00     4   4.7214
#          97       0.00552     40.37      2.00     3   4.7268
#         100       0.00615      8.36      1.00     4   4.7364
#         102       0.01410      4.31      1.00     4   4.7509
#         103       0.00572     42.21      2.00     3   4.7610
#         104       0.00953     14.09      2.00     4   4.7640
#         105       0.00952      7.19      2.00     3   4.7773
#         106       0.00499      7.17      2.00     4   4.7774
#         107       0.00633     25.19      1.00     4   4.7825
#         109       0.00541     17.16      2.00     3   4.8070
#         110       0.00628     38.64      1.00     4   4.8068
#         113       0.00650     41.20      1.00     4   4.8251
#         114       0.01251      4.99      2.00     4   4.8283
#         115       0.01476     13.19      2.00     3   4.8448
#         117       0.00487     22.81      2.00     3   4.8789
#         122       0.00499     23.02      2.00     3   4.9183
#         123       0.01069     10.90      2.00     4   4.9397
#         124       0.01362      4.38      1.00     4   4.9463
#         125       0.01300     12.96      1.00     4   4.9488
#         126       0.00887      6.34      2.00     3   4.9588
#         127       0.00453     36.12      2.00     4   4.9589
#         129       0.00484     20.53      2.00     4   4.9694
#         130       0.00468     38.31      2.00     4   4.9824
#         131       0.00508      7.13      2.00     4   4.9859
#         132       0.01160      7.73      2.00     4   5.0071
#         133       0.00896      6.07      2.00     3   5.0121
#         135       0.01995      4.94      2.00     4   5.0371
#         136       0.00921     12.33      2.00     4   5.0388
#         138       0.02227      5.86      2.00     3   5.0544
#         139       0.01614      4.16      2.00     4   5.0756
#         140       0.00938     12.42      2.00     4   5.0763
#         141       0.00521     19.17      2.00     4   5.0851
#         142       0.00672      6.08      1.00     4   5.0953
#         143       0.01408      4.67      2.00     3   5.0986
#         144       0.00523     10.90      1.00     4   5.1110
#         145       0.00643      6.23      1.00     4   5.1151
#         146       0.00704      6.12      1.00     4   5.1197
#         147       0.01723      4.87      2.00     3   5.1218
#         148       0.02212      6.25      2.00     3   5.1216
#         150       0.00667      6.13      1.00     4   5.1334
#         151       0.01234      7.62      2.00     4   5.1356
#         152       0.00537     11.60      1.00     4   5.1396
#         154       0.01345      5.67      2.00     4   5.1417
#         155       0.00549      4.96      1.00     4   5.1564
#         157       0.01226      4.32      2.00     4   5.1585
#         158       0.00469     27.38      2.00     4   5.1664
#         159       0.01718      5.10      2.00     3   5.1820
#         160       0.01205      7.53      2.00     4   5.1852
#         161       0.01158      4.50      2.00     4   5.1954
#         162       0.02193      7.57      2.00     3   5.1992
#         163       0.00481     28.48      2.00     4   5.1989
#         165       0.01142      9.40      2.00     4   5.2025
#         166       0.00885      4.10      2.00     3   5.2124
#         167       0.02156      9.33      2.00     3   5.2201
#         168       0.01558      5.94      2.00     3   5.2380
#         169       0.02336      4.28      2.00     3   5.2399
#         170       0.01231      7.29      2.00     4   5.2403
#         171       0.02166      9.02      2.00     3   5.2502
#         173       0.01090     10.80      2.00     4   5.2765
#         174       0.01576      6.09      2.00     3   5.2932
#         175       0.02305      4.96      2.00     4   5.2945
#         176       0.01095     10.35      2.00     4   5.2942
#         177       0.01361      6.49      2.00     3   5.2984
#         178       0.02401      8.13      1.00     4   5.3085
#         179       0.00651      5.73      2.00     3   5.3136
#         180       0.01608      6.06      2.00     3   5.3156
#         183       0.01267      8.15      2.00     4   5.3223
#         184       0.01523      6.69      2.00     3   5.3269
#         186       0.02416      7.75      1.00     4   5.3422
#         187       0.01154      7.90      2.00     4   5.3457
#         190       0.02430      5.36      1.00     4   5.3525
#         191       0.00699      6.25      2.00     3   5.3628
#         193       0.01598      9.73      2.00     4   5.3816
#         194       0.01598      4.49      2.00     4   5.3844
#         195       0.01308      8.03      2.00     3   5.3880
#         196       0.01641      7.67      2.00     4   5.3913
#         197       0.01286      8.22      2.00     4   5.3973
#         198       0.01159      7.91      2.00     4   5.4059
#         199       0.01614      9.52      2.00     4   5.4075
#         200       0.01611      5.25      2.00     4   5.4100
#         202       0.01491      7.31      2.00     3   5.4279
#         204       0.01467      4.54      1.00     4   5.4309
#         205       0.01127      5.04      2.00     3   5.4359
#         206       0.01263      6.17      2.00     4   5.4415
#         207       0.01232      6.11      2.00     4   5.4430
#         208       0.01218      8.88      2.00     4   5.4517
#         210       0.01525      7.33      2.00     3   5.4549
#         211       0.01463      5.71      1.00     4   5.4554
#         212       0.01170      7.59      2.00     4   5.4608
#         213       0.00656      9.08      2.00     3   5.4638
#         214       0.01215      5.93      2.00     4   5.4640
#         215       0.00635      8.22      2.00     3   5.4704
#         216       0.01489      5.83      1.00     4   5.4723
#         218       0.01132      4.73      2.00     3   5.4742
#         220       0.00620      7.86      2.00     3   5.4822
#         221       0.01101      7.05      2.00     4   5.4905
#         222       0.01097     10.73      2.00     4   5.4919
#         224       0.01141      5.78      2.00     4   5.5001
#         225       0.01126      7.79      2.00     4   5.5159
#         226       0.01168      8.63      2.00     4   5.5243
#         228       0.01142      7.82      2.00     4   5.5383
#         229       0.01029      4.20      2.00     4   5.5414
#         232       0.01207      8.59      2.00     4   5.5504
#         235       0.01134      6.39      1.00     4   5.5530
#         237       0.01179      7.96      2.00     4   5.5661
#         239       0.01108      7.13      2.00     3   5.5712
#         241       0.01072      5.87      2.00     4   5.5974
#         242       0.01060     11.31      2.00     4   5.5987
#         243       0.00709      7.96      2.00     4   5.6133
#         244       0.01114      6.84      2.00     3   5.6147
#         245       0.00531      9.86      2.00     4   5.6248
#         247       0.01090      5.55      2.00     4   5.6315
#         248       0.01079     11.08      2.00     4   5.6321
#         249       0.00532      9.36      2.00     4   5.6348
#         250       0.00968      4.71      2.00     4   5.6349
#         251       0.00892      4.78      2.00     4   5.6379
#         252       0.01140      8.98      2.00     4   5.6512
#         253       0.00674      6.82      2.00     4   5.6520
#         255       0.00539      9.06      2.00     4   5.6535
#         256       0.00942      4.69      2.00     4   5.6541
#         257       0.00717      4.21      2.00     4   5.6616
#         258       0.00934      4.66      2.00     4   5.6674
#         259       0.01129      5.92      2.00     4   5.6679
#         260       0.00668      6.38      2.00     4   5.6765
#         261       0.00551      4.29      2.00     4   5.6766
#         262       0.01161      8.93      2.00     4   5.6788
#         264       0.01141      5.68      2.00     4   5.6956
#         266       0.01044      6.30      2.00     4   5.7374
#         268       0.00994      5.56      1.00     4   5.7420
#         270       0.01168      4.77      2.00     4   5.7734
#         273       0.00999      5.22      1.00     4   5.7918
#         274       0.01187      4.86      2.00     4   5.7938
#         275       0.00981      8.19      2.00     4   5.8032
#         276       0.00991      8.22      2.00     4   5.8360
#         278       0.01382      5.24      2.00     4   5.8674
#         279       0.00926      5.17      2.00     4   5.8879
#         280       0.01409      5.24      2.00     4   5.8928
#         281       0.00965      4.72      2.00     4   5.9167
#         282       0.00976      4.63      2.00     4   5.9536
#         283       0.00690      9.68      1.00     4   5.9734
#   221/ 275 paths used
#  xsedge+50, used to normalize mu           1.0000E+00
#  -----------------------------------------------------------------------
#  omega    e    k    mu    mu0     chi     @#
    9923.631     -6.946   0.000 -1.31953E-05  1.45528E-04 -5.42331E-01
    9923.641     -6.937   0.050 -1.81398E-05  1.47408E-04 -5.64876E-01
    9923.670     -6.908   0.100 -2.30037E-05  1.49288E-04 -5.87084E-01
    9923.717     -6.861   0.150 -3.69701E-05  1.54901E-04 -6.51294E-01
    9923.784     -6.794   0.200 -5.01167E-05  1.60514E-04 -7.12240E-01
    9923.870     -6.708   0.250 -7.00475E-05  1.69435E-04 -8.05253E-01
    9923.974     -6.604   0.300 -8.72984E-05  1.78355E-04 -8.88266E-01
    9924.098     -6.480   0.350 -1.07364E-04  1.89176E-04 -9.85201E-01
    9924.241     -6.337   0.400 -1.21578E-04  1.99997E-04 -1.06159E+00
    9924.403     -6.175   0.450 -1.33057E-04  2.10648E-04 -1.12781E+00
    9924.584     -5.994   0.500 -1.35007E-04  2.21299E-04 -1.16216E+00
    9924.784     -5.794   0.550 -1.28170E-04  2.30266E-04 -1.16377E+00
    9925.003     -5.575   0.600 -1.09680E-04  2.39232E-04 -1.12771E+00
    9925.241     -5.337   0.650 -7.90605E-05  2.46028E-04 -1.04835E+00
    9925.498     -5.080   0.700 -3.83850E-05  2.52823E-04 -9.36993E-01
    9925.775     -4.803   0.750  1.22240E-05  2.57545E-04 -7.89867E-01
    9926.070     -4.508   0.800  6.72590E-05  2.62267E-04 -6.28287E-01
    9926.384     -4.194   0.850  1.25184E-04  2.65168E-04 -4.52716E-01
    9926.718     -3.860   0.900  1.80097E-04  2.68069E-04 -2.85589E-01
    9927.070     -3.508   0.950  2.29838E-04  2.69418E-04 -1.29363E-01
    9927.441     -3.137   1.000  2.70965E-04  2.70768E-04  6.48787E-04
    9927.832     -2.746   1.050  3.01968E-04  2.70831E-04  1.03432E-01
    9928.242     -2.336   1.100  3.22798E-04  2.70894E-04  1.74059E-01
    9928.670     -1.908   1.150  3.33422E-04  2.69933E-04  2.15388E-01
    9929.118     -1.460   1.200  3.36346E-04  2.68973E-04  2.31263E-01
    9929.585     -0.993   1.250  3.32817E-04  2.67241E-04  2.28083E-01
    9930.070     -0.508   1.300  3.26067E-04  2.65510E-04  2.13464E-01
    9930.575     -0.003   1.350  3.17886E-04  2.63244E-04  1.95378E-01
    9931.099      0.521   1.400  3.10384E-04  2.60979E-04  1.79234E-01
    9931.642      1.064   1.450  3.05024E-04  2.58382E-04  1.71743E-01
    9932.204      1.626   1.500  3.01661E-04  2.55786E-04  1.71487E-01
    9932.785      2.207   1.550  3.00688E-04  2.53023E-04  1.80873E-01
    9933.385      2.807   1.600  3.00047E-04  2.50260E-04  1.91829E-01
    9934.004      3.426   1.650  2.98898E-04  2.47469E-04  2.01105E-01
    9934.642      4.064   1.700  2.95301E-04  2.44678E-04  2.00950E-01
    9935.300      4.722   1.750  2.88357E-04  2.41950E-04  1.86858E-01
    9935.976      5.398   1.800  2.77842E-04  2.39222E-04  1.57766E-01
    9936.671      6.093   1.850  2.65778E-04  2.36628E-04  1.20703E-01
    9937.386      6.808   1.900  2.51259E-04  2.34033E-04  7.23132E-02
    9938.119      7.541   1.950  2.41834E-04  2.31577E-04  4.36032E-02
    9938.871      8.293   2.000  2.30823E-04  2.29120E-04  7.33226E-03
    9939.643      9.065   2.050  2.27353E-04  2.26995E-04  1.55778E-03
    9940.434      9.856   2.100  2.27493E-04  2.24870E-04  1.15589E-02
    9941.243     10.665   2.150  2.30488E-04  2.22745E-04  3.45393E-02
    9942.072     11.494   2.200  2.34622E-04  2.20620E-04  6.32252E-02
    9942.920     12.342   2.250  2.39249E-04  2.20416E-04  8.55732E-02
    9943.786     13.208   2.300  2.42176E-04  2.20212E-04  1.00434E-01
    9944.672     14.094   2.350  2.42685E-04  2.20007E-04  1.04353E-01
    9945.577     14.999   2.400  2.40757E-04  2.19803E-04  9.70409E-02
    9946.501     15.923   2.450  2.37633E-04  2.19906E-04  8.23158E-02
    9947.444     16.866   2.500  2.34038E-04  2.20010E-04  6.53143E-02
    9948.406     17.828   2.550  2.30387E-04  2.20113E-04  4.79645E-02
    9949.387     18.809   2.600  2.26977E-04  2.20217E-04  3.16439E-02
    9950.387     19.809   2.650  2.22717E-04  2.19770E-04  1.38276E-02
    9951.406     20.828   2.700  2.18588E-04  2.19323E-04 -3.45316E-03
    9952.444     21.867   2.750  2.14571E-04  2.18876E-04 -2.02886E-02
    9953.502     22.924   2.800  2.10613E-04  2.18429E-04 -3.69247E-02
    9954.578     24.000   2.850  2.07010E-04  2.18217E-04 -5.29228E-02
    9955.673     25.095   2.900  2.03568E-04  2.18006E-04 -6.81438E-02
    9956.788     26.210   2.950  2.00316E-04  2.17795E-04 -8.24552E-02
    9957.921     27.343   3.000  1.97340E-04  2.17584E-04 -9.54504E-02
    9959.074     28.496   3.050  1.95283E-04  2.17610E-04 -1.05051E-01
    9960.245     29.667   3.100  1.93840E-04  2.17636E-04 -1.11732E-01
    9961.436     30.858   3.150  1.93164E-04  2.17662E-04 -1.14786E-01
    9962.646     32.068   3.200  1.93386E-04  2.17688E-04 -1.13632E-01
    9963.874     33.296   3.250  1.94842E-04  2.17907E-04 -1.07521E-01
    9965.122     34.544   3.300  1.97163E-04  2.18127E-04 -9.74257E-02
    9966.389     35.811   3.350  2.00329E-04  2.18346E-04 -8.34813E-02
    9967.675     37.097   3.400  2.04200E-04  2.18565E-04 -6.63582E-02
    9968.980     38.402   3.450  2.08610E-04  2.18927E-04 -4.74932E-02
    9970.304     39.726   3.500  2.13222E-04  2.19289E-04 -2.78339E-02
    9971.647     41.069   3.550  2.17819E-04  2.19651E-04 -8.37481E-03
    9973.009     42.431   3.600  2.22210E-04  2.20013E-04  1.00068E-02
    9974.390     43.812   3.650  2.26250E-04  2.20450E-04  2.63312E-02
    9975.790     45.212   3.700  2.29833E-04  2.20887E-04  4.04747E-02
    9977.209     46.631   3.750  2.32907E-04  2.21324E-04  5.22232E-02
    9978.648     48.070   3.800  2.35459E-04  2.21760E-04  6.15439E-02
    9980.105     49.527   3.850  2.37517E-04  2.22211E-04  6.85518E-02
    9981.581     51.003   3.900  2.39117E-04  2.22661E-04  7.34747E-02
    9983.077     52.499   3.950  2.40291E-04  2.23111E-04  7.64673E-02
    9984.591     54.013   4.000  2.41060E-04  2.23561E-04  7.76448E-02
    9986.125     55.547   4.050  2.41404E-04  2.23957E-04  7.72231E-02
    9987.677     57.099   4.100  2.41352E-04  2.24353E-04  7.50588E-02
    9989.249     58.671   4.150  2.40887E-04  2.24748E-04  7.10858E-02
    9990.840     60.262   4.200  2.39989E-04  2.25144E-04  6.52261E-02
    9992.449     61.871   4.250  2.38560E-04  2.25432E-04  5.75901E-02
    9994.078     63.500   4.300  2.36692E-04  2.25719E-04  4.80557E-02
    9995.726     65.148   4.350  2.34416E-04  2.26007E-04  3.67687E-02
    9997.393     66.815   4.400  2.31797E-04  2.26295E-04  2.40202E-02
    9999.079     68.501   4.450  2.28794E-04  2.26440E-04  1.02705E-02
   10000.784     70.206   4.500  2.25670E-04  2.26585E-04 -3.98939E-03
   10002.508     71.930   4.550  2.22575E-04  2.26731E-04 -1.81043E-02
   10004.251     73.673   4.600  2.19667E-04  2.26876E-04 -3.13824E-02
   10006.013     75.435   4.650  2.16934E-04  2.26874E-04 -4.32708E-02
   10007.794     77.216   4.700  2.14672E-04  2.26871E-04 -5.31114E-02
   10009.594     79.016   4.750  2.12982E-04  2.26869E-04 -6.04680E-02
   10011.414     80.836   4.800  2.11920E-04  2.26866E-04 -6.50877E-02
   10013.252     82.674   4.850  2.11359E-04  2.26733E-04 -6.70015E-02
   10015.109     84.531   4.900  2.11417E-04  2.26599E-04 -6.62156E-02
   10016.986     86.408   4.950  2.12031E-04  2.26466E-04 -6.30019E-02
   10018.881     88.303   5.000  2.13114E-04  2.26332E-04 -5.77375E-02
   10020.796     90.218   5.050  2.14472E-04  2.26099E-04 -5.08453E-02
   10022.729     92.151   5.100  2.16107E-04  2.25866E-04 -4.27255E-02
   10024.682     94.104   5.150  2.17926E-04  2.25633E-04 -3.37767E-02
   10026.653     96.075   5.200  2.19852E-04  2.25399E-04 -2.43411E-02
   10028.644     98.066   5.250  2.21792E-04  2.25117E-04 -1.46084E-02
   10030.654    100.076   5.300  2.23727E-04  2.24835E-04 -4.87182E-03
   10032.683    102.105   5.350  2.25610E-04  2.24552E-04  4.65951E-03
   10034.731    104.153   5.400  2.27394E-04  2.24270E-04  1.37815E-02
   10036.798    106.220   5.450  2.29053E-04  2.23982E-04  2.23982E-02
   10038.884    108.306   5.500  2.30510E-04  2.23694E-04  3.01392E-02
   10040.989    110.411   5.550  2.31703E-04  2.23407E-04  3.67342E-02
   10043.113    112.535   5.600  2.32574E-04  2.23119E-04  4.19160E-02
   10045.256    114.678   5.650  2.33125E-04  2.22867E-04  4.55177E-02
   10047.418    116.840   5.700  2.33254E-04  2.22615E-04  4.72527E-02
   10049.599    119.021   5.750  2.32941E-04  2.22364E-04  4.70301E-02
   10051.799    121.221   5.800  2.32194E-04  2.22112E-04  4.48723E-02
   10054.019    123.441   5.850  2.31119E-04  2.21925E-04  4.09419E-02
   10056.257    125.679   5.900  2.29691E-04  2.21739E-04  3.54370E-02
   10058.514    127.936   5.950  2.27988E-04  2.21552E-04  2.86994E-02
   10060.791    130.213   6.000  2.26101E-04  2.21366E-04  2.11291E-02
   10063.086    132.508   6.050  2.24244E-04  2.21296E-04  1.31533E-02
   10065.401    134.823   6.100  2.22374E-04  2.21227E-04  5.11893E-03
   10067.735    137.157   6.150  2.20574E-04  2.21157E-04 -2.60302E-03
   10070.087    139.509   6.200  2.18915E-04  2.21088E-04 -9.69966E-03
   10072.459    141.881   6.250  2.17450E-04  2.21018E-04 -1.59267E-02
   10074.850    144.272   6.300  2.16220E-04  2.20949E-04 -2.11101E-02
   10077.260    146.682   6.350  2.15248E-04  2.20879E-04 -2.51413E-02
   10079.688    149.110   6.400  2.14546E-04  2.20809E-04 -2.79683E-02
   10082.136    151.558   6.450  2.14115E-04  2.20740E-04 -2.95868E-02
   10084.603    154.025   6.500  2.13947E-04  2.20670E-04 -3.00311E-02
   10087.089    156.511   6.550  2.14049E-04  2.20681E-04 -2.96166E-02
   10089.594    159.016   6.600  2.14389E-04  2.20691E-04 -2.81426E-02
   10092.119    161.541   6.650  2.14945E-04  2.20702E-04 -2.57047E-02
   10094.662    164.084   6.700  2.15689E-04  2.20712E-04 -2.24296E-02
   10097.224    166.646   6.750  2.16585E-04  2.20723E-04 -1.84735E-02
   10099.805    169.227   6.800  2.17593E-04  2.20733E-04 -1.40173E-02
   10102.405    171.827   6.850  2.18669E-04  2.20744E-04 -9.25934E-03
   10105.025    174.447   6.900  2.19767E-04  2.20754E-04 -4.40503E-03
   10107.663    177.085   6.950  2.20842E-04  2.20765E-04  3.44525E-04
   10110.321    179.743   7.000  2.21851E-04  2.20775E-04  4.80395E-03
   10112.997    182.419   7.050  2.22695E-04  2.20697E-04  8.92582E-03
   10115.693    185.115   7.100  2.23411E-04  2.20618E-04  1.24792E-02
   10118.407    187.829   7.150  2.23976E-04  2.20540E-04  1.53617E-02
   10121.141    190.563   7.200  2.24376E-04  2.20462E-04  1.75124E-02
   10123.894    193.316   7.250  2.24607E-04  2.20384E-04  1.89095E-02
   10126.666    196.088   7.300  2.24673E-04  2.20305E-04  1.95636E-02
   10129.456    198.878   7.350  2.24580E-04  2.20227E-04  1.95108E-02
   10132.266    201.688   7.400  2.24342E-04  2.20149E-04  1.88054E-02
   10135.095    204.517   7.450  2.23973E-04  2.20071E-04  1.75134E-02
   10137.943    207.365   7.500  2.23490E-04  2.19992E-04  1.57085E-02
   10140.810    210.232   7.550  2.22753E-04  2.19760E-04  1.34608E-02
   10143.696    213.118   7.600  2.21941E-04  2.19528E-04  1.08675E-02
   10146.601    216.023   7.650  2.21073E-04  2.19295E-04  8.01917E-03
   10149.525    218.947   7.700  2.20171E-04  2.19063E-04  5.00554E-03
   10152.469    221.891   7.750  2.19254E-04  2.18831E-04  1.91551E-03
   10155.431    224.853   7.800  2.18342E-04  2.18598E-04 -1.16208E-03
   10158.412    227.834   7.850  2.17454E-04  2.18366E-04 -4.13794E-03
   10161.413    230.835   7.900  2.16610E-04  2.18133E-04 -6.92248E-03
   10164.432    233.854   7.950  2.15829E-04  2.17901E-04 -9.42672E-03
   10167.470    236.892   8.000  2.15130E-04  2.17669E-04 -1.15643E-02
   10170.528    239.950   8.050  2.14466E-04  2.17376E-04 -1.32778E-02
   10173.605    243.027   8.100  2.13913E-04  2.17083E-04 -1.44876E-02
   10176.700    246.122   8.150  2.13483E-04  2.16790E-04 -1.51393E-02
   10179.815    249.237   8.200  2.13184E-04  2.16497E-04 -1.51943E-02
   10182.949    252.371   8.250  2.13018E-04  2.16204E-04 -1.46348E-02
   10186.101    255.523   8.300  2.12984E-04  2.15912E-04 -1.34692E-02
   10189.273    258.695   8.350  2.13072E-04  2.15619E-04 -1.17360E-02
   10192.464    261.886   8.400  2.13267E-04  2.15326E-04 -9.50616E-03
   10195.674    265.096   8.450  2.13544E-04  2.15033E-04 -6.88310E-03
   10198.903    268.325   8.500  2.13877E-04  2.14740E-04 -3.99854E-03
   10202.151    271.573   8.550  2.14296E-04  2.14512E-04 -1.00180E-03
   10205.418    274.840   8.600  2.14709E-04  2.14284E-04  1.97283E-03
   10208.704    278.126   8.650  2.15081E-04  2.14056E-04  4.76425E-03
   10212.009    281.431   8.700  2.15379E-04  2.13827E-04  7.22311E-03
   10215.333    284.755   8.750  2.15579E-04  2.13599E-04  9.22408E-03
   10218.677    288.099   8.800  2.15659E-04  2.13371E-04  1.06762E-02
   10222.039    291.461   8.850  2.15611E-04  2.13143E-04  1.15292E-02
   10225.420    294.842   8.900  2.15433E-04  2.12915E-04  1.17763E-02
   10228.821    298.243   8.950  2.15132E-04  2.12687E-04  1.14513E-02
   10232.240    301.662   9.000  2.14724E-04  2.12458E-04  1.06220E-02
   10235.679    305.101   9.050  2.14328E-04  2.12315E-04  9.44396E-03
   10239.136    308.558   9.100  2.13862E-04  2.12172E-04  7.93594E-03
   10242.613    312.035   9.150  2.13349E-04  2.12029E-04  6.20133E-03
   10246.109    315.531   9.200  2.12809E-04  2.11886E-04  4.33997E-03
   10249.623    319.045   9.250  2.12262E-04  2.11743E-04  2.44180E-03
   10253.157    322.579   9.300  2.11724E-04  2.11600E-04  5.83264E-04
   10256.710    326.132   9.350  2.11208E-04  2.11457E-04 -1.17334E-03
   10260.282    329.704   9.400  2.10725E-04  2.11314E-04 -2.77844E-03
   10263.873    333.295   9.450  2.10283E-04  2.11171E-04 -4.19251E-03
   10267.483    336.905   9.500  2.09889E-04  2.11028E-04 -5.38321E-03
   10271.112    340.534   9.550  2.09542E-04  2.10888E-04 -6.36695E-03
   10274.760    344.182   9.600  2.09251E-04  2.10747E-04 -7.08392E-03
   10278.427    347.849   9.650  2.09021E-04  2.10607E-04 -7.51256E-03
   10282.113    351.535   9.700  2.08856E-04  2.10467E-04 -7.63809E-03
   10285.818    355.240   9.750  2.08756E-04  2.10326E-04 -7.45521E-03
   10289.542    358.964   9.800  2.08719E-04  2.10186E-04 -6.97081E-03
   10293.286    362.708   9.850  2.08740E-04  2.10046E-04 -6.20611E-03
   10297.048    366.470   9.900  2.08813E-04  2.09905E-04 -5.19737E-03
   10300.829    370.251   9.950  2.08926E-04  2.09765E-04 -3.99496E-03
   10304.630    374.052  10.000  2.09066E-04  2.09625E-04 -2.66058E-03
   10308.449    377.871  10.050  2.09123E-04  2.09388E-04 -1.26345E-03
   10312.288    381.710  10.100  2.09181E-04  2.09151E-04  1.41094E-04
   10316.146    385.568  10.150  2.09225E-04  2.08914E-04  1.48475E-03
   10320.022    389.444  10.200  2.09243E-04  2.08678E-04  2.70509E-03
   10323.918    393.340  10.250  2.09223E-04  2.08441E-04  3.74955E-03
   10327.833    397.255  10.300  2.09158E-04  2.08204E-04  4.57845E-03
   10331.767    401.189  10.350  2.09042E-04  2.07968E-04  5.16647E-03
   10335.719    405.141  10.400  2.08874E-04  2.07731E-04  5.50288E-03
   10339.691    409.113  10.450  2.08655E-04  2.07494E-04  5.59050E-03
   10343.682    413.104  10.500  2.08386E-04  2.07258E-04  5.44367E-03
   10347.692    417.114  10.550  2.08074E-04  2.07021E-04  5.08588E-03
   10351.721    421.143  10.600  2.07724E-04  2.06784E-04  4.54708E-03
   10355.769    425.191  10.650  2.07345E-04  2.06548E-04  3.86131E-03
   10359.837    429.259  10.700  2.06943E-04  2.06311E-04  3.06456E-03
   10363.923    433.345  10.750  2.06526E-04  2.06074E-04  2.19329E-03
   10368.028    437.450  10.800  2.06102E-04  2.05837E-04  1.28319E-03
   10372.152    441.574  10.850  2.05677E-04  2.05601E-04  3.68569E-04
   10376.296    445.718  10.900  2.05258E-04  2.05364E-04 -5.18217E-04
   10380.458    449.880  10.950  2.04851E-04  2.05127E-04 -1.34708E-03
   10384.640    454.062  11.000  2.04463E-04  2.04891E-04 -2.09056E-03
   10388.840    458.262  11.050  2.04116E-04  2.04678E-04 -2.74708E-03
   10393.060    462.482  11.100  2.03795E-04  2.04466E-04 -3.28158E-03
   10397.298    466.720  11.150  2.03503E-04  2.04254E-04 -3.67617E-03
   10401.556    470.978  11.200  2.03242E-04  2.04042E-04 -3.91743E-03
   10405.833    475.255  11.250  2.03015E-04  2.03829E-04 -3.99703E-03
   10410.128    479.550  11.300  2.02820E-04  2.03617E-04 -3.91225E-03
   10414.443    483.865  11.350  2.02659E-04  2.03405E-04 -3.66661E-03
   10418.777    488.199  11.400  2.02528E-04  2.03193E-04 -3.27040E-03
   10423.130    492.552  11.450  2.02424E-04  2.02981E-04 -2.74089E-03
   10427.502    496.924  11.500  2.02342E-04  2.02768E-04 -2.10227E-03
   10431.893    501.315  11.550  2.02275E-04  2.02556E-04 -1.38481E-03
   10436.303    505.725  11.600  2.02218E-04  2.02344E-04 -6.23517E-04
   10440.732    510.154  11.650  2.02161E-04  2.02132E-04  1.43865E-04
   10445.180    514.602  11.700  2.02097E-04  2.01919E-04  8.79321E-04
   10449.647    519.069  11.750  2.02020E-04  2.01707E-04  1.54713E-03
   10454.134    523.556  11.800  2.01922E-04  2.01495E-04  2.11631E-03
   10458.639    528.061  11.850  2.01799E-04  2.01283E-04  2.56258E-03
   10463.163    532.585  11.900  2.01649E-04  2.01070E-04  2.86967E-03
   10467.707    537.129  11.950  2.01468E-04  2.00858E-04  3.02991E-03
   10472.269    541.691  12.000  2.01258E-04  2.00646E-04  3.04405E-03
   10476.851    546.273  12.050  2.01026E-04  2.00432E-04  2.95603E-03
   10481.451    550.873  12.100  2.00767E-04  2.00218E-04  2.73500E-03
   10486.071    555.493  12.150  2.00484E-04  2.00004E-04  2.39642E-03
   10490.710    560.132  12.200  2.00182E-04  1.99790E-04  1.96080E-03
   10495.367    564.789  12.250  1.99866E-04  1.99575E-04  1.45240E-03
   10500.044    569.466  12.300  1.99541E-04  1.99361E-04  8.97810E-04
   10504.740    574.162  12.350  1.99212E-04  1.99147E-04  3.24402E-04
   10509.455    578.877  12.400  1.98885E-04  1.98933E-04 -2.40992E-04
   10514.189    583.611  12.450  1.98565E-04  1.98719E-04 -7.73305E-04
   10518.942    588.364  12.500  1.98256E-04  1.98505E-04 -1.25020E-03
   10523.714    593.136  12.550  1.97962E-04  1.98291E-04 -1.65278E-03
   10528.505    597.927  12.600  1.97686E-04  1.98077E-04 -1.96611E-03
   10533.315    602.737  12.650  1.97430E-04  1.97863E-04 -2.17961E-03
   10538.144    607.566  12.700  1.97195E-04  1.97649E-04 -2.28729E-03
   10542.992    612.414  12.750  1.96982E-04  1.97435E-04 -2.28803E-03
   10547.859    617.281  12.800  1.96788E-04  1.97220E-04 -2.18562E-03
   10552.746    622.168  12.850  1.96614E-04  1.97006E-04 -1.98875E-03
   10557.651    627.073  12.900  1.96455E-04  1.96792E-04 -1.71055E-03
   10562.575    631.997  12.950  1.96309E-04  1.96578E-04 -1.36796E-03
   10567.519    636.941  13.000  1.96171E-04  1.96364E-04 -9.80582E-04
   10572.481    641.903  13.050  1.95975E-04  1.96088E-04 -5.76120E-04
   10577.463    646.885  13.100  1.95781E-04  1.95813E-04 -1.62827E-04
   10582.463    651.885  13.150  1.95584E-04  1.95537E-04  2.40582E-04
   10587.483    656.905  13.200  1.95382E-04  1.95261E-04  6.16747E-04
   10592.522    661.944  13.250  1.95171E-04  1.94985E-04  9.50306E-04
   10597.580    667.002  13.300  1.94949E-04  1.94709E-04  1.22843E-03
   10602.656    672.078  13.350  1.94715E-04  1.94434E-04  1.44130E-03
   10607.752    677.174  13.400  1.94466E-04  1.94158E-04  1.58244E-03
   10612.867    682.289  13.450  1.94203E-04  1.93882E-04  1.64893E-03
   10618.001    687.423  13.500  1.93925E-04  1.93606E-04  1.64142E-03
   10623.154    692.576  13.550  1.93634E-04  1.93331E-04  1.56396E-03
   10628.326    697.748  13.600  1.93330E-04  1.93055E-04  1.42350E-03
   10633.517    702.939  13.650  1.93017E-04  1.92779E-04  1.22939E-03
   10638.727    708.149  13.700  1.92695E-04  1.92503E-04  9.92652E-04
   10643.957    713.379  13.750  1.92367E-04  1.92227E-04  7.25406E-04
   10649.205    718.627  13.800  1.92036E-04  1.91952E-04  4.40268E-04
   10654.472    723.894  13.850  1.91705E-04  1.91676E-04  1.49920E-04
   10659.759    729.181  13.900  1.91374E-04  1.91400E-04 -1.33292E-04
   10665.064    734.486  13.950  1.91048E-04  1.91124E-04 -3.97733E-04
   10670.388    739.810  14.000  1.90727E-04  1.90848E-04 -6.32894E-04
   10675.732    745.154  14.050  1.90458E-04  1.90619E-04 -8.41019E-04
   10681.094    750.516  14.100  1.90197E-04  1.90389E-04 -1.00672E-03
   10686.476    755.898  14.150  1.89944E-04  1.90159E-04 -1.12402E-03
   10691.877    761.299  14.200  1.89702E-04  1.89929E-04 -1.18922E-03
   10697.296    766.718  14.250  1.89471E-04  1.89699E-04 -1.20109E-03
   10702.735    772.157  14.300  1.89249E-04  1.89469E-04 -1.16071E-03
   10708.193    777.615  14.350  1.89036E-04  1.89239E-04 -1.07141E-03
   10713.670    783.092  14.400  1.88831E-04  1.89009E-04 -9.38543E-04
   10719.166    788.588  14.450  1.88634E-04  1.88779E-04 -7.69144E-04
   10724.681    794.103  14.500  1.88441E-04  1.88550E-04 -5.71623E-04
   10730.215    799.637  14.550  1.88253E-04  1.88320E-04 -3.55355E-04
   10735.768    805.190  14.600  1.88065E-04  1.88090E-04 -1.30261E-04
   10741.340    810.762  14.650  1.87878E-04  1.87860E-04  9.36321E-05
   10746.931    816.353  14.700  1.87688E-04  1.87630E-04  3.06632E-04
   10752.541    821.963  14.750  1.87494E-04  1.87400E-04  4.99794E-04
   10758.170    827.592  14.800  1.87295E-04  1.87170E-04  6.65294E-04
   10763.819    833.241  14.850  1.87090E-04  1.86940E-04  7.96743E-04
   10769.486    838.908  14.900  1.86877E-04  1.86710E-04  8.89411E-04
   10775.172    844.594  14.950  1.86656E-04  1.86481E-04  9.40382E-04
   10780.878    850.300  15.000  1.86428E-04  1.86251E-04  9.48601E-04
   10786.602    856.024  15.050  1.86145E-04  1.85973E-04  9.21153E-04
   10792.346    861.768  15.100  1.85855E-04  1.85696E-04  8.54576E-04
   10798.109    867.531  15.150  1.85559E-04  1.85419E-04  7.52134E-04
   10803.890    873.312  15.200  1.85257E-04  1.85142E-04  6.18646E-04
   10809.691    879.113  15.250  1.84950E-04  1.84864E-04  4.60317E-04
   10815.511    884.933  15.300  1.84640E-04  1.84587E-04  2.84510E-04
   10821.349    890.771  15.350  1.84328E-04  1.84310E-04  9.94495E-05
   10827.207    896.629  15.400  1.84017E-04  1.84033E-04 -8.61529E-05
   10833.084    902.506  15.450  1.83707E-04  1.83755E-04 -2.63518E-04
   10838.980    908.402  15.500  1.83400E-04  1.83478E-04 -4.24269E-04
   10844.895    914.317  15.550  1.83098E-04  1.83201E-04 -5.60904E-04
   10850.829    920.251  15.600  1.82801E-04  1.82924E-04 -6.67247E-04
   10856.782    926.204  15.650  1.82511E-04  1.82647E-04 -7.38826E-04
   10862.754    932.176  15.700  1.82228E-04  1.82369E-04 -7.73141E-04
   10868.746    938.168  15.750  1.81952E-04  1.82092E-04 -7.69797E-04
   10874.756    944.178  15.800  1.81682E-04  1.81815E-04 -7.30490E-04
   10880.785    950.207  15.850  1.81418E-04  1.81538E-04 -6.58835E-04
   10886.834    956.256  15.900  1.81159E-04  1.81260E-04 -5.60070E-04
   10892.901    962.323  15.950  1.80903E-04  1.80983E-04 -4.40647E-04
   10898.987    968.409  16.000  1.80650E-04  1.80706E-04 -3.07758E-04
   10905.093    974.515  16.050  1.80403E-04  1.80434E-04 -1.72237E-04
   10911.217    980.639  16.100  1.80156E-04  1.80163E-04 -3.67501E-05
   10917.361    986.783  16.150  1.79908E-04  1.79891E-04  9.27245E-05
   10923.524    992.946  16.200  1.79658E-04  1.79620E-04  2.11074E-04
   10929.705    999.127  16.250  1.79405E-04  1.79348E-04  3.14199E-04
   10935.906   1005.328  16.300  1.79149E-04  1.79077E-04  3.99058E-04
   10942.126   1011.548  16.350  1.78888E-04  1.78805E-04  4.63628E-04
   10948.365   1017.787  16.400  1.78625E-04  1.78534E-04  5.06813E-04
   10954.623   1024.045  16.450  1.78357E-04  1.78262E-04  5.28328E-04
   10960.900   1030.322  16.500  1.78085E-04  1.77991E-04  5.28587E-04
   10967.196   1036.618  16.550  1.77810E-04  1.77719E-04  5.08612E-04
   10973.511   1042.933  16.600  1.77532E-04  1.77448E-04  4.69974E-04
   10979.845   1049.267  16.650  1.77250E-04  1.77176E-04  4.14754E-04
   10986.198   1055.620  16.700  1.76966E-04  1.76905E-04  3.45517E-04
   10992.570   1061.992  16.750  1.76680E-04  1.76633E-04  2.65281E-04
   10998.961   1068.383  16.800  1.76393E-04  1.76362E-04  1.77463E-04
   11005.372   1074.794  16.850  1.76106E-04  1.76091E-04  8.57837E-05
   11011.801   1081.223  16.900  1.75818E-04  1.75819E-04 -5.86374E-06
   11018.249   1087.671  16.950  1.75531E-04  1.75548E-04 -9.35872E-05
   11024.717   1094.139  17.000  1.75246E-04  1.75276E-04 -1.73693E-04
   11031.203   1100.625  17.050  1.74966E-04  1.75009E-04 -2.45899E-04
   11037.709   1107.131  17.100  1.74689E-04  1.74743E-04 -3.04747E-04
   11044.234   1113.656  17.150  1.74415E-04  1.74476E-04 -3.47895E-04
   11050.777   1120.199  17.200  1.74144E-04  1.74209E-04 -3.73875E-04
   11057.340   1126.762  17.250  1.73876E-04  1.73942E-04 -3.82164E-04
   11063.922   1133.344  17.300  1.73611E-04  1.73675E-04 -3.73187E-04
   11070.522   1139.944  17.350  1.73348E-04  1.73409E-04 -3.48242E-04
   11077.142   1146.564  17.400  1.73088E-04  1.73142E-04 -3.09371E-04
   11083.781   1153.203  17.450  1.72830E-04  1.72875E-04 -2.59176E-04
   11090.439   1159.861  17.500  1.72574E-04  1.72608E-04 -2.00623E-04
   11097.116   1166.538  17.550  1.72318E-04  1.72342E-04 -1.36838E-04
   11103.812   1173.234  17.600  1.72063E-04  1.72075E-04 -7.09281E-05
   11110.527   1179.949  17.650  1.71807E-04  1.71808E-04 -5.82375E-06
   11117.261   1186.683  17.700  1.71551E-04  1.71541E-04  5.58282E-05
   11124.015   1193.437  17.750  1.71294E-04  1.71275E-04  1.11741E-04
   11130.787   1200.209  17.800  1.71035E-04  1.71008E-04  1.60027E-04
   11137.578   1207.000  17.850  1.70775E-04  1.70741E-04  1.99215E-04
   11144.389   1213.811  17.900  1.70513E-04  1.70474E-04  2.28249E-04
   11151.218   1220.640  17.950  1.70250E-04  1.70208E-04  2.46481E-04
   11158.066   1227.488  18.000  1.69984E-04  1.69941E-04  2.53674E-04
   11164.934   1234.356  18.050  1.69688E-04  1.69645E-04  2.53389E-04
   11171.820   1241.242  18.100  1.69391E-04  1.69350E-04  2.42776E-04
   11178.726   1248.148  18.150  1.69092E-04  1.69055E-04  2.22339E-04
   11185.651   1255.073  18.200  1.68792E-04  1.68759E-04  1.92992E-04
   11192.594   1262.016  18.250  1.68490E-04  1.68464E-04  1.56056E-04
   11199.557   1268.979  18.300  1.68188E-04  1.68169E-04  1.13239E-04
   11206.539   1275.961  18.350  1.67884E-04  1.67873E-04  6.65691E-05
   11213.540   1282.962  18.400  1.67581E-04  1.67578E-04  1.82993E-05
   11220.560   1289.982  18.450  1.67278E-04  1.67282E-04 -2.92177E-05
   11227.599   1297.021  18.500  1.66975E-04  1.66987E-04 -7.36766E-05
   11234.657   1304.079  18.550  1.66673E-04  1.66692E-04 -1.12970E-04
   11241.734   1311.156  18.600  1.66372E-04  1.66396E-04 -1.45329E-04
   11248.830   1318.252  18.650  1.66073E-04  1.66101E-04 -1.69431E-04
   11255.945   1325.367  18.700  1.65775E-04  1.65806E-04 -1.84478E-04
   11263.079   1332.501  18.750  1.65479E-04  1.65510E-04 -1.90219E-04
   11270.232   1339.654  18.800  1.65184E-04  1.65215E-04 -1.86934E-04
   11277.405   1346.827  18.850  1.64891E-04  1.64920E-04 -1.75371E-04
   11284.596   1354.018  18.900  1.64598E-04  1.64624E-04 -1.56659E-04
   11291.806   1361.228  18.950  1.64307E-04  1.64329E-04 -1.32202E-04
   11299.036   1368.458  19.000  1.64016E-04  1.64033E-04 -1.03567E-04
   11306.284   1375.706  19.050  1.63753E-04  1.63765E-04 -7.34259E-05
   11313.552   1382.974  19.100  1.63489E-04  1.63496E-04 -4.16926E-05
   11320.838   1390.260  19.150  1.63225E-04  1.63227E-04 -9.80766E-06
   11328.144   1397.566  19.200  1.62962E-04  1.62958E-04  2.08781E-05
   11335.469   1404.891  19.250  1.62697E-04  1.62689E-04  4.91420E-05
   11342.812   1412.234  19.300  1.62432E-04  1.62420E-04  7.39184E-05
   11350.175   1419.597  19.350  1.62167E-04  1.62152E-04  9.43230E-05
   11357.557   1426.979  19.400  1.61901E-04  1.61883E-04  1.09676E-04
   11364.958   1434.380  19.450  1.61633E-04  1.61614E-04  1.19524E-04
   11372.378   1441.800  19.500  1.61365E-04  1.61345E-04  1.23663E-04
   11379.817   1449.239  19.550  1.61096E-04  1.61076E-04  1.22153E-04
   11387.275   1456.697  19.600  1.60826E-04  1.60807E-04  1.15325E-04
   11394.752   1464.174  19.650  1.60555E-04  1.60539E-04  1.03770E-04
   11402.248   1471.670  19.700  1.60284E-04  1.60270E-04  8.83119E-05
   11409.763   1479.185  19.750  1.60012E-04  1.60001E-04  6.99581E-05
   11417.298   1486.720  19.800  1.59740E-04  1.59732E-04  4.98319E-05
   11424.851   1494.273  19.850  1.59468E-04  1.59463E-04  2.90940E-05
   11432.423   1501.845  19.900  1.59196E-04  1.59194E-04  8.85926E-06
   11440.015   1509.437  19.950  1.58924E-04  1.58926E-04 -9.88211E-06
   11447.625   1517.047  20.000  1.58653E-04  1.58657E-04 -2.63277E-05
