# # Once                                                         FEFF 10.0.0 
# # POT  SCF 100  9.0000   0, NO core-hole, FOLP (folp(0)= 1.000)
# # Abs   Z=30 Rmt= 1.196 Rnm= 1.519 K  shell
# #   RGRID 0.0100
# # Pot 1 Z= 6 Rmt= 0.781 Rnm= 1.123
# # Pot 2 Z= 6 Rmt= 0.803 Rnm= 1.164
# # Pot 3 Z= 1 Rmt= 0.550 Rnm= 0.957
# # Pot 4 Z=16 Rmt= 1.092 Rnm= 1.476
# # Gam_ch=1.897E+00 H-L exch Vi= 0.000E+00 Vr= 0.000E+00
# # Mu=-4.460E+00eV kf=1.404E+00 Vint=-9.190E+00eV Rs_int= 2.583
# FMS rfms= 9.0000
# # PATH  Rmax= 0.100,  Keep_limit= 0.00, Heap_limit 0.00  Pwcrit= 2.50%
#  S02=1.000  Temp=  10.00  Debye_temp= 315.00  Global_sig2= 0.00000
#  Energy zero shift, vr, vi    0.00000E+00   0.00000E+00
#  Curved wave amplitude ratio filter   4.000%
#     file         sig2 tot  cw amp ratio   deg  nlegs   reff  inp sig2
#     0/   0 paths used
#  xsedge+ 50, used to normalize mu           1.0000E+00
#  -----------------------------------------------------------------------
#  omega    e    k    mu    mu0     chi     @#
      9554.6072396443      -24.4598055000       -2.2911494664    3.4226271646E-06    4.0789684758E-06   -6.5634131111E-07
      9555.6072396443      -23.4598055000       -2.2331362757    3.6122151765E-06    4.3114194757E-06   -6.9920429923E-07
      9556.6072396443      -22.4598055000       -2.1735752517    3.8217710618E-06    4.5709917402E-06   -7.4922067837E-07
      9557.6072396443      -21.4598055000       -2.1123354666    4.0545129605E-06    4.8625980538E-06   -8.0808509338E-07
      9558.6072396443      -20.4598055000       -2.0492663191    4.3143785742E-06    5.1923932659E-06   -8.7801469163E-07
      9559.6072396443      -19.4598055000       -1.9841936954    4.6062367753E-06    5.5681887877E-06   -9.6195201236E-07
      9560.6072396443      -18.4598055000       -1.9169132400    4.9361784722E-06    6.0000436296E-06   -1.0638651574E-06
      9561.6072396443      -17.4598055000       -1.8471837768    5.3119237830E-06    6.5011258849E-06   -1.1892021019E-06
      9562.6072396443      -16.4598055000       -1.7747167214    5.7434039064E-06    7.0890000820E-06   -1.3455961756E-06
      9563.6072396443      -15.4598055000       -1.6991619081    6.2436124557E-06    7.7876065250E-06   -1.5439940693E-06
      9564.6072396443      -14.4598055000       -1.6200872587    6.8298853476E-06    8.6304064014E-06   -1.8005210538E-06
      9565.1072396443      -13.9598055000       -1.5790658039    7.1623679804E-06    9.1201512530E-06   -1.9577832726E-06
      9565.6072396443      -13.4598055000       -1.5369497306    7.5258870525E-06    9.6655751430E-06   -2.1396880905E-06
      9566.1072396443      -12.9598055000       -1.4936466613    7.9249111493E-06    1.0276458694E-05   -2.3515475446E-06
      9566.6072396443      -12.4598055000       -1.4490501841    8.3648114278E-06    1.0964977382E-05   -2.6001659547E-06
      9567.1072396443      -11.9598055000       -1.4030367413    8.8521045977E-06    1.1746474284E-05   -2.8943696860E-06
      9567.6072396443      -11.4598055000       -1.3554622724    9.3947803948E-06    1.2640550029E-05   -3.2457696342E-06
      9568.1072396443      -10.9598055000       -1.3061560932    1.0002750713E-05    1.3672631761E-05   -3.6698810478E-06
      9568.6072396443      -10.4598055000       -1.2549141860    1.0688477923E-05    1.4876283675E-05   -4.1878057519E-06
      9569.1072396143       -9.9598055300       -1.2014889076    1.1467873957E-05    1.6296698265E-05   -4.8288243080E-06
      9569.6072396143       -9.4598055300       -1.1455747332    1.2361621211E-05    1.7996128606E-05   -5.6345073957E-06
      9570.1072396143       -8.9598055300       -1.0867876258    1.3397171922E-05    2.0062625483E-05   -6.6654535607E-06
      9570.6072396143       -8.4598055300       -1.0246331595    1.4611885344E-05    2.2624640491E-05   -8.0127551466E-06
      9571.1072396143       -7.9598055300       -0.9584566200    1.6058158589E-05    2.5876526580E-05   -9.8183679913E-06
      9571.6072396143       -7.4598055300       -0.8873583607    1.7812240538E-05    3.0125362399E-05   -1.2313121861E-05
      9572.1072396143       -6.9598055300       -0.8100436294    1.9990256228E-05    3.5881892807E-05   -1.5891636579E-05
      9572.6072396143       -6.4598055300       -0.7245250921    2.2779197882E-05    4.4047686115E-05   -2.1268488233E-05
      9573.1072396143       -5.9598055300       -0.6274570930    2.6500110031E-05    5.6316946131E-05   -2.9816836100E-05
      9573.6072396143       -5.4598055300       -0.5123165798    3.1734442792E-05    7.5997655834E-05   -4.4263213042E-05
      9574.1072396143       -4.9598055300       -0.3622625460    3.9480967197E-05    1.0885720393E-04   -6.9376236732E-05
      9574.6072396143       -4.4598055300        0.0000000000    5.0747256419E-05    1.5824977669E-04   -1.0750252027E-04
      9575.1072396143       -3.9598055300        0.3622625460    6.4569207491E-05    2.0938766222E-04   -1.4481845472E-04
      9575.6072396143       -3.4598055300        0.5123165798    7.9912708492E-05    2.4750882187E-04   -1.6759611338E-04
      9576.1072396143       -2.9598055300        0.6274570930    9.8461910301E-05    2.7310473247E-04   -1.7464282217E-04
      9576.6072396143       -2.4598055300        0.7245250921    1.2210241462E-04    2.9037061366E-04   -1.6826819904E-04
      9577.1072396143       -1.9598055300        0.8100436294    1.5180346163E-04    3.0200047113E-04   -1.5019700950E-04
      9577.6072396143       -1.4598055300        0.8873583607    1.8691492185E-04    3.0958189018E-04   -1.2266696833E-04
      9578.1072396133       -0.9598055310        0.9584566200    2.2469987968E-04    3.1412833198E-04   -8.9428452293E-05
      9578.6072396133       -0.4598055310        1.0246331595    2.6096103267E-04    3.1636849826E-04   -5.5407465594E-05
      9579.1072396134        0.0401944691        1.0867876258    2.9197731788E-04    3.1684719981E-04   -2.4869881922E-05
      9579.6072396133        0.5401944690        1.1455747332    3.1613295300E-04    3.1599078869E-04    1.4216431221E-07
      9580.1072396143        1.0401944700        1.2014889076    3.3378562310E-04    3.1413931932E-04    1.9646303780E-05
      9580.6072396143        1.5401944700        1.2549141860    3.4580409776E-04    3.1155421722E-04    3.4249880542E-05
      9581.1072396143        2.0401944700        1.3061560932    3.5268557552E-04    3.0844162117E-04    4.4243954349E-05
      9581.6072396143        2.5401944700        1.3554622724    3.5499951602E-04    3.0496461037E-04    5.0034905646E-05
      9582.1072396143        3.0401944700        1.4030367413    3.5377086726E-04    3.0124462601E-04    5.2526241249E-05
      9582.6072396143        3.5401944700        1.4490501841    3.5041390086E-04    2.9738697756E-04    5.3026923295E-05
      9583.1072396143        4.0401944700        1.4936466613    3.4601585476E-04    2.9346367324E-04    5.2552181522E-05
      9583.6072396143        4.5401944700        1.5369497306    3.4119114807E-04    2.8952568919E-04    5.1665458875E-05
      9584.1072396143        5.0401944700        1.5790658039    3.3600124403E-04    2.8561946462E-04    5.0381779408E-05
      9584.6072396143        5.5401944700        1.6200872587    3.3035377049E-04    2.8176151458E-04    4.8592255907E-05
      9585.2340152543        6.1669701100        1.6700872977    3.2283157553E-04    2.7701651855E-04    4.5815056984E-05
      9585.8798408143        6.8127956700        1.7200873036    3.1484609961E-04    2.7208780431E-04    4.2758295300E-05
      9586.5447162943        7.4776711500        1.7700872793    3.0683488683E-04    2.6711550420E-04    3.9719382628E-05
      9587.2286416943        8.1615965500        1.8200872856    2.9976205182E-04    2.6360017284E-04    3.6161878977E-05
      9587.9316170243        8.8645718800        1.8700873770    2.9468206672E-04    2.6276549655E-04    3.1916570172E-05
      9588.6536422643        9.5865971200        1.9200873252    2.9009904137E-04    2.6216390309E-04    2.7935138281E-05
      9589.3947174443       10.3276723000        1.9700873572    2.8507411921E-04    2.6086167980E-04    2.4212439417E-05
      9590.1548425443       11.0877974000        2.0200873613    2.7981217291E-04    2.5895343773E-04    2.0858735176E-05
      9590.9340175443       11.8669724000        2.0700873396    2.7486655787E-04    2.5665367287E-04    1.8212885002E-05
      9591.7322424443       12.6651973000        2.1200873943    2.7059736486E-04    2.5399300209E-04    1.6604362770E-05
      9592.5495172443       13.4824721000        2.1700873240    2.6707330403E-04    2.5092663057E-04    1.6146673464E-05
      9593.3858420443       14.3187969000        2.2200873288    2.6414500662E-04    2.4749008274E-04    1.6654923880E-05
      9594.2412167443       15.1741716000        2.2700873101    2.6146295029E-04    2.4376971570E-04    1.7693234589E-05
      9595.1156413443       16.0485962000        2.3200873610    2.5867431692E-04    2.3995843062E-04    1.8715886293E-05
      9596.0091158443       16.9420707000        2.3700872976    2.5565072051E-04    2.3633162722E-04    1.9319093292E-05
      9596.9216402443       17.8545951000        2.4200873029    2.5227201336E-04    2.3296775049E-04    1.9304262872E-05
      9597.8532146443       18.7861695000        2.4700872865    2.4854512275E-04    2.2989813421E-04    1.8646988543E-05
      9598.8038389443       19.7367938000        2.5200873342    2.4452940160E-04    2.2713062317E-04    1.7398778433E-05
      9599.7735131443       20.7064680000        2.5700872766    2.4024049545E-04    2.2464648023E-04    1.5594015219E-05
      9600.7622372443       21.6951921000        2.6200872821    2.3564428029E-04    2.2244047015E-04    1.3203810139E-05
      9601.7700113443       22.7029662000        2.6700872676    2.3062739247E-04    2.2049553611E-04    1.0131856359E-05
      9602.7968352443       23.7297901000        2.7200873124    2.2506845690E-04    2.1879195452E-04    6.2765023796E-06
      9603.8427091443       24.7756640000        2.7700872596    2.1892835107E-04    2.1730162990E-04    1.6267211682E-06
      9604.9076329443       25.8405878000        2.8200872653    2.1233730672E-04    2.1602677592E-04   -3.6894691997E-06
      9605.9916066443       26.9245615000        2.8700873265    2.0556062407E-04    2.1493457653E-04   -9.3739524526E-06
      9607.0946303443       28.0275852000        2.9200872946    1.9902540948E-04    2.1402217283E-04   -1.4996763352E-05
      9608.2167038443       29.1496587000        2.9700873176    1.9320047068E-04    2.1328180028E-04   -2.0081329602E-05
      9609.3578273443       30.2907822000        3.0200872517    1.8849141125E-04    2.1270517809E-04   -2.4213766834E-05
      9610.5180007443       31.4509556000        3.0700872401    1.8516735680E-04    2.1228461070E-04   -2.7117253897E-05
      9611.6972241443       32.6301790000        3.1200872801    1.8332438318E-04    2.1199344466E-04   -2.8669061473E-05
      9612.8954973443       33.8284522000        3.1700872349    1.8295089657E-04    2.1184174858E-04   -2.8890852011E-05
      9614.1128205443       35.0457754000        3.2200872408    1.8391480353E-04    2.1182318622E-04   -2.7908382689E-05
      9615.3491936443       36.2821485000        3.2700871651    1.8601488355E-04    2.1191555689E-04   -2.5900673340E-05
      9616.6046166443       37.5375715000        3.3200872682    1.8904362838E-04    2.1212618857E-04   -2.3082560197E-05
      9617.8790895443       38.8120444000        3.3700874155    1.9277322055E-04    2.1244402698E-04   -1.9670806429E-05
      9619.1726123443       40.1055672000        3.4200874809    1.9699144440E-04    2.1285539211E-04   -1.5863947706E-05
      9620.4851851443       41.4181400000        3.4700874677    2.0152581305E-04    2.1336832897E-04   -1.1842515923E-05
      9621.8168078443       42.7497627000        3.5200873794    2.0620710979E-04    2.1396246721E-04   -7.7553574197E-06
      9623.1674804443       44.1004353000        3.5700874575    2.1090924886E-04    2.1463962303E-04   -3.7303741764E-06
      9624.5372029443       45.4701578000        3.6200873425    2.1551807660E-04    2.1539135722E-04    1.2671937988E-07
      9625.9259754443       46.8589303000        3.6700873901    2.1993512648E-04    2.1621202453E-04    3.7231019477E-06
      9627.3337977443       48.2667526000        3.7200873650    2.2407731088E-04    2.1709980201E-04    6.9775088712E-06
      9628.7606700443       49.6936249000        3.7700873829    2.2785955296E-04    2.1803516081E-04    9.8243921503E-06
      9630.2065922443       51.1395471000        3.8200872194    2.3124992123E-04    2.1903114814E-04    1.2218773094E-05
      9631.6715644443       52.6045193000        3.8700873213    2.3419408950E-04    2.2005901842E-04    1.4135071080E-05
      9633.1555864443       54.0885413000        3.9200871357    2.3670282062E-04    2.2113480727E-04    1.5568013346E-05
      9634.6586584443       55.5916133000        3.9700873166    2.3875667837E-04    2.2223087004E-04    1.6525808337E-05
      9636.1807803443       57.1137352000        4.0200872151    2.4038824203E-04    2.2335870314E-04    1.7029538885E-05
      9637.7219521443       58.6549070000        4.0700872600    2.4159642504E-04    2.2449468600E-04    1.7101739036E-05
      9639.2821738443       60.2151287000        4.1200870326    2.4241509694E-04    2.2564443819E-04    1.6770658752E-05
      9640.8614455443       61.7944004000        4.1700873594    2.4284623775E-04    2.2679085223E-04    1.6055385518E-05
      9642.4597670443       63.3927219000        4.2200870102    2.4290599733E-04    2.2794097511E-04    1.4965022221E-05
      9644.0771385443       65.0100934000        4.2700874045    2.4257078219E-04    2.2908175131E-04    1.3489030882E-05
      9645.7135599443       66.6465148000        4.3200871369    2.4181173348E-04    2.3020290061E-04    1.1608832863E-05
      9647.3690312443       68.3019861000        4.3700873990    2.4060234729E-04    2.3129712972E-04    9.3052175696E-06
      9649.0435525443       69.9765074000        4.4200875951    2.3895019517E-04    2.3236594661E-04    6.5842485536E-06
      9650.7371237443       71.6700786000        4.4700873463    2.3689603347E-04    2.3339643524E-04    3.4995982236E-06
      9652.4497448443       73.3826997000        4.5200876093    2.3454455137E-04    2.3438001917E-04    1.6453220331E-07
      9654.1814158443       75.1143707000        4.5700872495    2.3206940282E-04    2.3531976320E-04   -3.2503603794E-06
      9655.9321367443       76.8650916000        4.6200875770    2.2966241756E-04    2.3620296181E-04   -6.5405442465E-06
      9657.7019075443       78.6348624000        4.6700872937    2.2753212731E-04    2.3703212571E-04   -9.4999984006E-06
      9659.4907283443       80.4236832000        4.7200875012    2.2584612105E-04    2.3780015274E-04   -1.1954031698E-05
      9661.2985990443       82.2315539000        4.7700872916    2.2471082355E-04    2.3849382625E-04   -1.3783002699E-05
      9663.1255196443       84.0584745000        4.8200875611    2.2419096270E-04    2.3912348163E-04   -1.4932518935E-05
      9664.9714901443       85.9044450000        4.8700872460    2.2427964514E-04    2.3968864236E-04   -1.5408997217E-05
      9666.8365106443       87.7694655000        4.9200874025    2.2490377058E-04    2.4017093401E-04   -1.5267163426E-05
      9668.7205810443       89.6535359000        4.9700873309    2.2599246224E-04    2.4057955470E-04   -1.4587092457E-05
      9670.6237013443       91.5566562000        5.0200875471    2.2744672294E-04    2.4090919195E-04   -1.3462469014E-05
      9672.5458715443       93.4788264000        5.0700872027    2.2917742178E-04    2.4116015301E-04   -1.1982731230E-05
      9674.4870916443       95.4200465000        5.1200874783    2.3111550349E-04    2.4134394218E-04   -1.0228438696E-05
      9676.4473617443       97.3803166000        5.1700872031    2.3317738175E-04    2.4144471686E-04   -8.2673351021E-06
      9678.4266816443       99.3596365000        5.2200873716    2.3531605136E-04    2.4147313924E-04   -6.1570878757E-06
      9680.4250511443      101.3580060000        5.2700871633    2.3748217672E-04    2.4143042648E-04   -3.9482497543E-06
      9682.4424711443      103.3754260000        5.3200873890    2.3962878347E-04    2.4131763247E-04   -1.6888490086E-06
      9684.4789411443      105.4118960000        5.3700870854    2.4170874470E-04    2.4113656785E-04    5.7217684889E-07
      9686.5344611443      107.4674160000        5.4200875237    2.4367703690E-04    2.4089515513E-04    2.7818817627E-06
      9688.6090301443      109.5419850000        5.4700872829    2.4547787072E-04    2.4059949476E-04    4.8783759625E-06
      9690.7026501443      111.6356050000        5.5200873067    2.4703357527E-04    2.4024029625E-04    6.7932790171E-06
      9692.8153191443      113.7482740000        5.5700872823    2.4828965195E-04    2.3983663668E-04    8.4530152646E-06
      9694.9470381443      115.8799930000        5.6200875141    2.4916977217E-04    2.3938604781E-04    9.7837243668E-06
      9697.0978081443      118.0307630000        5.6700870942    2.4961526870E-04    2.3889613631E-04    1.0719132391E-05
      9699.2676271443      120.2005820000        5.7200875283    2.4958250416E-04    2.3837399862E-04    1.1208505537E-05
      9701.4564961443      122.3894510000        5.7700870235    2.4904396491E-04    2.3781717663E-04    1.1226788286E-05
      9703.6644151443      124.5973700000        5.8200873593    2.4801934921E-04    2.3724094380E-04    1.0778405407E-05
      9705.8913841443      126.8243390000        5.8700870640    2.4655118669E-04    2.3664876064E-04    9.9024260558E-06
      9708.1374031443      129.0703580000        5.9200873040    2.4471402301E-04    2.3604460105E-04    8.6694219610E-06
      9710.4024721443      131.3354270000        5.9700872103    2.4261422846E-04    2.3544119925E-04    7.1730292048E-06
      9712.6865901443      133.6195450000        6.0200873568    2.4029385460E-04    2.3483157274E-04    5.4622818627E-06
