# r  chir_mag  chir_re  chir_im
0.000000000000000000e+00 4.707970763879391722e-07 -4.707970763879391722e-07 0.000000000000000000e+00
3.067961575771282340e-02 5.305773014826194485e-07 -5.213250560978899393e-07 9.865322464628466501e-08
6.135923151542564680e-02 6.934022850831789852e-07 -6.214649976011141651e-07 3.075515984598704901e-07
9.203884727313846326e-02 9.266125706874103451e-07 -6.485884442925977179e-07 6.617732890394102680e-07
1.227184630308512936e-01 1.194266501055050444e-06 -4.851250993812269904e-07 1.091295612330878600e-06
1.533980787885641239e-01 1.457773855326314537e-06 -9.384235061750406498e-08 1.454750228219101701e-06
1.840776945462769265e-01 1.679738185033242561e-06 4.531436481621170153e-07 1.617461345562576243e-06
2.147573103039897569e-01 1.831280685932456294e-06 1.009848332647718727e-06 1.527676436853651948e-06
2.454369260617025872e-01 1.901004617708435072e-06 1.436376871450554593e-06 1.245246979402363318e-06
2.761165418194154175e-01 1.904847696819238164e-06 1.676389268386928022e-06 9.045240565704683238e-07
3.067961575771282479e-01 1.894074192623412416e-06 1.785497232631741324e-06 6.320733180782318970e-07
3.374757733348410782e-01 1.948847246653708635e-06 1.891996434495519816e-06 4.672847982183688792e-07
3.681553890925538530e-01 2.137152404247367272e-06 2.110942279579997483e-06 3.336811221239593554e-07
3.988350048502666834e-01 2.462083569082470209e-06 2.460772194933019440e-06 8.034740686795153940e-08
4.295146206079795137e-01 2.863820489841268151e-06 2.831736688409266442e-06 -4.274752923288081135e-07
4.601942363656923440e-01 3.262906732181875328e-06 3.026820256393622322e-06 -1.218572721836104643e-06
4.908738521234051744e-01 3.590331593217682700e-06 2.854896141935999205e-06 -2.177165351556002462e-06
5.215534678811180047e-01 3.798323665558912885e-06 2.226340208232510467e-06 -3.077445685231848147e-06
5.522330836388308350e-01 3.863378166423478285e-06 1.200574749279059853e-06 -3.672099008495162929e-06
5.829126993965436654e-01 3.786457140158776790e-06 -3.649026572580501574e-08 -3.786281306871775858e-06
6.135923151542564957e-01 3.591538963903779743e-06 -1.246429934310763468e-06 -3.368317762339696909e-06
6.442719309119693261e-01 3.324416084117216438e-06 -2.216763624205411706e-06 -2.477438462351171562e-06
6.749515466696821564e-01 3.056840089099891601e-06 -2.798777220043430925e-06 -1.229275153451902877e-06
7.056311624273949867e-01 2.901878502262862971e-06 -2.890743553852966447e-06 2.539695803691442133e-07
7.363107781851077061e-01 3.023717678888114807e-06 -2.393679789524173534e-06 1.847475484774841706e-06
7.669903939428205364e-01 3.580249200204539614e-06 -1.190762488389292718e-06 3.376428443164490757e-06
7.976700097005333667e-01 4.627377749728393716e-06 8.097396289885694236e-07 4.555979211094675580e-06
8.283496254582461971e-01 6.128413331031708496e-06 3.571446894621650904e-06 4.980182429877897856e-06
8.590292412159590274e-01 8.012325638523777613e-06 6.820754729113723050e-06 4.204125005636517393e-06
8.897088569736718577e-01 1.019093284891488522e-05 1.001033395231200885e-05 1.910059290776568764e-06
9.203884727313846881e-01 1.255776435844411796e-05 1.241127716993710956e-05 -1.912496978613891101e-06
9.510680884890975184e-01 1.499315959722737472e-05 1.332501469527761161e-05 -6.873050129205154911e-06
9.817477042468103487e-01 1.738025859347252865e-05 1.233156556087286261e-05 -1.224768874497837758e-05
1.012427320004523068e+00 1.963094047005386453e-05 9.450562926188928338e-06 -1.720641404003001823e-05
1.043106935762236009e+00 2.171931723569848506e-05 5.116365275368991454e-06 -2.110809199226466491e-05
1.073786551519948729e+00 2.371713521546948395e-05 -4.486823593070037425e-08 -2.371709277441624527e-05
1.104466167277661670e+00 2.581770551041398908e-05 -5.540235567997433676e-06 -2.521625879613303956e-05
1.135145783035374389e+00 2.832458485276683114e-05 -1.127081717853909073e-05 -2.598558806741799624e-05
1.165825398793087331e+00 3.158308177985687221e-05 -1.757442811045016110e-05 -2.624177073491318959e-05
1.196505014550800050e+00 3.586864914682356433e-05 -2.499744628044062305e-05 -2.572329044026856016e-05
1.227184630308512991e+00 4.129627207494988286e-05 -3.388598514287051710e-05 -2.360343403374694937e-05
1.257864246066225711e+00 4.780901566435317892e-05 -4.399647426235484888e-05 -1.870861382562361485e-05
1.288543861823938652e+00 5.524010596832519239e-05 -5.433498820462771139e-05 -9.958833475601665117e-06
1.319223477581651371e+00 6.340510738304317904e-05 -6.332513962571112019e-05 3.183446817433591702e-06
1.349903093339364313e+00 7.219305584109717271e-05 -6.922429825428926724e-05 2.048984731219291556e-05
1.380582709097077032e+00 8.164415172485825598e-05 -7.055440234547525778e-05 4.108337645014675045e-05
1.411262324854789973e+00 9.200315335078475471e-05 -6.628417249706082905e-05 6.380430003430725516e-05
1.441941940612502693e+00 1.037293710907810922e-04 -5.563547001294067541e-05 8.754699825424142674e-05
1.472621556370215412e+00 1.174421440926642511e-04 -3.763884176238442000e-05 1.112473586197366770e-04
1.503301172127928353e+00 1.337984111678845115e-04 -1.080321980796570790e-05 1.333615584523181069e-04
1.533980787885641073e+00 1.533338962971267589e-04 2.665906767954092331e-05 1.509986021925887971e-04
1.564660403643354014e+00 1.763240338107741143e-04 7.579210487918780861e-05 1.592033973798461649e-04
1.595340019401066733e+00 2.027085447850519883e-04 1.351918252649008778e-04 1.510427903291578259e-04
1.626019635158779675e+00 2.320858340453247324e-04 1.992666566741995002e-04 1.189816536378643250e-04
1.656699250916492394e+00 2.637550977137222163e-04 2.574015624088292356e-04 5.754291650124042492e-05
1.687378866674205335e+00 2.967803153937107288e-04 2.948931934155172825e-04 -3.341496793936402521e-05
1.718058482431918055e+00 3.300601498536982108e-04 2.960055739359605614e-04 -1.460150770307241019e-04
1.748738098189630996e+00 3.623973576685660765e-04 2.486622881686437582e-04 -2.636264616609891001e-04
1.779417713947343715e+00 3.925659716556548001e-04 1.494509171320588831e-04 -3.630047733437327976e-04
1.810097329705056657e+00 4.193755283135353236e-04 7.139950712409133188e-06 -4.193147443771578988e-04
1.840776945462769376e+00 4.417311597560182046e-04 -1.569264159848862076e-04 -4.129170830391198010e-04
1.871456561220482318e+00 4.586877374831462148e-04 -3.123406038794431221e-04 -3.359133633626867487e-04
1.902136176978195037e+00 4.694959231604777525e-04 -4.265412336823135790e-04 -1.961861305828706834e-04
1.932815792735907978e+00 4.736380284814307225e-04 -4.733243060694398226e-04 -1.723610477050476066e-05
1.963495408493620697e+00 4.708519505375537194e-04 -4.403856683929848999e-04 1.666193938264179137e-04
1.994175024251333417e+00 4.611420372027553592e-04 -3.334081056781682461e-04 3.185765426763289437e-04
2.024854640009046136e+00 4.447764576349894994e-04 -1.751867351089523065e-04 4.088223392969070683e-04
2.055534255766759077e+00 4.222714252986959423e-04 1.430042696616728605e-07 4.222714010841498839e-04
2.086213871524472019e+00 3.943633754720843104e-04 1.560977019868693293e-04 3.621546345805265292e-04
2.116893487282184960e+00 3.619708782968242993e-04 2.633109011199960027e-04 2.483752928258969460e-04
2.147573103039897457e+00 3.261486271008692882e-04 3.065880234836894933e-04 1.112506665874257402e-04
2.178252718797610399e+00 2.880362497032740404e-04 2.875181144565797466e-04 -1.726890275784665146e-05
2.208932334555323340e+00 2.488049353608935417e-04 2.221261141818178710e-04 -1.120887383211374109e-04
2.239611950313036282e+00 2.096049647542879400e-04 1.346764635050450780e-04 -1.606128619613652123e-04
2.270291566070748779e+00 1.715172333586148393e-04 4.989559861967912457e-05 -1.640993314348885830e-04
2.300971181828461720e+00 1.355119420005017426e-04 -1.381530756307138974e-05 -1.348058741364229081e-04
2.331650797586174662e+00 1.024183391476896353e-04 -4.820328316675333660e-05 -9.036569971906912365e-05
2.362330413343887603e+00 7.291283237399878367e-05 -5.526020795552174272e-05 -4.756669571781644429e-05
2.393010029101600100e+00 4.754919714082176909e-05 -4.416797420646961060e-05 -1.761011650254956355e-05
2.423689644859313042e+00 2.695303018264984761e-05 -2.663618806900465514e-05 -4.120597187234856877e-06
2.454369260617025983e+00 1.311037766846541302e-05 -1.247195937456847048e-05 -4.041315623520415545e-06
2.485048876374738480e+00 1.254964145180910853e-05 -6.822600805352507977e-06 -1.053307262007476780e-05
2.515728492132451422e+00 1.909579155875031477e-05 -9.682243180073954193e-06 -1.645914403172750627e-05
2.546408107890164363e+00 2.435427241697485002e-05 -1.733501287112550386e-05 -1.710637055947681248e-05
2.577087723647877304e+00 2.724964438486576171e-05 -2.477580143213493249e-05 -1.134472487533596938e-05
2.607767339405589802e+00 2.802068563525697344e-05 -2.799619468801942324e-05 -1.171284107468974150e-06
2.638446955163302743e+00 2.715215774553089164e-05 -2.532171882356546008e-05 9.800521723790218785e-06
2.669126570921015684e+00 2.518411714954326856e-05 -1.753582589675630959e-05 1.807580058311581472e-05
2.699806186678728626e+00 2.264981078321895401e-05 -7.058338008461738471e-06 2.152193748420262273e-05
2.730485802436441123e+00 2.004624906778173669e-05 3.251068487204218610e-06 1.978086589052784164e-05
2.761165418194154064e+00 1.781282201715119081e-05 1.109722961335596304e-05 1.393370457283925905e-05
2.791845033951867006e+00 1.629660875606376121e-05 1.523569906415638735e-05 5.783850877631453968e-06
2.822524649709579947e+00 1.569099495171739645e-05 1.543432374600250482e-05 -2.826477149811052228e-06
2.853204265467292444e+00 1.598744742703495092e-05 1.213891421421703445e-05 -1.040409712238818460e-05
2.883883881225005386e+00 1.701387364780832743e-05 6.131188215785915260e-06 -1.587074124186373849e-05
2.914563496982718327e+00 1.853647636205740503e-05 -1.638557318736767510e-06 -1.846391306939910353e-05
2.945243112740430824e+00 2.032968998264089543e-05 -1.004199286805308072e-05 -1.767638747109433135e-05
2.975922728498143766e+00 2.219017596535914166e-05 -1.772626872776537449e-05 -1.334853199286909919e-05
3.006602344255856707e+00 2.393002078444819437e-05 -2.319777057547960672e-05 -5.874464662548846187e-06
3.037281960013569648e+00 2.537442088227250981e-05 -2.511258942754366534e-05 3.635806286689271920e-06
3.067961575771282146e+00 2.636794185696721824e-05 -2.270259561413211225e-05 1.341120837783057914e-05
3.098641191528995087e+00 2.678507376551976992e-05 -1.615024448604660776e-05 2.136842950862923043e-05
3.129320807286708028e+00 2.654049970958589517e-05 -6.708251620304416070e-06 2.567873604820167748e-05
3.160000423044420970e+00 2.559630499767740980e-05 3.546146499303159477e-06 2.534947089269529039e-05
3.190680038802133467e+00 2.396503892786938314e-05 1.227481210744017228e-05 2.058281026831212579e-05
3.221359654559846408e+00 2.170877656553913733e-05 1.756857762135406639e-05 1.275210023231304247e-05
3.252039270317559350e+00 1.893541143463726585e-05 1.851054175377650073e-05 3.988690283876203106e-06
3.282718886075272291e+00 1.579502663998160291e-05 1.540871022034997090e-05 -3.471961391347955826e-06
3.313398501832984788e+00 1.248327215102699057e-05 9.627051429627894941e-06 -7.946821022767882066e-06
3.344078117590697730e+00 9.272060134951750084e-06 3.099066294781875811e-06 -8.738814979544331642e-06
3.374757733348410671e+00 6.628421833647838575e-06 -2.282701276543914315e-06 -6.222961584876139489e-06
3.405437349106123612e+00 5.426528017203830790e-06 -5.185352143856979740e-06 -1.599790444306990551e-06
3.436116964863836110e+00 6.224381751800230612e-06 -5.109941403947836998e-06 3.554071895778602214e-06
3.466796580621549051e+00 8.117185158420970001e-06 -2.379803381671124477e-06 7.760491657148814562e-06
3.497476196379261992e+00 1.020651746806481059e-05 2.092959142730867388e-06 9.989620656099579315e-06
3.528155812136974490e+00 1.213501968124163181e-05 7.139865494906646711e-06 9.812289405575195145e-06
3.558835427894687431e+00 1.378049742843529702e-05 1.164597326991187786e-05 7.367049339566681433e-06
3.589515043652400372e+00 1.510687581797758189e-05 1.476205642499852901e-05 3.209265817123216517e-06
3.620194659410113314e+00 1.611217489222948034e-05 1.600222712659019330e-05 -1.879070713627082310e-06
3.650874275167825811e+00 1.680771191768157179e-05 1.525146840009065809e-05 -7.063419253365273071e-06
3.681553890925538752e+00 1.720975664922531811e-05 1.271891189903584174e-05 -1.159331721424543670e-05
3.712233506683251694e+00 1.733815381920386024e-05 8.861002370507441633e-06 -1.490282573367329032e-05
3.742913122440964635e+00 1.721939627147880185e-05 4.282157609878654507e-06 -1.667845119183362202e-05
3.773592738198677132e+00 1.689198530081697074e-05 -3.845377666851790034e-07 -1.688760782671747853e-05
3.804272353956390074e+00 1.641170744165220110e-05 -4.603474552028780554e-06 -1.575284619359960736e-05
3.834951969714103015e+00 1.585411094612168567e-05 -8.039556733962354505e-06 -1.366449272433250751e-05
3.865631585471815956e+00 1.531103547534174949e-05 -1.060100051802713999e-05 -1.104747008794148656e-05
3.896311201229528454e+00 1.487818716129259867e-05 -1.239827404670292006e-05 -8.224551894742027311e-06
3.926990816987241395e+00 1.463342361756872583e-05 -1.362800210335656393e-05 -5.330538944809171276e-06
3.957670432744954336e+00 1.461219860602290193e-05 -1.442715763229729687e-05 -2.318074794889820106e-06
3.988350048502666834e+00 1.479329135080954883e-05 -1.476328397512891138e-05 9.417617849745846708e-07
4.019029664260379775e+00 1.510469694243534075e-05 -1.441693830526209520e-05 4.505969332461332961e-06
4.049709280018092272e+00 1.544598086869833510e-05 -1.307393118596504182e-05 8.225001418896270847e-06
4.080388895775805658e+00 1.571401447162424581e-05 -1.049374976923946767e-05 1.169664339009285346e-05
4.111068511533518155e+00 1.582198975236339024e-05 -6.681155182902317020e-06 1.434215901271038245e-05
4.141748127291231540e+00 1.570935829789915059e-05 -1.980348824596378525e-06 1.558403531389391440e-05
4.172427743048944038e+00 1.534477333272070673e-05 2.959388283957971762e-06 1.505669583996929964e-05
4.203107358806656535e+00 1.472474386611102179e-05 7.343541599340317399e-06 1.276285542899128934e-05
4.233786974564369920e+00 1.386993798591796350e-05 1.046033246199341416e-05 9.108052729193918910e-06
4.264466590322082418e+00 1.282033014917960220e-05 1.188961927876911471e-05 4.795604084980878843e-06
4.295146206079794915e+00 1.162997766646372144e-05 1.161336820783021175e-05 6.213367780869159457e-07
4.325825821837508300e+00 1.036202760453282420e-05 9.989527551285100617e-06 -2.753353478799289285e-06
4.356505437595220798e+00 9.084437926958940761e-06 7.606520284813455959e-06 -4.966675105691076427e-06
4.387185053352934183e+00 7.866676603589813118e-06 5.080565235412373224e-06 -6.006035104308546191e-06
4.417864669110646680e+00 6.777069404761686183e-06 2.874235798652219596e-06 -6.137380409482775188e-06
4.448544284868359178e+00 5.879107852098638116e-06 1.197737918852891552e-06 -5.755808632533730696e-06
4.479223900626072563e+00 5.223188464230682542e-06 1.488075071783102390e-08 -5.223167266719547580e-06
4.509903516383785060e+00 4.831579876418488370e-06 -8.671431939279494852e-07 -4.753128105094214688e-06
4.540583132141497558e+00 4.684736532599548740e-06 -1.672949768744512752e-06 -4.375842256198288366e-06
4.571262747899210943e+00 4.726195196683772111e-06 -2.551609746911331901e-06 -3.978216778485537883e-06
4.601942363656923440e+00 4.887014598302471846e-06 -3.521507503108607710e-06 -3.388494738017348093e-06
4.632621979414635938e+00 5.108676920515098550e-06 -4.474710247307139355e-06 -2.464862690059654281e-06
4.663301595172349323e+00 5.351250564946589539e-06 -5.224698157887821095e-06 -1.156897475061987289e-06
4.693981210930061820e+00 5.590864723776666695e-06 -5.570851957674390265e-06 4.726275756298543436e-07
4.724660826687775206e+00 5.813971491885307583e-06 -5.356480622562508325e-06 2.260614927086749776e-06
4.755340442445487703e+00 6.012162330103075597e-06 -4.508377082693909280e-06 3.977515803079956813e-06
4.786020058203200200e+00 6.178526746380756179e-06 -3.056614561444253825e-06 5.369478576035974553e-06
4.816699673960913586e+00 6.305556375650894915e-06 -1.137962076253797561e-06 6.202022534586584588e-06
4.847379289718626083e+00 6.384380211911940787e-06 1.015313827835636453e-06 6.303130057460222570e-06
4.878058905476338580e+00 6.405064855715703855e-06 3.103123429327677403e-06 5.603167031981293952e-06
4.908738521234051966e+00 6.357664389933887302e-06 4.803957104808822776e-06 4.164359810365845389e-06
4.939418136991764463e+00 6.233665602664513945e-06 5.836939360734203522e-06 2.188315732465159763e-06
4.970097752749476960e+00 6.027477841295155276e-06 6.027471542719349290e-06 -8.713725525765142147e-09
5.000777368507190346e+00 5.737671086965784923e-06 5.357192792943958331e-06 -2.054593604933210795e-06
5.031456984264902843e+00 5.367756945805583046e-06 3.978994786750692982e-06 -3.602834317069671337e-06
5.062136600022616229e+00 4.926415406988723926e-06 2.187028018619185505e-06 -4.414349012933900988e-06
5.092816215780328726e+00 4.427182155799485074e-06 3.470316364583310200e-07 -4.413559887882618757e-06
5.123495831538041223e+00 3.887725428008892553e-06 -1.192776278658519586e-06 -3.700228878415017868e-06
5.154175447295754608e+00 3.328971942374877182e-06 -2.182532885333954207e-06 -2.513683432247387198e-06
5.184855063053467106e+00 2.774527245369469752e-06 -2.519085936439991227e-06 -1.162844564044459900e-06
5.215534678811179603e+00 2.251147535182328173e-06 -2.250507521742074084e-06 5.367606300595269005e-08
5.246214294568892988e+00 1.791426730312264087e-06 -1.541588849650334198e-06 9.125313960138846842e-07
5.276893910326605486e+00 1.438991464171626306e-06 -6.174738634557094102e-07 1.299777850983729181e-06
5.307573526084318871e+00 1.247022430993527010e-06 2.937308433375726043e-07 1.211935285018636612e-06
5.338253141842031368e+00 1.243072443469680293e-06 1.003745973227388987e-06 7.332960663630229209e-07
5.368932757599743866e+00 1.386783797062819977e-06 1.386779072969894550e-06 3.619747053703083213e-09
5.399612373357457251e+00 1.606277015697480101e-06 1.385723552515710945e-06 -8.123398840148377768e-07
5.430291989115169748e+00 1.848933842942615256e-06 1.009537192444706330e-06 -1.548996776190773067e-06
5.460971604872882246e+00 2.085465237831156777e-06 3.274174102237036029e-07 -2.059602655291686531e-06
5.491651220630595631e+00 2.299407566027138174e-06 -5.398238730248133996e-07 -2.235143248388196224e-06
5.522330836388308128e+00 2.480324436874928617e-06 -1.434824960231646490e-06 -2.023187249281485751e-06
5.553010452146020626e+00 2.621020951802426772e-06 -2.188505307629016166e-06 -1.442288233421782308e-06
5.583690067903734011e+00 2.716808672932394056e-06 -2.653210801620014955e-06 -5.843986717024197683e-07
5.614369683661446508e+00 2.765584147558874907e-06 -2.736427230635675843e-06 4.005267639802814052e-07
5.645049299419159894e+00 2.768073628233969415e-06 -2.423682596159045843e-06 1.337159034819762649e-06
5.675728915176872391e+00 2.727923630159690404e-06 -1.781141642345305316e-06 2.066180481440837491e-06
5.706408530934584888e+00 2.651499263405022270e-06 -9.355523650218838233e-07 2.480965561256209207e-06
5.737088146692298274e+00 2.547355043169732306e-06 -3.831138750803797955e-08 2.547066931501698608e-06
5.767767762450010771e+00 2.425399032343555699e-06 7.731386199382120931e-07 2.298873015295340665e-06
5.798447378207723268e+00 2.295805524622670256e-06 1.402934610099768964e-06 1.817277493029664936e-06
5.829126993965436654e+00 2.167771169186584994e-06 1.805610326160131471e-06 1.199584591440085738e-06
5.859806609723149151e+00 2.048278496059495877e-06 1.977294624265064228e-06 5.345566071729243874e-07
5.890486225480861648e+00 1.941121937941589557e-06 1.938054520179048264e-06 -1.090827886133775952e-07
5.921165841238575034e+00 1.846493833659199150e-06 1.716517772031711311e-06 -6.805190783811550314e-07
5.951845456996287531e+00 1.761319452471749516e-06 1.344217938142749655e-06 -1.138123169270636593e-06
5.982525072754000917e+00 1.680265160923339885e-06 8.597703914937003176e-07 -1.443636340954156926e-06
