0.000000000000000000e+00 -5.614282000000000439e-01
5.000000000000000278e-02 -5.997500000000000053e-01
1.000000000000000056e-01 -6.374849000000000210e-01
1.499999999999999944e-01 -7.456137999999999932e-01
2.000000000000000111e-01 -8.480020000000000335e-01
2.500000000000000000e-01 -1.002456999999999931e+00
2.999999999999999889e-01 -1.139383999999999952e+00
3.499999999999999778e-01 -1.296534999999999993e+00
4.000000000000000222e-01 -1.418168000000000095e+00
4.500000000000000111e-01 -1.520664000000000016e+00
5.000000000000000000e-01 -1.569531000000000009e+00
5.500000000000000444e-01 -1.566200000000000037e+00
5.999999999999999778e-01 -1.501973000000000003e+00
6.500000000000000222e-01 -1.374500999999999973e+00
6.999999999999999556e-01 -1.198488999999999916e+00
7.500000000000000000e-01 -9.760016000000000247e-01
8.000000000000000444e-01 -7.355199999999999516e-01
8.499999999999999778e-01 -4.835814999999999975e-01
9.000000000000000222e-01 -2.502469999999999972e-01
9.499999999999999556e-01 -4.049781999999999688e-02
1.000000000000000000e+00 1.245731999999999950e-01
1.050000000000000044e+00 2.467362999999999917e-01
1.100000000000000089e+00 3.179409999999999736e-01
1.149999999999999911e+00 3.477609999999999868e-01
1.199999999999999956e+00 3.395811000000000246e-01
1.250000000000000000e+00 3.072108000000000061e-01
1.300000000000000044e+00 2.596077999999999997e-01
1.350000000000000089e+00 2.095635000000000137e-01
1.399999999999999911e+00 1.651874000000000120e-01
1.449999999999999956e+00 1.341943999999999915e-01
1.500000000000000000e+00 1.186283000000000060e-01
1.550000000000000044e+00 1.190708999999999934e-01
1.600000000000000089e+00 1.306479999999999864e-01
1.649999999999999911e+00 1.474897000000000014e-01
1.699999999999999956e+00 1.624836000000000058e-01
1.750000000000000000e+00 1.690908999999999884e-01
1.800000000000000044e+00 1.627215999999999940e-01
1.850000000000000089e+00 1.483076999999999868e-01
1.899999999999999911e+00 1.174573000000000006e-01
1.949999999999999956e+00 9.883385000000000087e-02
2.000000000000000000e+00 6.197402999999999940e-02
2.049999999999999822e+00 4.513973999999999764e-02
2.100000000000000089e+00 3.591546000000000322e-02
2.149999999999999911e+00 3.579601000000000310e-02
2.200000000000000178e+00 4.259957000000000327e-02
2.250000000000000000e+00 4.682627999999999791e-02
2.299999999999999822e+00 5.297522000000000342e-02
2.350000000000000089e+00 5.798347000000000223e-02
2.399999999999999911e+00 5.965365000000000251e-02
2.450000000000000178e+00 5.647532000000000246e-02
2.500000000000000000e+00 5.201166000000000122e-02
2.549999999999999822e+00 4.587116000000000110e-02
2.600000000000000089e+00 3.777086000000000332e-02
2.649999999999999911e+00 2.618385999999999977e-02
2.700000000000000178e+00 1.270978000000000038e-02
2.750000000000000000e+00 -2.823921999999999977e-03
2.799999999999999822e+00 -2.037697999999999940e-02
2.850000000000000089e+00 -3.861185999999999785e-02
2.899999999999999911e+00 -5.747222999999999915e-02
2.950000000000000178e+00 -7.607094000000000356e-02
3.000000000000000000e+00 -9.326948999999999657e-02
3.049999999999999822e+00 -1.068656999999999940e-01
3.100000000000000089e+00 -1.166652999999999996e-01
3.149999999999999911e+00 -1.215371999999999980e-01
3.200000000000000178e+00 -1.207574000000000009e-01
3.250000000000000000e+00 -1.141290999999999972e-01
3.299999999999999822e+00 -1.024483999999999950e-01
3.350000000000000089e+00 -8.634569999999999745e-02
3.399999999999999911e+00 -6.697356000000000142e-02
3.450000000000000178e+00 -4.594195000000000223e-02
3.500000000000000000e+00 -2.455045000000000144e-02
3.549999999999999822e+00 -3.979319999999999732e-03
3.600000000000000089e+00 1.485649999999999991e-02
3.649999999999999911e+00 3.113617999999999941e-02
3.700000000000000178e+00 4.479584999999999817e-02
3.750000000000000000e+00 5.582332999999999740e-02
3.799999999999999822e+00 6.438323999999999436e-02
3.850000000000000089e+00 7.068887000000000087e-02
3.899999999999999911e+00 7.506999000000000311e-02
3.950000000000000178e+00 7.769797000000000509e-02
4.000000000000000000e+00 7.863488999999999896e-02
4.049999999999999822e+00 7.798441000000000400e-02
4.099999999999999645e+00 7.554771999999999876e-02
4.150000000000000355e+00 7.117167000000000632e-02
4.200000000000000178e+00 6.472364999999999369e-02
4.250000000000000000e+00 5.633148000000000322e-02
4.299999999999999822e+00 4.591349000000000125e-02
4.349999999999999645e+00 3.369045999999999846e-02
4.400000000000000355e+00 2.005250999999999909e-02
4.450000000000000178e+00 5.592286000000000132e-03
4.500000000000000000e+00 -9.128024999999999681e-03
4.549999999999999822e+00 -2.338917999999999900e-02
4.599999999999999645e+00 -3.647087000000000245e-02
4.650000000000000355e+00 -4.781379000000000185e-02
4.700000000000000178e+00 -5.683566999999999786e-02
4.750000000000000000e+00 -6.317419999999999980e-02
4.799999999999999822e+00 -6.666192999999999425e-02
4.849999999999999645e+00 -6.739394999999999414e-02
4.900000000000000355e+00 -6.547772999999999788e-02
4.950000000000000178e+00 -6.124945999999999863e-02
5.000000000000000000e+00 -5.513152999999999804e-02
5.049999999999999822e+00 -4.757941999999999727e-02
5.099999999999999645e+00 -3.900040999999999924e-02
5.150000000000000355e+00 -2.978888000000000022e-02
5.200000000000000178e+00 -2.027566000000000090e-02
5.250000000000000000e+00 -1.063369999999999940e-02
5.299999999999999822e+00 -1.136391999999999958e-03
5.349999999999999645e+00 8.023257000000000652e-03
5.400000000000000355e+00 1.665960999999999831e-02
5.450000000000000178e+00 2.470728999999999981e-02
5.500000000000000000e+00 3.181492999999999821e-02
5.549999999999999822e+00 3.774100999999999845e-02
5.599999999999999645e+00 4.225253999999999815e-02
5.650000000000000355e+00 4.521951999999999916e-02
5.700000000000000178e+00 4.638333000000000039e-02
5.750000000000000000e+00 4.568117000000000011e-02
5.799999999999999822e+00 4.315342999999999957e-02
5.849999999999999645e+00 3.896568000000000254e-02
5.900000000000000355e+00 3.331285999999999969e-02
5.950000000000000178e+00 2.652128000000000124e-02
6.000000000000000000e+00 1.896886000000000058e-02
6.049999999999999822e+00 1.104721000000000002e-02
6.099999999999999645e+00 3.094533000000000006e-03
6.150000000000000355e+00 -4.528505999999999851e-03
6.200000000000000178e+00 -1.150838000000000035e-02
6.250000000000000000e+00 -1.758975000000000122e-02
6.299999999999999822e+00 -2.258067000000000060e-02
6.349999999999999645e+00 -2.635345999999999869e-02
6.400000000000000355e+00 -2.884284000000000153e-02
6.450000000000000178e+00 -3.004240999999999856e-02
6.500000000000000000e+00 -3.000020999999999938e-02
6.549999999999999822e+00 -2.905077000000000007e-02
6.599999999999999645e+00 -2.703995000000000010e-02
6.650000000000000355e+00 -2.411777999999999839e-02
6.700000000000000178e+00 -2.046571000000000154e-02
6.750000000000000000e+00 -1.628515999999999991e-02
6.799999999999999822e+00 -1.178428999999999935e-02
6.849999999999999645e+00 -7.164483000000000136e-03
6.900000000000000355e+00 -2.608567999999999911e-03
6.950000000000000178e+00 1.727735999999999899e-03
7.000000000000000000e+00 5.719924999999999836e-03
7.049999999999999822e+00 9.376568999999999529e-03
7.099999999999999645e+00 1.253100000000000047e-02
7.150000000000000355e+00 1.512824999999999934e-02
7.200000000000000178e+00 1.713260000000000130e-02
7.250000000000000000e+00 1.852078999999999878e-02
7.299999999999999822e+00 1.927714000000000164e-02
7.349999999999999645e+00 1.939174000000000106e-02
7.400000000000000355e+00 1.886223999999999887e-02
7.450000000000000178e+00 1.769857999999999848e-02
7.500000000000000000e+00 1.592918999999999932e-02
7.549999999999999822e+00 1.361639000000000078e-02
7.599999999999999645e+00 1.083966999999999917e-02
7.650000000000000355e+00 7.702819999999999979e-03
7.700000000000000178e+00 4.328857000000000191e-03
7.750000000000000000e+00 8.553089999999999521e-04
7.799999999999999822e+00 -2.572814999999999998e-03
7.849999999999999645e+00 -5.811603999999999728e-03
7.900000000000000355e+00 -8.727251000000000106e-03
7.950000000000000178e+00 -1.120422000000000085e-02
8.000000000000000000e+00 -1.315142000000000047e-02
8.050000000000000711e+00 -1.454784999999999932e-02
8.099999999999999645e+00 -1.532819000000000022e-02
8.150000000000000355e+00 -1.547962999999999943e-02
8.199999999999999289e+00 -1.501256999999999939e-02
8.250000000000000000e+00 -1.395906000000000056e-02
8.300000000000000711e+00 -1.237151000000000049e-02
8.349999999999999645e+00 -1.032183000000000059e-02
8.400000000000000355e+00 -7.900607000000000463e-03
8.449999999999999289e+00 -5.215609999999999864e-03
8.500000000000000000e+00 -2.389079000000000116e-03
8.550000000000000711e+00 4.626767999999999745e-04
8.599999999999999645e+00 3.221790999999999891e-03
8.650000000000000355e+00 5.755180999999999839e-03
8.699999999999999289e+00 7.939566999999999805e-03
8.750000000000000000e+00 9.670890999999999169e-03
8.800000000000000711e+00 1.087291999999999946e-02
8.849999999999999645e+00 1.150369000000000044e-02
8.900000000000000355e+00 1.155868999999999994e-02
8.949999999999999289e+00 1.107024000000000029e-02
9.000000000000000000e+00 1.010302000000000075e-02
9.050000000000000711e+00 8.805344999999999145e-03
9.099999999999999645e+00 7.194599000000000306e-03
9.150000000000000355e+00 5.375760000000000260e-03
9.199999999999999289e+00 3.453400000000000133e-03
9.250000000000000000e+00 1.524299999999999917e-03
9.300000000000000711e+00 -3.277220999999999975e-04
9.349999999999999645e+00 -2.034474999999999999e-03
9.400000000000000355e+00 -3.543765999999999843e-03
9.449999999999999289e+00 -4.818056999999999722e-03
9.500000000000000000e+00 -5.832185999999999620e-03
9.550000000000000711e+00 -6.618460999999999962e-03
9.599999999999999645e+00 -7.126720999999999924e-03
9.650000000000000355e+00 -7.351726999999999741e-03
9.699999999999999289e+00 -7.294814999999999633e-03
9.750000000000000000e+00 -6.964564999999999818e-03
9.800000000000000711e+00 -6.377784000000000057e-03
9.849999999999999645e+00 -5.560340000000000421e-03
9.900000000000000355e+00 -4.547408999999999653e-03
9.949999999999999289e+00 -3.382850000000000180e-03
1.000000000000000000e+01 -2.117613999999999868e-03
1.005000000000000071e+01 -8.049412999999999837e-04
1.009999999999999964e+01 5.072850000000000059e-04
1.015000000000000036e+01 1.762158999999999904e-03
1.019999999999999929e+01 2.906100999999999910e-03
1.025000000000000000e+01 3.891781999999999880e-03
1.030000000000000071e+01 4.680529999999999587e-03
1.034999999999999964e+01 5.244068999999999640e-03
1.040000000000000036e+01 5.565526999999999801e-03
1.044999999999999929e+01 5.639752999999999954e-03
1.050000000000000000e+01 5.472995999999999937e-03
1.055000000000000071e+01 5.082073000000000319e-03
1.059999999999999964e+01 4.493099999999999872e-03
1.065000000000000036e+01 3.739885000000000084e-03
1.069999999999999929e+01 2.862065000000000008e-03
1.075000000000000000e+01 1.903048999999999973e-03
1.080000000000000071e+01 9.078645999999999678e-04
1.084999999999999964e+01 -7.898360000000000049e-05
1.090000000000000036e+01 -1.015547000000000108e-03
1.094999999999999929e+01 -1.864224999999999953e-03
1.100000000000000000e+01 -2.593221000000000154e-03
1.105000000000000071e+01 -3.208594999999999850e-03
1.109999999999999964e+01 -3.669101000000000133e-03
1.115000000000000036e+01 -3.961181000000000250e-03
1.119999999999999929e+01 -4.078613000000000030e-03
1.125000000000000000e+01 -4.022350000000000057e-03
1.130000000000000071e+01 -3.800150999999999876e-03
1.134999999999999964e+01 -3.426064999999999840e-03
1.140000000000000036e+01 -2.919810000000000114e-03
1.144999999999999929e+01 -2.306045000000000057e-03
1.150000000000000000e+01 -1.613522000000000046e-03
1.155000000000000071e+01 -8.740580000000000398e-04
1.159999999999999964e+01 -1.213083999999999988e-04
1.165000000000000036e+01 6.106854000000000535e-04
1.169999999999999929e+01 1.289123000000000092e-03
1.175000000000000000e+01 1.884168999999999991e-03
1.180000000000000071e+01 2.370623999999999995e-03
1.184999999999999964e+01 2.729397000000000160e-03
1.190000000000000036e+01 2.948590000000000065e-03
1.194999999999999929e+01 3.024086000000000048e-03
1.200000000000000000e+01 2.959544000000000150e-03
1.205000000000000071e+01 2.796799999999999894e-03
1.209999999999999964e+01 2.510342000000000042e-03
1.215000000000000036e+01 2.118566000000000112e-03
1.219999999999999929e+01 1.644442999999999990e-03
1.225000000000000000e+01 1.113929000000000048e-03
1.230000000000000071e+01 5.543320999999999709e-04
1.234999999999999964e+01 -7.241646999999999650e-06
1.240000000000000036e+01 -5.452265999999999883e-04
1.244999999999999929e+01 -1.036674999999999923e-03
1.250000000000000000e+01 -1.462044000000000017e-03
1.255000000000000071e+01 -1.805729999999999965e-03
1.259999999999999964e+01 -2.056371999999999887e-03
1.265000000000000036e+01 -2.207008999999999794e-03
1.269999999999999929e+01 -2.255107000000000118e-03
1.275000000000000000e+01 -2.202495999999999968e-03
1.280000000000000071e+01 -2.055208000000000208e-03
1.284999999999999964e+01 -1.823196999999999925e-03
1.290000000000000036e+01 -1.519916000000000062e-03
1.294999999999999929e+01 -1.161724000000000047e-03
1.300000000000000000e+01 -7.671190000000000257e-04
1.305000000000000071e+01 -3.599847999999999893e-04
1.309999999999999964e+01 4.925207000000000022e-05
1.315000000000000036e+01 4.417291999999999855e-04
1.319999999999999929e+01 7.999505999999999978e-04
1.325000000000000000e+01 1.108695000000000036e-03
1.330000000000000071e+01 1.355761999999999939e-03
1.334999999999999964e+01 1.532493000000000006e-03
1.340000000000000036e+01 1.634052999999999894e-03
1.344999999999999929e+01 1.659447999999999999e-03
1.350000000000000000e+01 1.611318999999999946e-03
1.355000000000000071e+01 1.495550999999999912e-03
1.359999999999999964e+01 1.320734999999999965e-03
1.365000000000000036e+01 1.097560999999999936e-03
1.369999999999999929e+01 8.381692000000000049e-04
1.375000000000000000e+01 5.555169999999999466e-04
1.380000000000000071e+01 2.627842000000000242e-04
1.384999999999999964e+01 -2.716815999999999909e-05
1.390000000000000036e+01 -3.022723000000000163e-04
1.394999999999999929e+01 -5.516638000000000357e-04
1.400000000000000000e+01 -7.660257999999999868e-04
1.405000000000000071e+01 -9.498815000000000296e-04
1.409999999999999964e+01 -1.087737000000000079e-03
1.415000000000000036e+01 -1.174811999999999905e-03
1.419999999999999929e+01 -1.208567000000000018e-03
1.425000000000000000e+01 -1.188779000000000051e-03
1.430000000000000071e+01 -1.117521999999999916e-03
1.434999999999999964e+01 -9.990587999999999899e-04
1.440000000000000036e+01 -8.396470000000000062e-04
1.444999999999999929e+01 -6.472614000000000232e-04
1.450000000000000000e+01 -4.312388000000000224e-04
1.455000000000000071e+01 -2.018560999999999934e-04
1.459999999999999964e+01 3.014268000000000055e-05
1.465000000000000036e+01 2.540558999999999743e-04
1.469999999999999929e+01 4.597433000000000270e-04
1.475000000000000000e+01 6.381279999999999591e-04
1.480000000000000071e+01 7.816486000000000094e-04
1.484999999999999964e+01 8.846311000000000148e-04
1.490000000000000036e+01 9.435497000000000372e-04
1.494999999999999929e+01 9.571601000000000111e-04
1.500000000000000000e+01 9.264924000000000336e-04
1.505000000000000071e+01 8.609547999999999854e-04
1.509999999999999964e+01 7.593097999999999514e-04
1.515000000000000036e+01 6.272832000000000321e-04
1.519999999999999929e+01 4.718217000000000027e-04
1.525000000000000000e+01 3.007021999999999820e-04
1.530000000000000071e+01 1.221236999999999909e-04
1.534999999999999964e+01 -5.569596000000000063e-05
1.540000000000000036e+01 -2.248960000000000097e-04
1.544999999999999929e+01 -3.783087999999999989e-04
1.550000000000000000e+01 -5.097453000000000270e-04
1.555000000000000071e+01 -6.142228000000000444e-04
1.559999999999999964e+01 -6.881326000000000326e-04
1.565000000000000036e+01 -7.293446000000000304e-04
1.569999999999999929e+01 -7.372474999999999645e-04
1.575000000000000000e+01 -7.127265999999999940e-04
1.580000000000000071e+01 -6.580803000000000087e-04
1.584999999999999964e+01 -5.768789000000000512e-04
1.590000000000000036e+01 -4.737713999999999749e-04
1.594999999999999929e+01 -3.542455000000000018e-04
1.600000000000000000e+01 -2.243513999999999947e-04
1.605000000000000071e+01 -9.305992000000000127e-05
1.610000000000000142e+01 3.733086000000000260e-05
1.614999999999999858e+01 1.612064000000000021e-04
1.619999999999999929e+01 2.734478000000000147e-04
1.625000000000000000e+01 3.696541999999999818e-04
1.630000000000000071e+01 4.463202999999999897e-04
1.635000000000000142e+01 5.009609999999999628e-04
1.639999999999999858e+01 5.321802000000000043e-04
1.644999999999999929e+01 5.396831999999999628e-04
1.650000000000000000e+01 5.242365999999999606e-04
1.655000000000000071e+01 4.875810000000000062e-04
1.660000000000000142e+01 4.323043999999999737e-04
1.664999999999999858e+01 3.616833999999999869e-04
1.669999999999999929e+01 2.795019999999999948e-04
1.675000000000000000e+01 1.898552999999999981e-04
1.680000000000000071e+01 9.694830000000000147e-05
1.685000000000000142e+01 4.899267999999999795e-06
1.689999999999999858e+01 -8.244344000000000021e-05
1.694999999999999929e+01 -1.616610000000000096e-04
1.700000000000000000e+01 -2.298932999999999966e-04
1.705000000000000071e+01 -2.879213000000000041e-04
1.710000000000000142e+01 -3.315184000000000208e-04
1.714999999999999858e+01 -3.595485000000000152e-04
1.719999999999999929e+01 -3.715370999999999973e-04
1.725000000000000000e+01 -3.676506000000000066e-04
1.730000000000000071e+01 -3.486599999999999856e-04
1.735000000000000142e+01 -3.158942999999999886e-04
1.739999999999999858e+01 -2.711831999999999958e-04
1.744999999999999929e+01 -2.167881999999999990e-04
1.750000000000000000e+01 -1.553202000000000109e-04
1.755000000000000071e+01 -8.964136000000000261e-05
1.760000000000000142e+01 -2.275107000000000103e-05
1.764999999999999858e+01 4.234340999999999919e-05
1.769999999999999929e+01 1.027663999999999992e-04
1.775000000000000000e+01 1.559164000000000036e-04
1.780000000000000071e+01 1.996005999999999876e-04
1.785000000000000142e+01 2.321527000000000042e-04
1.789999999999999858e+01 2.525200000000000014e-04
1.794999999999999929e+01 2.603139000000000082e-04
1.800000000000000000e+01 2.558163999999999924e-04
1.805000000000000071e+01 2.432707999999999952e-04
1.810000000000000142e+01 2.204328000000000082e-04
1.814999999999999858e+01 1.888036999999999962e-04
1.819999999999999929e+01 1.502591000000000061e-04
1.825000000000000000e+01 1.069208999999999947e-04
1.830000000000000071e+01 6.102232000000000158e-05
1.835000000000000142e+01 1.477910999999999952e-05
1.839999999999999858e+01 -2.972490000000000063e-05
1.844999999999999929e+01 -7.063027999999999895e-05
1.850000000000000000e+01 -1.063699999999999997e-04
1.855000000000000071e+01 -1.357128999999999996e-04
1.860000000000000142e+01 -1.577844999999999866e-04
1.864999999999999858e+01 -1.720701000000000045e-04
1.869999999999999929e+01 -1.784036999999999873e-04
1.875000000000000000e+01 -1.769473999999999993e-04
1.880000000000000071e+01 -1.681642999999999918e-04
1.885000000000000142e+01 -1.527866999999999919e-04
1.889999999999999858e+01 -1.317803999999999894e-04
1.894999999999999929e+01 -1.063046999999999988e-04
1.900000000000000000e+01 -7.766715999999999789e-05
1.905000000000000071e+01 -4.813880000000000063e-05
1.910000000000000142e+01 -1.760292999999999919e-05
1.914999999999999858e+01 1.260609000000000046e-05
1.919999999999999929e+01 4.117446000000000083e-05
1.925000000000000000e+01 6.686813000000000652e-05
1.930000000000000071e+01 8.859441000000000072e-05
1.935000000000000142e+01 1.054616999999999935e-04
1.939999999999999858e+01 1.168325999999999967e-04
1.944999999999999929e+01 1.223642000000000100e-04
1.950000000000000000e+01 1.220319000000000064e-04
1.955000000000000071e+01 1.161308000000000029e-04
1.960000000000000142e+01 1.052547999999999939e-04
1.964999999999999858e+01 9.025208999999999532e-05
1.969999999999999929e+01 7.216170999999999794e-05
1.975000000000000000e+01 5.213518000000000048e-05
1.980000000000000071e+01 3.135211000000000161e-05
1.985000000000000142e+01 1.093719000000000023e-05
1.989999999999999858e+01 -8.112874000000000414e-06
1.994999999999999929e+01 -2.498570000000000034e-05
2.000000000000000000e+01 -3.908833999999999920e-05
