# # Once                                                         FEFF 10.0.0 
# # POT  SCF 100  9.0000   0, NO core-hole, FOLP (folp(0)= 1.150)
# # Abs   Z=30 Rmt= 1.378 Rnm= 1.522 K  shell
# #   RGRID 0.0100
# # Pot 1 Z= 6 Rmt= 0.897 Rnm= 1.122
# # Pot 2 Z= 6 Rmt= 0.923 Rnm= 1.165
# # Pot 3 Z= 1 Rmt= 0.551 Rnm= 0.958
# # Pot 4 Z=16 Rmt= 1.260 Rnm= 1.480
# # Gam_ch=1.897E+00 H-L exch Vi=-5.000E-01 Vr= 0.000E+00
# # Mu=-7.034E+00eV kf=1.326E+00 Vint=-8.958E+00eV Rs_int= 2.734
# FMS rfms= 9.0000
# # PATH  Rmax= 0.100,  Keep_limit= 0.00, Heap_limit 0.00  Pwcrit= 2.50%
#  S02=1.000  Temp=  10.00  Debye_temp= 315.00  Global_sig2= 0.00000
#  Energy zero shift, vr, vi    0.00000E+00   0.00000E+00
#  Curved wave amplitude ratio filter   4.000%
#     file         sig2 tot  cw amp ratio   deg  nlegs   reff  inp sig2
#     0/   0 paths used
#  xsedge+ 50, used to normalize mu           1.0000E+00
#  -----------------------------------------------------------------------
#  omega    e    k    mu    mu0     chi     @#
      9653.6565317516      -17.0338035000       -1.6200872587    2.7276140236E-06    3.9850566996E-06   -1.2574426761E-06
      9654.1565317516      -16.5338035000       -1.5790658039    2.8503244587E-06    4.2176619726E-06   -1.3673375139E-06
      9654.6565317516      -16.0338035000       -1.5369497306    2.9836161440E-06    4.4770377541E-06   -1.4934216101E-06
      9655.1565317516      -15.5338035000       -1.4936466613    3.1288991563E-06    4.7679221590E-06   -1.6390230027E-06
      9655.6565317516      -15.0338035000       -1.4490501841    3.2878480797E-06    5.0962201614E-06   -1.8083720817E-06
      9656.1565317516      -14.5338035000       -1.4030367413    3.4624686997E-06    5.4693826309E-06   -2.0069139311E-06
      9656.6565317516      -14.0338035000       -1.3554622724    3.6551867658E-06    5.8969425677E-06   -2.2417558019E-06
      9657.1565317516      -13.5338035000       -1.3061560932    3.8689682753E-06    6.3912900380E-06   -2.5223217627E-06
      9657.6565317516      -13.0338035000       -1.2549141860    4.1074859351E-06    6.9688194150E-06   -2.8613334799E-06
      9658.1565317516      -12.5338035000       -1.2014889076    4.3753552974E-06    7.6516753541E-06   -3.2763200567E-06
      9658.6565317516      -12.0338035000       -1.1455747332    4.6784797702E-06    8.4704961997E-06   -3.7920164295E-06
      9659.1565317516      -11.5338035000       -1.0867876258    5.0245730528E-06    9.4688887348E-06   -4.4443156819E-06
      9659.6565317516      -11.0338035000       -1.0246331595    5.4239858214E-06    1.0711057687E-05   -5.2870718653E-06
      9660.1565317516      -10.5338035000       -0.9584566200    5.8910878024E-06    1.2295528303E-05   -6.4044405010E-06
      9660.6565317516      -10.0338035000       -0.8873583607    6.4467456029E-06    1.4381504770E-05   -7.9347591669E-06
      9661.1565317916       -9.5338034600       -0.8100436294    7.1231848243E-06    1.7243868555E-05   -1.0120683730E-05
      9661.6565317916       -9.0338034600       -0.7245250921    7.9747319538E-06    2.1400923920E-05   -1.3426191967E-05
      9662.1565317916       -8.5338034600       -0.6274570930    9.1056266027E-06    2.7956912762E-05   -1.8851286159E-05
      9662.6565317916       -8.0338034600       -0.5123165798    1.0759159786E-05    3.9719731436E-05   -2.8960571650E-05
      9663.1565317916       -7.5338034600       -0.3622625460    1.3685085522E-05    6.5830531689E-05   -5.2145446167E-05
      9663.6565317916       -7.0338034600        0.0000000000    2.0260327025E-05    1.3503197966E-04   -1.1477165264E-04
      9664.1565317916       -6.5338034600        0.3622625460    2.6675963385E-05    2.2212073648E-04   -1.9544477310E-04
      9664.6565317916       -6.0338034600        0.5123165798    3.1508694261E-05    2.8439860839E-04   -2.5288991413E-04
      9665.1565317916       -5.5338034600        0.6274570930    3.7674169214E-05    3.2800098344E-04   -2.9032681422E-04
      9665.6565317916       -5.0338034600        0.7245250921    4.6245511515E-05    3.5528671644E-04   -3.0904120493E-04
      9666.1565317916       -4.5338034600        0.8100436294    5.9044829886E-05    3.6883023721E-04   -3.0978540732E-04
      9666.6565317916       -4.0338034600        0.8873583607    7.9025442901E-05    3.7215853385E-04   -2.9313309095E-04
      9667.1565317916       -3.5338034600        0.9584566200    1.1065416092E-04    3.6871261595E-04   -2.5805845503E-04
      9667.6565317916       -3.0338034600        1.0246331595    1.5818959222E-04    3.6121451037E-04   -2.0302491815E-04
      9668.1565317916       -2.5338034600        1.0867876258    2.1958735776E-04    3.5159164116E-04   -1.3200428340E-04
      9668.6565317916       -2.0338034600        1.1455747332    2.7975538017E-04    3.4108901428E-04   -6.1333634110E-05
      9669.1565317916       -1.5338034600        1.2014889076    3.1921134909E-04    3.3046311465E-04   -1.1251765564E-05
      9669.6565317916       -1.0338034600        1.2549141860    3.3917555959E-04    3.2015551030E-04    1.9020049289E-05
      9670.1565317866       -0.5338034650        1.3061560932    3.5650768600E-04    3.1039344638E-04    4.6114239616E-05
      9670.6565317868       -0.0338034648        1.3554622724    3.7410661214E-04    3.0129577954E-04    7.2810832598E-05
      9671.1565317866        0.4661965350        1.4030367413    3.7984311548E-04    2.9289844833E-04    8.6944667149E-05
      9671.6565317866        0.9661965350        1.4490501841    3.6764948358E-04    2.8519099141E-04    8.2458492170E-05
      9672.1565317916        1.4661965400        1.4936466613    3.4580886611E-04    2.7815056243E-04    6.7658303683E-05
      9672.6565317916        1.9661965400        1.5369497306    3.2501576076E-04    2.7173512459E-04    5.3280636170E-05
      9673.1565317916        2.4661965400        1.5790658039    3.0942558097E-04    2.6587435194E-04    4.3551229033E-05
      9673.6565317916        2.9661965400        1.6200872587    2.9878369410E-04    2.6043294407E-04    3.8350750033E-05
      9674.2833074316        3.5929721800        1.6700872977    2.9107345332E-04    2.5441536941E-04    3.6658083902E-05
      9674.9291329916        4.2387977400        1.7200873036    2.8789311070E-04    2.4972952580E-04    3.8163584892E-05
      9675.5940084716        4.9036732200        1.7700872793    2.8905256162E-04    2.4957317708E-04    3.9479384544E-05
      9676.2779338716        5.5875986200        1.8200872856    2.8681794529E-04    2.4877908661E-04    3.8038858679E-05
      9676.9809091916        6.2905739400        1.8700873770    2.8115652502E-04    2.4646400982E-04    3.4692515199E-05
      9677.7029344316        7.0125991800        1.9200873252    2.7329379176E-04    2.4314596504E-04    3.0147826729E-05
      9678.4440096016        7.7536743500        1.9700873572    2.6433972550E-04    2.3937422617E-04    2.4965499329E-05
      9679.2041346816        8.5137994300        2.0200873613    2.5524358090E-04    2.3528915865E-04    1.9954422245E-05
      9679.9833096816        9.2929744300        2.0700873396    2.4696918637E-04    2.3092193790E-04    1.6047248468E-05
      9680.7815346516       10.0911994000        2.1200873943    2.4022192503E-04    2.2635409420E-04    1.3867830832E-05
      9681.5988094516       10.9084742000        2.1700873240    2.3520777860E-04    2.2167285758E-04    1.3534921029E-05
      9682.4351342516       11.7447990000        2.2200873288    2.3200866006E-04    2.1737635274E-04    1.4632307320E-05
      9683.2905088516       12.6001736000        2.2700873101    2.3036108620E-04    2.1391638656E-04    1.6444699632E-05
      9684.1649334516       13.4745982000        2.3200873610    2.2954400940E-04    2.1120621264E-04    1.8337796764E-05
      9685.0584080516       14.3680728000        2.3700872976    2.2893510084E-04    2.0909675515E-04    1.9838345690E-05
      9685.9709324516       15.2805972000        2.4200873029    2.2813298814E-04    2.0747862952E-04    2.0654358622E-05
      9686.9025068516       16.2121716000        2.4700872865    2.2698969884E-04    2.0628940132E-04    2.0700297528E-05
      9687.8531311516       17.1627959000        2.5200873342    2.2555141443E-04    2.0548990627E-04    2.0061508159E-05
      9688.8228053516       18.1324701000        2.5700872766    2.2387963537E-04    2.0504557072E-04    1.8834064654E-05
      9689.8115294516       19.1211942000        2.6200872821    2.2190490456E-04    2.0488737364E-04    1.7017530917E-05
      9690.8193034516       20.1289682000        2.6700872676    2.1949948798E-04    2.0498152331E-04    1.4517964673E-05
      9691.8461274516       21.1557922000        2.7200873124    2.1648045617E-04    2.0529916297E-04    1.1181293208E-05
      9692.8920013516       22.2016661000        2.7700872596    2.1267891354E-04    2.0580790856E-04    6.8710049848E-06
      9693.9569251516       23.2665899000        2.8200872653    2.0810292585E-04    2.0650326307E-04    1.5996627827E-06
      9695.0408988516       24.3505636000        2.8700873265    2.0297304229E-04    2.0734799606E-04   -4.3749537706E-06
      9696.1439224516       25.4535872000        2.9200872946    1.9777435372E-04    2.0832663853E-04   -1.0552284812E-05
      9697.2659960516       26.5756608000        2.9700873176    1.9309860887E-04    2.0942546575E-04   -1.6326856881E-05
      9698.4071195516       27.7167843000        3.0200872517    1.8947218728E-04    2.1063314599E-04   -2.1160958710E-05
      9699.5672929516       28.8769577000        3.0700872401    1.8724103343E-04    2.1193602905E-04   -2.4694995619E-05
      9700.7465162516       30.0561810000        3.1200872801    1.8656383151E-04    2.1331492661E-04   -2.6751095102E-05
      9701.9447895516       31.2544543000        3.1700872349    1.8746141144E-04    2.1476510806E-04   -2.7303696618E-05
      9703.1621126516       32.4717774000        3.2200872408    1.8981975930E-04    2.1626208682E-04   -2.6442327519E-05
      9704.3984857516       33.7081505000        3.2700871651    1.9346142925E-04    2.1780150596E-04   -2.4340076715E-05
      9705.6539087516       34.9635735000        3.3200872682    1.9814390673E-04    2.1936799207E-04   -2.1224085346E-05
      9706.9283817516       36.2380465000        3.3700874155    2.0360188596E-04    2.2095285315E-04   -1.7350967195E-05
      9708.2219045516       37.5315693000        3.4200874809    2.0956075271E-04    2.2252742050E-04   -1.2966667788E-05
      9709.5344773516       38.8441421000        3.4700874677    2.1579399095E-04    2.2409606790E-04   -8.3020769529E-06
      9710.8661000516       40.1757648000        3.5200873794    2.2209124468E-04    2.2565177565E-04   -3.5605309735E-06
      9712.2167726516       41.5264374000        3.5700874575    2.2823652696E-04    2.2716358667E-04    1.0729402870E-06
      9713.5864951516       42.8961599000        3.6200873425    2.3405911849E-04    2.2863282401E-04    5.4262944772E-06
      9714.9752675516       44.2849323000        3.6700873901    2.3938826344E-04    2.3004406780E-04    9.3441956397E-06
      9716.3830899516       45.6927547000        3.7200873650    2.4409236189E-04    2.3139175015E-04    1.2700611747E-05
      9717.8099622516       47.1196270000        3.7700873829    2.4806080677E-04    2.3265595074E-04    1.5404856025E-05
      9719.2558844516       48.5655492000        3.8200872194    2.5125906602E-04    2.3384376932E-04    1.7415296699E-05
      9720.7208565516       50.0305213000        3.8700873213    2.5367014548E-04    2.3493566438E-04    1.8734481106E-05
      9722.2048786516       51.5145434000        3.9200871357    2.5533680940E-04    2.3593427727E-04    1.9402532127E-05
      9723.7079505516       53.0176153000        3.9700873166    2.5629895586E-04    2.3682630035E-04    1.9472655510E-05
      9725.2300724516       54.5397372000        4.0200872151    2.5660947156E-04    2.3761543890E-04    1.8994032666E-05
      9726.7712442516       56.0809090000        4.0700872600    2.5628277832E-04    2.3829500438E-04    1.7987773942E-05
      9728.3314660516       57.6411308000        4.1200870326    2.5531699955E-04    2.3886336017E-04    1.6453639376E-05
      9729.9107376516       59.2204024000        4.1700873594    2.5370084872E-04    2.3931483556E-04    1.4386013161E-05
      9731.5090592516       60.8187240000        4.2200870102    2.5145701120E-04    2.3965550458E-04    1.1801506615E-05
      9733.1264307516       62.4360955000        4.2700874045    2.4864862986E-04    2.3989206195E-04    8.7565679081E-06
      9734.7628521516       64.0725169000        4.3200871369    2.4535962500E-04    2.4001394650E-04    5.3456785009E-06
      9736.4183234516       65.7279882000        4.3700873990    2.4173708271E-04    2.4003993443E-04    1.6971482818E-06
      9738.0928447516       67.4025095000        4.4200875951    2.3791627678E-04    2.3996119905E-04   -2.0449222666E-06
      9739.7864158516       69.0960806000        4.4700873463    2.3407062268E-04    2.3979730763E-04   -5.7266849462E-06
      9741.4990369516       70.8087017000        4.5200876093    2.3035352396E-04    2.3954517023E-04   -9.1916462685E-06
      9743.2307079516       72.5403727000        4.5700872495    2.2693051737E-04    2.3921283969E-04   -1.2282322320E-05
      9744.9814289516       74.2910937000        4.6200875770    2.2396292921E-04    2.3880977279E-04   -1.4846843574E-05
      9746.7511997516       76.0608645000        4.6700872937    2.2158555676E-04    2.3833975344E-04   -1.6754196678E-05
      9748.5400205516       77.8496853000        4.7200875012    2.1991628610E-04    2.3782339133E-04   -1.7907105226E-05
      9750.3478912516       79.6575560000        4.7700872916    2.1899302970E-04    2.3725216714E-04   -1.8259137431E-05
      9752.1748118516       81.4844766000        4.8200875611    2.1882472156E-04    2.3664742455E-04   -1.7822702994E-05
      9754.0207823516       83.3304471000        4.8700872460    2.1934623452E-04    2.3601295714E-04   -1.6666722616E-05
      9755.8858028516       85.1954676000        4.9200874025    2.2044992454E-04    2.3535801919E-04   -1.4908094644E-05
      9757.7698731516       87.0795379000        4.9700873309    2.2198673473E-04    2.3468513517E-04   -1.2698400443E-05
      9759.6729934516       88.9826582000        5.0200875471    2.2381237847E-04    2.3400874412E-04   -1.0196365647E-05
      9761.5951636516       90.9048284000        5.0700872027    2.2577240128E-04    2.3332627243E-04   -7.5538711436E-06
      9763.5363838516       92.8460486000        5.1200874783    2.2776519437E-04    2.3265901027E-04   -4.8938159009E-06
      9765.4966538516       94.8063186000        5.1700872031    2.2969820927E-04    2.3200402714E-04   -2.3058178636E-06
      9767.4759738516       96.7856386000        5.2200873716    2.3152257875E-04    2.3136836802E-04    1.5421072936E-07
      9769.4743437516       98.7840085000        5.2700871633    2.3321264461E-04    2.3075422519E-04    2.4584194167E-06
      9771.4917632516      100.8014280000        5.3200873890    2.3476755746E-04    2.3017639969E-04    4.5911577717E-06
      9773.5282332516      102.8378980000        5.3700870854    2.3617113695E-04    2.2962949268E-04    6.5416442726E-06
      9775.5837532516      104.8934180000        5.4200875237    2.3740765965E-04    2.2911580735E-04    8.2918522979E-06
      9777.6583222516      106.9679870000        5.4700872829    2.3845925412E-04    2.2864864207E-04    9.8106120471E-06
      9779.7519422516      109.0616070000        5.5200873067    2.3927449337E-04    2.2822253681E-04    1.1051956561E-05
      9781.8646112516      111.1742760000        5.5700872823    2.3980281971E-04    2.2784522709E-04    1.1957592614E-05
      9783.9963302516      113.3059950000        5.6200875141    2.3997896887E-04    2.2751597100E-04    1.2462997871E-05
      9786.1471002516      115.4567650000        5.6700870942    2.3973191439E-04    2.2722348900E-04    1.2508425391E-05
      9788.3169192516      117.6265840000        5.7200875283    2.3904575664E-04    2.2699280542E-04    1.2052951219E-05
      9790.5057882516      119.8154530000        5.7700870235    2.3788456203E-04    2.2679790214E-04    1.1086659892E-05
      9792.7137072516      122.0233720000        5.8200873593    2.3630034555E-04    2.2665854229E-04    9.6418032579E-06
      9794.9406762516      124.2503410000        5.8700870640    2.3435433012E-04    2.2656126284E-04    7.7930672731E-06
      9797.1866952516      126.4963600000        5.9200873040    2.3215727642E-04    2.2650532541E-04    5.6519510077E-06
      9799.4517642516      128.7614290000        5.9700872103    2.2986209820E-04    2.2649881272E-04    3.3632854828E-06
      9801.7358822516      131.0455470000        6.0200873568    2.2765742480E-04    2.2655720716E-04    1.1002176389E-06
