0.000000000000000000e+00 -5.235382999999999704e-02
5.000000000000000278e-02 -6.851264999999999439e-02
1.000000000000000056e-01 -8.466748000000000329e-02
1.499999999999999944e-01 -1.326091000000000075e-01
2.000000000000000111e-01 -1.802292000000000061e-01
2.500000000000000000e-01 -2.570347000000000048e-01
2.999999999999999889e-01 -3.315619000000000205e-01
3.499999999999999778e-01 -4.279793000000000069e-01
4.000000000000000222e-01 -5.168498999999999732e-01
4.500000000000000111e-01 -6.141328000000000342e-01
5.000000000000000000e-01 -6.950600999999999585e-01
5.500000000000000444e-01 -7.668359000000000147e-01
5.999999999999999778e-01 -8.125531000000000281e-01
6.500000000000000222e-01 -8.335255000000000303e-01
6.999999999999999556e-01 -8.227645000000000097e-01
7.500000000000000000e-01 -7.802076999999999485e-01
8.000000000000000444e-01 -7.085487999999999786e-01
8.499999999999999778e-01 -6.097213999999999690e-01
9.000000000000000222e-01 -4.930617999999999945e-01
9.499999999999999556e-01 -3.628751000000000060e-01
1.000000000000000000e+00 -2.311941000000000135e-01
1.050000000000000044e+00 -1.018058000000000018e-01
1.100000000000000089e+00 1.385801000000000047e-02
1.149999999999999911e+00 1.148373000000000033e-01
1.199999999999999956e+00 1.930592999999999893e-01
1.250000000000000000e+00 2.522848999999999786e-01
1.300000000000000044e+00 2.878550000000000275e-01
1.350000000000000089e+00 3.070466000000000029e-01
1.399999999999999911e+00 3.081202000000000107e-01
1.449999999999999956e+00 2.990906999999999871e-01
1.500000000000000000e+00 2.797370000000000134e-01
1.550000000000000044e+00 2.554274000000000266e-01
1.600000000000000089e+00 2.268802000000000041e-01
1.649999999999999911e+00 1.953473000000000015e-01
1.699999999999999956e+00 1.628227999999999898e-01
1.750000000000000000e+00 1.289030999999999927e-01
1.800000000000000044e+00 9.604949999999999599e-02
1.850000000000000089e+00 6.970684000000000602e-02
1.899999999999999911e+00 4.207762999999999781e-02
1.949999999999999956e+00 3.544602000000000169e-02
2.000000000000000000e+00 2.006490999999999830e-02
2.049999999999999822e+00 2.615578000000000000e-02
2.100000000000000089e+00 3.632196000000000036e-02
2.149999999999999911e+00 4.869732000000000227e-02
2.200000000000000178e+00 6.157718000000000219e-02
2.250000000000000000e+00 6.943683000000000494e-02
2.299999999999999822e+00 7.268597000000000252e-02
2.350000000000000089e+00 7.139790999999999499e-02
2.399999999999999911e+00 6.646791000000000504e-02
2.450000000000000178e+00 5.742657999999999791e-02
2.500000000000000000e+00 4.811776999999999721e-02
2.549999999999999822e+00 3.879056000000000171e-02
2.600000000000000089e+00 2.922075999999999840e-02
2.649999999999999911e+00 1.502123000000000000e-02
2.700000000000000178e+00 -1.259016000000000009e-04
2.750000000000000000e+00 -1.613592999999999972e-02
2.799999999999999822e+00 -3.285073000000000160e-02
2.850000000000000089e+00 -4.871986999999999846e-02
2.899999999999999911e+00 -6.370715000000000405e-02
2.950000000000000178e+00 -7.745567999999999897e-02
3.000000000000000000e+00 -8.950023000000000006e-02
3.049999999999999822e+00 -9.768187000000000397e-02
3.100000000000000089e+00 -1.031103000000000020e-01
3.149999999999999911e+00 -1.054380000000000039e-01
3.200000000000000178e+00 -1.043724000000000041e-01
3.250000000000000000e+00 -9.934236999999999929e-02
3.299999999999999822e+00 -9.120976999999999557e-02
3.350000000000000089e+00 -8.005136000000000196e-02
3.399999999999999911e+00 -6.621512999999999705e-02
3.450000000000000178e+00 -5.065329999999999833e-02
3.500000000000000000e+00 -3.377357999999999749e-02
3.549999999999999822e+00 -1.616692000000000129e-02
3.600000000000000089e+00 1.541131000000000055e-03
3.649999999999999911e+00 1.833098000000000019e-02
3.700000000000000178e+00 3.414508000000000126e-02
3.750000000000000000e+00 4.850658000000000053e-02
3.799999999999999822e+00 6.098572000000000021e-02
3.850000000000000089e+00 7.130040999999999463e-02
3.899999999999999911e+00 7.925432999999999784e-02
3.950000000000000178e+00 8.458912000000000375e-02
4.000000000000000000e+00 8.711472000000000659e-02
4.049999999999999822e+00 8.703959999999999475e-02
4.099999999999999645e+00 8.406711000000000045e-02
4.150000000000000355e+00 7.824430999999999747e-02
4.200000000000000178e+00 6.973902999999999353e-02
4.250000000000000000e+00 5.901929999999999676e-02
4.299999999999999822e+00 4.624469999999999970e-02
4.349999999999999645e+00 3.192447000000000340e-02
4.400000000000000355e+00 1.666197000000000164e-02
4.450000000000000178e+00 1.074457000000000016e-03
4.500000000000000000e+00 -1.417752000000000075e-02
4.549999999999999822e+00 -2.842131999999999992e-02
4.599999999999999645e+00 -4.104872999999999855e-02
4.650000000000000355e+00 -5.169370999999999688e-02
4.700000000000000178e+00 -5.984470000000000067e-02
4.750000000000000000e+00 -6.526574999999999738e-02
4.799999999999999822e+00 -6.787969000000000641e-02
4.849999999999999645e+00 -6.783751000000000364e-02
4.900000000000000355e+00 -6.523366999999999361e-02
4.950000000000000178e+00 -6.038214000000000081e-02
5.000000000000000000e+00 -5.367236000000000229e-02
5.049999999999999822e+00 -4.551191999999999738e-02
5.099999999999999645e+00 -3.633779000000000176e-02
5.150000000000000355e+00 -2.657823000000000130e-02
5.200000000000000178e+00 -1.662355999999999903e-02
5.250000000000000000e+00 -6.729681000000000378e-03
5.299999999999999822e+00 2.741679999999999812e-03
5.349999999999999645e+00 1.155450000000000053e-02
5.400000000000000355e+00 1.951811000000000171e-02
5.450000000000000178e+00 2.656541999999999931e-02
5.500000000000000000e+00 3.247273999999999994e-02
5.549999999999999822e+00 3.713007000000000113e-02
5.599999999999999645e+00 4.044836999999999738e-02
5.650000000000000355e+00 4.242163999999999657e-02
5.700000000000000178e+00 4.292906999999999973e-02
5.750000000000000000e+00 4.196695000000000286e-02
5.799999999999999822e+00 3.957829000000000208e-02
5.849999999999999645e+00 3.588994999999999685e-02
5.900000000000000355e+00 3.100028000000000158e-02
5.950000000000000178e+00 2.511599999999999944e-02
6.000000000000000000e+00 1.849204999999999946e-02
6.049999999999999822e+00 1.141983000000000061e-02
6.099999999999999645e+00 4.150858999999999799e-03
6.150000000000000355e+00 -3.002391000000000087e-03
6.200000000000000178e+00 -9.739770999999999498e-03
6.250000000000000000e+00 -1.579030000000000017e-02
6.299999999999999822e+00 -2.092648000000000078e-02
6.349999999999999645e+00 -2.497504000000000043e-02
6.400000000000000355e+00 -2.782348000000000113e-02
6.450000000000000178e+00 -2.942229999999999845e-02
6.500000000000000000e+00 -2.978309999999999985e-02
6.549999999999999822e+00 -2.920504000000000155e-02
6.599999999999999645e+00 -2.752320999999999934e-02
6.650000000000000355e+00 -2.486653999999999948e-02
6.700000000000000178e+00 -2.139804999999999832e-02
6.750000000000000000e+00 -1.730461999999999972e-02
6.799999999999999822e+00 -1.278630000000000044e-02
6.849999999999999645e+00 -8.045893999999999616e-03
6.900000000000000355e+00 -3.279422000000000153e-03
6.950000000000000178e+00 1.332052000000000019e-03
7.000000000000000000e+00 5.628748999999999732e-03
7.049999999999999822e+00 9.580666999999999309e-03
7.099999999999999645e+00 1.299761999999999966e-02
7.150000000000000355e+00 1.578995999999999872e-02
7.200000000000000178e+00 1.789711000000000080e-02
7.250000000000000000e+00 1.928577000000000069e-02
7.299999999999999822e+00 1.994711999999999874e-02
7.349999999999999645e+00 1.989375999999999992e-02
7.400000000000000355e+00 1.915682999999999969e-02
7.450000000000000178e+00 1.778371000000000118e-02
7.500000000000000000e+00 1.583655999999999953e-02
7.549999999999999822e+00 1.340292000000000046e-02
7.599999999999999645e+00 1.055498000000000026e-02
7.650000000000000355e+00 7.395429000000000239e-03
7.700000000000000178e+00 4.036282000000000411e-03
7.750000000000000000e+00 5.972399999999999671e-04
7.799999999999999822e+00 -2.796678999999999832e-03
7.849999999999999645e+00 -6.018438000000000086e-03
7.900000000000000355e+00 -8.943368999999999625e-03
7.950000000000000178e+00 -1.145459000000000060e-02
8.000000000000000000e+00 -1.344918999999999976e-02
8.050000000000000711e+00 -1.489572999999999939e-02
8.099999999999999645e+00 -1.569827999999999849e-02
8.150000000000000355e+00 -1.582373999999999933e-02
8.199999999999999289e+00 -1.527096000000000009e-02
8.250000000000000000e+00 -1.407285999999999954e-02
8.300000000000000711e+00 -1.229617000000000036e-02
8.349999999999999645e+00 -1.003845000000000084e-02
8.400000000000000355e+00 -7.422475000000000427e-03
8.449999999999999289e+00 -4.588357000000000373e-03
8.500000000000000000e+00 -1.684198000000000032e-03
8.550000000000000711e+00 1.170383000000000100e-03
8.599999999999999645e+00 3.844936000000000187e-03
8.650000000000000355e+00 6.217639999999999972e-03
8.699999999999999289e+00 8.189817999999999751e-03
8.750000000000000000e+00 9.690726999999999675e-03
8.800000000000000711e+00 1.067980999999999965e-02
8.849999999999999645e+00 1.114641000000000069e-02
8.900000000000000355e+00 1.110735000000000021e-02
8.949999999999999289e+00 1.060277999999999915e-02
9.000000000000000000e+00 9.691137000000000709e-03
9.050000000000000711e+00 8.497375999999999194e-03
9.099999999999999645e+00 7.021615000000000148e-03
9.150000000000000355e+00 5.341295000000000244e-03
9.199999999999999289e+00 3.536037000000000121e-03
9.250000000000000000e+00 1.684682999999999970e-03
9.300000000000000711e+00 -1.372435000000000083e-04
9.349999999999999645e+00 -1.859745000000000105e-03
9.400000000000000355e+00 -3.420322999999999853e-03
9.449999999999999289e+00 -4.765738999999999739e-03
9.500000000000000000e+00 -5.853553000000000055e-03
9.550000000000000711e+00 -6.705074000000000103e-03
9.599999999999999645e+00 -7.254197000000000423e-03
9.650000000000000355e+00 -7.489728000000000184e-03
9.699999999999999289e+00 -7.413910000000000118e-03
9.750000000000000000e+00 -7.042094999999999952e-03
9.800000000000000711e+00 -6.401681000000000211e-03
9.849999999999999645e+00 -5.530389000000000138e-03
9.900000000000000355e+00 -4.474012000000000301e-03
9.949999999999999289e+00 -3.283835000000000139e-03
1.000000000000000000e+01 -2.013960999999999876e-03
1.005000000000000071e+01 -7.104325000000000527e-04
1.009999999999999964e+01 5.756475999999999737e-04
1.015000000000000036e+01 1.793314999999999970e-03
1.019999999999999929e+01 2.896711000000000164e-03
1.025000000000000000e+01 3.846485000000000182e-03
1.030000000000000071e+01 4.610765000000000176e-03
1.034999999999999964e+01 5.165775000000000054e-03
1.040000000000000036e+01 5.496186999999999601e-03
1.044999999999999929e+01 5.595298000000000285e-03
1.050000000000000000e+01 5.465074999999999794e-03
1.055000000000000071e+01 5.116077999999999598e-03
1.059999999999999964e+01 4.567227000000000092e-03
1.065000000000000036e+01 3.845327999999999854e-03
1.069999999999999929e+01 2.984277000000000023e-03
1.075000000000000000e+01 2.023880000000000037e-03
1.080000000000000071e+01 1.008248000000000000e-03
1.084999999999999964e+01 -1.619565000000000138e-05
1.090000000000000036e+01 -1.003000999999999893e-03
1.094999999999999929e+01 -1.908116000000000066e-03
1.100000000000000000e+01 -2.692272999999999802e-03
1.105000000000000071e+01 -3.355949999999999905e-03
1.109999999999999964e+01 -3.852522000000000151e-03
1.115000000000000036e+01 -4.163252000000000098e-03
1.119999999999999929e+01 -4.278571000000000110e-03
1.125000000000000000e+01 -4.198514000000000412e-03
1.130000000000000071e+01 -3.932703000000000067e-03
1.134999999999999964e+01 -3.499813000000000056e-03
1.140000000000000036e+01 -2.926457999999999837e-03
1.144999999999999929e+01 -2.245530999999999829e-03
1.150000000000000000e+01 -1.494083000000000000e-03
1.155000000000000071e+01 -7.109465000000000142e-04
1.159999999999999964e+01 6.566661000000000655e-05
1.165000000000000036e+01 8.003147000000000169e-04
1.169999999999999929e+01 1.462044000000000017e-03
1.175000000000000000e+01 2.025554000000000156e-03
1.180000000000000071e+01 2.471824000000000070e-03
1.184999999999999964e+01 2.788278999999999844e-03
1.190000000000000036e+01 2.968664000000000198e-03
1.194999999999999929e+01 3.012735999999999800e-03
1.200000000000000000e+01 2.925885999999999938e-03
1.205000000000000071e+01 2.746620999999999872e-03
1.209999999999999964e+01 2.451874000000000154e-03
1.215000000000000036e+01 2.058220999999999835e-03
1.219999999999999929e+01 1.586340000000000102e-03
1.225000000000000000e+01 1.060032000000000032e-03
1.230000000000000071e+01 5.050547000000000283e-04
1.234999999999999964e+01 -5.219720000000000230e-05
1.240000000000000036e+01 -5.860521999999999520e-04
1.244999999999999929e+01 -1.072882000000000046e-03
1.250000000000000000e+01 -1.492272999999999907e-03
1.255000000000000071e+01 -1.827950000000000061e-03
1.259999999999999964e+01 -2.068420000000000068e-03
1.265000000000000036e+01 -2.207268000000000077e-03
1.269999999999999929e+01 -2.243156000000000056e-03
1.275000000000000000e+01 -2.179527000000000114e-03
1.280000000000000071e+01 -2.024103000000000187e-03
1.284999999999999964e+01 -1.788218999999999963e-03
1.290000000000000036e+01 -1.486071999999999957e-03
1.294999999999999929e+01 -1.133932000000000039e-03
1.300000000000000000e+01 -7.493487999999999972e-04
1.305000000000000071e+01 -3.538131999999999822e-04
1.309999999999999964e+01 4.292704000000000024e-05
1.315000000000000036e+01 4.243017999999999768e-04
1.319999999999999929e+01 7.749833000000000242e-04
1.325000000000000000e+01 1.081373000000000056e-03
1.330000000000000071e+01 1.332021999999999980e-03
1.334999999999999964e+01 1.517995000000000065e-03
1.340000000000000036e+01 1.633164000000000100e-03
1.344999999999999929e+01 1.674438000000000098e-03
1.350000000000000000e+01 1.641892999999999955e-03
1.355000000000000071e+01 1.538798000000000075e-03
1.359999999999999964e+01 1.371498999999999982e-03
1.365000000000000036e+01 1.149164000000000045e-03
1.369999999999999929e+01 8.833717000000000045e-04
1.375000000000000000e+01 5.875634999999999929e-04
1.380000000000000071e+01 2.763760999999999779e-04
1.384999999999999964e+01 -3.510997999999999956e-05
1.390000000000000036e+01 -3.321603999999999919e-04
1.394999999999999929e+01 -6.011659999999999834e-04
1.400000000000000000e+01 -8.303597999999999708e-04
1.405000000000000071e+01 -1.021966000000000020e-03
1.409999999999999964e+01 -1.160006000000000101e-03
1.415000000000000036e+01 -1.239826000000000079e-03
1.419999999999999929e+01 -1.259988000000000080e-03
1.425000000000000000e+01 -1.222152999999999911e-03
1.430000000000000071e+01 -1.130762999999999907e-03
1.434999999999999964e+01 -9.925659000000000304e-04
1.440000000000000036e+01 -8.160544000000000044e-04
1.444999999999999929e+01 -6.108787000000000505e-04
1.450000000000000000e+01 -3.872829000000000050e-04
1.455000000000000071e+01 -1.556119000000000068e-04
1.459999999999999964e+01 7.409230000000000210e-05
1.465000000000000036e+01 2.924014999999999752e-04
1.469999999999999929e+01 4.907361000000000058e-04
1.475000000000000000e+01 6.615479999999999755e-04
1.480000000000000071e+01 7.984815999999999615e-04
1.484999999999999964e+01 8.965363999999999972e-04
1.490000000000000036e+01 9.522429000000000440e-04
1.494999999999999929e+01 9.638485999999999929e-04
1.500000000000000000e+01 9.314912999999999969e-04
1.505000000000000071e+01 8.632689999999999505e-04
1.509999999999999964e+01 7.571750000000000138e-04
1.515000000000000036e+01 6.187067999999999561e-04
1.519999999999999929e+01 4.551679000000000098e-04
1.525000000000000000e+01 2.752602000000000044e-04
1.530000000000000071e+01 8.852652999999999553e-05
1.534999999999999964e+01 -9.530665000000000339e-05
1.540000000000000036e+01 -2.670131999999999866e-04
1.544999999999999929e+01 -4.185017000000000186e-04
1.550000000000000000e+01 -5.433264000000000366e-04
1.555000000000000071e+01 -6.370217000000000067e-04
1.559999999999999964e+01 -6.972289999999999478e-04
1.565000000000000036e+01 -7.236189999999999983e-04
1.569999999999999929e+01 -7.176389000000000249e-04
1.575000000000000000e+01 -6.821400000000000250e-04
1.580000000000000071e+01 -6.209498000000000361e-04
1.584999999999999964e+01 -5.384588999999999955e-04
1.590000000000000036e+01 -4.392775000000000239e-04
1.594999999999999929e+01 -3.279970999999999907e-04
1.600000000000000000e+01 -2.090704000000000032e-04
1.605000000000000071e+01 -8.930927000000000017e-05
1.610000000000000142e+01 3.117059000000000203e-05
1.614999999999999858e+01 1.484446000000000051e-04
1.619999999999999929e+01 2.583948999999999881e-04
1.625000000000000000e+01 3.567719000000000120e-04
1.630000000000000071e+01 4.393724000000000219e-04
1.635000000000000142e+01 5.023217999999999650e-04
1.639999999999999858e+01 5.424208000000000024e-04
1.644999999999999929e+01 5.575029999999999916e-04
1.650000000000000000e+01 5.467395000000000328e-04
1.655000000000000071e+01 5.108330999999999593e-04
1.660000000000000142e+01 4.520602000000000192e-04
1.664999999999999858e+01 3.741422999999999906e-04
1.669999999999999929e+01 2.819569999999999976e-04
1.675000000000000000e+01 1.811245999999999971e-04
1.680000000000000071e+01 7.752258999999999463e-05
1.685000000000000142e+01 -2.320330999999999926e-05
1.689999999999999858e+01 -1.160717000000000020e-04
1.694999999999999929e+01 -1.970875999999999932e-04
1.700000000000000000e+01 -2.634235999999999761e-04
1.705000000000000071e+01 -3.163567000000000267e-04
1.710000000000000142e+01 -3.527124000000000079e-04
1.714999999999999858e+01 -3.725636999999999851e-04
1.719999999999999929e+01 -3.766096999999999934e-04
1.725000000000000000e+01 -3.659482999999999942e-04
1.730000000000000071e+01 -3.419030999999999893e-04
1.735000000000000142e+01 -3.059281999999999757e-04
1.739999999999999858e+01 -2.595952000000000112e-04
1.744999999999999929e+01 -2.046423999999999975e-04
1.750000000000000000e+01 -1.430554000000000059e-04
1.755000000000000071e+01 -7.713707999999999568e-05
1.760000000000000142e+01 -9.531254000000000546e-06
1.764999999999999858e+01 5.682757000000000249e-05
1.769999999999999929e+01 1.188469000000000022e-04
1.775000000000000000e+01 1.734821000000000106e-04
1.780000000000000071e+01 2.179876999999999932e-04
1.785000000000000142e+01 2.501760000000000117e-04
1.789999999999999858e+01 2.686392000000000012e-04
1.794999999999999929e+01 2.728968000000000127e-04
1.800000000000000000e+01 2.634431999999999920e-04
1.805000000000000071e+01 2.448662000000000104e-04
1.810000000000000142e+01 2.156213000000000086e-04
1.814999999999999858e+01 1.779893000000000002e-04
1.819999999999999929e+01 1.345871000000000112e-04
1.825000000000000000e+01 8.810604000000000254e-05
1.830000000000000071e+01 4.107919999999999795e-05
1.835000000000000142e+01 -4.294181000000000010e-06
1.839999999999999858e+01 -4.624775999999999849e-05
1.844999999999999929e+01 -8.346923999999999978e-05
1.850000000000000000e+01 -1.150564000000000052e-04
1.855000000000000071e+01 -1.404315000000000055e-04
1.860000000000000142e+01 -1.592440000000000088e-04
1.864999999999999858e+01 -1.712874000000000026e-04
1.869999999999999929e+01 -1.764520999999999906e-04
1.875000000000000000e+01 -1.747227000000000068e-04
1.880000000000000071e+01 -1.662157999999999951e-04
1.885000000000000142e+01 -1.512440000000000041e-04
1.889999999999999858e+01 -1.303857000000000009e-04
1.894999999999999929e+01 -1.045348000000000007e-04
1.900000000000000000e+01 -7.491288999999999826e-05
1.905000000000000071e+01 -4.384971000000000203e-05
1.910000000000000142e+01 -1.145923999999999974e-05
1.914999999999999858e+01 2.057572000000000161e-05
1.919999999999999929e+01 5.055789999999999921e-05
1.925000000000000000e+01 7.692005000000000565e-05
1.930000000000000071e+01 9.836028000000000620e-05
1.935000000000000142e+01 1.139486000000000020e-04
1.939999999999999858e+01 1.231900999999999981e-04
1.944999999999999929e+01 1.260370999999999931e-04
1.950000000000000000e+01 1.228532999999999915e-04
1.955000000000000071e+01 1.143370999999999933e-04
1.960000000000000142e+01 1.014214000000000044e-04
1.964999999999999858e+01 8.516503000000000408e-05
1.969999999999999929e+01 6.665386999999999343e-05
1.975000000000000000e+01 4.692290999999999829e-05
1.980000000000000071e+01 2.690607000000000106e-05
1.985000000000000142e+01 7.413882999999999605e-06
1.989999999999999858e+01 -1.086661999999999998e-05
1.994999999999999929e+01 -2.735898999999999943e-05
2.000000000000000000e+01 -4.158171999999999666e-05
