# # Once                                                         FEFF 10.0.0 
# # POT  SCF 100  9.0000   0, core-hole, FOLP (folp(0)= 1.150)
# # Abs   Z=30 Rmt= 1.386 Rnm= 1.529 K  shell
# #   RGRID 0.0100
# # Pot 1 Z= 6 Rmt= 0.898 Rnm= 1.121
# # Pot 2 Z= 6 Rmt= 0.927 Rnm= 1.163
# # Pot 3 Z= 1 Rmt= 0.550 Rnm= 0.936
# # Pot 4 Z=16 Rmt= 1.255 Rnm= 1.471
# # Gam_ch=1.897E+00 H-L exch Vi= 0.000E+00 Vr= 0.000E+00
# # Mu=-6.819E+00eV kf=2.010E+00 Vint=-1.336E+01eV Rs_int= 1.804
# # PATH  Rmax= 6.000,  Keep_limit= 0.00, Heap_limit 0.00  Pwcrit= 2.50%
#  S02=1.000  Temp=  10.00  Debye_temp= 315.00  Global_sig2= 0.00000
#  Energy zero shift, vr, vi    0.00000E+00   0.00000E+00
#  Curved wave amplitude ratio filter   4.000%
#     file         sig2 tot  cw amp ratio   deg  nlegs   reff  inp sig2
#           1       0.00300    100.00      1.00     2   2.3601
#           2       0.00303     99.83      1.00     2   2.3617
#           3       0.00310     99.20      1.00     2   2.3674
#           4       0.00311     98.96      1.00     2   2.3695
#           5       0.03150     13.03      1.00     2   2.9989
#           6       0.03049     12.93      1.00     2   3.0073
#           7       0.02267     10.58      1.00     2   3.2453
#           8       0.02224     10.41      1.00     2   3.2645
#           9       0.00598     39.02      1.00     2   3.3080
#          10       0.00602     38.84      1.00     2   3.3138
#          11       0.03026      9.48      1.00     2   3.3811
#          12       0.00561     36.66      1.00     2   3.3855
#          13       0.00554     36.34      1.00     2   3.3963
#          14       0.03052      9.35      1.00     2   3.3987
#          15       0.00957     31.06      1.00     2   3.6001
#          16       0.00935     30.92      1.00     2   3.6061
#          17       0.02176      7.33      1.00     2   3.7193
#          18       0.02150      7.27      1.00     2   3.7303
#          19       0.00422     42.25      2.00     3   3.7484
#          20       0.00424     42.11      2.00     3   3.7526
#          21       0.00411     41.74      2.00     3   3.7859
#          22       0.00410     41.76      2.00     3   3.7903
#          23       0.01643     20.39      2.00     3   3.8456
#          24       0.01591     20.21      2.00     3   3.8528
#          25       0.01130     11.05      2.00     3   3.8614
#          26       0.01115     10.77      2.00     3   3.8765
#          27       0.01477      8.44      2.00     3   3.8909
#          28       0.01489      8.29      2.00     3   3.9026
#          29       0.03727      6.01      1.00     2   3.9975
#          30       0.01489      6.84      2.00     3   4.0088
#          31       0.03685      5.95      1.00     2   4.0111
#          32       0.01482      6.80      2.00     3   4.0181
#          33       0.01700      6.58      2.00     3   4.0769
#          34       0.01710      6.53      2.00     3   4.0872
#          35       0.02903      8.31      1.00     4   4.0911
#          36       0.01209      8.16      2.00     3   4.0976
#          37       0.02798      8.24      1.00     4   4.0996
#          38       0.01196      8.10      2.00     3   4.1085
#          39       0.00434      8.55      2.00     3   4.1362
#          40       0.00456     12.10      1.00     4   4.1844
#          41       0.00459     12.29      1.00     4   4.1863
#          42       0.00451     13.68      1.00     4   4.1889
#          43       0.00452     13.56      1.00     4   4.1913
#          44       0.00609     20.42      2.00     3   4.2135
#          45       0.00627     20.50      2.00     3   4.2134
#          46       0.01671      5.51      2.00     3   4.2327
#          47       0.01623      5.47      2.00     3   4.2338
#          48       0.01433      6.18      2.00     3   4.2433
#          49       0.00430      8.91      2.00     3   4.2479
#          50       0.01429      6.18      2.00     3   4.2481
#          51       0.00435      8.99      2.00     3   4.2540
#          54       0.01142      4.90      1.00     2   4.3014
#          55       0.01138      4.88      1.00     2   4.3069
#          56       0.00421     10.49      2.00     3   4.3284
#          58       0.01819      6.19      1.00     4   4.3373
#          60       0.01913      7.69      2.00     3   4.3454
#          61       0.01062     20.54      2.00     3   4.3514
#          62       0.01909      7.75      2.00     3   4.3552
#          63       0.01061     20.45      2.00     3   4.3571
#          64       0.01828      6.08      1.00     4   4.3567
#          67       0.00566     15.21      2.00     3   4.3777
#          68       0.00557     15.25      2.00     3   4.3793
#          70       0.00439     11.76      2.00     3   4.3848
#          71       0.00443     11.76      2.00     3   4.3894
#          73       0.01135     23.38      1.00     4   4.4015
#          74       0.01141     23.26      1.00     4   4.4073
#          75       0.01147      4.56      2.00     4   4.4589
#          76       0.01098      4.60      2.00     4   4.4603
#          77       0.02737      5.33      1.00     4   4.4738
#          80       0.02753      5.25      1.00     4   4.4915
#          81       0.01023      5.17      2.00     4   4.4980
#          82       0.01016      5.17      2.00     4   4.5025
#          83       0.01167      9.13      2.00     3   4.5306
#          84       0.01168      9.16      2.00     3   4.5343
#          85       0.01956      4.18      1.00     2   4.5505
#          86       0.01881      4.17      1.00     2   4.5534
#          88       0.00956     20.76      2.00     4   4.5807
#          89       0.00957     20.80      2.00     4   4.5845
#          94       0.01536     16.17      2.00     3   4.6232
#          96       0.01489     16.05      2.00     3   4.6276
#         100       0.01329     17.02      1.00     4   4.6958
#         102       0.01310     16.81      1.00     4   4.7018
#         103       0.00599      7.71      1.00     4   4.7202
#         104       0.00453      4.14      2.00     4   4.7218
#         105       0.00605      7.69      1.00     4   4.7233
#         106       0.00466      5.69      2.00     4   4.7275
#         110       0.00470      5.71      2.00     4   4.7312
#         111       0.01955      6.42      2.00     4   4.7338
#         112       0.00619      7.59      1.00     4   4.7348
#         114       0.00593     14.26      1.00     2   4.7364
#         115       0.00622      7.55      1.00     4   4.7391
#         116       0.01910      6.35      2.00     4   4.7410
#         117       0.00582     14.19      1.00     2   4.7442
#         118       0.01407      4.69      1.00     4   4.7598
#         119       0.01409      4.75      1.00     4   4.7618
#         120       0.01762      5.95      2.00     4   4.7718
#         121       0.01770      5.89      2.00     4   4.7835
#         122       0.00936     13.48      2.00     4   4.7919
#         123       0.00936     13.48      2.00     4   4.7958
#         124       0.00554     37.74      2.00     3   4.8173
#         125       0.00546     37.30      2.00     3   4.8265
#         130       0.00610     34.37      1.00     4   4.8982
#         131       0.00598     33.89      1.00     4   4.9087
#         133       0.00502     24.17      2.00     3   4.9414
#         134       0.00500     24.69      2.00     3   4.9431
#         136       0.01463      4.38      2.00     4   4.9587
#         137       0.01452      4.43      2.00     4   4.9626
#         140       0.00459     35.80      2.00     4   5.0223
#         141       0.00457     36.19      2.00     4   5.0253
#         142       0.00898      5.72      2.00     3   5.0649
#         143       0.00882      5.62      2.00     3   5.0785
#         144       0.01174      5.49      2.00     4   5.0798
#         145       0.01158      5.44      2.00     4   5.0800
#         146       0.01174      8.27      2.00     4   5.0874
#         147       0.01157      8.30      2.00     4   5.0877
#         148       0.02224      5.83      2.00     3   5.1293
#         149       0.00676      5.73      1.00     4   5.1295
#         150       0.02225      5.93      2.00     3   5.1316
#         151       0.00681      5.72      1.00     4   5.1356
#         152       0.00538     13.37      1.00     4   5.1420
#         153       0.00935     10.80      2.00     4   5.1457
#         154       0.00541     12.75      1.00     4   5.1463
#         155       0.00923     10.65      2.00     4   5.1608
#         158       0.00641      5.70      1.00     4   5.2101
#         159       0.00479     27.08      2.00     4   5.2177
#         160       0.01692      4.47      2.00     3   5.2188
#         161       0.00645      5.70      1.00     4   5.2206
#         162       0.00477     27.33      2.00     4   5.2205
#         163       0.01683      4.43      2.00     3   5.2283
#         166       0.02184      9.52      2.00     3   5.2719
#         167       0.02185      9.37      2.00     3   5.2751
#         169       0.01223      6.47      2.00     4   5.2932
#         171       0.01206      6.39      2.00     4   5.3067
#         174       0.02399      8.60      1.00     4   5.3397
#         175       0.02408      8.36      1.00     4   5.3467
#         178       0.03215      4.17      2.00     4   5.3662
#         181       0.01571      5.53      2.00     3   5.3752
#         182       0.03111      4.07      2.00     4   5.3768
#         183       0.01017      9.23      2.00     4   5.3784
#         184       0.01568      5.46      2.00     3   5.3805
#         185       0.00676      5.00      2.00     3   5.3821
#         186       0.00675      4.91      2.00     3   5.3850
#         187       0.01005      9.13      2.00     4   5.3890
#         188       0.00637      6.43      2.00     3   5.3976
#         189       0.00638      6.39      2.00     3   5.3994
#         190       0.01140      7.06      2.00     4   5.4406
#         191       0.01600      9.18      2.00     4   5.4468
#         192       0.01595      9.20      2.00     4   5.4484
#         193       0.01132      7.01      2.00     4   5.4498
#         194       0.01584      4.33      2.00     4   5.4585
#         195       0.01583      4.38      2.00     4   5.4623
#         196       0.00619      6.70      2.00     3   5.5116
#         197       0.01132      4.49      2.00     3   5.5167
#         198       0.00542      9.37      2.00     4   5.5172
#         199       0.00543      9.32      2.00     4   5.5192
#         200       0.01493      6.79      2.00     3   5.5199
#         201       0.00608      6.59      2.00     3   5.5209
#         202       0.01130      4.42      2.00     3   5.5209
#         204       0.01185      5.26      2.00     4   5.5294
#         205       0.01479      6.75      2.00     3   5.5319
#         206       0.01177      5.23      2.00     4   5.5387
#         208       0.01471      5.12      1.00     4   5.5436
#         210       0.01460      5.10      1.00     4   5.5545
#         214       0.01170      7.90      2.00     4   5.5887
#         215       0.01172      7.91      2.00     4   5.5883
#         216       0.01119      6.82      2.00     4   5.5975
#         219       0.01116      6.75      2.00     4   5.6031
#         222       0.01109      6.64      2.00     3   5.6638
#         223       0.01097      6.65      2.00     3   5.6742
#         224       0.00953      4.30      2.00     4   5.6754
#         225       0.00715      4.02      2.00     4   5.6775
#         226       0.00545      7.65      2.00     4   5.6782
#         227       0.00541      7.86      2.00     4   5.6781
#         229       0.00955      4.28      2.00     4   5.6834
#         230       0.01061     10.19      2.00     4   5.6875
#         231       0.01071      4.90      2.00     4   5.6884
#         232       0.01066      4.76      2.00     4   5.6973
#         233       0.01055     10.22      2.00     4   5.6969
#         234       0.01145      5.52      2.00     4   5.7197
#         235       0.01148      5.48      2.00     4   5.7216
#         236       0.01140      7.90      2.00     4   5.7446
#         237       0.00880      4.16      2.00     4   5.7471
#         238       0.00659      4.47      2.00     4   5.7528
#         240       0.01129      7.86      2.00     4   5.7564
#         241       0.00871      4.14      2.00     4   5.7564
#         242       0.00930      5.21      2.00     4   5.7607
#         243       0.00909      5.21      2.00     4   5.7603
#         245       0.00651      4.37      2.00     4   5.7659
#         248       0.01183      4.75      2.00     4   5.8312
#         249       0.01015      5.01      1.00     4   5.8313
#         250       0.01180      4.84      2.00     4   5.8349
#         251       0.00955      7.49      2.00     3   5.8383
#         252       0.01015      5.06      1.00     4   5.8392
#         253       0.00938      7.41      2.00     3   5.8436
#         254       0.00988      8.13      2.00     4   5.8687
#         255       0.00986      8.30      2.00     4   5.8731
#         256       0.01388      4.95      2.00     4   5.9203
#         257       0.01382      4.97      2.00     4   5.9259
#         258       0.01039      5.91      2.00     4   5.9675
#         259       0.00976      4.75      2.00     4   5.9750
#         260       0.01016      5.81      2.00     4   5.9756
#         261       0.00975      4.89      2.00     4   5.9772
#   202/ 249 paths used
#  xsedge+50, used to normalize mu           1.0000E+00
#  -----------------------------------------------------------------------
#  omega    e    k    mu    mu0     chi     @#
    9923.705     -6.819   0.000 -5.48842E-05  1.40426E-04 -6.97391E-01
    9923.714     -6.809   0.050 -5.88533E-05  1.42237E-04 -7.17184E-01
    9923.743     -6.780   0.100 -6.27472E-05  1.44049E-04 -7.36662E-01
    9923.791     -6.733   0.150 -7.37831E-05  1.49451E-04 -7.92593E-01
    9923.857     -6.666   0.200 -8.40721E-05  1.54852E-04 -8.45511E-01
    9923.943     -6.580   0.250 -9.92854E-05  1.63428E-04 -9.25127E-01
    9924.048     -6.476   0.300 -1.12137E-04  1.72003E-04 -9.95688E-01
    9924.172     -6.352   0.350 -1.26453E-04  1.82395E-04 -1.07607E+00
    9924.315     -6.209   0.400 -1.35728E-04  1.92788E-04 -1.13807E+00
    9924.476     -6.047   0.450 -1.41935E-04  2.03009E-04 -1.18827E+00
    9924.657     -5.866   0.500 -1.40009E-04  2.13231E-04 -1.21006E+00
    9924.857     -5.666   0.550 -1.30187E-04  2.21849E-04 -1.20036E+00
    9925.077     -5.447   0.600 -1.10342E-04  2.30468E-04 -1.15674E+00
    9925.315     -5.209   0.650 -7.98774E-05  2.37059E-04 -1.07263E+00
    9925.572     -4.952   0.700 -4.04292E-05  2.43649E-04 -9.58687E-01
    9925.848     -4.675   0.750  7.97515E-06  2.48340E-04 -8.10716E-01
    9926.143     -4.380   0.800  6.09031E-05  2.53031E-04 -6.47660E-01
    9926.458     -4.066   0.850  1.16947E-04  2.56084E-04 -4.69969E-01
    9926.791     -3.732   0.900  1.71382E-04  2.59136E-04 -2.97007E-01
    9927.143     -3.380   0.950  2.22065E-04  2.60801E-04 -1.31706E-01
    9927.515     -3.009   1.000  2.65881E-04  2.62467E-04  1.16606E-02
    9927.905     -2.618   1.050  3.01306E-04  2.62975E-04  1.31843E-01
    9928.315     -2.208   1.100  3.27605E-04  2.63483E-04  2.22105E-01
    9928.744     -1.780   1.150  3.44718E-04  2.63051E-04  2.85438E-01
    9929.191     -1.332   1.200  3.53671E-04  2.62618E-04  3.21151E-01
    9929.658     -0.865   1.250  3.55869E-04  2.61452E-04  3.36577E-01
    9930.144     -0.380   1.300  3.52814E-04  2.60286E-04  3.33411E-01
    9930.649      0.125   1.350  3.46584E-04  2.58579E-04  3.20885E-01
    9931.173      0.649   1.400  3.38051E-04  2.56873E-04  2.99561E-01
    9931.715      1.192   1.450  3.29011E-04  2.54801E-04  2.77324E-01
    9932.277      1.754   1.500  3.19296E-04  2.52728E-04  2.51959E-01
    9932.858      2.335   1.550  3.09632E-04  2.50441E-04  2.26967E-01
    9933.459      2.935   1.600  2.99454E-04  2.48155E-04  1.99313E-01
    9934.078      3.554   1.650  2.88405E-04  2.45769E-04  1.67826E-01
    9934.716      4.192   1.700  2.76686E-04  2.43384E-04  1.32830E-01
    9935.373      4.850   1.750  2.64033E-04  2.40997E-04  9.30639E-02
    9936.049      5.526   1.800  2.51487E-04  2.38610E-04  5.27004E-02
    9936.745      6.221   1.850  2.41132E-04  2.36290E-04  2.00604E-02
    9937.459      6.936   1.900  2.31450E-04  2.33970E-04 -1.05695E-02
    9938.192      7.669   1.950  2.28676E-04  2.31725E-04 -1.29377E-02
    9938.945      8.421   2.000  2.25626E-04  2.29480E-04 -1.65490E-02
    9939.716      9.193   2.050  2.28984E-04  2.27461E-04  6.61136E-03
    9940.507      9.984   2.100  2.34322E-04  2.25443E-04  3.89917E-02
    9941.317     10.793   2.150  2.39859E-04  2.23424E-04  7.29975E-02
    9942.145     11.622   2.200  2.43909E-04  2.21406E-04  1.01112E-01
    9942.993     12.470   2.250  2.47117E-04  2.21218E-04  1.17103E-01
    9943.860     13.336   2.300  2.47370E-04  2.21030E-04  1.19847E-01
    9944.746     14.222   2.350  2.44644E-04  2.20842E-04  1.08988E-01
    9945.650     15.127   2.400  2.39780E-04  2.20654E-04  8.81402E-02
    9946.574     16.051   2.450  2.35167E-04  2.20926E-04  6.57425E-02
    9947.517     16.994   2.500  2.30943E-04  2.21198E-04  4.50608E-02
    9948.479     17.956   2.550  2.27524E-04  2.21471E-04  2.80421E-02
    9949.460     18.937   2.600  2.25060E-04  2.21743E-04  1.53930E-02
    9950.461     19.937   2.650  2.21405E-04  2.21293E-04  5.21068E-04
    9951.480     20.956   2.700  2.17991E-04  2.20842E-04 -1.32949E-02
    9952.518     21.994   2.750  2.14699E-04  2.20392E-04 -2.66052E-02
    9953.575     23.052   2.800  2.11409E-04  2.19942E-04 -3.99665E-02
    9954.652     24.128   2.850  2.08385E-04  2.19660E-04 -5.28101E-02
    9955.747     25.223   2.900  2.05440E-04  2.19378E-04 -6.52791E-02
    9956.861     26.338   2.950  2.02598E-04  2.19096E-04 -7.72693E-02
    9957.995     27.471   3.000  1.99945E-04  2.18814E-04 -8.83713E-02
    9959.147     28.624   3.050  1.98125E-04  2.18755E-04 -9.64575E-02
    9960.319     29.795   3.100  1.96782E-04  2.18695E-04 -1.02295E-01
    9961.510     30.986   3.150  1.96057E-04  2.18636E-04 -1.05232E-01
    9962.719     32.196   3.200  1.96076E-04  2.18577E-04 -1.04702E-01
    9963.948     33.424   3.250  1.97156E-04  2.18706E-04 -1.00022E-01
    9965.196     34.672   3.300  1.98983E-04  2.18836E-04 -9.19127E-02
    9966.463     35.939   3.350  2.01566E-04  2.18965E-04 -8.03486E-02
    9967.748     37.225   3.400  2.04813E-04  2.19094E-04 -6.57849E-02
    9969.053     38.530   3.450  2.08607E-04  2.19366E-04 -4.94108E-02
    9970.377     39.854   3.500  2.12705E-04  2.19638E-04 -3.17442E-02
    9971.720     41.197   3.550  2.16945E-04  2.19910E-04 -1.35350E-02
    9973.082     42.559   3.600  2.21164E-04  2.20181E-04  4.47304E-03
    9974.463     43.940   3.650  2.25222E-04  2.20543E-04  2.12370E-02
    9975.864     45.340   3.700  2.29011E-04  2.20904E-04  3.66804E-02
    9977.283     46.759   3.750  2.32437E-04  2.21265E-04  5.03906E-02
    9978.721     48.198   3.800  2.35425E-04  2.21627E-04  6.20512E-02
    9980.178     49.655   3.850  2.37959E-04  2.22015E-04  7.15025E-02
    9981.655     51.131   3.900  2.39993E-04  2.22403E-04  7.86645E-02
    9983.150     52.627   3.950  2.41489E-04  2.22792E-04  8.33888E-02
    9984.665     54.141   4.000  2.42416E-04  2.23180E-04  8.55540E-02
    9986.198     55.675   4.050  2.42764E-04  2.23533E-04  8.53404E-02
    9987.751     57.227   4.100  2.42511E-04  2.23887E-04  8.24640E-02
    9989.322     58.799   4.150  2.41649E-04  2.24241E-04  7.69101E-02
    9990.913     60.390   4.200  2.40192E-04  2.24594E-04  6.87567E-02
    9992.523     61.999   4.250  2.38124E-04  2.24862E-04  5.83748E-02
    9994.152     63.628   4.300  2.35567E-04  2.25129E-04  4.58739E-02
    9995.799     65.276   4.350  2.32622E-04  2.25397E-04  3.17047E-02
    9997.466     66.943   4.400  2.29419E-04  2.25665E-04  1.64492E-02
    9999.152     68.629   4.450  2.25988E-04  2.25810E-04  7.77114E-04
   10000.857     70.334   4.500  2.22612E-04  2.25955E-04 -1.46267E-02
   10002.581     72.058   4.550  2.19461E-04  2.26101E-04 -2.90256E-02
   10004.324     73.801   4.600  2.16691E-04  2.26246E-04 -4.17412E-02
   10006.086     75.563   4.650  2.14281E-04  2.26263E-04 -5.23430E-02
   10007.868     77.344   4.700  2.12475E-04  2.26280E-04 -6.03029E-02
   10009.668     79.144   4.750  2.11327E-04  2.26296E-04 -6.53893E-02
   10011.487     80.964   4.800  2.10845E-04  2.26313E-04 -6.75660E-02
   10013.325     82.802   4.850  2.10865E-04  2.26208E-04 -6.70550E-02
   10015.183     84.659   4.900  2.11458E-04  2.26103E-04 -6.40391E-02
   10017.059     86.536   4.950  2.12531E-04  2.25998E-04 -5.89167E-02
   10018.955     88.431   5.000  2.13981E-04  2.25893E-04 -5.21420E-02
   10020.869     90.346   5.050  2.15620E-04  2.25699E-04 -4.41589E-02
   10022.803     92.279   5.100  2.17435E-04  2.25505E-04 -3.53892E-02
   10024.755     94.232   5.150  2.19342E-04  2.25311E-04 -2.62026E-02
   10026.727     96.203   5.200  2.21272E-04  2.25118E-04 -1.68962E-02
   10028.718     98.194   5.250  2.23141E-04  2.24875E-04 -7.62558E-03
   10030.727    100.204   5.300  2.24946E-04  2.24633E-04  1.37642E-03
   10032.756    102.233   5.350  2.26652E-04  2.24391E-04  9.96159E-03
   10034.804    104.281   5.400  2.28226E-04  2.24149E-04  1.79855E-02
   10036.871    106.348   5.450  2.29650E-04  2.23901E-04  2.53882E-02
   10038.957    108.434   5.500  2.30866E-04  2.23652E-04  3.18886E-02
   10041.062    110.539   5.550  2.31828E-04  2.23404E-04  3.72749E-02
   10043.186    112.663   5.600  2.32487E-04  2.23155E-04  4.13309E-02
   10045.329    114.806   5.650  2.32845E-04  2.22934E-04  4.39333E-02
   10047.491    116.968   5.700  2.32818E-04  2.22712E-04  4.48337E-02
   10049.673    119.149   5.750  2.32391E-04  2.22490E-04  4.39580E-02
   10051.873    121.349   5.800  2.31571E-04  2.22269E-04  4.13340E-02
   10054.092    123.569   5.850  2.30452E-04  2.22102E-04  3.71249E-02
   10056.331    125.807   5.900  2.29019E-04  2.21935E-04  3.15159E-02
   10058.588    128.064   5.950  2.27348E-04  2.21767E-04  2.48369E-02
   10060.864    130.341   6.000  2.25524E-04  2.21600E-04  1.74745E-02
   10063.160    132.636   6.050  2.23734E-04  2.21530E-04  9.81836E-03
   10065.474    134.951   6.100  2.21958E-04  2.21459E-04  2.22211E-03
   10067.808    137.285   6.150  2.20274E-04  2.21389E-04 -4.96478E-03
   10070.161    139.637   6.200  2.18746E-04  2.21318E-04 -1.14585E-02
   10072.532    142.009   6.250  2.17421E-04  2.21247E-04 -1.70508E-02
   10074.923    144.400   6.300  2.16329E-04  2.21177E-04 -2.16080E-02
   10077.333    146.810   6.350  2.15484E-04  2.21106E-04 -2.50617E-02
   10079.762    149.238   6.400  2.14891E-04  2.21036E-04 -2.73947E-02
   10082.210    151.686   6.450  2.14545E-04  2.20965E-04 -2.86271E-02
   10084.677    154.153   6.500  2.14436E-04  2.20894E-04 -2.88038E-02
   10087.163    156.639   6.550  2.14558E-04  2.20883E-04 -2.82090E-02
   10089.668    159.144   6.600  2.14894E-04  2.20871E-04 -2.66615E-02
   10092.192    161.669   6.650  2.15426E-04  2.20859E-04 -2.42374E-02
   10094.735    164.212   6.700  2.16131E-04  2.20847E-04 -2.10382E-02
   10097.297    166.774   6.750  2.16982E-04  2.20835E-04 -1.71939E-02
   10099.879    169.355   6.800  2.17941E-04  2.20823E-04 -1.28631E-02
   10102.479    171.955   6.850  2.18968E-04  2.20812E-04 -8.22735E-03
   10105.098    174.575   6.900  2.20019E-04  2.20800E-04 -3.48233E-03
   10107.737    177.213   6.950  2.21051E-04  2.20788E-04  1.17484E-03
   10110.394    179.871   7.000  2.22021E-04  2.20776E-04  5.55884E-03
   10113.071    182.547   7.050  2.22830E-04  2.20678E-04  9.61159E-03
   10115.766    185.243   7.100  2.23516E-04  2.20580E-04  1.31229E-02
   10118.481    187.957   7.150  2.24056E-04  2.20482E-04  1.59868E-02
   10121.215    190.691   7.200  2.24435E-04  2.20384E-04  1.81349E-02
   10123.967    193.444   7.250  2.24646E-04  2.20287E-04  1.95330E-02
   10126.739    196.216   7.300  2.24688E-04  2.20189E-04  2.01759E-02
   10129.530    199.006   7.350  2.24566E-04  2.20091E-04  2.00812E-02
   10132.340    201.816   7.400  2.24288E-04  2.19993E-04  1.92846E-02
   10135.169    204.645   7.450  2.23864E-04  2.19895E-04  1.78365E-02
   10138.017    207.493   7.500  2.23311E-04  2.19797E-04  1.58016E-02
   10140.884    210.360   7.550  2.22513E-04  2.19566E-04  1.32721E-02
   10143.770    213.246   7.600  2.21624E-04  2.19334E-04  1.03271E-02
   10146.675    216.151   7.650  2.20670E-04  2.19103E-04  7.07684E-03
   10149.599    219.075   7.700  2.19677E-04  2.18871E-04  3.64351E-03
   10152.542    222.019   7.750  2.18675E-04  2.18640E-04  1.58285E-04
   10155.504    224.981   7.800  2.17693E-04  2.18408E-04 -3.24329E-03
   10158.486    227.962   7.850  2.16761E-04  2.18177E-04 -6.42757E-03
   10161.486    230.963   7.900  2.15907E-04  2.17945E-04 -9.26973E-03
   10164.505    233.982   7.950  2.15153E-04  2.17713E-04 -1.16606E-02
   10167.544    237.020   8.000  2.14519E-04  2.17482E-04 -1.35124E-02
   10170.601    240.078   8.050  2.13963E-04  2.17207E-04 -1.48143E-02
   10173.678    243.155   8.100  2.13545E-04  2.16931E-04 -1.54906E-02
   10176.774    246.250   8.150  2.13267E-04  2.16656E-04 -1.55264E-02
   10179.888    249.365   8.200  2.13126E-04  2.16381E-04 -1.49323E-02
   10183.022    252.499   8.250  2.13114E-04  2.16106E-04 -1.37449E-02
   10186.175    255.651   8.300  2.13217E-04  2.15830E-04 -1.20247E-02
   10189.347    258.823   8.350  2.13417E-04  2.15555E-04 -9.85506E-03
   10192.537    262.014   8.400  2.13690E-04  2.15280E-04 -7.33902E-03
   10195.747    265.224   8.450  2.14010E-04  2.15005E-04 -4.59578E-03
   10198.976    268.453   8.500  2.14350E-04  2.14729E-04 -1.75561E-03
   10202.224    271.701   8.550  2.14748E-04  2.14517E-04  1.07124E-03
   10205.491    274.968   8.600  2.15114E-04  2.14304E-04  3.75892E-03
   10208.777    278.254   8.650  2.15422E-04  2.14092E-04  6.17979E-03
   10212.083    281.559   8.700  2.15647E-04  2.13879E-04  8.22183E-03
   10215.407    284.883   8.750  2.15771E-04  2.13667E-04  9.79673E-03
   10218.750    288.227   8.800  2.15781E-04  2.13454E-04  1.08462E-02
   10222.112    291.589   8.850  2.15673E-04  2.13242E-04  1.13458E-02
   10225.494    294.970   8.900  2.15449E-04  2.13029E-04  1.13047E-02
   10228.894    298.371   8.950  2.15118E-04  2.12817E-04  1.07634E-02
   10232.314    301.790   9.000  2.14694E-04  2.12604E-04  9.78754E-03
   10235.752    305.229   9.050  2.14276E-04  2.12460E-04  8.51453E-03
   10239.210    308.686   9.100  2.13797E-04  2.12315E-04  6.95485E-03
   10242.686    312.163   9.150  2.13277E-04  2.12170E-04  5.19879E-03
   10246.182    315.659   9.200  2.12735E-04  2.12025E-04  3.33599E-03
   10249.697    319.173   9.250  2.12188E-04  2.11880E-04  1.45097E-03
   10253.230    322.707   9.300  2.11654E-04  2.11735E-04 -3.79793E-04
   10256.783    326.260   9.350  2.11147E-04  2.11590E-04 -2.08933E-03
   10260.355    329.832   9.400  2.10677E-04  2.11445E-04 -3.62074E-03
   10263.946    333.423   9.450  2.10256E-04  2.11300E-04 -4.92721E-03
   10267.556    337.033   9.500  2.09891E-04  2.11155E-04 -5.97209E-03
   10271.185    340.662   9.550  2.09567E-04  2.11001E-04 -6.77947E-03
   10274.833    344.310   9.600  2.09306E-04  2.10846E-04 -7.28652E-03
   10278.500    347.977   9.650  2.09111E-04  2.10691E-04 -7.48361E-03
   10282.186    351.663   9.700  2.08981E-04  2.10536E-04 -7.37344E-03
   10285.892    355.368   9.750  2.08913E-04  2.10381E-04 -6.97138E-03
   10289.616    359.092   9.800  2.08900E-04  2.10227E-04 -6.30495E-03
   10293.359    362.836   9.850  2.08934E-04  2.10072E-04 -5.41243E-03
   10297.122    366.598   9.900  2.09005E-04  2.09917E-04 -4.34057E-03
   10300.903    370.379   9.950  2.09103E-04  2.09762E-04 -3.14179E-03
   10304.703    374.180  10.000  2.09215E-04  2.09608E-04 -1.87104E-03
   10308.523    377.999  10.050  2.09249E-04  2.09369E-04 -5.74644E-04
   10312.361    381.838  10.100  2.09277E-04  2.09131E-04  6.97337E-04
   10316.219    385.696  10.150  2.09289E-04  2.08893E-04  1.89539E-03
   10320.096    389.572  10.200  2.09276E-04  2.08655E-04  2.97558E-03
   10323.991    393.468  10.250  2.09230E-04  2.08416E-04  3.90067E-03
   10327.906    397.383  10.300  2.09144E-04  2.08178E-04  4.64068E-03
   10331.840    401.317  10.350  2.09016E-04  2.07940E-04  5.17323E-03
   10335.793    405.269  10.400  2.08841E-04  2.07702E-04  5.48377E-03
   10339.765    409.241  10.450  2.08618E-04  2.07464E-04  5.56577E-03
   10343.756    413.232  10.500  2.08349E-04  2.07225E-04  5.42093E-03
   10347.766    417.242  10.550  2.08034E-04  2.06987E-04  5.05946E-03
   10351.795    421.271  10.600  2.07679E-04  2.06749E-04  4.50003E-03
   10355.843    425.319  10.650  2.07289E-04  2.06511E-04  3.76953E-03
   10359.910    429.387  10.700  2.06871E-04  2.06272E-04  2.90228E-03
   10363.996    433.473  10.750  2.06434E-04  2.06034E-04  1.93870E-03
   10368.102    437.578  10.800  2.05986E-04  2.05796E-04  9.23542E-04
   10372.226    441.702  10.850  2.05538E-04  2.05558E-04 -9.64099E-05
   10376.369    445.846  10.900  2.05099E-04  2.05320E-04 -1.07475E-03
   10380.532    450.008  10.950  2.04678E-04  2.05081E-04 -1.96798E-03
   10384.713    454.190  11.000  2.04283E-04  2.04843E-04 -2.73780E-03
   10388.914    458.390  11.050  2.03946E-04  2.04639E-04 -3.38549E-03
   10393.133    462.610  11.100  2.03644E-04  2.04434E-04 -3.86595E-03
   10397.372    466.848  11.150  2.03379E-04  2.04229E-04 -4.16174E-03
   10401.629    471.106  11.200  2.03155E-04  2.04025E-04 -4.26423E-03
   10405.906    475.383  11.250  2.02969E-04  2.03820E-04 -4.17387E-03
   10410.202    479.678  11.300  2.02821E-04  2.03616E-04 -3.90023E-03
   10414.517    483.993  11.350  2.02706E-04  2.03411E-04 -3.46159E-03
   10418.850    488.327  11.400  2.02620E-04  2.03206E-04 -2.88405E-03
   10423.203    492.680  11.450  2.02555E-04  2.03002E-04 -2.19999E-03
   10427.575    497.052  11.500  2.02504E-04  2.02797E-04 -1.44617E-03
   10431.966    501.443  11.550  2.02458E-04  2.02593E-04 -6.61292E-04
   10436.376    505.853  11.600  2.02411E-04  2.02388E-04  1.16309E-04
   10440.806    510.282  11.650  2.02356E-04  2.02183E-04  8.50933E-04
   10445.254    514.730  11.700  2.02284E-04  2.01979E-04  1.51128E-03
   10449.721    519.197  11.750  2.02193E-04  2.01774E-04  2.07173E-03
   10454.207    523.684  11.800  2.02077E-04  2.01570E-04  2.51297E-03
   10458.712    528.189  11.850  2.01934E-04  2.01365E-04  2.82233E-03
   10463.237    532.713  11.900  2.01764E-04  2.01160E-04  2.99361E-03
   10467.780    537.257  11.950  2.01565E-04  2.00956E-04  3.02688E-03
   10472.343    541.819  12.000  2.01340E-04  2.00751E-04  2.92806E-03
   10476.924    546.401  12.050  2.01077E-04  2.00527E-04  2.73662E-03
   10481.525    551.001  12.100  2.00791E-04  2.00303E-04  2.42943E-03
   10486.144    555.621  12.150  2.00485E-04  2.00079E-04  2.02370E-03
   10490.783    560.260  12.200  2.00163E-04  1.99855E-04  1.54082E-03
   10495.441    564.917  12.250  1.99832E-04  1.99631E-04  1.00534E-03
   10500.117    569.594  12.300  1.99495E-04  1.99406E-04  4.43741E-04
   10504.813    574.290  12.350  1.99159E-04  1.99182E-04 -1.16907E-04
   10509.528    579.005  12.400  1.98828E-04  1.98958E-04 -6.50441E-04
   10514.262    583.739  12.450  1.98508E-04  1.98734E-04 -1.13299E-03
   10519.015    588.492  12.500  1.98203E-04  1.98510E-04 -1.54424E-03
   10523.787    593.264  12.550  1.97914E-04  1.98286E-04 -1.86839E-03
   10528.578    598.055  12.600  1.97646E-04  1.98062E-04 -2.09477E-03
   10533.388    602.865  12.650  1.97398E-04  1.97838E-04 -2.21810E-03
   10538.217    607.694  12.700  1.97170E-04  1.97613E-04 -2.23835E-03
   10543.066    612.542  12.750  1.96962E-04  1.97389E-04 -2.16023E-03
   10547.933    617.409  12.800  1.96771E-04  1.97165E-04 -1.99258E-03
   10552.819    622.296  12.850  1.96596E-04  1.96941E-04 -1.74752E-03
   10557.724    627.201  12.900  1.96433E-04  1.96717E-04 -1.43962E-03
   10562.649    632.125  12.950  1.96279E-04  1.96493E-04 -1.08509E-03
   10567.592    637.069  13.000  1.96131E-04  1.96269E-04 -7.01091E-04
   10572.555    642.031  13.050  1.95940E-04  1.96000E-04 -3.08266E-04
   10577.536    647.013  13.100  1.95749E-04  1.95732E-04  8.39764E-05
   10582.537    652.013  13.150  1.95554E-04  1.95464E-04  4.59747E-04
   10587.557    657.033  13.200  1.95353E-04  1.95196E-04  8.04277E-04
   10592.595    662.072  13.250  1.95144E-04  1.94928E-04  1.10433E-03
   10597.653    667.130  13.300  1.94923E-04  1.94660E-04  1.34863E-03
   10602.730    672.206  13.350  1.94689E-04  1.94392E-04  1.52822E-03
   10607.826    677.302  13.400  1.94442E-04  1.94123E-04  1.63691E-03
   10612.941    682.417  13.450  1.94180E-04  1.93855E-04  1.67154E-03
   10618.075    687.551  13.500  1.93904E-04  1.93587E-04  1.63224E-03
   10623.228    692.704  13.550  1.93614E-04  1.93319E-04  1.52247E-03
   10628.400    697.876  13.600  1.93312E-04  1.93051E-04  1.34895E-03
   10633.591    703.067  13.650  1.92999E-04  1.92783E-04  1.12129E-03
   10638.801    708.277  13.700  1.92679E-04  1.92515E-04  8.51551E-04
   10644.030    713.507  13.750  1.92353E-04  1.92246E-04  5.53562E-04
   10649.278    718.755  13.800  1.92025E-04  1.91978E-04  2.42177E-04
   10654.546    724.022  13.850  1.91697E-04  1.91710E-04 -6.75258E-05
   10659.832    729.309  13.900  1.91373E-04  1.91442E-04 -3.61037E-04
   10665.137    734.614  13.950  1.91054E-04  1.91174E-04 -6.25150E-04
   10670.462    739.938  14.000  1.90743E-04  1.90906E-04 -8.48605E-04
   10675.805    745.282  14.050  1.90475E-04  1.90672E-04 -1.03407E-03
   10681.168    750.644  14.100  1.90217E-04  1.90439E-04 -1.16598E-03
   10686.550    756.026  14.150  1.89969E-04  1.90206E-04 -1.24011E-03
   10691.950    761.427  14.200  1.89734E-04  1.89973E-04 -1.25530E-03
   10697.370    766.846  14.250  1.89509E-04  1.89740E-04 -1.21333E-03
   10702.809    772.285  14.300  1.89294E-04  1.89506E-04 -1.11859E-03
   10708.266    777.743  14.350  1.89087E-04  1.89273E-04 -9.77694E-04
   10713.743    783.220  14.400  1.88888E-04  1.89040E-04 -7.98973E-04
   10719.239    788.716  14.450  1.88694E-04  1.88807E-04 -5.91941E-04
   10724.754    794.231  14.500  1.88504E-04  1.88573E-04 -3.66789E-04
   10730.288    799.765  14.550  1.88315E-04  1.88340E-04 -1.33916E-04
   10735.841    805.318  14.600  1.88125E-04  1.88107E-04  9.64920E-05
   10741.413    810.890  14.650  1.87933E-04  1.87874E-04  3.14804E-04
   10747.004    816.481  14.700  1.87737E-04  1.87640E-04  5.12234E-04
   10752.615    822.091  14.750  1.87535E-04  1.87407E-04  6.81081E-04
   10758.244    827.720  14.800  1.87327E-04  1.87174E-04  8.14934E-04
   10763.892    833.369  14.850  1.87111E-04  1.86941E-04  9.08865E-04
   10769.560    839.036  14.900  1.86887E-04  1.86707E-04  9.59605E-04
   10775.246    844.722  14.950  1.86655E-04  1.86474E-04  9.65708E-04
   10780.951    850.428  15.000  1.86414E-04  1.86241E-04  9.27687E-04
   10786.676    856.152  15.050  1.86121E-04  1.85961E-04  8.54037E-04
   10792.419    861.896  15.100  1.85820E-04  1.85682E-04  7.42896E-04
   10798.182    867.659  15.150  1.85514E-04  1.85402E-04  6.00098E-04
   10803.964    873.440  15.200  1.85203E-04  1.85122E-04  4.33246E-04
   10809.764    879.241  15.250  1.84889E-04  1.84843E-04  2.51268E-04
   10815.584    885.061  15.300  1.84575E-04  1.84563E-04  6.38434E-05
   10821.423    890.899  15.350  1.84261E-04  1.84283E-04 -1.19271E-04
   10827.281    896.757  15.400  1.83950E-04  1.84004E-04 -2.88928E-04
   10833.158    902.634  15.450  1.83643E-04  1.83724E-04 -4.37215E-04
   10839.054    908.530  15.500  1.83342E-04  1.83444E-04 -5.57952E-04
   10844.969    914.445  15.550  1.83046E-04  1.83165E-04 -6.46997E-04
   10850.903    920.379  15.600  1.82756E-04  1.82885E-04 -7.02339E-04
   10856.856    926.332  15.650  1.82473E-04  1.82605E-04 -7.23987E-04
   10862.828    932.304  15.700  1.82195E-04  1.82326E-04 -7.13677E-04
   10868.819    938.296  15.750  1.81923E-04  1.82046E-04 -6.74470E-04
   10874.829    944.306  15.800  1.81655E-04  1.81766E-04 -6.10314E-04
   10880.859    950.335  15.850  1.81391E-04  1.81487E-04 -5.25623E-04
   10886.907    956.384  15.900  1.81130E-04  1.81207E-04 -4.24952E-04
   10892.974    962.451  15.950  1.80871E-04  1.80927E-04 -3.12791E-04
   10899.061    968.537  16.000  1.80613E-04  1.80648E-04 -1.93478E-04
   10905.166    974.643  16.050  1.80370E-04  1.80383E-04 -7.36514E-05
   10911.291    980.767  16.100  1.80127E-04  1.80118E-04  4.64482E-05
   10917.435    986.911  16.150  1.79883E-04  1.79854E-04  1.62884E-04
   10923.597    993.074  16.200  1.79638E-04  1.79589E-04  2.71515E-04
   10929.779    999.255  16.250  1.79390E-04  1.79324E-04  3.68073E-04
   10935.980   1005.456  16.300  1.79140E-04  1.79059E-04  4.48355E-04
   10942.199   1011.676  16.350  1.78886E-04  1.78795E-04  5.08520E-04
   10948.438   1017.915  16.400  1.78627E-04  1.78530E-04  5.45451E-04
   10954.696   1024.173  16.450  1.78365E-04  1.78265E-04  5.57113E-04
   10960.973   1030.450  16.500  1.78097E-04  1.78000E-04  5.42859E-04
   10967.269   1036.746  16.550  1.77825E-04  1.77736E-04  5.03609E-04
   10973.584   1043.061  16.600  1.77550E-04  1.77471E-04  4.41871E-04
   10979.918   1049.395  16.650  1.77270E-04  1.77206E-04  3.61583E-04
   10986.271   1055.748  16.700  1.76989E-04  1.76941E-04  2.67801E-04
   10992.644   1062.120  16.750  1.76706E-04  1.76677E-04  1.66261E-04
   10999.035   1068.511  16.800  1.76423E-04  1.76412E-04  6.28804E-05
   11005.445   1074.922  16.850  1.76141E-04  1.76147E-04 -3.67400E-05
   11011.875   1081.351  16.900  1.75860E-04  1.75883E-04 -1.27739E-04
   11018.323   1087.799  16.950  1.75581E-04  1.75618E-04 -2.06306E-04
   11024.790   1094.267  17.000  1.75306E-04  1.75353E-04 -2.69838E-04
   11031.277   1100.753  17.050  1.75022E-04  1.75079E-04 -3.19927E-04
   11037.782   1107.259  17.100  1.74742E-04  1.74804E-04 -3.53591E-04
   11044.307   1113.784  17.150  1.74465E-04  1.74530E-04 -3.71059E-04
   11050.851   1120.327  17.200  1.74190E-04  1.74255E-04 -3.73131E-04
   11057.413   1126.890  17.250  1.73918E-04  1.73981E-04 -3.60958E-04
   11063.995   1133.472  17.300  1.73648E-04  1.73706E-04 -3.35867E-04
   11070.596   1140.072  17.350  1.73380E-04  1.73432E-04 -2.99283E-04
   11077.216   1146.692  17.400  1.73113E-04  1.73157E-04 -2.52718E-04
   11083.855   1153.331  17.450  1.72848E-04  1.72883E-04 -1.97832E-04
   11090.513   1159.989  17.500  1.72585E-04  1.72608E-04 -1.36523E-04
   11097.190   1166.666  17.550  1.72322E-04  1.72334E-04 -7.10040E-05
   11103.886   1173.362  17.600  1.72059E-04  1.72059E-04 -3.84124E-06
   11110.601   1180.077  17.650  1.71795E-04  1.71785E-04  6.20900E-05
   11117.335   1186.811  17.700  1.71532E-04  1.71510E-04  1.23728E-04
   11124.088   1193.565  17.750  1.71266E-04  1.71236E-04  1.78025E-04
   11130.860   1200.337  17.800  1.70999E-04  1.70961E-04  2.22200E-04
   11137.652   1207.128  17.850  1.70730E-04  1.70687E-04  2.53999E-04
   11144.462   1213.939  17.900  1.70459E-04  1.70412E-04  2.71933E-04
   11151.291   1220.768  17.950  1.70185E-04  1.70138E-04  2.75439E-04
   11158.140   1227.616  18.000  1.69909E-04  1.69863E-04  2.64950E-04
   11165.007   1234.484  18.050  1.69615E-04  1.69574E-04  2.45014E-04
   11171.894   1241.370  18.100  1.69321E-04  1.69284E-04  2.14088E-04
   11178.799   1248.276  18.150  1.69024E-04  1.68995E-04  1.74551E-04
   11185.724   1255.201  18.200  1.68727E-04  1.68705E-04  1.29176E-04
   11192.668   1262.144  18.250  1.68429E-04  1.68416E-04  8.08575E-05
   11199.631   1269.107  18.300  1.68131E-04  1.68126E-04  3.23494E-05
   11206.612   1276.089  18.350  1.67834E-04  1.67836E-04 -1.39415E-05
   11213.613   1283.090  18.400  1.67537E-04  1.67547E-04 -5.60900E-05
   11220.633   1290.110  18.450  1.67242E-04  1.67257E-04 -9.27027E-05
   11227.672   1297.149  18.500  1.66947E-04  1.66968E-04 -1.22893E-04
   11234.730   1304.207  18.550  1.66654E-04  1.66678E-04 -1.46201E-04
   11241.807   1311.284  18.600  1.66362E-04  1.66389E-04 -1.62482E-04
   11248.903   1318.380  18.650  1.66070E-04  1.66099E-04 -1.71797E-04
   11256.018   1325.495  18.700  1.65781E-04  1.65809E-04 -1.74327E-04
   11263.153   1332.629  18.750  1.65492E-04  1.65520E-04 -1.70331E-04
   11270.306   1339.782  18.800  1.65204E-04  1.65230E-04 -1.60140E-04
   11277.478   1346.955  18.850  1.64917E-04  1.64941E-04 -1.44195E-04
   11284.669   1354.146  18.900  1.64631E-04  1.64651E-04 -1.23104E-04
   11291.880   1361.356  18.950  1.64346E-04  1.64362E-04 -9.76885E-05
   11299.109   1368.586  19.000  1.64061E-04  1.64072E-04 -6.90219E-05
   11306.358   1375.834  19.050  1.63795E-04  1.63801E-04 -3.92256E-05
   11313.625   1383.102  19.100  1.63529E-04  1.63531E-04 -8.22657E-06
   11320.912   1390.388  19.150  1.63264E-04  1.63260E-04  2.24987E-05
   11328.218   1397.694  19.200  1.62997E-04  1.62989E-04  5.14136E-05
   11335.542   1405.019  19.250  1.62731E-04  1.62718E-04  7.70441E-05
   11342.886   1412.362  19.300  1.62464E-04  1.62448E-04  9.81054E-05
   11350.249   1419.725  19.350  1.62195E-04  1.62177E-04  1.13614E-04
   11357.631   1427.107  19.400  1.61926E-04  1.61906E-04  1.22969E-04
   11365.031   1434.508  19.450  1.61656E-04  1.61635E-04  1.25991E-04
   11372.451   1441.928  19.500  1.61385E-04  1.61365E-04  1.22914E-04
   11379.890   1449.367  19.550  1.61112E-04  1.61094E-04  1.14337E-04
   11387.348   1456.825  19.600  1.60840E-04  1.60823E-04  1.01138E-04
   11394.826   1464.302  19.650  1.60566E-04  1.60553E-04  8.43807E-05
   11402.322   1471.798  19.700  1.60292E-04  1.60282E-04  6.52061E-05
   11409.837   1479.313  19.750  1.60018E-04  1.60011E-04  4.47464E-05
   11417.371   1486.848  19.800  1.59744E-04  1.59740E-04  2.40528E-05
   11424.924   1494.401  19.850  1.59470E-04  1.59470E-04  4.05198E-06
   11432.497   1501.973  19.900  1.59197E-04  1.59199E-04 -1.44761E-05
   11440.088   1509.565  19.950  1.58923E-04  1.58928E-04 -3.09009E-05
   11447.699   1517.175  20.000  1.58650E-04  1.58657E-04 -4.47345E-05
