0.000000000000000000e+00 -7.210259999999999447e-01
5.000000000000000278e-02 -7.516163000000000149e-01
1.000000000000000056e-01 -7.816307999999999589e-01
1.499999999999999944e-01 -8.674146000000000356e-01
2.000000000000000111e-01 -9.477143999999999568e-01
2.500000000000000000e-01 -1.066545999999999994e+00
2.999999999999999889e-01 -1.169076000000000004e+00
3.499999999999999778e-01 -1.281681000000000070e+00
4.000000000000000222e-01 -1.362290999999999919e+00
4.500000000000000111e-01 -1.419081000000000037e+00
5.000000000000000000e-01 -1.429368999999999890e+00
5.500000000000000444e-01 -1.389588000000000045e+00
5.999999999999999778e-01 -1.299989000000000061e+00
6.500000000000000222e-01 -1.155515999999999988e+00
6.999999999999999556e-01 -9.761682999999999888e-01
7.500000000000000000e-01 -7.621082000000000134e-01
8.000000000000000444e-01 -5.431089000000000055e-01
8.499999999999999778e-01 -3.234599000000000224e-01
9.000000000000000222e-01 -1.307159999999999989e-01
9.499999999999999556e-01 3.268966999999999706e-02
1.000000000000000000e+00 1.509526999999999952e-01
1.050000000000000044e+00 2.278062999999999894e-01
1.100000000000000089e+00 2.615597000000000061e-01
1.149999999999999911e+00 2.618370999999999893e-01
1.199999999999999956e+00 2.374320000000000042e-01
1.250000000000000000e+00 1.996329000000000020e-01
1.300000000000000044e+00 1.602496999999999949e-01
1.350000000000000089e+00 1.278407000000000016e-01
1.399999999999999911e+00 1.096787000000000040e-01
1.449999999999999956e+00 1.090191999999999967e-01
1.500000000000000000e+00 1.238400999999999946e-01
1.550000000000000044e+00 1.515546000000000115e-01
1.600000000000000089e+00 1.822630000000000083e-01
1.649999999999999911e+00 2.091588000000000058e-01
1.699999999999999956e+00 2.226588999999999929e-01
1.750000000000000000e+00 2.179119999999999946e-01
1.800000000000000044e+00 1.925360000000000127e-01
1.850000000000000089e+00 1.552072999999999925e-01
1.899999999999999911e+00 1.024198999999999943e-01
1.949999999999999956e+00 6.673109000000000679e-02
2.000000000000000000e+00 2.036285999999999999e-02
2.049999999999999822e+00 2.575207999999999837e-03
2.100000000000000089e+00 6.679465000000000532e-04
2.149999999999999911e+00 1.336335999999999948e-02
2.200000000000000178e+00 3.474990000000000023e-02
2.250000000000000000e+00 5.338451000000000307e-02
2.299999999999999822e+00 6.962902999999999454e-02
2.350000000000000089e+00 7.929922000000000359e-02
2.399999999999999911e+00 8.077011000000000607e-02
2.450000000000000178e+00 7.481698000000000515e-02
2.500000000000000000e+00 6.592101999999999684e-02
2.549999999999999822e+00 5.493317000000000339e-02
2.600000000000000089e+00 4.252594999999999986e-02
2.649999999999999911e+00 2.764961999999999975e-02
2.700000000000000178e+00 1.130562000000000060e-02
2.750000000000000000e+00 -6.504512999999999961e-03
2.799999999999999822e+00 -2.568499000000000129e-02
2.850000000000000089e+00 -4.518544000000000033e-02
2.899999999999999911e+00 -6.455431999999999837e-02
2.950000000000000178e+00 -8.295634999999999815e-02
3.000000000000000000e+00 -9.935117000000000254e-02
3.049999999999999822e+00 -1.115083999999999936e-01
3.100000000000000089e+00 -1.194143000000000010e-01
3.149999999999999911e+00 -1.222535000000000011e-01
3.200000000000000178e+00 -1.195959999999999940e-01
3.250000000000000000e+00 -1.112989999999999952e-01
3.299999999999999822e+00 -9.847269999999999635e-02
3.350000000000000089e+00 -8.183954999999999702e-02
3.399999999999999911e+00 -6.255939000000000638e-02
3.450000000000000178e+00 -4.226020999999999944e-02
3.500000000000000000e+00 -2.203638000000000124e-02
3.549999999999999822e+00 -2.867886000000000046e-03
3.600000000000000089e+00 1.453960999999999969e-02
3.649999999999999911e+00 2.955390999999999921e-02
3.700000000000000178e+00 4.228890999999999900e-02
3.750000000000000000e+00 5.282049999999999940e-02
3.799999999999999822e+00 6.133173000000000097e-02
3.850000000000000089e+00 6.801079999999999626e-02
3.899999999999999911e+00 7.308259999999999756e-02
3.950000000000000178e+00 7.659477000000000646e-02
4.000000000000000000e+00 7.847725999999999313e-02
4.049999999999999822e+00 7.870786999999999922e-02
4.099999999999999645e+00 7.699409999999999588e-02
4.150000000000000355e+00 7.311586000000000474e-02
4.200000000000000178e+00 6.690633999999999471e-02
4.250000000000000000e+00 5.848889000000000171e-02
4.299999999999999822e+00 4.781117000000000006e-02
4.349999999999999645e+00 3.514234000000000108e-02
4.400000000000000355e+00 2.093008000000000021e-02
4.450000000000000178e+00 5.827686000000000324e-03
4.500000000000000000e+00 -9.526163000000000686e-03
4.549999999999999822e+00 -2.435905000000000015e-02
4.599999999999999645e+00 -3.790825999999999918e-02
4.650000000000000355e+00 -4.957140000000000157e-02
4.700000000000000178e+00 -5.874403999999999737e-02
4.750000000000000000e+00 -6.506787999999999461e-02
4.799999999999999822e+00 -6.838851999999999431e-02
4.849999999999999645e+00 -6.877766000000000435e-02
4.900000000000000355e+00 -6.641142999999999352e-02
4.950000000000000178e+00 -6.165906000000000164e-02
5.000000000000000000e+00 -5.497646999999999951e-02
5.049999999999999822e+00 -4.683902000000000204e-02
5.099999999999999645e+00 -3.772251000000000076e-02
5.150000000000000355e+00 -2.806430999999999856e-02
5.200000000000000178e+00 -1.823504999999999918e-02
5.250000000000000000e+00 -8.449823999999999877e-03
5.299999999999999822e+00 9.904856999999999551e-04
5.349999999999999645e+00 9.888205000000000605e-03
5.400000000000000355e+00 1.807216999999999851e-02
5.450000000000000178e+00 2.549536999999999984e-02
5.500000000000000000e+00 3.187829999999999830e-02
5.549999999999999822e+00 3.705603999999999842e-02
5.599999999999999645e+00 4.087898000000000226e-02
5.650000000000000355e+00 4.329224999999999740e-02
5.700000000000000178e+00 4.411762999999999796e-02
5.750000000000000000e+00 4.333450999999999970e-02
5.799999999999999822e+00 4.099225000000000091e-02
5.849999999999999645e+00 3.723752000000000312e-02
5.900000000000000355e+00 3.220209999999999739e-02
5.950000000000000178e+00 2.612779000000000143e-02
6.000000000000000000e+00 1.929656999999999900e-02
6.049999999999999822e+00 1.201489000000000029e-02
6.099999999999999645e+00 4.536029999999999923e-03
6.150000000000000355e+00 -2.828643000000000043e-03
6.200000000000000178e+00 -9.780930000000000180e-03
6.250000000000000000e+00 -1.604691999999999924e-02
6.299999999999999822e+00 -2.138781999999999836e-02
6.349999999999999645e+00 -2.561068000000000025e-02
6.400000000000000355e+00 -2.857842999999999842e-02
6.450000000000000178e+00 -3.021835999999999967e-02
6.500000000000000000e+00 -3.052718000000000098e-02
6.549999999999999822e+00 -2.981970999999999927e-02
6.599999999999999645e+00 -2.792350000000000040e-02
6.650000000000000355e+00 -2.499689999999999898e-02
6.700000000000000178e+00 -2.124447999999999961e-02
6.750000000000000000e+00 -1.689871000000000081e-02
6.799999999999999822e+00 -1.219995999999999928e-02
6.849999999999999645e+00 -7.377642000000000227e-03
6.900000000000000355e+00 -2.635245000000000035e-03
6.950000000000000178e+00 1.858987000000000096e-03
7.000000000000000000e+00 5.975005999999999720e-03
7.049999999999999822e+00 9.723290000000000752e-03
7.099999999999999645e+00 1.293702000000000046e-02
7.150000000000000355e+00 1.556262999999999917e-02
7.200000000000000178e+00 1.756513000000000171e-02
7.250000000000000000e+00 1.892138000000000153e-02
7.299999999999999822e+00 1.961614999999999887e-02
7.349999999999999645e+00 1.964190000000000033e-02
7.400000000000000355e+00 1.900179999999999925e-02
7.450000000000000178e+00 1.771489999999999870e-02
7.500000000000000000e+00 1.582182000000000033e-02
7.549999999999999822e+00 1.339956999999999954e-02
7.599999999999999645e+00 1.053218000000000036e-02
7.650000000000000355e+00 7.333898000000000153e-03
7.700000000000000178e+00 3.935051000000000174e-03
7.750000000000000000e+00 4.754121999999999949e-04
7.799999999999999822e+00 -2.903641000000000208e-03
7.849999999999999645e+00 -6.067099999999999750e-03
7.900000000000000355e+00 -8.893391999999999964e-03
7.950000000000000178e+00 -1.127978999999999961e-02
8.000000000000000000e+00 -1.314583000000000071e-02
8.050000000000000711e+00 -1.447183999999999970e-02
8.099999999999999645e+00 -1.519627999999999951e-02
8.150000000000000355e+00 -1.530737000000000070e-02
8.199999999999999289e+00 -1.481379000000000029e-02
8.250000000000000000e+00 -1.374435000000000066e-02
8.300000000000000711e+00 -1.214811000000000016e-02
8.349999999999999645e+00 -1.009487000000000058e-02
8.400000000000000355e+00 -7.675127999999999812e-03
8.449999999999999289e+00 -4.998723000000000055e-03
8.500000000000000000e+00 -2.191428000000000039e-03
8.550000000000000711e+00 6.302401000000000444e-04
8.599999999999999645e+00 3.340490000000000213e-03
8.650000000000000355e+00 5.805290999999999750e-03
8.699999999999999289e+00 7.905478000000000505e-03
8.750000000000000000e+00 9.545926999999999191e-03
8.800000000000000711e+00 1.066254999999999981e-02
8.849999999999999645e+00 1.122621000000000036e-02
8.900000000000000355e+00 1.124307000000000084e-02
8.949999999999999289e+00 1.075169999999999945e-02
9.000000000000000000e+00 9.817281000000000618e-03
9.050000000000000711e+00 8.578939000000000703e-03
9.099999999999999645e+00 7.051944999999999568e-03
9.150000000000000355e+00 5.330795000000000151e-03
9.199999999999999289e+00 3.507540999999999871e-03
9.250000000000000000e+00 1.666362000000000008e-03
9.300000000000000711e+00 -1.196645000000000060e-04
9.349999999999999645e+00 -1.789671000000000057e-03
9.400000000000000355e+00 -3.294451999999999797e-03
9.449999999999999289e+00 -4.594944000000000112e-03
9.500000000000000000e+00 -5.660484000000000349e-03
9.550000000000000711e+00 -6.513055000000000233e-03
9.599999999999999645e+00 -7.093888999999999924e-03
9.650000000000000355e+00 -7.388707999999999908e-03
9.699999999999999289e+00 -7.391097999999999592e-03
9.750000000000000000e+00 -7.103916000000000050e-03
9.800000000000000711e+00 -6.540627999999999720e-03
9.849999999999999645e+00 -5.726147000000000008e-03
9.900000000000000355e+00 -4.696843000000000025e-03
9.949999999999999289e+00 -3.499532000000000077e-03
1.000000000000000000e+01 -2.189448999999999996e-03
1.005000000000000071e+01 -8.262353000000000275e-04
1.009999999999999964e+01 5.385897000000000384e-04
1.015000000000000036e+01 1.842906000000000058e-03
1.019999999999999929e+01 3.028087999999999960e-03
1.025000000000000000e+01 4.042353000000000265e-03
1.030000000000000071e+01 4.843657000000000344e-03
1.034999999999999964e+01 5.401905000000000248e-03
1.040000000000000036e+01 5.700334999999999951e-03
1.044999999999999929e+01 5.735994000000000335e-03
1.050000000000000000e+01 5.519310999999999835e-03
1.055000000000000071e+01 5.072824000000000083e-03
1.059999999999999964e+01 4.429208999999999924e-03
1.065000000000000036e+01 3.628789999999999794e-03
1.069999999999999929e+01 2.716746999999999825e-03
1.075000000000000000e+01 1.740271000000000049e-03
1.080000000000000071e+01 7.458874000000000103e-04
1.084999999999999964e+01 -2.228595999999999897e-04
1.090000000000000036e+01 -1.127203999999999923e-03
1.094999999999999929e+01 -1.934381999999999898e-03
1.100000000000000000e+01 -2.618291000000000021e-03
1.105000000000000071e+01 -3.190269999999999825e-03
1.109999999999999964e+01 -3.612906999999999837e-03
1.115000000000000036e+01 -3.876511999999999927e-03
1.119999999999999929e+01 -3.977188000000000424e-03
1.125000000000000000e+01 -3.916453000000000295e-03
1.130000000000000071e+01 -3.700937000000000063e-03
1.134999999999999964e+01 -3.342171000000000117e-03
1.140000000000000036e+01 -2.856483999999999846e-03
1.144999999999999929e+01 -2.264899999999999813e-03
1.150000000000000000e+01 -1.592913999999999962e-03
1.155000000000000071e+01 -8.699826999999999604e-04
1.159999999999999964e+01 -1.285981000000000114e-04
1.165000000000000036e+01 5.971245000000000459e-04
1.169999999999999929e+01 1.273292999999999994e-03
1.175000000000000000e+01 1.868377000000000059e-03
1.180000000000000071e+01 2.355379999999999800e-03
1.184999999999999964e+01 2.713778000000000024e-03
1.190000000000000036e+01 2.930920000000000053e-03
1.194999999999999929e+01 3.002716999999999799e-03
1.200000000000000000e+01 2.933531000000000073e-03
1.205000000000000071e+01 2.765795000000000146e-03
1.209999999999999964e+01 2.475111999999999798e-03
1.215000000000000036e+01 2.081168999999999901e-03
1.219999999999999929e+01 1.608014999999999965e-03
1.225000000000000000e+01 1.082173999999999983e-03
1.230000000000000071e+01 5.308220999999999469e-04
1.234999999999999964e+01 -1.976334000000000042e-05
1.240000000000000036e+01 -5.453917000000000183e-04
1.244999999999999929e+01 -1.024750000000000053e-03
1.250000000000000000e+01 -1.439867000000000057e-03
1.255000000000000071e+01 -1.776351000000000015e-03
1.259999999999999964e+01 -2.023515000000000036e-03
1.265000000000000036e+01 -2.174468000000000147e-03
1.269999999999999929e+01 -2.226205000000000198e-03
1.275000000000000000e+01 -2.179688999999999845e-03
1.280000000000000071e+01 -2.039865000000000081e-03
1.284999999999999964e+01 -1.815556999999999978e-03
1.290000000000000036e+01 -1.519181999999999998e-03
1.294999999999999929e+01 -1.166254000000000032e-03
1.300000000000000000e+01 -7.746928999999999838e-04
1.305000000000000071e+01 -3.688769000000000054e-04
1.309999999999999964e+01 4.150742000000000315e-05
1.315000000000000036e+01 4.374177000000000252e-04
1.319999999999999929e+01 8.007643999999999526e-04
1.325000000000000000e+01 1.115382000000000049e-03
1.330000000000000071e+01 1.367909000000000052e-03
1.334999999999999964e+01 1.548497000000000024e-03
1.340000000000000036e+01 1.651296999999999921e-03
1.344999999999999929e+01 1.674684000000000068e-03
1.350000000000000000e+01 1.621189000000000094e-03
1.355000000000000071e+01 1.497167999999999893e-03
1.359999999999999964e+01 1.312224000000000073e-03
1.365000000000000036e+01 1.078455000000000082e-03
1.369999999999999929e+01 8.095866000000000390e-04
1.375000000000000000e+01 5.200756000000000389e-04
1.380000000000000071e+01 2.242594000000000098e-04
1.384999999999999964e+01 -6.438531999999999632e-05
1.390000000000000036e+01 -3.338276000000000156e-04
1.394999999999999929e+01 -5.738884999999999993e-04
1.400000000000000000e+01 -7.764703000000000186e-04
1.405000000000000071e+01 -9.476950000000000261e-04
1.409999999999999964e+01 -1.073600999999999982e-03
1.415000000000000036e+01 -1.150811999999999972e-03
1.419999999999999929e+01 -1.177806999999999899e-03
1.425000000000000000e+01 -1.154861999999999989e-03
1.430000000000000071e+01 -1.084005999999999989e-03
1.434999999999999964e+01 -9.689712999999999972e-04
1.440000000000000036e+01 -8.151464000000000192e-04
1.444999999999999929e+01 -6.294764999999999692e-04
1.450000000000000000e+01 -4.203020000000000020e-04
1.455000000000000071e+01 -1.970983000000000099e-04
1.459999999999999964e+01 2.989345000000000091e-05
1.465000000000000036e+01 2.501410000000000027e-04
1.469999999999999929e+01 4.533744999999999941e-04
1.475000000000000000e+01 6.301781999999999696e-04
1.480000000000000071e+01 7.725631000000000165e-04
1.484999999999999964e+01 8.744627999999999516e-04
1.490000000000000036e+01 9.320975999999999914e-04
1.494999999999999929e+01 9.441694000000000475e-04
1.500000000000000000e+01 9.118674000000000441e-04
1.505000000000000071e+01 8.450238000000000324e-04
1.509999999999999964e+01 7.428444000000000193e-04
1.515000000000000036e+01 6.114342999999999948e-04
1.519999999999999929e+01 4.579723999999999861e-04
1.525000000000000000e+01 2.902442000000000086e-04
1.530000000000000071e+01 1.162044999999999951e-04
1.534999999999999964e+01 -5.640022999999999787e-05
1.540000000000000036e+01 -2.203348000000000101e-04
1.544999999999999929e+01 -3.691030000000000201e-04
1.550000000000000000e+01 -4.971118000000000064e-04
1.555000000000000071e+01 -5.997901999999999617e-04
1.559999999999999964e+01 -6.736792000000000127e-04
1.565000000000000036e+01 -7.165076000000000040e-04
1.569999999999999929e+01 -7.272573000000000275e-04
1.575000000000000000e+01 -7.062156000000000423e-04
1.580000000000000071e+01 -6.550040999999999719e-04
1.584999999999999964e+01 -5.765641999999999642e-04
1.590000000000000036e+01 -4.750835999999999926e-04
1.594999999999999929e+01 -3.558445000000000249e-04
1.600000000000000000e+01 -2.249860999999999972e-04
1.605000000000000071e+01 -9.184731999999999868e-05
1.610000000000000142e+01 4.057260999999999913e-05
1.614999999999999858e+01 1.660627999999999985e-04
1.619999999999999929e+01 2.789906999999999782e-04
1.625000000000000000e+01 3.746274000000000175e-04
1.630000000000000071e+01 4.493934999999999792e-04
1.635000000000000142e+01 5.010020999999999919e-04
1.639999999999999858e+01 5.284943000000000063e-04
1.644999999999999929e+01 5.321724999999999806e-04
1.650000000000000000e+01 5.134494999999999771e-04
1.655000000000000071e+01 4.746411000000000185e-04
1.660000000000000142e+01 4.187317000000000079e-04
1.664999999999999858e+01 3.491408999999999897e-04
1.669999999999999929e+01 2.695134000000000071e-04
1.675000000000000000e+01 1.835468000000000093e-04
1.680000000000000071e+01 9.486255999999999931e-05
1.685000000000000142e+01 6.914182999999999968e-06
1.689999999999999858e+01 -7.707539000000000339e-05
1.694999999999999929e+01 -1.541614999999999978e-04
1.700000000000000000e+01 -2.217235999999999925e-04
1.705000000000000071e+01 -2.806487999999999886e-04
1.710000000000000142e+01 -3.261402999999999850e-04
1.714999999999999858e+01 -3.565209000000000173e-04
1.719999999999999929e+01 -3.707218000000000189e-04
1.725000000000000000e+01 -3.683827000000000195e-04
1.730000000000000071e+01 -3.499217000000000213e-04
1.735000000000000142e+01 -3.165568999999999913e-04
1.739999999999999858e+01 -2.702665000000000254e-04
1.744999999999999929e+01 -2.136853999999999989e-04
1.750000000000000000e+01 -1.499430999999999908e-04
1.755000000000000071e+01 -8.245692999999999523e-05
1.760000000000000142e+01 -1.470338000000000084e-05
1.764999999999999858e+01 5.000895999999999900e-05
1.769999999999999929e+01 1.087409999999999945e-04
1.775000000000000000e+01 1.590794999999999937e-04
1.780000000000000071e+01 1.992371999999999904e-04
1.785000000000000142e+01 2.280918999999999904e-04
1.789999999999999858e+01 2.451719000000000099e-04
1.794999999999999929e+01 2.505977999999999743e-04
1.800000000000000000e+01 2.449974000000000270e-04
1.805000000000000071e+01 2.326080000000000064e-04
1.810000000000000142e+01 2.112659999999999929e-04
1.814999999999999858e+01 1.821802999999999877e-04
1.819999999999999929e+01 1.467694999999999981e-04
1.825000000000000000e+01 1.066238999999999940e-04
1.830000000000000071e+01 6.347160000000000399e-05
1.835000000000000142e+01 1.914103000000000061e-05
1.839999999999999858e+01 -2.448863000000000003e-05
1.844999999999999929e+01 -6.555353999999999782e-05
1.850000000000000000e+01 -1.022883000000000012e-04
1.855000000000000071e+01 -1.331213999999999889e-04
1.860000000000000142e+01 -1.567729999999999981e-04
1.864999999999999858e+01 -1.723432000000000002e-04
1.869999999999999929e+01 -1.793777000000000088e-04
1.875000000000000000e+01 -1.778999999999999874e-04
1.880000000000000071e+01 -1.684045999999999970e-04
1.885000000000000142e+01 -1.518095999999999975e-04
1.889999999999999858e+01 -1.293750999999999940e-04
1.894999999999999929e+01 -1.025981999999999963e-04
1.900000000000000000e+01 -7.309568999999999810e-05
1.905000000000000071e+01 -4.325877999999999852e-05
1.910000000000000142e+01 -1.315319999999999970e-05
1.914999999999999858e+01 1.589165999999999956e-05
1.919999999999999929e+01 4.270400999999999706e-05
1.925000000000000000e+01 6.630263000000000660e-05
1.930000000000000071e+01 8.591178999999999895e-05
1.935000000000000142e+01 1.009632000000000026e-04
1.939999999999999858e+01 1.110913999999999982e-04
1.944999999999999929e+01 1.161271999999999950e-04
1.950000000000000000e+01 1.160938999999999965e-04
1.955000000000000071e+01 1.112048000000000030e-04
1.960000000000000142e+01 1.018613000000000000e-04
1.964999999999999858e+01 8.864770000000000169e-05
1.969999999999999929e+01 7.231582000000000450e-05
1.975000000000000000e+01 5.375820999999999703e-05
1.980000000000000071e+01 3.396594000000000230e-05
1.985000000000000142e+01 1.397279000000000044e-05
1.989999999999999858e+01 -5.210050999999999594e-06
1.994999999999999929e+01 -2.266235000000000165e-05
2.000000000000000000e+01 -3.761787000000000242e-05
