9.653965431900000112e+03 -1.703056809999912957e+01 -1.594907308727327111e+00 2.728052141300000128e-06 3.986233045700000272e-06 -1.258180904399999932e-06
9.654465431900000112e+03 -1.653056809999912957e+01 -1.553220904303304728e+00 2.850798539599999790e-06 4.218935633600000386e-06 -1.368137093999999961e-06
9.654965431900000112e+03 -1.603056809999912957e+01 -1.510384398654099680e+00 2.984129183900000063e-06 4.478422014499999945e-06 -1.494292830600000094e-06
9.655465431900000112e+03 -1.553056809999913135e+01 -1.466296997825009774e+00 3.129454408199999788e-06 4.769432882000000084e-06 -1.639978473800000084e-06
9.655965431900000112e+03 -1.503056809999913135e+01 -1.420842264279736256e+00 3.288449048199999914e-06 5.097876457600000418e-06 -1.809427409400000081e-06
9.656465431900000112e+03 -1.453056809999913135e+01 -1.373884490813000792e+00 3.463119112100000086e-06 5.471207749999999760e-06 -2.008088637900000097e-06
9.656965431900000112e+03 -1.403056809999913135e+01 -1.325263916444354262e+00 3.655890500700000167e-06 5.898965106500000190e-06 -2.243074605800000023e-06
9.657465431900000112e+03 -1.353056809999913135e+01 -1.274790297406737993e+00 3.869729218100000166e-06 6.393545606499999647e-06 -2.523816388399999904e-06
9.657965431900000112e+03 -1.303056809999913135e+01 -1.222234084165259249e+00 4.108307701600000021e-06 6.971352980199999702e-06 -2.863045278499999818e-06
9.658465431900000112e+03 -1.253056809999913135e+01 -1.167314015433816632e+00 4.376240723100000014e-06 7.654544614799999318e-06 -3.278303891700000151e-06
9.658965431900000112e+03 -1.203056809999913135e+01 -1.109679171995739955e+00 4.679429967399999881e-06 8.473776574099999882e-06 -3.794346606700000001e-06
9.659465431900000112e+03 -1.153056809999913135e+01 -1.048882128217504484e+00 5.025585658400000368e-06 9.472680963199999339e-06 -4.447095304899999681e-06
9.659965431900000112e+03 -1.103056809999913135e+01 -9.843371236659788082e-01 5.425051660399999804e-06 1.071549985000000024e-05 -5.290448189300000002e-06
9.660465431900000112e+03 -1.053056809999913135e+01 -9.152515649590242663e-01 5.892184313999999739e-06 1.230081566799999969e-05 -6.408631354199999681e-06
9.660965431900000112e+03 -1.003056809999913135e+01 -8.405065623139855724e-01 6.447823234800000299e-06 1.438792437300000014e-05 -7.940101138100000823e-06
9.661465431929998886e+03 -9.530568070000358105e+00 -7.584307005600956497e-01 7.124136925199999846e-06 1.725186359800000109e-05 -1.012772667300000012e-05
9.661965431929998886e+03 -9.030568070000358105e+00 -6.663204797130342083e-01 7.975321940200000650e-06 2.141122509700000166e-05 -1.343590315700000073e-05
9.662465431929998886e+03 -8.530568070000358105e+00 -5.592395156084186691e-01 9.105287721400000847e-06 2.797083829700000110e-05 -1.886555057599999970e-05
9.662965431929998886e+03 -8.030568070000358105e+00 -4.260454083203681352e-01 1.075633759299999929e-05 3.973999766299999697e-05 -2.898366007000000106e-05
9.663465431929998886e+03 -7.530568070000358105e+00 -2.242332359036006140e-01 1.367454267599999949e-05 6.586399855200000060e-05 -5.218945587499999910e-05
9.663656999999999243e+03 -7.339000000000000412e+00 0.000000000000000000e+00 1.618434553935929138e-05 9.239054343617384292e-05 -7.620619789543140094e-05
9.663665999999999258e+03 -7.329999999999985860e+00 4.860261953445584038e-02 1.630225780819529786e-05 9.363677880283788942e-05 -7.733452099324144321e-05
9.663694999999999709e+03 -7.300999999999534751e+00 9.986888948025554602e-02 1.668219734111129728e-05 9.765242609542187815e-05 -8.097022875285143787e-05
9.663741999999998370e+03 -7.254000000000873527e+00 1.493646705120479090e-01 1.729796141169930289e-05 1.041605441213339599e-04 -8.686258270808151706e-05
9.663808999999999287e+03 -7.186999999999956756e+00 1.997377789593159370e-01 1.817575274636729467e-05 1.134380740731658619e-04 -9.526232132511142667e-05
9.663894999999998618e+03 -7.101000000000626144e+00 2.499348983886820197e-01 1.930246998191129787e-05 1.253465453546218967e-04 -1.060440753708514632e-04
9.663965431929998886e+03 -7.030568070000358105e+00 2.845234643808302599e-01 2.022522427800000096e-05 1.350992967000000063e-04 -1.148740724199999946e-04
9.663998999999999796e+03 -6.996999999999447439e+00 2.996066684391731072e-01 2.065480966800511939e-05 1.409503377854878239e-04 -1.202955281155498261e-04
9.664122999999999593e+03 -6.872999999999651166e+00 3.497287862733068908e-01 2.224169233241311548e-05 1.625640050174877518e-04 -1.403223126833897760e-04
9.664265999999999622e+03 -6.729999999999622062e+00 3.998039390328587128e-01 2.407172637281911200e-05 1.874894438414876990e-04 -1.634177174672697425e-04
9.664427999999999884e+03 -6.567999999999360128e+00 4.498478108507243944e-01 2.614491178922312252e-05 2.157266542574878278e-04 -1.895817424671898612e-04
9.664465431929998886e+03 -6.530568070000358105e+00 4.606384131293644324e-01 2.662394469899999894e-05 2.222511806999999905e-04 -1.956272360000000082e-04
9.664608999999998559e+03 -6.387000000000684352e+00 4.998697967778416573e-01 2.801254028528376219e-05 2.401510800691065083e-04 -2.121385397816742267e-04
9.664808999999999287e+03 -6.186999999999956756e+00 5.498758696994616724e-01 2.994694754768375649e-05 2.650868465931064256e-04 -2.351398990416741282e-04
9.664965431929998886e+03 -6.030568070000358105e+00 5.860220930284184560e-01 3.145996285499999995e-05 2.845905970100000141e-04 -2.531306341499999922e-04
9.665027999999998428e+03 -5.968000000000815319e+00 5.998700092247406523e-01 3.223522084513531631e-05 2.900526811293269386e-04 -2.578174602801926781e-04
9.665265999999999622e+03 -5.729999999999622062e+00 6.498549695126818460e-01 3.518419148866331215e-05 3.108296688228868727e-04 -2.756454773340326326e-04
9.665465431929998886e+03 -5.530568070000358105e+00 6.889528571567707926e-01 3.765527933299999959e-05 3.282397308199999750e-04 -2.905844514899999899e-04
9.665522999999999229e+03 -5.473000000000014964e+00 6.998327174231705472e-01 3.864688085218026097e-05 3.313828581412584309e-04 -2.927359772921933200e-04
9.665799999999999272e+03 -5.195999999999971308e+00 7.499796991827626380e-01 4.341816501739426343e-05 3.465066284533184710e-04 -3.030884634395933645e-04
9.665965431929998886e+03 -5.030568070000358105e+00 7.783894817194970672e-01 4.626770562400000180e-05 3.555389552099999886e-04 -3.092712495899999949e-04
9.666094999999999345e+03 -4.900999999999898549e+00 7.999360569744666805e-01 4.960490327779183261e-05 3.590458842922766673e-04 -3.094409810174482845e-04
9.666408999999999651e+03 -4.586999999999592958e+00 8.498898392453323458e-01 5.769239013539983216e-05 3.675447045018766798e-04 -3.098523143669282688e-04
9.666465431929998886e+03 -4.530568070000358105e+00 8.585594511264881268e-01 5.914586940999999706e-05 3.690721084100000182e-04 -3.099262389999999940e-04
9.666742999999998574e+03 -4.253000000000669800e+00 8.999873045167785524e-01 7.030652265248611026e-05 3.709075447874202180e-04 -3.006010221338238034e-04
9.666965431929998886e+03 -4.030568070000358105e+00 9.318575411433263067e-01 7.925022298800000141e-05 3.723783899599999786e-04 -2.931281669699999765e-04
9.667094999999999345e+03 -3.900999999999898549e+00 9.499294642140519995e-01 8.748136600042459999e-05 3.714777519944029941e-04 -2.839963859924966557e-04
9.667465431929998886e+03 -3.530568070000358105e+00 9.997962906776336478e-01 1.110140017200000016e-04 3.689028501699999915e-04 -2.578888484499999899e-04
9.667466999999998734e+03 -3.529000000000509729e+00 1.000002095751271414e+00 1.111632206464957908e-04 3.688792418915902167e-04 -2.577160212450943988e-04
9.667856999999999971e+03 -3.138999999999272816e+00 1.049936581553178483e+00 1.482759651880958011e-04 3.630075470183902089e-04 -2.147315818302944078e-04
9.667965431929998886e+03 -3.030568070000358105e+00 1.063403389462260984e+00 1.585944434399999905e-04 3.613750362299999997e-04 -2.027805927900000092e-04
9.668266999999999825e+03 -2.728999999999418336e+00 1.099990374909949997e+00 1.955871414097618802e-04 3.555537831668522677e-04 -1.599666417631217771e-04
9.668465431929998886e+03 -2.530568070000358105e+00 1.123414845276175855e+00 2.199283538400000103e-04 3.517233959500000212e-04 -1.317950421199999870e-04
9.668694999999999709e+03 -2.300999999999534751e+00 1.149919672740976173e+00 2.474996731881254526e-04 3.468912215426358495e-04 -9.939154836037815324e-05
9.668965431929998886e+03 -2.030568070000358105e+00 1.180379201974502745e+00 2.799787766799999994e-04 3.411989044400000207e-04 -6.122012776099999452e-05
9.669143000000000029e+03 -1.852999999999214609e+00 1.199958769480723442e+00 2.938349383254615799e-04 3.374181849766159209e-04 -4.358324665286460208e-05
9.669465431929998886e+03 -1.530568070000358105e+00 1.234718270019939945e+00 3.189952553899999782e-04 3.305530730599999761e-04 -1.155781767300000059e-05
9.669609999999998763e+03 -1.386000000000480625e+00 1.249989496233149255e+00 3.246069936013594621e-04 3.275675437664063764e-04 -2.960550166601194278e-06
9.669965431929998886e+03 -1.030568070000358105e+00 1.286764684077124743e+00 3.384038917900000060e-04 3.202273860200000044e-04 1.817650577199999887e-05
9.670094999999999345e+03 -9.009999999998985487e-01 1.299911867083462180e+00 3.428204350236430586e-04 3.176947309283867566e-04 2.512570409621979180e-05
9.670465431924998484e+03 -5.305680750007599755e-01 1.336786256939651807e+00 3.554472234899999986e-04 3.104539323199999876e-04 4.499329116799999676e-05
9.670599999999998545e+03 -3.960000000006989040e-01 1.349932349975339507e+00 3.602315935904064565e-04 3.080026656086403986e-04 5.222892797949691757e-05
9.670965431925198573e+03 -3.056807480067114113e-02 1.385002398070960705e+00 3.732239885299999910e-04 3.013460264800000210e-04 7.187796204699999612e-05
9.671123999999999796e+03 1.280000000005525607e-01 1.399946689834637992e+00 3.752384955031493768e-04 2.986800176316874037e-04 7.655847786909625752e-05
9.671465431924998484e+03 4.694319249992400245e-01 1.431595539416375740e+00 3.795761718900000220e-04 2.929395144799999792e-04 8.663665740900000178e-05
9.671666999999999462e+03 6.710000000002178666e-01 1.449955522349051007e+00 3.749836553386458283e-04 2.898309481236812724e-04 8.515270721275515519e-05
9.671965431924998484e+03 9.694319249992400245e-01 1.476719314678295092e+00 3.681841978600000013e-04 2.852285554000000257e-04 8.295564245600000144e-05
9.672228999999999360e+03 1.233000000000116003e+00 1.499959398365525276e+00 3.570161335730614506e-04 2.815129696327860480e-04 7.550316393732967946e-05
9.672465431929998886e+03 1.469431929999641895e+00 1.520504548340270379e+00 3.469978982699999798e-04 2.781799289599999961e-04 6.881796930799999659e-05
9.672809999999999491e+03 1.814000000000246970e+00 1.549958797595160975e+00 3.328214845768438920e-04 2.737534009711134150e-04 5.906808360304138458e-05
9.672965431929998886e+03 1.969431929999641895e+00 1.563063731071295370e+00 3.264266165300000076e-04 2.717566292200000017e-04 5.466998730699999814e-05
9.673409999999999854e+03 2.414000000000610768e+00 1.599954139743766879e+00 3.124229879633131811e-04 2.665433778738396397e-04 4.587961008024958294e-05
9.673465431929998886e+03 2.469431929999641895e+00 1.604494429176239967e+00 3.106769152900000063e-04 2.658933523699999967e-04 4.478356290999999963e-05
9.673965431929998886e+03 2.969431929999641895e+00 1.644881916468370120e+00 2.997024608400000018e-04 2.604448251200000238e-04 3.925763572199999894e-05
9.674028999999998632e+03 3.032999999999388407e+00 1.649945793614544076e+00 2.988786731425708523e-04 2.598345232321570028e-04 3.904414991200815530e-05
9.674592207570000028e+03 3.596207570000784060e+00 1.694150303443094252e+00 2.915799858100000187e-04 2.544273016000000152e-04 3.715268420800000291e-05
9.674666999999999462e+03 3.671000000000217867e+00 1.699934084602378270e+00 2.911720284237640172e-04 2.538850456474074299e-04 3.728698277481987301e-05
9.675238033129999167e+03 4.242033129999922991e+00 1.743460347168109825e+00 2.880573123599999906e-04 2.497449727299999958e-04 3.831233963200000224e-05
9.675324999999998909e+03 4.328999999999664894e+00 1.749994293691794933e+00 2.881851908647225656e-04 2.497269333976214292e-04 3.845825746870877110e-05
9.675902908609999940e+03 4.906908610000696669e+00 1.792808610420885129e+00 2.890349637599999989e-04 2.496070591799999820e-04 3.942790457900000305e-05
9.676000999999998385e+03 5.004999999999141025e+00 1.799974609033689665e+00 2.887070216054844090e-04 2.494922529136147228e-04 3.921476869058283988e-05
9.676586834009998711e+03 5.590834009999467114e+00 1.842192021753033870e+00 2.867484433100000096e-04 2.488065921700000093e-04 3.794185113699999931e-05
9.676695999999999913e+03 5.700000000000668976e+00 1.849952446935221095e+00 2.858703101894132436e-04 2.484448219740743717e-04 3.742548821327060048e-05
9.677289809329999116e+03 6.293809329999872304e+00 1.891607828378360168e+00 2.810936976200000166e-04 2.464769699199999774e-04 3.461672770299999949e-05
9.677411000000000058e+03 6.415000000000814495e+00 1.899997074869211211e+00 2.797766591544213386e-04 2.459194386824348753e-04 3.385722047448291335e-05
9.678011834569999337e+03 7.015834570000093251e+00 1.941053556116905776e+00 2.732470951199999923e-04 2.431553311700000047e-04 3.009176395000000119e-05
9.678143999999998414e+03 7.147999999999170129e+00 1.949968754198961873e+00 2.716454522439983184e-04 2.424813029637548167e-04 2.916414927935180300e-05
9.678752909739998358e+03 7.756909739999114706e+00 1.990526975860994030e+00 2.642663974699999813e-04 2.393759346400000016e-04 2.489046282499999841e-05
9.678896999999999025e+03 7.900999999999781309e+00 2.000004191502662287e+00 2.625317879906229859e-04 2.386010602328765627e-04 2.393072775350167352e-05
9.679513034820000030e+03 8.517034820000786155e+00 2.040026071618358028e+00 2.550642591524240172e-04 2.352636646528475576e-04 1.980043217582378075e-05
9.679667999999999665e+03 8.672000000000421593e+00 2.049970687340530340e+00 2.533804184003692994e-04 2.343825727852921444e-04 1.899768736207274142e-05
9.680292209819999698e+03 9.296209820000454371e+00 2.089549019308829525e+00 2.465929059370261479e-04 2.308343570535659325e-04 1.575832446339818328e-05
9.680458999999998923e+03 9.462999999999679446e+00 2.099998151836547589e+00 2.451430346478384388e-04 2.298721693740228339e-04 1.527079563178640096e-05
9.681090434699999605e+03 1.009443470000036136e+01 2.139094159864813882e+00 2.397187155080435044e-04 2.262666507621513925e-04 1.345255538802858918e-05
9.681268000000000029e+03 1.027200000000078539e+01 2.149960252127960825e+00 2.386078683412371860e-04 2.252659249452456855e-04 1.334281055416778317e-05
9.681907709600000089e+03 1.091170960000084555e+01 2.188659994528174391e+00 2.346779254836529600e-04 2.217331985091642655e-04 1.294713252133067384e-05
9.682096999999999753e+03 1.110100000000050890e+01 2.199980749819791637e+00 2.339327449874167093e-04 2.208137119559029659e-04 1.312213368942947348e-05
9.682744034299999839e+03 1.174803430000059556e+01 2.238245135589949086e+00 2.315512221247424608e-04 2.179913641197995047e-04 1.356742925276585048e-05
9.682944999999999709e+03 1.194900000000046525e+01 2.249997424658124245e+00 2.311572039867548518e-04 2.173602817270931442e-04 1.380630449264500378e-05
9.683599408999998559e+03 1.260340899999931530e+01 2.287848339224725525e+00 2.300778218993790672e-04 2.154751685658006064e-04 1.462028767330897399e-05
9.683810999999999694e+03 1.281500000000045070e+01 2.299953467270577701e+00 2.299142316580191916e-04 2.150832120995928537e-04 1.485194375483971983e-05
9.684473833599999125e+03 1.347783359999988129e+01 2.337468449905964363e+00 2.296525484702911595e-04 2.140108554373261376e-04 1.567913538241714019e-05
9.684697000000000116e+03 1.370100000000087270e+01 2.349964437621665514e+00 2.296351243650886003e-04 2.138240532470128826e-04 1.585520676087940337e-05
9.685367308199998661e+03 1.437130819999941700e+01 2.387104418804404382e+00 2.298376606362345620e-04 2.133949275958694158e-04 1.651665590045560408e-05
9.685601999999998952e+03 1.460599999999970855e+01 2.399972221111235982e+00 2.299259459156620064e-04 2.133818412031869777e-04 1.663025299715902822e-05
9.686279832599999281e+03 1.528383260000003752e+01 2.436755266067849757e+00 2.301601565454334955e-04 2.134659153730665473e-04 1.681244899999880318e-05
9.686525999999999840e+03 1.553000000000059622e+01 2.449977012885667271e+00 2.302449460066760979e-04 2.136056578523451476e-04 1.677052525009904070e-05
9.687211406999998871e+03 1.621540699999962953e+01 2.486420110942747286e+00 2.305759267067131917e-04 2.140694796772680121e-04 1.667718991611041204e-05
9.687468999999999141e+03 1.647299999999989950e+01 2.499978992466393990e+00 2.307218254304076752e-04 2.143276485614957374e-04 1.658116650938384919e-05
9.688162031199999547e+03 1.716603120000030458e+01 2.536098120727164229e+00 2.309704835982782770e-04 2.150631833894177305e-04 1.613452623504325103e-05
9.688430999999998676e+03 1.743499999999943384e+01 2.549978325284629754e+00 2.310871293626453704e-04 2.154050166386882047e-04 1.592588663118030002e-05
9.689131705399999191e+03 1.813570539999994935e+01 2.585788546801232268e+00 2.309934569394645669e-04 2.163043870075333414e-04 1.496102484495852653e-05
9.689411999999998443e+03 1.841599999999920101e+01 2.599975164037636954e+00 2.309492861127860654e-04 2.166951859275254217e-04 1.453721016032935344e-05
9.690120429599999625e+03 1.912442960000038283e+01 2.635490686862457022e+00 2.298115459620218609e-04 2.174122989137675967e-04 1.266265304839392098e-05
9.690411999999998443e+03 1.941599999999920101e+01 2.649969649891612100e+00 2.292847190625245933e-04 2.177074443569562137e-04 1.183128050208239292e-05
9.691128203599999324e+03 2.013220360000008213e+01 2.685203880671400256e+00 2.273842687736096139e-04 2.183703416749018433e-04 9.217867561867860470e-06
9.691430999999998676e+03 2.043499999999943384e+01 2.699961913550601000e+00 2.265034751976937721e-04 2.186351710600882505e-04 8.049679884039182543e-06
9.692155027599999812e+03 2.115902760000057015e+01 2.734927535048139013e+00 2.237961833548675404e-04 2.191910011376006025e-04 4.702692386987316008e-06
9.692469999999999345e+03 2.147400000000010323e+01 2.749999798133768714e+00 2.225397364023324015e-04 2.194057678997737609e-04 3.193836203719894951e-06
9.693200901499998508e+03 2.220490149999926643e+01 2.784661084919755059e+00 2.191416724658646308e-04 2.198192612581147012e-04 -7.315483924121084218e-07
9.693527000000000044e+03 2.253100000000080172e+01 2.799987120345187375e+00 2.175646182892699405e-04 2.199696839148589436e-04 -2.510265673899079540e-06
9.694265825299999051e+03 2.326982529999980898e+01 2.834404009395914859e+00 2.141551840578540260e-04 2.204015989991779288e-04 -6.467931121044891123e-06
9.694602999999999156e+03 2.360699999999991405e+01 2.849972588640921511e+00 2.125711609178020816e-04 2.205648583327494375e-04 -8.269547605790445195e-06
9.695349798999999621e+03 2.435379900000037878e+01 2.884155823426245213e+00 2.091327821270529857e-04 2.208477611917248132e-04 -1.210115825503749915e-05
9.695698999999998705e+03 2.470299999999946294e+01 2.900001552369435576e+00 2.075129728840224494e-04 2.209454618219804849e-04 -1.387039566057095117e-05
9.696452822599998399e+03 2.545682259999915686e+01 2.933916074777470850e+00 2.042921010332603864e-04 2.210849518782717605e-04 -1.732540203309199225e-05
9.696813000000000102e+03 2.581700000000085993e+01 2.949982827193631252e+00 2.027440099767518014e-04 2.211198504362295574e-04 -1.895273865692254791e-05
9.697574896199999785e+03 2.657889620000054265e+01 2.983684345709173957e+00 1.999394892258006290e-04 2.211341627624690577e-04 -2.184028064257250259e-05
9.697945999999999913e+03 2.695000000000067075e+01 2.999962542311497060e+00 1.985609999775202455e-04 2.211149999608766998e-04 -2.323144745601115905e-05
9.698716019699999379e+03 2.772001970000013671e+01 3.033460237176771823e+00 1.966362846700780704e-04 2.212238579454466666e-04 -2.529162538722492208e-05
9.699098999999998341e+03 2.810299999999909915e+01 3.049983802521107012e+00 1.956790000000000081e-04 2.212779999999999912e-04 -2.631703509599999833e-05
9.699876193099999000e+03 2.888019309999975803e+01 3.083243380102492548e+00 1.944216978518771295e-04 2.213860908492320926e-04 -2.768420038811027450e-05
9.700270999999998821e+03 2.927499999999957936e+01 3.100002263475568842e+00 1.937829999999999978e-04 2.214410000000000098e-04 -2.837921423700000083e-05
9.701055416399998649e+03 3.005941639999940662e+01 3.133033428814611998e+00 1.932774139673949765e-04 2.215477860981512794e-04 -2.897091967935956953e-05
9.701460999999999331e+03 3.046500000000008868e+01 3.149976396850841187e+00 1.930160000000000100e-04 2.216030000000000126e-04 -2.927708034500000231e-05
9.702253689699999086e+03 3.125768969999984392e+01 3.182830063347962035e+00 1.933081814927272866e-04 2.217097838190909055e-04 -2.905109726816548337e-05
9.702670999999998457e+03 3.167499999999921556e+01 3.199990302128349562e+00 1.934620000000000122e-04 2.217660000000000041e-04 -2.893203589199999778e-05
9.703471012799998789e+03 3.247501279999954704e+01 3.232632971232122454e+00 1.946616937269324786e-04 2.219944820934092902e-04 -2.790405690795254176e-05
9.703899999999999636e+03 3.290400000000039427e+01 3.250001763731375171e+00 1.953050000000000012e-04 2.221170000000000013e-04 -2.735193161400000035e-05
9.704707385899999281e+03 3.371138590000003887e+01 3.282441874915714042e+00 1.972059502825982368e-04 2.223442593832397650e-04 -2.561353250905424710e-05
9.705146999999999025e+03 3.415099999999978309e+01 3.299971124729633498e+00 1.982409999999999880e-04 2.224679999999999984e-04 -2.466547209599999999e-05
9.705962808899999800e+03 3.496680890000055797e+01 3.332256501593788389e+00 2.007817907808997473e-04 2.226933615745856380e-04 -2.228325446594275959e-05
9.706413999999998850e+03 3.541799999999960846e+01 3.349978619286468007e+00 2.021869999999999939e-04 2.228180000000000069e-04 -2.096365327560000314e-05
9.707237281799998527e+03 3.624128179999928534e+01 3.382076598384222255e+00 2.052323744343701633e-04 2.230427059967340659e-04 -1.807829042270732881e-05
9.707699999999998909e+03 3.670399999999966667e+01 3.399983966557281967e+00 2.069440000000000027e-04 2.231690000000000041e-04 -1.645402720099999939e-05
9.708530804699999862e+03 3.753480470000062041e+01 3.431901930886215091e+00 2.103690799126436864e-04 2.234764932337930958e-04 -1.328184635430408467e-05
9.709004999999999200e+03 3.800899999999995771e+01 3.449987259912667525e+00 2.123240000000000088e-04 2.236519999999999925e-04 -1.146733136119999976e-05
9.709843377499999406e+03 3.884737750000016376e+01 3.481732270553425046e+00 2.158567100245468355e-04 2.239578431514350609e-04 -8.196482528332029653e-06
9.710328999999999724e+03 3.933300000000048158e+01 3.499988587383657812e+00 2.179030000000000040e-04 2.241350000000000081e-04 -6.297767643500000708e-06
9.711175000100000034e+03 4.017900010000079192e+01 3.531567401716955157e+00 2.213588127688756707e-04 2.244392576681310508e-04 -3.114167974996776780e-06
9.711671999999998661e+03 4.067599999999941929e+01 3.549988032038209784e+00 2.233889999999999986e-04 2.246179999999999965e-04 -1.239862159659999850e-06
9.712525672799998574e+03 4.152967279999933226e+01 3.581407135349233162e+00 2.266112700916299587e-04 2.249207341867841574e-04 1.699142254773540693e-06
9.713033999999999651e+03 4.203800000000040882e+01 3.599985672326583064e+00 2.285300000000000092e-04 2.251010000000000120e-04 3.452959299600000098e-06
9.713895395300000018e+03 4.289939530000077639e+01 3.631251271098654421e+00 2.313936247808110293e-04 2.254334574184648757e-04 5.991929401895670001e-06
9.714414999999999054e+03 4.341899999999981219e+01 3.649981582397556323e+00 2.331210000000000064e-04 2.256340000000000017e-04 7.527082549800000187e-06
9.715284167699999671e+03 4.428816770000042879e+01 3.681099633708794450e+00 2.355677070754999872e-04 2.259655253941428603e-04 9.642644996421107482e-06
9.715814999999998690e+03 4.481899999999944839e+01 3.699975832389863939e+00 2.370619999999999878e-04 2.261680000000000071e-04 1.093773326479999962e-05
9.716691990100000112e+03 4.569599010000086992e+01 3.730952057274951272e+00 2.390823528096546727e-04 2.264980301010570895e-04 1.262124685352487835e-05
9.717233999999998559e+03 4.623799999999931742e+01 3.749968488699575442e+00 2.403309999999999865e-04 2.267020000000000124e-04 1.366414566720000049e-05
9.718118862399998761e+03 4.712286239999951931e+01 3.780808377686919908e+00 2.419506855883252325e-04 2.270303645042390478e-04 1.494365706439914380e-05
9.718672999999998865e+03 4.767699999999962301e+01 3.799994149738296745e+00 2.429649999999999887e-04 2.272359999999999907e-04 1.574679581559999781e-05
9.719564784599999257e+03 4.856878460000001496e+01 3.830668442791962391e+00 2.442075001633493511e-04 2.275475431444063041e-04 1.666716696823098068e-05
9.720129999999999200e+03 4.913399999999995771e+01 3.849983355691555253e+00 2.449950000000000218e-04 2.277450000000000091e-04 1.725177484799999997e-05
9.721029756699999780e+03 5.003375670000053788e+01 3.880532108245917655e+00 2.459490103221544533e-04 2.280552819514227781e-04 1.788400792267072213e-05
9.721605999999999767e+03 5.061000000000052523e+01 3.899971158573066976e+00 2.465599999999999975e-04 2.282540000000000003e-04 1.828978759139999964e-05
9.722513778799999272e+03 5.151777880000003051e+01 3.930399240358424695e+00 2.472651062604277962e-04 2.285628632414438469e-04 1.867370942996853203e-05
9.723101999999998952e+03 5.210599999999971033e+01 3.949990835702761771e+00 2.477220000000000246e-04 2.287629999999999915e-04 1.892300084439999777e-05
9.724016850699999850e+03 5.302085070000060796e+01 3.980269702238382390e+00 2.481951361282034273e-04 2.290705686963672339e-04 1.907609195307645840e-05
9.724615999999999985e+03 5.362000000000074351e+01 3.999975574403118905e+00 2.485049999999999933e-04 2.292720000000000099e-04 1.917653935199999972e-05
9.725538972599999397e+03 5.454297260000015513e+01 4.030143376787087561e+00 2.486951299488917655e-04 2.295198909460234690e-04 1.911186029584378330e-05
9.726149999999999636e+03 5.515400000000039427e+01 4.049991475959133780e+00 2.488209999999999814e-04 2.296839999999999917e-04 1.906893988999999761e-05
9.727080144399998971e+03 5.608414439999972956e+01 4.080020142974240649e+00 2.487586707360824718e-04 2.299309197762886502e-04 1.875409822277531493e-05
9.727701999999999316e+03 5.670600000000007412e+01 4.099973383342011779e+00 2.487170000000000244e-04 2.300960000000000006e-04 1.854320654399999724e-05
9.728640366199999335e+03 5.764436620000009270e+01 4.129899891964452507e+00 2.483677988377862734e-04 2.303419331262086627e-04 1.794467511107396073e-05
9.729273999999999432e+03 5.827800000000019054e+01 4.149985770905611382e+00 2.481319999999999750e-04 2.305080000000000095e-04 1.753976863440000000e-05
9.730219637799998964e+03 5.922363779999972166e+01 4.179782510691691932e+00 2.474657146613450662e-04 2.307528791788812021e-04 1.662757953595358443e-05
9.730864999999999782e+03 5.986900000000053979e+01 4.199996303673152909e+00 2.470109999999999971e-04 2.309199999999999914e-04 1.600391060000000139e-05
9.731817959399999381e+03 6.082195940000013934e+01 4.229667903828624453e+00 2.459472864621504366e-04 2.310763587828464853e-04 1.478885849280255585e-05
9.732473999999998341e+03 6.147799999999909915e+01 4.249974168423614529e+00 2.452150000000000163e-04 2.311840000000000010e-04 1.395142267679999937e-05
9.733435330899999826e+03 6.243933090000058428e+01 4.279555971287515526e+00 2.438352629562922107e-04 2.313403859352363421e-04 1.242296494621945608e-05
9.734102999999999156e+03 6.310699999999991405e+01 4.299981544088662844e+00 2.428770000000000126e-04 2.314489999999999994e-04 1.136018812209999986e-05
9.735071752299998479e+03 6.407575229999923749e+01 4.329446620619945563e+00 2.412181292532766949e-04 2.316041884752427374e-04 9.556381331238276969e-06
9.735750999999998385e+03 6.475499999999914280e+01 4.349987244151502175e+00 2.400550000000000047e-04 2.317130000000000090e-04 8.290181371400000431e-06
9.736727223599998979e+03 6.573122359999973696e+01 4.379339763585771372e+00 2.381851248021595437e-04 2.318681885146970810e-04 6.278307331570826628e-06
9.737417999999999665e+03 6.642200000000042337e+01 4.399991325741668291e+00 2.368620000000000100e-04 2.319780000000000073e-04 4.853072551199999959e-06
9.738401744899998448e+03 6.740574489999920615e+01 4.429235318879181982e+00 2.347772310037366526e-04 2.320287626371886249e-04 2.731153847886101257e-06
9.739103999999999360e+03 6.810800000000011778e+01 4.449993843418842410e+00 2.332889999999999953e-04 2.320649999999999948e-04 1.215834948000000004e-06
9.740095315999999002e+03 6.909931599999976015e+01 4.479133200023664330e+00 2.311865960961876883e-04 2.321161646967741883e-04 -9.232105426839589089e-07
9.740808999999999287e+03 6.981300000000004502e+01 4.499994849316196088e+00 2.296730000000000082e-04 2.321529999999999980e-04 -2.463770143099999685e-06
9.741807937099998526e+03 7.081193709999928387e+01 4.529033335940346738e+00 2.276629577726798541e-04 2.322039898287702982e-04 -4.510633759364591590e-06
9.742532999999999447e+03 7.153700000000020509e+01 4.549994393273687265e+00 2.262040000000000047e-04 2.322410000000000013e-04 -5.996880653799999896e-06
9.743539608099999896e+03 7.254360810000065385e+01 4.578935650047383454e+00 2.243900263671256439e-04 2.322918212924842188e-04 -7.848617715313995651e-06
9.744275999999999840e+03 7.328000000000059799e+01 4.599992522962911501e+00 2.230629999999999885e-04 2.323290000000000045e-04 -9.203783033700000359e-06
9.745290329099998416e+03 7.429432909999917456e+01 4.628840074732281096e+00 2.214263725134506321e-04 2.322817951270147476e-04 -1.078383079765101491e-05
9.746037999999998647e+03 7.504199999999940474e+01 4.649989284003773982e+00 2.202200000000000023e-04 2.322469999999999873e-04 -1.194808626319999956e-05
9.747060099899999841e+03 7.606409990000059906e+01 4.678746536849894611e+00 2.189293191043795617e-04 2.321999409366647831e-04 -1.318463984233751240e-05
9.747818999999999505e+03 7.682300000000026330e+01 4.699984720073955735e+00 2.179709999999999905e-04 2.321649999999999972e-04 -1.410244502799999930e-05
9.748848920699998416e+03 7.785292069999917430e+01 4.728654977441153484e+00 2.170652419621666752e-04 2.321180813903333455e-04 -1.495658354882244709e-05
9.749618999999998778e+03 7.862299999999953570e+01 4.749978873010902269e+00 2.163880000000000024e-04 2.320830000000000072e-04 -1.559500285139999950e-05
9.750656791399998838e+03 7.966079139999959580e+01 4.778565331768972690e+00 2.158805086010988990e-04 2.320362423654945077e-04 -1.605362478457029207e-05
9.751438999999998487e+03 8.044299999999924466e+01 4.799999123438042581e+00 2.154980000000000025e-04 2.320009999999999900e-04 -1.639917628579999709e-05
9.752483711999999286e+03 8.148771200000004455e+01 4.828477540488341546e+00 2.152928090141458071e-04 2.318770896539717086e-04 -1.648160864042316314e-05
9.753277000000000044e+03 8.228100000000080172e+01 4.849990546920038170e+00 2.151370000000000105e-04 2.317829999999999999e-04 -1.654413743910000038e-05
9.754329682499999763e+03 8.333368250000052058e+01 4.878391546680840740e+00 2.152906224865374209e-04 2.316599886362412581e-04 -1.627007418394701198e-05
9.755134000000000015e+03 8.413800000000077262e+01 4.899980808428132661e+00 2.154079999999999949e-04 2.315659999999999984e-04 -1.606086200160000124e-05
9.756194702999999208e+03 8.519870299999996632e+01 4.928307298394762448e+00 2.158764724491209403e-04 2.314433721092168253e-04 -1.547400380084347097e-05
9.757010999999998603e+03 8.601499999999936108e+01 4.949996455205663004e+00 2.162370000000000101e-04 2.313489999999999969e-04 -1.502278612439999822e-05
9.758078773299999739e+03 8.708277330000049687e+01 4.978224737851761894e+00 2.169672555128232322e-04 2.312261638103430147e-04 -1.417576335622864334e-05
9.758905999999999040e+03 8.790999999999979764e+01 4.999984231913630062e+00 2.175330000000000059e-04 2.311310000000000068e-04 -1.352016963669999917e-05
9.759981893599999239e+03 8.898589359999999715e+01 5.028143820006015119e+00 2.184156260290339390e-04 2.309596435780678818e-04 -1.247167378688155372e-05
9.760820999999999913e+03 8.982500000000067075e+01 5.049996940400661494e+00 2.191039999999999947e-04 2.308260000000000021e-04 -1.165500488759999986e-05
9.761904063799998767e+03 9.090806379999952469e+01 5.078064493828414072e+00 2.201355160143817966e-04 2.306551078846352733e-04 -1.045891216238859648e-05
9.762753999999998996e+03 9.175799999999975398e+01 5.099982382908581080e+00 2.209450000000000064e-04 2.305209999999999974e-04 -9.521508540299999883e-06
9.763845283999999083e+03 9.284928399999984094e+01 5.127986715393743289e+00 2.220709279365079265e-04 2.303505741833077134e-04 -8.232184524213751213e-06
9.764706999999998516e+03 9.371099999999927377e+01 5.149992318415099746e+00 2.229599999999999930e-04 2.302159999999999927e-04 -7.215429872000000348e-06
9.765805553999998665e+03 9.480955399999942301e+01 5.177910434865813372e+00 2.241298597363083173e-04 2.300460918002028283e-04 -5.882617166200905230e-06
9.766679000000000087e+03 9.568300000000084538e+01 5.200000802984041215e+00 2.250599999999999899e-04 2.299109999999999880e-04 -4.824314477399999894e-06
9.767784873999999036e+03 9.678887399999979380e+01 5.227835614352042803e+00 2.262253355668341769e-04 2.297242795658291435e-04 -3.479084062459654142e-06
9.768668999999999869e+03 9.767300000000062710e+01 5.249982881075474950e+00 2.271569999999999937e-04 2.295750000000000102e-04 -2.405165445000000189e-06
9.769783243899999434e+03 9.878724390000019184e+01 5.277762209932692627e+00 2.282912005071641897e-04 2.293892926833333346e-04 -1.091176462206589415e-06
9.770679000000000087e+03 9.968300000000084538e+01 5.299988822438328917e+00 2.292030000000000076e-04 2.292399999999999939e-04 -3.638290963999999927e-08
9.771800663999998505e+03 1.008046639999992635e+02 5.327690189186163217e+00 2.302743577289305009e-04 2.290542537683587770e-04 1.213788953225575441e-06
9.772707999999998719e+03 1.017119999999994775e+02 5.349993428210864543e+00 2.311410000000000016e-04 2.289039999999999890e-04 2.223594057359999717e-06
9.773837132999999085e+03 1.028411329999998429e+02 5.377619481847909277e+00 2.321207213579101660e-04 2.287193029516601539e-04 3.382092779473472301e-06
9.774755999999999403e+03 1.037600000000001614e+02 5.399996735496340072e+00 2.329180000000000085e-04 2.285689999999999998e-04 4.323474062599999513e-06
9.775892652999998973e+03 1.048966529999997306e+02 5.427550102447281866e+00 2.338132448398645344e-04 2.283990794499274378e-04 5.382917184342449734e-06
9.776822999999998501e+03 1.058269999999992592e+02 5.449998780035217649e+00 2.345460000000000004e-04 2.282600000000000135e-04 6.248891412000000192e-06
9.777967222999999649e+03 1.069712230000004070e+02 5.477481990710564297e+00 2.352996732511984548e-04 2.280905057972195575e-04 7.166136352984489064e-06
9.778908999999999651e+03 1.079130000000004088e+02 5.499999596267537427e+00 2.359200000000000045e-04 2.279510000000000000e-04 7.920066314599999365e-06
9.780060841999998956e+03 1.090648419999997145e+02 5.527415088540982957e+00 2.365044024969121129e-04 2.277813700617577198e-04 8.668496598261284081e-06
9.781013999999999214e+03 1.100179999999999723e+02 5.549999217391235362e+00 2.369879999999999882e-04 2.276409999999999979e-04 9.286978820600000887e-06
9.782173511999999391e+03 1.111775120000001493e+02 5.577349410511107664e+00 2.373777794576271191e-04 2.274723139322033870e-04 9.841573802187364087e-06
9.783137999999999010e+03 1.121419999999997685e+02 5.599997675417962562e+00 2.377020000000000088e-04 2.273320000000000115e-04 1.030225430920000119e-05
9.784305230999998457e+03 1.133092309999992153e+02 5.627284877391187656e+00 2.379225919528698088e-04 2.271991001567895505e-04 1.065233129512311219e-05
9.785280999999999040e+03 1.142849999999997976e+02 5.649995001225474489e+00 2.381069999999999888e-04 2.270879999999999915e-04 1.094466512160000046e-05
9.786456000000000131e+03 1.154600000000008890e+02 5.677221482086174831e+00 2.380890652173913054e-04 2.269548478260869468e-04 1.105741138898303385e-05
9.787442999999999302e+03 1.164470000000000596e+02 5.699991224607465767e+00 2.380740000000000113e-04 2.268430000000000099e-04 1.115201019740000003e-05
9.788625818999998955e+03 1.176298189999997135e+02 5.727159194833221001e+00 2.378115128858321835e-04 2.267101294566712701e-04 1.102106349968551570e-05
9.789623999999999796e+03 1.186280000000005543e+02 5.749986374320760874e+00 2.375900000000000071e-04 2.265980000000000012e-04 1.091067104020000012e-05
9.790814687999998569e+03 1.198186879999993266e+02 5.777097986898129811e+00 2.370888285963636591e-04 2.264654006545454505e-04 1.054273526168177490e-05
9.791823999999998705e+03 1.208279999999994629e+02 5.799980478130010830e+00 2.366640000000000096e-04 2.263529999999999926e-04 1.023117823529999907e-05
9.793022606999998970e+03 1.220266069999997285e+02 5.827037830531039297e+00 2.359982871932432395e-04 2.262693134752252137e-04 9.651738327195080231e-06
9.794043999999999869e+03 1.230480000000006271e+02 5.849995996096007289e+00 2.354310000000000029e-04 2.261979999999999915e-04 9.158304623999999884e-06
9.795249575999998342e+03 1.242535759999991001e+02 5.876978698924694378e+00 2.345782623735478175e-04 2.261145038963360040e-04 8.393707514284911959e-06
9.796281999999999243e+03 1.252860000000000014e+02 5.899987897550312610e+00 2.338479999999999877e-04 2.260429999999999905e-04 7.739373255499999352e-06
9.797495594999998502e+03 1.264995949999992604e+02 5.926920566174905147e+00 2.328558404030115240e-04 2.259596929915854715e-04 6.836356023001669210e-06
9.798539999999999054e+03 1.275439999999998122e+02 5.950000890250001007e+00 2.320020000000000057e-04 2.258879999999999894e-04 6.059761843199999469e-06
9.799760663999999451e+03 1.287646640000002094e+02 5.976863407242737125e+00 2.309234607627416388e-04 2.258048704217926073e-04 5.071917721028030757e-06
9.800815999999998894e+03 1.298199999999996521e+02 5.999990702156350331e+00 2.299910000000000008e-04 2.257329999999999883e-04 4.218453157400000029e-06
9.802044782999999370e+03 1.310487830000001281e+02 6.026807197918706116e+00 2.289580944294425358e-04 2.257265777891986067e-04 3.201345756560137508e-06
9.803111999999999171e+03 1.321159999999999286e+02 6.050001291221705380e+00 2.280609999999999972e-04 2.257209999999999891e-04 2.318019237399999754e-06
9.805425999999999476e+03 1.344300000000002342e+02 6.099989118913015318e+00 2.261540000000000035e-04 2.257089999999999899e-04 4.406607090600000099e-07
9.807759999999998399e+03 1.367639999999991574e+02 6.149997418191683884e+00 2.243550000000000026e-04 2.256960000000000021e-04 -1.327916270400000050e-06
9.810111999999999171e+03 1.391159999999999286e+02 6.199983360132773846e+00 2.227340000000000125e-04 2.256840000000000029e-04 -2.918726035199999938e-06
9.812483999999998559e+03 1.414879999999993174e+02 6.249989476304460112e+00 2.213440000000000004e-04 2.256720000000000037e-04 -4.281155810400000493e-06
9.814875000000000000e+03 1.438790000000007581e+02 6.299994455509718705e+00 2.202159999999999936e-04 2.256589999999999887e-04 -5.381944584099999897e-06
9.817284999999999854e+03 1.462890000000006125e+02 6.349998324608631783e+00 2.193720000000000132e-04 2.256469999999999895e-04 -6.202674994799999383e-06
9.819713999999999942e+03 1.487180000000006999e+02 6.400001109621363149e+00 2.188170000000000024e-04 2.256340000000000017e-04 -6.736641521000000174e-06
9.822161000000000058e+03 1.511650000000008163e+02 6.449982489358258242e+00 2.185490000000000111e-04 2.256220000000000025e-04 -6.986610852000000137e-06
9.824627999999998792e+03 1.536319999999995503e+02 6.499983337573715936e+00 2.185579999999999901e-04 2.256100000000000032e-04 -6.963249600999999498e-06
9.827113999999999578e+03 1.561180000000003361e+02 6.549983172649164409e+00 2.188330000000000104e-04 2.256640000000000132e-04 -6.744623065599999918e-06
9.829619999999998981e+03 1.586239999999997394e+02 6.600001901596151299e+00 2.193530000000000122e-04 2.257179999999999961e-04 -6.283402253200000013e-06
9.832143999999998414e+03 1.611479999999991719e+02 6.649999629278909197e+00 2.200910000000000041e-04 2.257720000000000061e-04 -5.608266788800000133e-06
9.834686999999999898e+03 1.636910000000006562e+02 6.699996413080377522e+00 2.210059999999999911e-04 2.258259999999999890e-04 -4.757273098599999808e-06
9.837248999999999796e+03 1.662530000000005543e+02 6.749992273974302570e+00 2.220540000000000122e-04 2.258799999999999990e-04 -3.776081136000000331e-06
9.839829999999999927e+03 1.688340000000006853e+02 6.799987232317323382e+00 2.231830000000000077e-04 2.259340000000000090e-04 -2.714845537400000031e-06
9.842430999999998676e+03 1.714349999999994338e+02 6.850000466166318525e+00 2.243430000000000034e-04 2.259890000000000076e-04 -1.624022490809999912e-06
9.845049999999999272e+03 1.740540000000000305e+02 6.899993539310790958e+00 2.254849999999999867e-04 2.260429999999999905e-04 -5.501909224299999167e-07
9.847688000000000102e+03 1.766920000000008599e+02 6.949985769490864662e+00 2.265710000000000098e-04 2.260970000000000004e-04 4.673040625099999934e-07
9.850345999999999549e+03 1.793500000000003070e+02 6.999995922538436055e+00 2.275690000000000026e-04 2.261510000000000104e-04 1.398298417530000052e-06
9.853021999999999025e+03 1.820259999999997831e+02 7.049986387521265385e+00 2.283409999999999878e-04 2.260650000000000116e-04 2.244936221849999985e-06
9.855717999999998938e+03 1.847219999999996958e+02 7.099994547797226829e+00 2.289899999999999878e-04 2.259800000000000014e-04 2.970755678000000370e-06
9.858432999999999083e+03 1.874369999999998413e+02 7.150001677678725187e+00 2.295069999999999966e-04 2.258940000000000026e-04 3.566640366000000395e-06
9.861165999999999258e+03 1.901700000000000159e+02 7.199989571667311239e+00 2.298880000000000053e-04 2.258089999999999924e-04 4.027461581299999857e-06
9.863918999999999869e+03 1.929230000000006271e+02 7.249994830292107117e+00 2.301270000000000008e-04 2.257229999999999935e-04 4.349298480899999195e-06
9.866690999999998894e+03 1.956949999999996521e+02 7.299999119448512097e+00 2.302209999999999901e-04 2.256380000000000104e-04 4.527945437400000147e-06
9.869480999999999767e+03 1.984850000000005252e+02 7.349984603921801529e+00 2.301650000000000028e-04 2.255520000000000116e-04 4.558360809599999897e-06
9.872290999999999258e+03 2.012950000000000159e+02 7.399987133614512658e+00 2.299550000000000032e-04 2.254670000000000014e-04 4.436198505200000529e-06
9.875119999999998981e+03 2.041239999999997394e+02 7.449988749989903347e+00 2.295889999999999867e-04 2.253810000000000026e-04 4.159992345600000506e-06
9.877967999999998938e+03 2.069719999999996958e+02 7.499989471314939316e+00 2.290709999999999893e-04 2.252959999999999924e-04 3.734010844799999862e-06
9.880834999999999127e+03 2.098389999999998849e+02 7.549989315372358512e+00 2.282259999999999931e-04 2.250209999999999992e-04 3.171558484499999749e-06
9.883720999999999549e+03 2.127250000000003070e+02 7.599988299476625464e+00 2.272660000000000023e-04 2.247460000000000061e-04 2.494995244400000239e-06
9.886625999999998385e+03 2.156299999999991428e+02 7.649986440489222161e+00 2.262200000000000127e-04 2.244699999999999972e-04 1.732273149899999851e-06
9.889550999999999476e+03 2.185550000000002342e+02 7.700000798246167122e+00 2.251210000000000017e-04 2.241950000000000041e-04 9.170853411500000610e-07
9.892493999999998778e+03 2.214979999999995357e+02 7.749997191971426780e+00 2.240069999999999984e-04 2.239200000000000110e-04 8.655761951999999245e-08
9.895456000000000131e+03 2.244600000000008890e+02 7.799992792027558686e+00 2.229169999999999936e-04 2.236449999999999907e-04 -7.214765335499999819e-07
9.898436999999999898e+03 2.274410000000006562e+02 7.849987613578844226e+00 2.218859999999999962e-04 2.233699999999999976e-04 -1.471382863999999891e-06
9.901438000000000102e+03 2.304420000000008599e+02 7.899998283343832028e+00 2.209450000000000064e-04 2.230939999999999887e-04 -2.132229828759999770e-06
9.904456999999998516e+03 2.334609999999992738e+02 7.949991487390438039e+00 2.201199999999999999e-04 2.228189999999999956e-04 -2.679621294000000097e-06
9.907495999999999185e+03 2.364999999999999432e+02 8.000000361760031709e+00 2.194259999999999960e-04 2.225440000000000024e-04 -3.096410452800000089e-06
9.910552999999999884e+03 2.395570000000006416e+02 8.049992009684984851e+00 2.188140000000000094e-04 2.222190000000000081e-04 -3.382017626700000061e-06
9.913629999999999200e+03 2.426339999999999577e+02 8.099999153682540864e+00 2.183460000000000132e-04 2.218939999999999866e-04 -3.525895659999999914e-06
9.916724999999998545e+03 2.457289999999993029e+02 8.149989303831929988e+00 2.180189999999999873e-04 2.215700000000000080e-04 -3.528613034999999935e-06
9.919840000000000146e+03 2.488440000000009036e+02 8.199994779347552054e+00 2.178299999999999930e-04 2.212449999999999866e-04 -3.394871777999999791e-06
9.922973999999998341e+03 2.519779999999990991e+02 8.249999394401276831e+00 2.177699999999999970e-04 2.209199999999999922e-04 -3.133109531999999972e-06
9.926125999999998385e+03 2.551299999999991428e+02 8.299987353193223782e+00 2.178249999999999956e-04 2.205949999999999979e-04 -2.755430085499999831e-06
9.929297999999998865e+03 2.583019999999996230e+02 8.349990388290772003e+00 2.179810000000000124e-04 2.202709999999999922e-04 -2.277822410999999691e-06
9.932488999999999578e+03 2.614930000000003361e+02 8.399992607346277396e+00 2.182169999999999878e-04 2.199459999999999978e-04 -1.720417612000000227e-06
9.935698999999998705e+03 2.647029999999994629e+02 8.449994024846317231e+00 2.185090000000000047e-04 2.196210000000000035e-04 -1.107469639440000017e-06
9.938927999999999884e+03 2.679320000000006416e+02 8.499994654936456229e+00 2.188280000000000130e-04 2.192960000000000092e-04 -4.668110092800000184e-07
9.942175999999999476e+03 2.711800000000002342e+02 8.549994511431027178e+00 2.192499999999999896e-04 2.190740000000000103e-04 1.748311294039999912e-07
9.945442999999999302e+03 2.744470000000000596e+02 8.599993607822977282e+00 2.196459999999999906e-04 2.188520000000000114e-04 7.915767413999999620e-07
9.948728999999999360e+03 2.777330000000001178e+02 8.649991957293050149e+00 2.199880000000000086e-04 2.186289999999999967e-04 1.353365980959999909e-06
9.952033999999999651e+03 2.810380000000004088e+02 8.699989572718800801e+00 2.202460000000000051e-04 2.184069999999999978e-04 1.832803837830000064e-06
9.955358999999998559e+03 2.843629999999993174e+02 8.750001464881682622e+00 2.203990000000000018e-04 2.181849999999999990e-04 2.207334008000000146e-06
9.958701999999999316e+03 2.877060000000000741e+02 8.799997564471196299e+00 2.204309999999999907e-04 2.179620000000000114e-04 2.461052534399999886e-06
9.962063999999998487e+03 2.910679999999992447e+02 8.849992967879067862e+00 2.203340000000000084e-04 2.177400000000000125e-04 2.585989109999999985e-06
9.965444999999999709e+03 2.944490000000004670e+02 8.899987686837684819e+00 2.201070000000000121e-04 2.175179999999999865e-04 2.582569462199999756e-06
9.968845999999999549e+03 2.978500000000003070e+02 8.949996395867998444e+00 2.197610000000000123e-04 2.172949999999999990e-04 2.459301350999999824e-06
9.972264999999999418e+03 3.012690000000001760e+02 8.999989698632392177e+00 2.193100000000000127e-04 2.170730000000000001e-04 2.231597269200000246e-06
9.975703999999999724e+03 3.047080000000004816e+02 9.049996852527790736e+00 2.188959999999999994e-04 2.169569999999999897e-04 1.934052328650000072e-06
9.979161000000000058e+03 3.081650000000008163e+02 9.099988786547374531e+00 2.184149999999999883e-04 2.168419999999999950e-04 1.569200985619999976e-06
9.982637999999999010e+03 3.116419999999997685e+02 9.149994435279580784e+00 2.178890000000000004e-04 2.167260000000000117e-04 1.160266480860000058e-06
9.986134000000000015e+03 3.151380000000007726e+02 9.199999310519000773e+00 2.173429999999999958e-04 2.166109999999999900e-04 7.302433354199998912e-07
9.989647999999999229e+03 3.186519999999999868e+02 9.249989237329071301e+00 2.167969999999999912e-04 2.164959999999999953e-04 3.003578905599999975e-07
9.993181999999998880e+03 3.221859999999996376e+02 9.299992679227871761e+00 2.162689999999999990e-04 2.163800000000000120e-04 -1.109540381200000123e-07
9.996734999999998763e+03 3.257389999999995212e+02 9.349995383647168978e+00 2.157750000000000000e-04 2.162649999999999902e-04 -4.885967012499999396e-07
1.000030699999999888e+04 3.293109999999996376e+02 9.399997362355891894e+00 2.153269999999999935e-04 2.161490000000000069e-04 -8.209187715700000853e-07
1.000389799999999923e+04 3.329019999999999868e+02 9.449998626873716390e+00 2.149329999999999969e-04 2.160340000000000123e-04 -1.099492080959999914e-06
1.000750799999999981e+04 3.365120000000005689e+02 9.499999188477623591e+00 2.145980000000000077e-04 2.159180000000000019e-04 -1.318684638119999941e-06
1.001113699999999881e+04 3.401409999999995648e+02 9.549999058208248570e+00 2.142980000000000004e-04 2.157860000000000106e-04 -1.486116024140000093e-06
1.001478499999999985e+04 3.437890000000006125e+02 9.599998246876134900e+00 2.140610000000000093e-04 2.156530000000000035e-04 -1.590460283770000049e-06
1.001845199999999932e+04 3.474560000000000741e+02 9.649996765067530902e+00 2.138879999999999959e-04 2.155210000000000123e-04 -1.631011202959999942e-06
1.002213799999999901e+04 3.511419999999997685e+02 9.699994623150352879e+00 2.137779999999999986e-04 2.153880000000000052e-04 -1.608700663800000088e-06
1.002584299999999894e+04 3.548469999999996958e+02 9.749991831279691823e+00 2.137279999999999974e-04 2.152559999999999868e-04 -1.526231769359999842e-06
1.002956699999999910e+04 3.585709999999998558e+02 9.799988399403272155e+00 2.137340000000000106e-04 2.151230000000000069e-04 -1.388124182100000016e-06
1.003331099999999969e+04 3.623150000000004525e+02 9.849997660542436861e+00 2.137890000000000092e-04 2.149909999999999885e-04 -1.200827930680000057e-06
1.003707299999999850e+04 3.660769999999992592e+02 9.899992910411349101e+00 2.138850000000000029e-04 2.148580000000000086e-04 -9.726127486600001195e-07
1.004085499999999956e+04 3.698590000000003215e+02 9.950000738971519709e+00 2.140119999999999967e-04 2.147259999999999902e-04 -7.134228404799999894e-07
1.004465499999999884e+04 3.736589999999995939e+02 9.999994710704767087e+00 2.141579999999999916e-04 2.145930000000000103e-04 -4.344714255899999851e-07
1.004847499999999854e+04 3.774789999999993029e+02 1.005000114868389538e+01 2.141900000000000076e-04 2.143369999999999911e-04 -1.468371346119999817e-07
1.005231300000000010e+04 3.813170000000008599e+02 1.009999388080129812e+01 2.142190000000000034e-04 2.140800000000000103e-04 1.385876851199999968e-07
1.005617099999999846e+04 3.851749999999992156e+02 1.014999896855825234e+01 2.142339999999999956e-04 2.138239999999999911e-04 4.096931987199999931e-07
1.006004699999999866e+04 3.890509999999994193e+02 1.019999049805906211e+01 2.142230000000000122e-04 2.135679999999999989e-04 6.551710963199999038e-07
1.006394299999999930e+04 3.929470000000000596e+02 1.024999427439310828e+01 2.141760000000000040e-04 2.133109999999999911e-04 8.650827604999999697e-07
1.006785800000000017e+04 3.968620000000009327e+02 1.029999737802058313e+01 2.140859999999999964e-04 2.130549999999999989e-04 1.031382210600000061e-06
1.007179199999999946e+04 4.007960000000002196e+02 1.034999981869143859e+01 2.139470000000000033e-04 2.127979999999999911e-04 1.148247368100000031e-06
1.007574399999999878e+04 4.047479999999995357e+02 1.039998898729445465e+01 2.137540000000000002e-04 2.125419999999999989e-04 1.212333191739999997e-06
1.007971599999999853e+04 4.087199999999992883e+02 1.044999019093385861e+01 2.135089999999999915e-04 2.122860000000000068e-04 1.222816185779999943e-06
1.008370699999999852e+04 4.127109999999992738e+02 1.049999075918283076e+01 2.132109999999999886e-04 2.120289999999999989e-04 1.181342896690000013e-06
1.008771699999999873e+04 4.167209999999994920e+02 1.054999070107546366e+01 2.128649999999999889e-04 2.117730000000000068e-04 1.091854997940000102e-06
1.009174599999999919e+04 4.207499999999999432e+02 1.059999002547529479e+01 2.124770000000000055e-04 2.115169999999999876e-04 9.602554524499999282e-07
1.009579500000000007e+04 4.247990000000008308e+02 1.065000106354020559e+01 2.120540000000000131e-04 2.112600000000000068e-04 7.940671872000000722e-07
1.009986199999999917e+04 4.288659999999999286e+02 1.069999912130323594e+01 2.116060000000000065e-04 2.110039999999999876e-04 6.020049622000000605e-07
1.010394799999999850e+04 4.329519999999992592e+02 1.074999658771645983e+01 2.111410000000000034e-04 2.107470000000000068e-04 3.935025834600000051e-07
1.010805299999999988e+04 4.370570000000006416e+02 1.079999347099268014e+01 2.106689999999999984e-04 2.104909999999999876e-04 1.782742999949999927e-07
1.011217699999999968e+04 4.411810000000004379e+02 1.084998977919316232e+01 2.101999999999999865e-04 2.102349999999999954e-04 -3.414216399999999497e-08
1.011632099999999991e+04 4.453250000000006708e+02 1.089999756007047793e+01 2.097439999999999895e-04 2.099779999999999876e-04 -2.347869006999999964e-07
1.012048300000000017e+04 4.494870000000009327e+02 1.094999268674367343e+01 2.093060000000000048e-04 2.097219999999999954e-04 -4.156501290199999676e-07
1.012466499999999905e+04 4.536689999999998122e+02 1.099999919253505354e+01 2.088960000000000003e-04 2.094649999999999876e-04 -5.699563596499998790e-07
1.012886499999999978e+04 4.578690000000005398e+02 1.104999317018139138e+01 2.085540000000000093e-04 2.092530000000000106e-04 -6.993109708200000013e-07
1.013308499999999913e+04 4.620889999999998849e+02 1.109999843478247072e+01 2.082449999999999959e-04 2.090399999999999908e-04 -7.948139783999999659e-07
1.013732299999999850e+04 4.663269999999992592e+02 1.114999129472944439e+01 2.079729999999999958e-04 2.088269999999999981e-04 -8.536283927100001075e-07
1.014158099999999831e+04 4.705849999999990700e+02 1.119999535083592512e+01 2.077400000000000134e-04 2.086140000000000054e-04 -8.745411801000001144e-07
1.014585800000000017e+04 4.748620000000009327e+02 1.124999878855521018e+01 2.075430000000000016e-04 2.084010000000000127e-04 -8.579473208100001331e-07
1.015015299999999843e+04 4.791569999999991865e+02 1.129999000245094898e+01 2.073819999999999874e-04 2.081879999999999929e-04 -8.057854083599999972e-07
1.015446799999999894e+04 4.834719999999996958e+02 1.134999227904249786e+01 2.072540000000000048e-04 2.079759999999999888e-04 -7.214084309599999001e-07
1.015880199999999968e+04 4.878060000000004379e+02 1.139999396099402773e+01 2.071529999999999867e-04 2.077629999999999961e-04 -6.094104316000000008e-07
1.016315499999999884e+04 4.921589999999995939e+02 1.144999505609582258e+01 2.070739999999999896e-04 2.075500000000000034e-04 -4.754264830000000166e-07
1.016752700000000004e+04 4.965310000000008017e+02 1.149999557200265876e+01 2.070110000000000006e-04 2.073370000000000107e-04 -3.258860764900000053e-07
1.017191799999999967e+04 5.009220000000004234e+02 1.154999551623658682e+01 2.069560000000000019e-04 2.071239999999999908e-04 -1.677549056999999739e-07
1.017632799999999952e+04 5.053320000000002779e+02 1.159999489618994417e+01 2.069030000000000077e-04 2.069109999999999981e-04 -8.247100020200000146e-09
1.018075699999999961e+04 5.097610000000003652e+02 1.164999371912806048e+01 2.068440000000000003e-04 2.066989999999999941e-04 1.454877782370000048e-07
1.018520499999999993e+04 5.142090000000006285e+02 1.169999199219199504e+01 2.067729999999999937e-04 2.064860000000000014e-04 2.866872272600000266e-07
1.018967299999999886e+04 5.186769999999995662e+02 1.175000089126910119e+01 2.066830000000000132e-04 2.062730000000000086e-04 4.093116393599999810e-07
1.019415899999999965e+04 5.231630000000003520e+02 1.179999803820086335e+01 2.065690000000000072e-04 2.060599999999999888e-04 5.083541411999999991e-07
1.019866399999999885e+04 5.276679999999995516e+02 1.184999465636193072e+01 2.064280000000000097e-04 2.058469999999999961e-04 5.801159569299999607e-07
1.020318800000000010e+04 5.321920000000008031e+02 1.189999075241707516e+01 2.062579999999999893e-04 2.056340000000000034e-04 6.224006531599999720e-07
1.020773199999999997e+04 5.367360000000006721e+02 1.194999731486378813e+01 2.060580000000000116e-04 2.054219999999999993e-04 6.346122388200000578e-07
1.021229399999999987e+04 5.412980000000005703e+02 1.199999234050350871e+01 2.058279999999999951e-04 2.052090000000000066e-04 6.177324443399999628e-07
1.021687600000000020e+04 5.458800000000009049e+02 1.204999775455866207e+01 2.055709999999999872e-04 2.049890000000000121e-04 5.805513967900000770e-07
1.022147599999999875e+04 5.504799999999994498e+02 1.209999173664368399e+01 2.052880000000000037e-04 2.047689999999999905e-04 5.178792302099999968e-07
1.022609599999999955e+04 5.551000000000002501e+02 1.214999603023216501e+01 2.049839999999999876e-04 2.045489999999999960e-04 4.336970627400000200e-07
1.023073499999999876e+04 5.597389999999994643e+02 1.219999975163982775e+01 2.046630000000000020e-04 2.043290000000000015e-04 3.329214128599999954e-07
1.023539199999999983e+04 5.643960000000005266e+02 1.224999219487988000e+01 2.043310000000000059e-04 2.041090000000000070e-04 2.210704579000000056e-07
1.024006899999999951e+04 5.690730000000002065e+02 1.229999483638340863e+01 2.039940000000000123e-04 2.038890000000000125e-04 1.039142716290000131e-07
1.024476499999999942e+04 5.737690000000001191e+02 1.234999692603370569e+01 2.036569999999999917e-04 2.036700000000000066e-04 -1.286807427000000083e-08
1.024947999999999956e+04 5.784840000000002647e+02 1.239999847050670034e+01 2.033249999999999955e-04 2.034500000000000121e-04 -1.239671712500000001e-07
1.025421399999999994e+04 5.832180000000006430e+02 1.244999947637099247e+01 2.030049999999999986e-04 2.032299999999999905e-04 -2.246748296000000037e-07
1.025896699999999873e+04 5.879709999999994352e+02 1.249999995009000209e+01 2.026979999999999895e-04 2.030099999999999960e-04 -3.110417714999999786e-07
1.026373899999999958e+04 5.927430000000002792e+02 1.254999989802412586e+01 2.024089999999999928e-04 2.027900000000000015e-04 -3.799797904000000045e-07
1.026852999999999884e+04 5.975339999999995371e+02 1.259999932643266618e+01 2.021400000000000128e-04 2.025700000000000070e-04 -4.293045752999999971e-07
1.027334000000000015e+04 6.023440000000008467e+02 1.264999824147597351e+01 2.018909999999999954e-04 2.023500000000000125e-04 -4.577541464999999861e-07
1.027816899999999987e+04 6.071730000000005703e+02 1.269999664921724758e+01 2.016639999999999991e-04 2.021299999999999909e-04 -4.649717667999999748e-07
1.028301699999999983e+04 6.120210000000005266e+02 1.274999455562457662e+01 2.014580000000000082e-04 2.019110000000000121e-04 -4.515012635400000891e-07
1.028788400000000001e+04 6.168880000000007158e+02 1.279999196657273153e+01 2.012709999999999911e-04 2.016909999999999905e-04 -4.187226174599999268e-07
1.029277099999999882e+04 6.217749999999995225e+02 1.284999910062373907e+01 2.011009999999999979e-04 2.014709999999999960e-04 -3.688289302799999600e-07
1.029767599999999948e+04 6.266800000000001774e+02 1.289999549833204462e+01 2.009459999999999968e-04 2.012510000000000015e-04 -3.047141390999999812e-07
1.030259999999999854e+04 6.316039999999992460e+02 1.294999141796957609e+01 2.008009999999999906e-04 2.010310000000000070e-04 -2.298588453999999942e-07
1.030754399999999987e+04 6.365480000000005703e+02 1.299999695999270699e+01 2.006630000000000132e-04 2.008110000000000125e-04 -1.481575525560000086e-07
1.031250599999999940e+04 6.415100000000001046e+02 1.304999190127734465e+01 2.004540000000000022e-04 2.005189999999999956e-04 -6.448390261499999625e-08
1.031748799999999937e+04 6.464920000000000755e+02 1.309999639896224366e+01 2.002460000000000069e-04 2.002270000000000059e-04 1.887211556719999805e-08
1.032248899999999958e+04 6.514930000000002792e+02 1.315000036425042218e+01 2.000329999999999871e-04 1.999349999999999890e-04 9.807151639499999529e-08
1.032750799999999981e+04 6.565120000000005120e+02 1.319999386121069129e+01 1.998129999999999926e-04 1.996429999999999993e-04 1.696250778059999978e-07
1.033254699999999866e+04 6.615509999999993624e+02 1.324999681728444756e+01 1.995819999999999875e-04 1.993499999999999938e-04 2.305741905000000133e-07
1.033760499999999956e+04 6.666090000000002647e+02 1.329999925855785392e+01 1.993379999999999946e-04 1.990580000000000040e-04 2.786274543400000076e-07
1.034268099999999868e+04 6.716849999999993770e+02 1.334999136053959212e+01 1.990790000000000094e-04 1.987659999999999872e-04 3.122395217399999631e-07
1.034777700000000004e+04 6.767810000000007449e+02 1.339999282616073906e+01 1.988050000000000049e-04 1.984739999999999974e-04 3.306457755599999902e-07
1.035289199999999983e+04 6.818960000000005266e+02 1.344999379380449156e+01 1.985160000000000082e-04 1.981820000000000077e-04 3.338296517199999983e-07
1.035802599999999984e+04 6.870300000000005411e+02 1.349999426900405730e+01 1.982130000000000079e-04 1.978899999999999908e-04 3.224637339000000143e-07
1.036317900000000009e+04 6.921830000000007885e+02 1.354999425721090311e+01 1.978960000000000040e-04 1.975970000000000124e-04 2.978241263100000175e-07
1.036835099999999875e+04 6.973549999999994498e+02 1.359999376379625602e+01 1.975679999999999895e-04 1.973049999999999956e-04 2.616797023500000247e-07
1.037354199999999946e+04 7.025460000000001628e+02 1.364999279405264687e+01 1.972300000000000073e-04 1.970130000000000058e-04 2.161725142499999977e-07
1.037875299999999879e+04 7.077569999999994934e+02 1.370000093233265481e+01 1.968849999999999962e-04 1.967209999999999890e-04 1.637145604570000029e-07
1.038398199999999997e+04 7.129860000000006721e+02 1.374999899066882669e+01 1.965360000000000034e-04 1.964289999999999992e-04 1.068624831539999992e-07
1.038922999999999956e+04 7.182340000000002647e+02 1.379999658834792697e+01 1.961850000000000063e-04 1.961370000000000095e-04 4.822243895699999947e-08
1.039449699999999939e+04 7.235010000000000900e+02 1.384999373035879877e+01 1.958349999999999978e-04 1.958440000000000040e-04 -9.655011277999999756e-09
1.039978399999999965e+04 7.287880000000003520e+02 1.389999986292721168e+01 1.954880000000000094e-04 1.955519999999999871e-04 -6.436672300799999885e-08
1.040508899999999994e+04 7.340930000000006430e+02 1.394999607444483125e+01 1.951459999999999913e-04 1.952599999999999974e-04 -1.137420741600000015e-07
1.041041299999999865e+04 7.394169999999993479e+02 1.399999184507685257e+01 1.948119999999999908e-04 1.949680000000000076e-04 -1.559188341199999929e-07
1.041575699999999961e+04 7.447610000000003083e+02 1.404999652004390676e+01 1.945449999999999881e-04 1.947370000000000025e-04 -1.918687187270000061e-07
1.042111999999999898e+04 7.501239999999996826e+02 1.410000069722749849e+01 1.942880000000000074e-04 1.945070000000000132e-04 -2.184527567700000312e-07
1.042650100000000020e+04 7.555050000000009049e+02 1.414999510740684485e+01 1.940409999999999943e-04 1.942769999999999968e-04 -2.347468418699999907e-07
1.043190200000000004e+04 7.609060000000007449e+02 1.419999833743982087e+01 1.938049999999999918e-04 1.940459999999999917e-04 -2.402929831799999650e-07
1.043732099999999991e+04 7.663250000000006139e+02 1.424999187565385839e+01 1.935799999999999999e-04 1.938160000000000024e-04 -2.351201277600000351e-07
1.044275999999999840e+04 7.717639999999991005e+02 1.429999417814365792e+01 1.933650000000000028e-04 1.935849999999999973e-04 -2.197228467000000039e-07
1.044821799999999894e+04 7.772219999999996389e+02 1.434999600805615394e+01 1.931590000000000119e-04 1.933550000000000080e-04 -1.950410556000000170e-07
1.045369499999999971e+04 7.826990000000004102e+02 1.439999737031419258e+01 1.929610000000000114e-04 1.931240000000000029e-04 -1.624084002960000071e-07
1.045919099999999889e+04 7.881949999999995953e+02 1.444999826977243274e+01 1.927700000000000127e-04 1.928939999999999865e-04 -1.234920890579999824e-07
1.046470600000000013e+04 7.937100000000008322e+02 1.449999871121857709e+01 1.925829999999999957e-04 1.926630000000000085e-04 -8.021080880099999650e-08
1.047023999999999978e+04 7.992440000000004829e+02 1.454999869937440948e+01 1.923980000000000102e-04 1.924329999999999921e-04 -3.465121787699999693e-08
1.047579299999999967e+04 8.047970000000003665e+02 1.459999823889704196e+01 1.922129999999999976e-04 1.922019999999999870e-04 1.103489342599999890e-08
1.048136499999999978e+04 8.103690000000004829e+02 1.464999733437993967e+01 1.920269999999999963e-04 1.919719999999999977e-04 5.473236903199999668e-08
1.048695600000000013e+04 8.159600000000008322e+02 1.469999599035404358e+01 1.918359999999999976e-04 1.917409999999999926e-04 9.446733936199999809e-08
1.049256599999999889e+04 8.215699999999995953e+02 1.474999421128880250e+01 1.916400000000000015e-04 1.915110000000000033e-04 1.285077112200000119e-07
1.049819599999999991e+04 8.272000000000006139e+02 1.480000086876742849e+01 1.914359999999999879e-04 1.912809999999999868e-04 1.554464174599999876e-07
1.050384399999999914e+04 8.328479999999998427e+02 1.484999820293695727e+01 1.912249999999999996e-04 1.910500000000000089e-04 1.742681680000000097e-07
1.050951099999999860e+04 8.385149999999993042e+02 1.489999511531759246e+01 1.910050000000000051e-04 1.908199999999999924e-04 1.843950906000000101e-07
1.051519799999999850e+04 8.442019999999992024e+02 1.495000038834715639e+01 1.907749999999999886e-04 1.905889999999999874e-04 1.856942933019999879e-07
1.052090299999999843e+04 8.499069999999991296e+02 1.499999644053035652e+01 1.905379999999999975e-04 1.903589999999999980e-04 1.784741261940000002e-07
1.052662799999999879e+04 8.556319999999994934e+02 1.505000080352494152e+01 1.902309999999999884e-04 1.900650000000000039e-04 1.645858364250000017e-07
1.053237099999999919e+04 8.613749999999998863e+02 1.509999601276538961e+01 1.899170000000000046e-04 1.897719999999999984e-04 1.439166325520000090e-07
1.053813400000000001e+04 8.671380000000007158e+02 1.514999948352456727e+01 1.895970000000000077e-04 1.894789999999999929e-04 1.176369002759999860e-07
1.054391499999999905e+04 8.729189999999997553e+02 1.519999386662078678e+01 1.892730000000000020e-04 1.891859999999999874e-04 8.713093660199999446e-08
1.054971599999999853e+04 8.787199999999992315e+02 1.524999646248021534e+01 1.889469999999999919e-04 1.888930000000000090e-04 5.392007352900000369e-08
1.055553600000000006e+04 8.845400000000007594e+02 1.529999861318791687e+01 1.886190000000000045e-04 1.885989999999999878e-04 1.958374296200000029e-08
1.056137500000000000e+04 8.903790000000007012e+02 1.535000032309406492e+01 1.882920000000000058e-04 1.883060000000000094e-04 -1.431353450259999956e-08
1.056723199999999997e+04 8.962360000000006721e+02 1.539999307479307689e+01 1.879670000000000115e-04 1.880130000000000039e-04 -4.629444099000000424e-08
1.057310899999999856e+04 9.021129999999992606e+02 1.544999394350029398e+01 1.876450000000000101e-04 1.877199999999999984e-04 -7.502943135999999229e-08
1.057900499999999920e+04 9.080089999999999009e+02 1.549999438394286955e+01 1.873269999999999905e-04 1.874269999999999929e-04 -9.938878956000001047e-08
1.058492000000000007e+04 9.139240000000007740e+02 1.554999440025198609e+01 1.870150000000000111e-04 1.871329999999999988e-04 -1.184817618859999916e-07
1.059085399999999936e+04 9.198580000000000609e+02 1.559999399650584273e+01 1.867080000000000020e-04 1.868399999999999933e-04 -1.316867004000000103e-07
1.059680699999999888e+04 9.258109999999995807e+02 1.564999317673051138e+01 1.864079999999999947e-04 1.865469999999999878e-04 -1.386611312879999888e-07
1.060277999999999884e+04 9.317839999999995371e+02 1.570000030376558620e+01 1.861140000000000006e-04 1.862540000000000094e-04 -1.393453713380000046e-07
1.060877099999999882e+04 9.377749999999995225e+02 1.574999863727037663e+01 1.858259999999999925e-04 1.859610000000000039e-04 -1.339551467399999956e-07
1.061478099999999904e+04 9.437849999999997408e+02 1.579999656668763386e+01 1.855439999999999976e-04 1.856670000000000098e-04 -1.229611270889999976e-07
1.062080999999999949e+04 9.498140000000001919e+02 1.584999409584136920e+01 1.852670000000000000e-04 1.853740000000000043e-04 -1.070664611799999991e-07
1.062685899999999856e+04 9.558629999999992606e+02 1.589999948222973103e+01 1.849940000000000113e-04 1.850809999999999988e-04 -8.716852397499999299e-08
1.063292599999999948e+04 9.619300000000001774e+02 1.594999619626465837e+01 1.847229999999999998e-04 1.847879999999999933e-04 -6.431897437200000264e-08
1.063901299999999901e+04 9.680169999999997117e+02 1.600000072352006342e+01 1.844550000000000085e-04 1.844949999999999878e-04 -3.967325131499999694e-08
1.064511799999999857e+04 9.741219999999992751e+02 1.604999663780897734e+01 1.842009999999999936e-04 1.842160000000000130e-04 -1.494260715359999909e-08
1.065124299999999857e+04 9.802469999999992751e+02 1.610000032175624085e+01 1.839470000000000059e-04 1.839370000000000111e-04 9.451731500900000274e-09
1.065738599999999860e+04 9.863899999999993042e+02 1.614999545128956981e+01 1.836909999999999867e-04 1.836580000000000092e-04 3.245365420599999718e-08
1.066354899999999907e+04 9.925529999999997699e+02 1.619999830736508173e+01 1.834329999999999902e-04 1.833790000000000073e-04 5.311077611699999891e-08
1.066973099999999977e+04 9.987350000000004684e+02 1.625000074271174100e+01 1.831710000000000120e-04 1.831009999999999940e-04 7.061875988199999383e-08
1.067593099999999868e+04 1.004934999999999377e+03 1.629999471002624389e+01 1.829059999999999866e-04 1.828219999999999921e-04 8.435370515599999425e-08
1.068215099999999984e+04 1.011155000000000541e+03 1.634999634010571157e+01 1.826370000000000066e-04 1.825429999999999902e-04 9.389555562499998533e-08
1.068838999999999942e+04 1.017394000000000119e+03 1.639999756078028526e+01 1.823630000000000021e-04 1.822639999999999883e-04 9.903587835999998261e-08
1.069464799999999923e+04 1.023651999999999930e+03 1.644999837578324531e+01 1.820849999999999888e-04 1.819850000000000135e-04 9.977546006999999999e-08
1.070092499999999927e+04 1.029929000000000087e+03 1.649999878880258208e+01 1.818029999999999939e-04 1.817070000000000002e-04 9.631052462400001545e-08
1.070722099999999955e+04 1.036225000000000364e+03 1.654999880348167807e+01 1.815169999999999902e-04 1.814279999999999983e-04 8.900875822799999641e-08
1.071353600000000006e+04 1.042540000000000873e+03 1.659999842341998999e+01 1.812270000000000048e-04 1.811489999999999964e-04 7.838444034300000017e-08
1.071986999999999898e+04 1.048873999999999796e+03 1.664999765217370253e+01 1.809349999999999880e-04 1.808699999999999945e-04 6.506490770999999750e-08
1.072622299999999996e+04 1.055227000000000771e+03 1.669999649325643176e+01 1.806409999999999938e-04 1.805909999999999926e-04 4.975733527499999740e-08
1.073259499999999935e+04 1.061599000000000160e+03 1.674999495013974382e+01 1.803460000000000111e-04 1.803119999999999907e-04 3.321401133599999954e-08
1.073898699999999917e+04 1.067990999999999985e+03 1.680000083781163056e+01 1.800500000000000126e-04 1.800340000000000046e-04 1.619870317720000025e-08
1.074539699999999903e+04 1.074400999999999840e+03 1.684999851336750964e+01 1.797539999999999869e-04 1.797550000000000027e-04 -5.477260678500000081e-10
1.075182599999999911e+04 1.080829999999999927e+03 1.689999581503042947e+01 1.794599999999999928e-04 1.794760000000000008e-04 -1.633701827119999986e-08
1.075827499999999964e+04 1.087279000000000451e+03 1.695000048853803776e+01 1.791669999999999873e-04 1.791969999999999989e-04 -3.056222754699999612e-08
1.076474199999999837e+04 1.093745999999999185e+03 1.699999702953162384e+01 1.788760000000000133e-04 1.789179999999999970e-04 -4.272007194199999912e-08
1.077122899999999936e+04 1.100233000000000175e+03 1.705000090359421705e+01 1.785900000000000096e-04 1.786430000000000038e-04 -5.298229822599999725e-08
1.077773399999999856e+04 1.106737999999999374e+03 1.709999669737669947e+01 1.783079999999999876e-04 1.783689999999999993e-04 -6.058891702699999985e-08
1.078425899999999820e+04 1.113262999999999010e+03 1.714999978582679674e+01 1.780279999999999970e-04 1.780940000000000062e-04 -6.535319614599999786e-08
1.079080199999999968e+04 1.119806000000000495e+03 1.719999484554213609e+01 1.777509999999999995e-04 1.778190000000000131e-04 -6.720971397300000338e-08
1.079736499999999978e+04 1.126369000000000597e+03 1.724999716189330812e+01 1.774769999999999950e-04 1.775439999999999928e-04 -6.620775549599999889e-08
1.080394700000000012e+04 1.132951000000000931e+03 1.729999908617111259e+01 1.772060000000000106e-04 1.772689999999999997e-04 -6.250416305499999074e-08
1.081054799999999886e+04 1.139551999999999680e+03 1.735000062176534996e+01 1.769370000000000036e-04 1.769940000000000066e-04 -5.635418162399999818e-08
1.081716699999999946e+04 1.146171000000000276e+03 1.739999422983371247e+01 1.766709999999999895e-04 1.767190000000000134e-04 -4.809990757700000243e-08
1.082380599999999868e+04 1.152809999999999491e+03 1.744999501968608868e+01 1.764059999999999912e-04 1.764439999999999932e-04 -3.815725010799999868e-08
1.083046399999999994e+04 1.159468000000000757e+03 1.749999543066898866e+01 1.761420000000000086e-04 1.761690000000000001e-04 -2.700212730600000262e-08
1.083714099999999962e+04 1.166145000000000437e+03 1.754999546602061855e+01 1.758789999999999876e-04 1.758940000000000069e-04 -1.515210719960000197e-08
1.084383699999999953e+04 1.172841000000000349e+03 1.759999512894239260e+01 1.756159999999999937e-04 1.756189999999999867e-04 -3.146934422899999535e-09
1.085055199999999968e+04 1.179556000000000495e+03 1.764999442259942697e+01 1.753529999999999998e-04 1.753439999999999936e-04 8.474375519999998915e-09
1.085728699999999844e+04 1.186290999999999258e+03 1.770000076448077309e+01 1.750889999999999901e-04 1.750690000000000004e-04 1.919841667799999977e-08
1.086403999999999905e+04 1.193043999999999869e+03 1.774999930807606319e+01 1.748230000000000031e-04 1.747940000000000073e-04 2.856326233400000008e-08
1.087081199999999990e+04 1.199816000000000713e+03 1.779999749180669255e+01 1.745560000000000004e-04 1.745200000000000028e-04 3.618288256000000009e-08
1.087760299999999916e+04 1.206606999999999971e+03 1.784999531869660672e+01 1.742860000000000047e-04 1.742450000000000097e-04 4.176826894999999940e-08
1.088441399999999885e+04 1.213417999999999665e+03 1.790000012325396739e+01 1.740149999999999933e-04 1.739699999999999894e-04 4.514434514999999714e-08
1.089124299999999857e+04 1.220246999999999389e+03 1.794999722497873762e+01 1.737409999999999888e-04 1.736949999999999963e-04 4.625793131500000320e-08
1.089809099999999853e+04 1.227094999999999345e+03 1.799999397884732133e+01 1.734650000000000070e-04 1.734200000000000032e-04 4.517868472000000382e-08
1.090495899999999892e+04 1.233962999999999738e+03 1.804999765834250525e+01 1.731539999999999891e-04 1.731109999999999897e-04 4.266805305800000104e-08
1.091184499999999935e+04 1.240849000000000160e+03 1.809999370505557081e+01 1.728409999999999940e-04 1.728020000000000033e-04 3.835565032599999611e-08
1.091875100000000020e+04 1.247755000000001019e+03 1.814999664313377892e+01 1.725259999999999945e-04 1.724929999999999899e-04 3.253217979999999750e-08
1.092567599999999948e+04 1.254680000000000291e+03 1.819999920511059344e+01 1.722100000000000063e-04 1.721840000000000035e-04 2.555176123200000089e-08
1.093261899999999878e+04 1.261622999999999593e+03 1.824999420316445153e+01 1.718930000000000024e-04 1.718760000000000058e-04 1.780600984800000112e-08
1.093958199999999852e+04 1.268585999999999331e+03 1.829999604182691897e+01 1.715759999999999985e-04 1.715669999999999923e-04 9.698579569799999485e-09
1.094656399999999849e+04 1.275567999999999302e+03 1.834999751345401720e+01 1.712600000000000103e-04 1.712580000000000059e-04 1.621403953380000007e-09
1.095356499999999869e+04 1.282568999999999505e+03 1.839999862103797668e+01 1.709430000000000064e-04 1.709489999999999925e-04 -6.065800461899999398e-09
1.096058499999999913e+04 1.289588999999999942e+03 1.844999936753855607e+01 1.706269999999999911e-04 1.706400000000000061e-04 -1.305037655999999933e-08
1.096762399999999980e+04 1.296628000000000611e+03 1.849999975588350765e+01 1.703119999999999916e-04 1.703309999999999926e-04 -1.907673133799999714e-08
1.097468199999999888e+04 1.303685999999999694e+03 1.854999978896898227e+01 1.699989999999999965e-04 1.700229999999999949e-04 -2.395114001000000032e-08
1.098175899999999820e+04 1.310762999999999010e+03 1.859999946965998063e+01 1.696860000000000013e-04 1.697140000000000085e-04 -2.754288505999999929e-08
1.098885499999999956e+04 1.317859000000000378e+03 1.864999880079077599e+01 1.693750000000000106e-04 1.694049999999999950e-04 -2.978190721500000237e-08
1.099596999999999935e+04 1.324974000000000160e+03 1.869999778516526234e+01 1.690650000000000085e-04 1.690960000000000087e-04 -3.065642841600000000e-08
1.100310399999999936e+04 1.332108000000000175e+03 1.874999642555744828e+01 1.687570000000000107e-04 1.687869999999999952e-04 -3.020747181599999770e-08
1.101025699999999961e+04 1.339261000000000422e+03 1.879999472471179800e+01 1.684500000000000016e-04 1.684780000000000088e-04 -2.852416779000000023e-08
1.101742999999999847e+04 1.346433999999999287e+03 1.884999964736870126e+01 1.681440000000000083e-04 1.681689999999999954e-04 -2.573994713999999824e-08
1.102462099999999919e+04 1.353625000000000000e+03 1.889999725374743278e+01 1.678390000000000036e-04 1.678609999999999976e-04 -2.202604897600000029e-08
1.103183099999999831e+04 1.360834999999999127e+03 1.894999452704573883e+01 1.675339999999999989e-04 1.675520000000000113e-04 -1.758525260800000062e-08
1.103906099999999969e+04 1.368065000000000509e+03 1.899999837695523297e+01 1.672300000000000099e-04 1.672429999999999978e-04 -1.264529340289999857e-08
1.104630899999999929e+04 1.375313000000000102e+03 1.904999497382586071e+01 1.669599999999999871e-04 1.669680000000000047e-04 -7.595157261599999595e-09
1.105357699999999932e+04 1.382581000000000131e+03 1.909999811641651135e+01 1.666910000000000071e-04 1.666930000000000115e-04 -2.415781633200000031e-09
1.106086399999999958e+04 1.389868000000000393e+03 1.915000090049556647e+01 1.664210000000000114e-04 1.664179999999999913e-04 2.665766732999999724e-09
1.106816899999999987e+04 1.397173000000000684e+03 1.919999649375225559e+01 1.661509999999999886e-04 1.661439999999999868e-04 7.428497612799998974e-09
1.107549399999999878e+04 1.404497999999999593e+03 1.924999858693634280e+01 1.658800000000000042e-04 1.658689999999999937e-04 1.166778941460000055e-08
1.108283799999999974e+04 1.411842000000000553e+03 1.930000032983281955e+01 1.656089999999999928e-04 1.655940000000000005e-04 1.520631486659999876e-08
1.109019999999999891e+04 1.419203999999999724e+03 1.934999494303017897e+01 1.653369999999999927e-04 1.653190000000000074e-04 1.790355174300000186e-08
1.109758199999999852e+04 1.426585999999999331e+03 1.939999601094996962e+01 1.650640000000000039e-04 1.650439999999999872e-04 1.966433242399999697e-08
1.110498300000000017e+04 1.433987000000000990e+03 1.944999673655498640e+01 1.647899999999999994e-04 1.647689999999999940e-04 2.044387844400000184e-08
1.111240299999999843e+04 1.441406999999999243e+03 1.949999712247841188e+01 1.645150000000000063e-04 1.644949999999999895e-04 2.025130843999999888e-08
1.111984199999999873e+04 1.448845999999999549e+03 1.954999717132657011e+01 1.642389999999999974e-04 1.642199999999999964e-04 1.914723090000000180e-08
1.112729999999999927e+04 1.456304000000000087e+03 1.959999688567909004e+01 1.639619999999999999e-04 1.639450000000000033e-04 1.724029225500000129e-08
1.113477699999999822e+04 1.463780999999999040e+03 1.964999626808936739e+01 1.636850000000000024e-04 1.636700000000000101e-04 1.467838387600000049e-08
1.114227299999999923e+04 1.471277000000000044e+03 1.969999532108485951e+01 1.634069999999999891e-04 1.633949999999999899e-04 1.163728601100000041e-08
1.114978899999999885e+04 1.478792999999999665e+03 1.975000069193515273e+01 1.631290000000000030e-04 1.631210000000000125e-04 8.308258205100000529e-09
1.115732299999999850e+04 1.486326999999999316e+03 1.979999907680209859e+01 1.628509999999999897e-04 1.628459999999999923e-04 4.883832963000000066e-09
1.116487600000000020e+04 1.493880000000001019e+03 1.984999713976887392e+01 1.625719999999999878e-04 1.625709999999999991e-04 1.545225975029999987e-09
1.117244799999999850e+04 1.501451999999999316e+03 1.989999488326172639e+01 1.622949999999999903e-04 1.622960000000000060e-04 -1.549237041999999849e-09
1.118003999999999905e+04 1.509043999999999869e+03 1.994999888783677733e+01 1.620170000000000041e-04 1.620210000000000129e-04 -4.272493770000000042e-09
1.118764999999999964e+04 1.516654000000000451e+03 1.999999598311923421e+01 1.617400000000000066e-04 1.617459999999999926e-04 -6.533681146200000175e-09
