9.654112462099999902e+03 -1.691453789999934187e+01 -1.582762950667146340e+00 2.739691408699999849e-06 3.994100746700000274e-06 -1.254409338100000076e-06
9.654612462099999902e+03 -1.641453789999934187e+01 -1.540748004099794954e+00 2.863814074600000051e-06 4.227106250700000052e-06 -1.363292175999999926e-06
9.655112462099999902e+03 -1.591453789999934187e+01 -1.497554762361107406e+00 2.998692397300000045e-06 4.487014004500000122e-06 -1.488321607299999941e-06
9.655612462099999902e+03 -1.541453789999934187e+01 -1.453078153577213261e+00 3.145764321799999832e-06 4.778604150700000198e-06 -1.632839829000000017e-06
9.656112462099999902e+03 -1.491453789999934187e+01 -1.407196494643265572e+00 3.306737773199999881e-06 5.107839039700000189e-06 -1.801101266400000021e-06
9.656612462099999902e+03 -1.441453789999934187e+01 -1.359767564206921575e+00 3.483658602600000194e-06 5.482248941000000188e-06 -1.998590338399999993e-06
9.657112462099999902e+03 -1.391453789999934187e+01 -1.310623394725637825e+00 3.679000905600000079e-06 5.911478433000000078e-06 -2.232477527399999999e-06
9.657612462099999902e+03 -1.341453789999934187e+01 -1.259563232606877081e+00 3.895789233000000261e-06 6.408077146200000151e-06 -2.512287913199999890e-06
9.658112462099999902e+03 -1.291453789999934187e+01 -1.206343811302572400e+00 4.137767395000000000e-06 6.988672262400000368e-06 -2.850904867399999945e-06
9.658612462099999902e+03 -1.241453789999934187e+01 -1.150665566183739941e+00 4.409637356800000254e-06 7.675756068100000434e-06 -3.266118711199999893e-06
9.659112462099999902e+03 -1.191453789999934187e+01 -1.092152507360523161e+00 4.717407266200000390e-06 8.500500193000000353e-06 -3.783092926899999826e-06
9.659612462099999902e+03 -1.141453789999934187e+01 -1.030321771810538856e+00 5.068916593000000237e-06 9.507355959499999982e-06 -4.438439366499999745e-06
9.660112462099999902e+03 -1.091453789999934187e+01 -9.645355398323790519e-01 5.474663563800000102e-06 1.076191739500000077e-05 -5.287253831199999825e-06
9.660612462099999902e+03 -1.041453789999934187e+01 -8.939209482569862031e-01 5.949181564999999660e-06 1.236510330900000046e-05 -6.415921744400000246e-06
9.661112462119999691e+03 -9.914537879999553383e+00 -8.172273310507239819e-01 6.513492689900000069e-06 1.448048510799999944e-05 -7.966992418300000795e-06
9.661612462119999691e+03 -9.414537879999553383e+00 -7.325478583336519911e-01 7.199891690900000050e-06 1.739151501199999924e-05 -1.019162332100000018e-05
9.662112462119999691e+03 -8.914537879999553383e+00 -6.367041847531322851e-01 8.062447464499999632e-06 2.163501308799999873e-05 -1.357256562399999926e-05
9.662612462119999691e+03 -8.414537879999553383e+00 -5.236010628475474826e-01 9.204030426099999367e-06 2.836081085699999947e-05 -1.915678043100000081e-05
9.663112462119999691e+03 -7.914537879999552494e+00 -3.780528099988306745e-01 1.086256706500000026e-05 4.051184567200000284e-05 -2.964927860699999919e-05
9.663612462119999691e+03 -7.414537879999552494e+00 -1.081192918999314412e-01 1.376579550099999923e-05 6.773744809499999422e-05 -5.397165259400000007e-05
9.663656999999999243e+03 -7.370000000000000107e+00 0.000000000000000000e+00 1.433441123065165189e-05 7.419603362913257914e-05 -5.986162239785739581e-05
9.663665999999999258e+03 -7.360999999999985555e+00 4.860261953445584038e-02 1.444931435506765714e-05 7.550115344640261896e-05 -6.105183909058544778e-05
9.663694999999999709e+03 -7.331999999999534445e+00 9.986888948025554602e-02 1.481955775596365639e-05 7.970653952427261477e-05 -6.488698176715342926e-05
9.663741999999998370e+03 -7.285000000000873221e+00 1.493646705120479090e-01 1.541960740569165090e-05 8.652216523668256824e-05 -7.110255782917739270e-05
9.663808999999999287e+03 -7.217999999999956451e+00 1.997377789593159370e-01 1.627499733189965634e-05 9.623805720969259966e-05 -7.996305987504141440e-05
9.663894999999998618e+03 -7.132000000000625839e+00 2.499348983886820197e-01 1.737296052076365725e-05 1.087092021302726353e-04 -9.133624160555345621e-05
9.664000000000000000e+03 -7.026999999999243407e+00 3.000443701604951774e-01 1.871349697228365364e-05 1.239355999984225669e-04 -1.052221030207133962e-04
9.664112462119999691e+03 -6.914537879999552494e+00 3.457518829827638251e-01 2.014930241299999969e-05 1.402441046100000050e-04 -1.200948021900000065e-04
9.664122999999999593e+03 -6.903999999999650861e+00 3.497287862733068908e-01 2.028708340801902444e-05 1.421190418139084682e-04 -1.218319583990791125e-04
9.664265999999999622e+03 -6.760999999999621757e+00 3.998039390328587128e-01 2.215678417209302281e-05 1.675621119721284070e-04 -1.454053277957990844e-04
9.664427999999999884e+03 -6.598999999999359822e+00 4.498478108507243944e-01 2.427490671600901888e-05 1.963857299136084072e-04 -1.721108231962790503e-04
9.664608999999998559e+03 -6.418000000000684047e+00 4.998697967778416573e-01 2.664145103976701942e-05 2.285898956383484147e-04 -2.019484446005190780e-04
9.664612462119999691e+03 -6.414537879999552494e+00 5.007779053165147820e-01 2.668671767199999869e-05 2.292058883800000011e-04 -2.025191707099999996e-04
9.664808999999999287e+03 -6.217999999999956451e+00 5.498758696994616724e-01 2.879409769285460526e-05 2.527764232426412045e-04 -2.239823255521796537e-04
9.665027999999998428e+03 -5.999000000000815014e+00 5.998700092247406523e-01 3.114232809285261047e-05 2.790408112319612026e-04 -2.478984831419396811e-04
9.665112462119999691e+03 -5.914537879999552494e+00 6.180717242523441346e-01 3.204797429299999689e-05 2.891702445200000030e-04 -2.571222702299999800e-04
9.665265999999999622e+03 -5.760999999999621757e+00 6.498549695126818460e-01 3.395607853950347152e-05 3.014882579947169368e-04 -2.675321794579063931e-04
9.665523999999999432e+03 -5.502999999999810932e+00 7.000202144707585727e-01 3.716239411190747771e-05 3.221870424020369431e-04 -2.850246482923063807e-04
9.665612462119999691e+03 -5.414537879999552494e+00 7.164124525630015672e-01 3.826176416199999954e-05 3.292841677899999934e-04 -2.910224036300000216e-04
9.665799999999999272e+03 -5.226999999999971003e+00 7.499796991827626380e-01 4.151762881899823056e-05 3.383657424846760946e-04 -2.968481136635520417e-04
9.666094999999999345e+03 -4.931999999999898243e+00 7.999360569744666805e-01 4.663915452790822906e-05 3.526512006274761077e-04 -3.060120460909520560e-04
9.666112462119999691e+03 -4.914537879999552494e+00 8.027957075460757652e-01 4.694231621100000332e-05 3.534968087100000267e-04 -3.065544924900000137e-04
9.666408999999999651e+03 -4.617999999999592653e+00 8.498898392453323458e-01 5.462230496484442690e-05 3.602953400359608740e-04 -3.056730350650818185e-04
9.666612462119999691e+03 -4.414537879999552494e+00 8.807468954935202543e-01 5.989173898599999674e-05 3.649599838799999735e-04 -3.050682448900000161e-04
9.666742999999998574e+03 -4.284000000000669495e+00 8.999873045167785524e-01 6.521409547108426093e-05 3.655433542639028471e-04 -3.003292587914293708e-04
9.667094999999999345e+03 -3.931999999999898243e+00 9.499294642140519995e-01 7.956601755492424691e-05 3.671164330907828138e-04 -2.875504155415093202e-04
9.667112462119999691e+03 -3.914537879999552494e+00 9.523388261477861993e-01 8.027799194599999377e-05 3.671944708499999890e-04 -2.869164789099999972e-04
9.667466999999998734e+03 -3.560000000000509424e+00 1.000002095751271414e+00 1.035938460698953325e-04 3.644859766381480163e-04 -2.608921305699982087e-04
9.667612462119999691e+03 -3.414537879999552494e+00 1.018912844975276899e+00 1.131600271799999981e-04 3.633747179199999996e-04 -2.502146907399999880e-04
9.667856999999999971e+03 -3.169999999999272511e+00 1.049936581553178483e+00 1.381448787787020803e-04 3.597509016224455301e-04 -2.216060228437434498e-04
9.668112462119999691e+03 -2.914537879999552494e+00 1.081396102971839746e+00 1.642458785799999954e-04 3.559651985899999925e-04 -1.917193200099999971e-04
9.668266999999999825e+03 -2.759999999999418030e+00 1.099990374909949997e+00 1.853837185645633304e-04 3.530958308936673934e-04 -1.677121123291040359e-04
9.668612462119999691e+03 -2.414537879999552494e+00 1.140461168733837738e+00 2.326363598800000002e-04 3.466814951499999913e-04 -1.140451352700000046e-04
9.668694999999999709e+03 -2.331999999999534445e+00 1.149919672740976173e+00 2.437616640140882610e-04 3.450208856454090880e-04 -1.012592216319811603e-04
9.669112462119999691e+03 -1.914537879999552494e+00 1.196614316835972414e+00 3.000315009600000192e-04 3.366218140400000143e-04 -3.659031308400000315e-05
9.669143000000000029e+03 -1.883999999999214303e+00 1.199958769480723442e+00 3.028107671290866361e-04 3.360022829821992098e-04 -3.319151585699043277e-05
9.669609999999998763e+03 -1.417000000000480320e+00 1.249989496233149255e+00 3.453126467934065566e-04 3.265281150310191897e-04 1.878453176037755425e-05
9.669612462119999691e+03 -1.414537879999552494e+00 1.250247963055285405e+00 3.455367254399999751e-04 3.264781652699999970e-04 1.905856016800000114e-05
9.670095999999999549e+03 -9.309999999996945164e-01 1.300012819350716997e+00 3.714424581305243874e-04 3.169593521195713062e-04 5.448310600508476920e-05
9.670112462115999733e+03 -9.145378839995101927e-01 1.301673581947908387e+00 3.723244224900000110e-04 3.166352827700000218e-04 5.568913971400000086e-05
9.670599999999998545e+03 -4.270000000006985985e-01 1.349932349975339507e+00 3.863276151525652825e-04 3.075427188042652998e-04 7.878489634132487644e-05
9.670612462115999733e+03 -4.145378839995101927e-01 1.351143315791543786e+00 3.866855553600000140e-04 3.073103007899999871e-04 7.937525456299999755e-05
9.671112462116399911e+03 8.546211640066747606e-02 1.398864684585421347e+00 3.815661092799999920e-04 2.986029492399999968e-04 8.296316003699999431e-05
9.671123999999999796e+03 9.700000000055286620e-02 1.399946689834637992e+00 3.810309150741065794e-04 2.984172035654852006e-04 8.261371150550597805e-05
9.671612462115999733e+03 5.854621160004898073e-01 1.445010917447444587e+00 3.583731986899999921e-04 2.905535668399999950e-04 6.781963184199999448e-05
9.671666999999999462e+03 6.400000000002181721e-01 1.449955522349051007e+00 3.553576149213320541e-04 2.897468661575824120e-04 6.561074875629502030e-05
9.672112462119999691e+03 1.085462120000447506e+00 1.489728397547431360e+00 3.307265100799999845e-04 2.831577840399999968e-04 4.756872603700000026e-05
9.672228999999999360e+03 1.202000000000116309e+00 1.499959398365525276e+00 3.257022335249471889e-04 2.815790554042284146e-04 4.412317811678645430e-05
9.672612462119999691e+03 1.585462120000447506e+00 1.533142147462624116e+00 3.091701004600000153e-04 2.763843270499999989e-04 3.278577340300000060e-05
9.672809999999999491e+03 1.783000000000247276e+00 1.549958797595160975e+00 3.044913556219155373e-04 2.739426995878852357e-04 3.054865602861059852e-05
9.673112462119999691e+03 2.085462120000447506e+00 1.575359955754041641e+00 2.973274482099999929e-04 2.702041770399999732e-04 2.712327116699999842e-05
9.673409999999999854e+03 2.383000000000611074e+00 1.599954139743766879e+00 2.960310855034423106e-04 2.668407677366464595e-04 2.919031776082043687e-05
9.673612462119999691e+03 2.585462120000447506e+00 1.616475529063290617e+00 2.951489647399999777e-04 2.645521079599999731e-04 3.059685677200000209e-05
9.674028999999998632e+03 3.001999999999388713e+00 1.649945793614544076e+00 2.994734790629117061e-04 2.601753735160248267e-04 3.929810554888382392e-05
9.674112462119999691e+03 3.085462120000447506e+00 1.656570940807400305e+00 3.003399864100000124e-04 2.592984027700000063e-04 4.104158364400000060e-05
9.674667999999999665e+03 3.641000000000421899e+00 1.700011282399241486e+00 3.070840954030294463e-04 2.541372747899932599e-04 5.294682061526353068e-05
9.674739237759999014e+03 3.712237759999770681e+00 1.705501689667503484e+00 3.079489063099999759e-04 2.534754527799999843e-04 5.447345353199999903e-05
9.675324999999998909e+03 4.297999999999665199e+00 1.749994293691794933e+00 3.057342110534214813e-04 2.493532664028755719e-04 5.638094464619691694e-05
9.675385063319999972e+03 4.358063320000728602e+00 1.754492731518259685e+00 3.055071190000000132e-04 2.489305826200000050e-04 5.657653637499999983e-05
9.676000999999998385e+03 4.973999999999141330e+00 1.799974609033689665e+00 2.965989226485941585e-04 2.487609157198908622e-04 4.783800692370328793e-05
9.676049938799998927e+03 5.022938799999683290e+00 1.803539152999358963e+00 2.958911283999999999e-04 2.487474349599999926e-04 4.714369343499999894e-05
9.676695999999999913e+03 5.669000000000669282e+00 1.849952446935221095e+00 2.841297187202351175e-04 2.481106625356618118e-04 3.601905618713041683e-05
9.676733864199999516e+03 5.706864200000272724e+00 1.852636555780271532e+00 2.834404088399999780e-04 2.480733427300000011e-04 3.536706611299999826e-05
9.677411000000000058e+03 6.384000000000814801e+00 1.899997074869211211e+00 2.711577700407610879e-04 2.459664958909840065e-04 2.519127414988738543e-05
9.677436839519999921e+03 6.409839520000677915e+00 1.901780991382854724e+00 2.706890642199999875e-04 2.458860985600000155e-04 2.480296565999999905e-05
9.678143999999998414e+03 7.116999999999170434e+00 1.949968754198961873e+00 2.597713651728794063e-04 2.427524886338841646e-04 1.701887653703644754e-05
9.678158864760000142e+03 7.131864760000898862e+00 1.950968905574085310e+00 2.595418713299999739e-04 2.426866190599999992e-04 1.685525226800000114e-05
9.678896999999999025e+03 7.869999999999781615e+00 2.000004191502662287e+00 2.508199090251315337e-04 2.390334625917396128e-04 1.178644643437762509e-05
9.678899939929999164e+03 7.872939929999920317e+00 2.000197091397038385e+00 2.507851695008247311e-04 2.390189116011194549e-04 1.176625789552094363e-05
9.679660065009999016e+03 8.633065009999771888e+00 2.049462645593964183e+00 2.442035739706402962e-04 2.349937459340500337e-04 9.209646534776178977e-06
9.679667999999999665e+03 8.641000000000421011e+00 2.049970687340530340e+00 2.441553801283461952e-04 2.349495766477630986e-04 9.205619658116487734e-06
9.680439240009998684e+03 9.412240009999440105e+00 2.098762937279213148e+00 2.395440908475904730e-04 2.306581527768005553e-04 8.885792534537534661e-06
9.680458999999998923e+03 9.431999999999678863e+00 2.099998151836547589e+00 2.394710380604836637e-04 2.305462269011067746e-04 8.924664834223575608e-06
9.681237464899999395e+03 1.021046490000015083e+01 2.148095572872638304e+00 2.366938573460249627e-04 2.261816378181209048e-04 1.051359998924813182e-05
9.681268000000000029e+03 1.024100000000078481e+01 2.149960252127960825e+00 2.366448543806314215e-04 2.260122480884833678e-04 1.063404210124884674e-05
9.682054739799999879e+03 1.102773980000063503e+01 2.197458381192995969e+00 2.353613845984906536e-04 2.217349186515529824e-04 1.363244935984646133e-05
9.682096999999999753e+03 1.107000000000050832e+01 2.199980749819791637e+00 2.353629274996108607e-04 2.215305460212614911e-04 1.383864834328970525e-05
9.682891064499999629e+03 1.186406450000038504e+01 2.246849361310041981e+00 2.354518973212519630e-04 2.181000752488566137e-04 1.737254783031195310e-05
9.682944999999999709e+03 1.191800000000046467e+01 2.249997424658124245e+00 2.355134271798679964e-04 2.179316324701511328e-04 1.760381261735362296e-05
9.683746439199998349e+03 1.271943919999910477e+01 2.296266706791833201e+00 2.364096888009348339e-04 2.156362155019601152e-04 2.081916473150303057e-05
9.683810999999999694e+03 1.278400000000045011e+01 2.299953467270577701e+00 2.364751095560145848e-04 2.155178088691134838e-04 2.100531975220200036e-05
9.684620863799998915e+03 1.359386379999967076e+01 2.345708745716966526e+00 2.373628604327589729e-04 2.142199167899663749e-04 2.322725510780534986e-05
9.684697000000000116e+03 1.367000000000087212e+01 2.349964437621665514e+00 2.373891811838332226e-04 2.141568306113116786e-04 2.332066021637446381e-05
9.685514338299999508e+03 1.448733830000026401e+01 2.395173948893114524e+00 2.379271727287229541e-04 2.136372833122032072e-04 2.443337612155033236e-05
9.685601999999998952e+03 1.457499999999970797e+01 2.399972221111235982e+00 2.379219701251243993e-04 2.136319267571051817e-04 2.444030053151027121e-05
9.686426862799999071e+03 1.539986279999982699e+01 2.444660915574319748e+00 2.374957264327141144e-04 2.137523561547434426e-04 2.393690608089239614e-05
9.686525999999999840e+03 1.549900000000059563e+01 2.449977012885667271e+00 2.373949898486570173e-04 2.138113580199066659e-04 2.378267866544102820e-05
9.687358437199998662e+03 1.633143719999941723e+01 2.494168345065709058e+00 2.364751186057142138e-04 2.143978239083250427e-04 2.231767008463050010e-05
9.687468999999999141e+03 1.644199999999989714e+01 2.499978992466393990e+00 2.363299914098537281e-04 2.145112062598507449e-04 2.206476146589553356e-05
9.688309061399999337e+03 1.728206140000009228e+01 2.543695037417639693e+00 2.349721253838064591e-04 2.154232750331047306e-04 1.982332189223197502e-05
9.688430999999998676e+03 1.740399999999943148e+01 2.549978325284629754e+00 2.347655806952309476e-04 2.155817389808301228e-04 1.946215205197834636e-05
9.689278735599998981e+03 1.825173559999973705e+01 2.593239899082941058e+00 2.328300694052646354e-04 2.166941345259832308e-04 1.641405372868030041e-05
9.689411999999998443e+03 1.838499999999919865e+01 2.599975164037636954e+00 2.325125005258028919e-04 2.168843010444273210e-04 1.590533960591655359e-05
9.690267459799999415e+03 1.924045980000017053e+01 2.642801908196303007e+00 2.293235907595211356e-04 2.177450649560357045e-04 1.179019641153497754e-05
9.690411999999998443e+03 1.938499999999919865e+01 2.649969649891612100e+00 2.287524346529056624e-04 2.178897800655120768e-04 1.106229571978798902e-05
9.691275233799999114e+03 2.024823379999986983e+01 2.692380108045670628e+00 2.247784290574564693e-04 2.186778773819837642e-04 6.195391087503853707e-06
9.691430999999998676e+03 2.040399999999943148e+01 2.699961913550601000e+00 2.240258910242092600e-04 2.188121806098464466e-04 5.288733964710286926e-06
9.692302057799999602e+03 2.127505780000035784e+01 2.741973629959223668e+00 2.193583775545335994e-04 2.194702951847247107e-04 -1.783486536139502752e-07
9.692469999999999345e+03 2.144300000000010087e+01 2.749999798133768714e+00 2.184261724479863095e-04 2.195825451306967265e-04 -1.250693504641064276e-06
9.693347931700000117e+03 2.232093170000087312e+01 2.791581652628885468e+00 2.133236851861757184e-04 2.200676696458327142e-04 -7.006965944579702699e-06
9.693527000000000044e+03 2.250000000000079936e+01 2.799987120345187375e+00 2.122624098386676232e-04 2.201480078787686353e-04 -8.183066952621829784e-06
9.694412855499998841e+03 2.338585549999959667e+01 2.841203416495713174e+00 2.075255225901266522e-04 2.206447596680335672e-04 -1.357091490154158324e-05
9.694602999999999156e+03 2.357599999999991169e+01 2.849972588640921511e+00 2.065049051032493343e-04 2.207321035913738824e-04 -1.471240573008389796e-05
9.695496829199999411e+03 2.446982920000016648e+01 2.890838213949510571e+00 2.023518389465332301e-04 2.210498746182095527e-04 -1.931079121477800097e-05
9.695698999999998705e+03 2.467199999999946058e+01 2.900001552369435576e+00 2.014164672803200938e-04 2.211017153044283156e-04 -2.032655919849612406e-05
9.696599852800000008e+03 2.557285280000076355e+01 2.940485384977349792e+00 1.981011448117633899e-04 2.212476145652067939e-04 -2.387676531627097156e-05
9.696813000000000102e+03 2.578600000000085757e+01 2.949982827193631252e+00 1.973186055908396114e-04 2.212633985208759392e-04 -2.469527845686926364e-05
9.697721926399999575e+03 2.669492640000033035e+01 2.990144317630381021e+00 1.949499201339979456e-04 2.212612664395441418e-04 -2.710834059090871918e-05
9.697947000000000116e+03 2.692000000000087212e+01 3.000006287254053383e+00 1.943579999999999982e-04 2.212449999999999866e-04 -2.769434287500000159e-05
9.698863049899999169e+03 2.783604989999992441e+01 3.039814431171717235e+00 1.934006006253472128e-04 2.213642773307291452e-04 -2.875891009706340015e-05
9.699098999999998341e+03 2.807199999999909679e+01 3.049983802521107012e+00 1.931539999999999874e-04 2.213949999999999902e-04 -2.903329750999999830e-05
9.700023223299998790e+03 2.899622329999954573e+01 3.089495186332731347e+00 1.930964331903583630e-04 2.215132879650170711e-04 -2.917038848926377232e-05
9.700270999999998821e+03 2.924399999999957700e+01 3.100002263475568842e+00 1.930810000000000035e-04 2.215449999999999939e-04 -2.920716353000000012e-05
9.701202446599998439e+03 3.017544659999919432e+01 3.139186077870682379e+00 1.938042408894117738e-04 2.216631919635294180e-04 -2.854383177041838773e-05
9.701460999999999331e+03 3.043400000000008632e+01 3.149976396850841187e+00 1.940049999999999967e-04 2.216960000000000133e-04 -2.835957401600000264e-05
9.702400719899998876e+03 3.137371989999963162e+01 3.188886636050090484e+00 1.953866212414049740e-04 2.218124942024793378e-04 -2.702494581393560493e-05
9.702670999999998457e+03 3.164399999999921320e+01 3.199990302128349562e+00 1.957840000000000079e-04 2.218459999999999898e-04 -2.664082060199999909e-05
9.703618042999998579e+03 3.259104299999933829e+01 3.238596407724230630e+00 1.978953896013018647e-04 2.221064560895036658e-04 -2.471242104086566175e-05
9.703899999999999636e+03 3.287300000000039546e+01 3.250001763731375171e+00 1.985239999999999986e-04 2.221839999999999991e-04 -2.413740320800000097e-05
9.704854416099999071e+03 3.382741609999983012e+01 3.288314983031197070e+00 2.010252284000000245e-04 2.224434603511628002e-04 -2.181899675916365483e-05
9.705146999999999025e+03 3.411999999999978428e+01 3.299971124729633498e+00 2.017920000000000087e-04 2.225229999999999971e-04 -2.110717438970000017e-05
9.706109839099999590e+03 3.508283910000034922e+01 3.338041964661520922e+00 2.046584791516969481e-04 2.227798584181531183e-04 -1.842487916255986928e-05
9.706413999999998850e+03 3.538699999999960966e+01 3.349978619286468007e+00 2.055640000000000126e-04 2.228610000000000064e-04 -1.757624477040000278e-05
9.707384312000000136e+03 3.635731200000089558e+01 3.387776982442312956e+00 2.087435449206842899e-04 2.231167820902021806e-04 -1.458549957235585980e-05
9.707699999999998909e+03 3.667299999999966786e+01 3.399983966557281967e+00 2.097780000000000098e-04 2.232000000000000043e-04 -1.361098152000000136e-05
9.708677834899999652e+03 3.765083490000041166e+01 3.437519691383280840e+00 2.132405096344061125e-04 2.235536690213026914e-04 -1.044819549813629242e-05
9.709004999999999200e+03 3.797799999999995890e+01 3.449987259912667525e+00 2.143989999999999915e-04 2.236720000000000093e-04 -9.387737512000001317e-06
9.709990407699999196e+03 3.896340769999995501e+01 3.487269758599179870e+00 2.179759406391238558e-04 2.240240376450906260e-04 -6.117998438308957136e-06
9.710328999999999724e+03 3.930200000000048277e+01 3.499988587383657812e+00 2.192050000000000129e-04 2.241450000000000029e-04 -4.992112611000000140e-06
9.711322030299999824e+03 4.029503030000058317e+01 3.537026869886220837e+00 2.227859722583022987e-04 2.244947418703648588e-04 -1.727972300552890499e-06
9.711671999999998661e+03 4.064499999999942048e+01 3.549988032038209784e+00 2.240479999999999935e-04 2.246179999999999965e-04 -5.751748202400000582e-07
9.712672702899999422e+03 4.164570290000018105e+01 3.586790739409134066e+00 2.274909469819383465e-04 2.249655275122613692e-04 2.541382203817831335e-06
9.713033999999999651e+03 4.200700000000041001e+01 3.599985672326583064e+00 2.287339999999999957e-04 2.250909999999999901e-04 3.668960790899999830e-06
9.714042425499999808e+03 4.301542550000056764e+01 3.636561089722385898e+00 2.319038588671252523e-04 2.254750925510499591e-04 6.463913691674669225e-06
9.714414999999999054e+03 4.338799999999981338e+01 3.649981582397556323e+00 2.330749999999999868e-04 2.256170000000000050e-04 7.498945037500001115e-06
9.715431197899999461e+03 4.440419790000022005e+01 3.686337651208621224e+00 2.358608339572857240e-04 2.259988000681428539e-04 9.903358425831014050e-06
9.715814999999998690e+03 4.478799999999944959e+01 3.699975832389863939e+00 2.369129999999999999e-04 2.261429999999999929e-04 1.081357028819999963e-05
9.716839020299999902e+03 4.581202030000066117e+01 3.736120182637526987e+00 2.392437278940845111e-04 2.265230413366901331e-04 1.275761741933768347e-05
9.717234999999998763e+03 4.620799999999952234e+01 3.750003484602589143e+00 2.401450000000000123e-04 2.266699999999999965e-04 1.351109602299999977e-05
9.718265892599998551e+03 4.723889259999931056e+01 3.785908445038637105e+00 2.420031874959666356e-04 2.270470858884562015e-04 1.497879481157882968e-05
9.718672999999998865e+03 4.764599999999962421e+01 3.799994149738296745e+00 2.427370000000000038e-04 2.271960000000000114e-04 1.555972253640000187e-05
9.719711814799999047e+03 4.868481479999980621e+01 3.835702215244227276e+00 2.441251759887439886e-04 2.275553429369938242e-04 1.657662606324615542e-05
9.720129999999999200e+03 4.910299999999995890e+01 3.849983355691555253e+00 2.446840000000000039e-04 2.277000000000000053e-04 1.698687539999999964e-05
9.721176786899999570e+03 5.014978690000032913e+01 3.885501281502141691e+00 2.456953506474610300e-04 2.280571974255924100e-04 1.762742553415450270e-05
9.721606999999999971e+03 5.058000000000073015e+01 3.900004808457745220e+00 2.461109999999999752e-04 2.282039999999999991e-04 1.789123924080000054e-05
9.722660808999999063e+03 5.163380899999982176e+01 3.935305446091491799e+00 2.468130694073578687e-04 2.285592640374581894e-04 1.822439338292940466e-05
9.723101999999998952e+03 5.207499999999971152e+01 3.949990835702761771e+00 2.471069999999999907e-04 2.287079999999999929e-04 1.836415460159999773e-05
9.724163880899999640e+03 5.313688090000039921e+01 3.985114511276193650e+00 2.475537755173712069e-04 2.290614927170409358e-04 1.844398102186153374e-05
9.724615999999999985e+03 5.358900000000074471e+01 3.999975574403118905e+00 2.477439999999999916e-04 2.292119999999999867e-04 1.847801706480000061e-05
9.725686002799999187e+03 5.465900279999994638e+01 4.034928302075280193e+00 2.479107083893090208e-04 2.294993801522816218e-04 1.835029153441411471e-05
9.726149999999999636e+03 5.512300000000039546e+01 4.049991475959133780e+00 2.479830000000000142e-04 2.296239999999999956e-04 1.829478702720000079e-05
9.727227174599998762e+03 5.620017459999952081e+01 4.084746642388339843e+00 2.479184528106959150e-04 2.299099509891752496e-04 1.793846234193134485e-05
9.727701999999999316e+03 5.667500000000007532e+01 4.099973383342011779e+00 2.478900000000000135e-04 2.300360000000000046e-04 1.778109269200000176e-05
9.728787396399999125e+03 5.776039639999988395e+01 4.134569370935173183e+00 2.475537480618320626e-04 2.303197773030534270e-04 1.715576179299760790e-05
9.729273999999999432e+03 5.824700000000019173e+01 4.149985770905611382e+00 2.474029999999999892e-04 2.304469999999999978e-04 1.687489637959999970e-05
9.730366667999998754e+03 5.933966799999951292e+01 4.184396324693851810e+00 2.467381963394091760e-04 2.307299536241357594e-04 1.592616843917030916e-05
9.730864999999999782e+03 5.983800000000054098e+01 4.199996303673152909e+00 2.464349999999999809e-04 2.308590000000000067e-04 1.549269354509999870e-05
9.731964989599999171e+03 6.093798959999993059e+01 4.234227360700567822e+00 2.453213374403977317e-04 2.310401667147296513e-04 1.420320010812745706e-05
9.732473999999998341e+03 6.144699999999910034e+01 4.249974168423614529e+00 2.448059999999999733e-04 2.311240000000000050e-04 1.360580763199999998e-05
9.733582361099999616e+03 6.255536110000037553e+01 4.284062333441227999e+00 2.433050518191528394e-04 2.313043042918968759e-04 1.193209993026205339e-05
9.734102999999999156e+03 6.307599999999991525e+01 4.299981544088662844e+00 2.425999999999999880e-04 2.313890000000000033e-04 1.114499001840000032e-05
9.735218782500000088e+03 6.419178250000084063e+01 4.333901107111837625e+00 2.407347203959344642e-04 2.315677418567961142e-04 9.111838858487248798e-06
9.735750999999998385e+03 6.472399999999913689e+01 4.349987244151502175e+00 2.398450000000000050e-04 2.316530000000000130e-04 8.140935048400000650e-06
9.736874253799998769e+03 6.584725379999952111e+01 4.383743552074044203e+00 2.376921530347930495e-04 2.318315616418716247e-04 5.824350900742952782e-06
9.737417999999999665e+03 6.639100000000041746e+01 4.399991325741668291e+00 2.366500000000000060e-04 2.319180000000000113e-04 4.701650422199999897e-06
9.738548774999999296e+03 6.752177500000004784e+01 4.433589544509899838e+00 2.342167546263345193e-04 2.319803737099644344e-04 2.222169839894413056e-06
9.739103999999999360e+03 6.807700000000011187e+01 4.449993843418842410e+00 2.330219999999999926e-04 2.320110000000000119e-04 1.004224811850000061e-06
9.740242346199998792e+03 6.921534619999954430e+01 4.483438969026064314e+00 2.305617033741935555e-04 2.320724239591788766e-04 -1.500582497045764779e-06
9.740808999999999287e+03 6.978200000000003911e+01 4.499994849316196088e+00 2.293370000000000033e-04 2.321029999999999968e-04 -2.747937047900000256e-06
9.741954967300000135e+03 7.092796730000088701e+01 4.533291709507198064e+00 2.270098355468097410e-04 2.321648184216357279e-04 -5.120879700262890244e-06
9.742532999999999447e+03 7.150600000000019918e+01 4.549994393273687265e+00 2.258360000000000109e-04 2.321959999999999975e-04 -6.318285355999999955e-06
9.743686638299999686e+03 7.265963830000043799e+01 4.583147657745943349e+00 2.237848668435456038e-04 2.322568919814113609e-04 -8.416441769624872943e-06
9.744275999999999840e+03 7.324900000000059208e+01 4.599992522962911501e+00 2.227370000000000055e-04 2.322880000000000094e-04 -9.488755740799999390e-06
9.745437359199999264e+03 7.441035920000001624e+01 4.633006710185974875e+00 2.209461867500567387e-04 2.322372482074914720e-04 -1.121823551194644346e-05
9.746037999999998647e+03 7.501099999999939882e+01 4.649989284003773982e+00 2.200199999999999975e-04 2.322109999999999897e-04 -1.211240441319999897e-05
9.747207130099999631e+03 7.618013010000038321e+01 4.682868770477361053e+00 2.186854455399775356e-04 2.321604536677709116e-04 -1.338923329465596807e-05
9.747818999999999505e+03 7.679200000000025739e+01 4.699984720073955735e+00 2.179869999999999985e-04 2.321339999999999970e-04 -1.405724578440000021e-05
9.748995950900000025e+03 7.796895090000077744e+01 4.732733740778869880e+00 2.171324028742777827e-04 2.320836526559444596e-04 -1.485761007455833592e-05
9.749618999999998778e+03 7.859199999999952979e+01 4.749978873010902269e+00 2.166799999999999922e-04 2.320570000000000044e-04 -1.528116230130000197e-05
9.750803821599998628e+03 7.977682159999937994e+01 4.782601530068294693e+00 2.162874464698901226e-04 2.320068729323076975e-04 -1.562192294181114372e-05
9.751438999999998487e+03 8.041199999999923875e+01 4.799999123438042581e+00 2.160770000000000117e-04 2.319800000000000117e-04 -1.580454222200000265e-05
9.752630742199999077e+03 8.160374219999982870e+01 4.832472051075682451e+00 2.160063254081610613e-04 2.318405959885745215e-04 -1.573754611852171755e-05
9.753277000000000044e+03 8.225000000000079581e+01 4.849990546920038170e+00 2.159680000000000031e-04 2.317649999999999875e-04 -1.570124439600000023e-05
9.754476712699999553e+03 8.344971270000030472e+01 4.882345220091913518e+00 2.162535535882606453e-04 2.316267455477652015e-04 -1.528061652163445052e-05
9.755134000000000015e+03 8.410700000000076670e+01 4.899980808428132661e+00 2.164099999999999965e-04 2.315510000000000062e-04 -1.505037505310000152e-05
9.756341733100000056e+03 8.531473310000080801e+01 4.932220956789325150e+00 2.169813729316995071e-04 2.314126608329781685e-04 -1.434648327669960654e-05
9.757010999999998603e+03 8.598399999999935517e+01 4.949996455205663004e+00 2.172979999999999920e-04 2.313360000000000091e-04 -1.395677848320000049e-05
9.758225803499999529e+03 8.719880350000028102e+01 4.982099186686924419e+00 2.180871414820580308e-04 2.311988137472295438e-04 -1.303602186061071699e-05
9.758905999999999040e+03 8.787899999999979173e+01 4.999984231913630062e+00 2.185289999999999943e-04 2.311220000000000006e-04 -1.252094190120000068e-05
9.760128923799999029e+03 8.910192379999978129e+01 5.031979833037087069e+00 2.194255979191644913e-04 2.309297806455352453e-04 -1.143831612297005523e-05
9.760820999999999913e+03 8.979400000000066484e+01 5.049996940400661494e+00 2.199330000000000100e-04 2.308210000000000047e-04 -1.082642818399999997e-05
9.762051093999998557e+03 9.102409399999930883e+01 5.081862824684280966e+00 2.209454570894982023e-04 2.306300904293843643e-04 -9.629411314916019375e-06
9.762753999999998996e+03 9.172699999999974807e+01 5.099982382908581080e+00 2.215239999999999885e-04 2.305209999999999974e-04 -8.946289489000000523e-06
9.763992314199998873e+03 9.296531419999962509e+01 5.131748095793672526e+00 2.226126766417818462e-04 2.303307827649769401e-04 -7.674029368819819836e-06
9.764706999999998516e+03 9.367999999999926786e+01 5.149992318415099746e+00 2.232409999999999993e-04 2.302209999999999901e-04 -6.940702708000000393e-06
9.765952584199998455e+03 9.492558419999920716e+01 5.181635575464523136e+00 2.243728899018255683e-04 2.300308778680527379e-04 -5.626003285122217495e-06
9.766679000000000087e+03 9.565200000000083946e+01 5.200000802984041215e+00 2.250329999999999984e-04 2.299199999999999942e-04 -4.860278880000000333e-06
9.767931904199998826e+03 9.690490419999957794e+01 5.231525205531831091e+00 2.261719465818090569e-04 2.297103431665326739e-04 -3.518493511079690269e-06
9.768668999999999869e+03 9.764200000000062118e+01 5.249982881075474950e+00 2.268419999999999942e-04 2.295870000000000094e-04 -2.730248604000000263e-06
9.769930274099999224e+03 9.890327409999997599e+01 5.281416922571147587e+00 2.279740091922388039e-04 2.293780426491044883e-04 -1.396195735374805047e-06
9.770679000000000087e+03 9.965200000000083946e+01 5.299988822438328917e+00 2.286459999999999925e-04 2.292539999999999975e-04 -6.054139632000000386e-07
9.771947693999998592e+03 1.009206939999993438e+02 5.331310670452827694e+00 2.297439924415968385e-04 2.290464068960078835e-04 6.940148091695714231e-07
9.772707999999998719e+03 1.016809999999994716e+02 5.349993428210864543e+00 2.304019999999999940e-04 2.289220000000000014e-04 1.471611341679999930e-06
9.773984163999999510e+03 1.029571640000002617e+02 5.381206395126676867e+00 2.314395063769531229e-04 2.287144987246093593e-04 2.709880511214426196e-06
9.774755999999999403e+03 1.037290000000001555e+02 5.399996735496340072e+00 2.320669999999999992e-04 2.285889999999999895e-04 3.457705790699999871e-06
9.776039682999999059e+03 1.050126829999998108e+02 5.431104015530285878e+00 2.330519643144653987e-04 2.283983417121431914e-04 4.626777600698982982e-06
9.776822999999998501e+03 1.057959999999992533e+02 5.449998780035217649e+00 2.336530000000000074e-04 2.282820000000000075e-04 5.339196385200000117e-06
9.778114252999999735e+03 1.070872530000004872e+02 5.481003527775937023e+00 2.345214697790028754e-04 2.280919642037392123e-04 6.391241634978904058e-06
9.778908999999999651e+03 1.078820000000004029e+02 5.499999596267537427e+00 2.350560000000000073e-04 2.279749999999999984e-04 7.037884617499999723e-06
9.780207871999999043e+03 1.091808719999997948e+02 5.530904833204439264e+00 2.357760872323040493e-04 2.277855683116389481e-04 7.941330905265154639e-06
9.781013999999999214e+03 1.099869999999999663e+02 5.549999217391235362e+00 2.362230000000000048e-04 2.276679999999999893e-04 8.501282487599998253e-06
9.782320541999999477e+03 1.112935420000002296e+02 5.580807930744642320e+00 2.367624714378530916e-04 2.274791542401129998e-04 9.223853244896472686e-06
9.783137999999999010e+03 1.121109999999997626e+02 5.599997675417962562e+00 2.370999999999999898e-04 2.273610000000000073e-04 9.675324618900000962e-06
9.784452260999998543e+03 1.134252609999992956e+02 5.630712726134166068e+00 2.374759412006532890e-04 2.272095196140923941e-04 1.019769999982695350e-05
9.785280999999999040e+03 1.142539999999997917e+02 5.649995001225474489e+00 2.377129999999999922e-04 2.271139999999999943e-04 1.052673390000000009e-05
9.786603029999998398e+03 1.155760299999991503e+02 5.680619197727828862e+00 2.378408003098982538e-04 2.269635747548566116e-04 1.080167517627033989e-05
9.787442999999999302e+03 1.164160000000000537e+02 5.699991224607465767e+00 2.379220000000000033e-04 2.268679999999999970e-04 1.097616876839999970e-05
9.788772848999999042e+03 1.177458489999997937e+02 5.730527301732050383e+00 2.377793201898211915e-04 2.267173935337001521e-04 1.098177995785341499e-05
9.789623999999999796e+03 1.185970000000005484e+02 5.749986374320760874e+00 2.376880000000000052e-04 2.266210000000000110e-04 1.098536232659999983e-05
9.790961718999998993e+03 1.199347189999997454e+02 5.780437018567410767e+00 2.372655944093593928e-04 2.264708788764198204e-04 1.071274896700413205e-05
9.791824999999998909e+03 1.207979999999996608e+02 5.800003104738912008e+00 2.369930000000000127e-04 2.263739999999999980e-04 1.053700794059999968e-05
9.793169637999999395e+03 1.221426380000001473e+02 5.830348261797227316e+00 2.363597657908968186e-04 2.262800753086976005e-04 9.999836719516003430e-06
9.794043999999999869e+03 1.230170000000006212e+02 5.849995996096007289e+00 2.359480000000000117e-04 2.262189999999999969e-04 9.650774002800000938e-06
9.795396606999998767e+03 1.243696069999995188e+02 5.880261014871420500e+00 2.350643934611260099e-04 2.261247164021447657e-04 8.865679846515120161e-06
9.796281999999999243e+03 1.252549999999999955e+02 5.899987897550312610e+00 2.344860000000000043e-04 2.260630000000000072e-04 8.352123597999999461e-06
9.797642624999998588e+03 1.266156249999993406e+02 5.930175217536219456e+00 2.334007539304694412e-04 2.259696001439326959e-04 7.366938993643483336e-06
9.798539999999999054e+03 1.275129999999998063e+02 5.950000890250001007e+00 2.326849999999999990e-04 2.259080000000000062e-04 6.717622878800000643e-06
9.799907693999999537e+03 1.288806940000002896e+02 5.980090877383967829e+00 2.314609258884006812e-04 2.258148573945518577e-04 5.595314927615516045e-06
9.800815999999998894e+03 1.297889999999996462e+02 5.999990702156350331e+00 2.306479999999999913e-04 2.257530000000000051e-04 4.850483807400000086e-06
9.802191812999999456e+03 1.311648130000002084e+02 6.030007936463966267e+00 2.294411675165505045e-04 2.257446108963414601e-04 3.662312467096816374e-06
9.803111999999999171e+03 1.320849999999999227e+02 6.050001291221705380e+00 2.286339999999999933e-04 2.257390000000000015e-04 2.867675386500000113e-06
9.805425999999999476e+03 1.343990000000002283e+02 6.099989118913015318e+00 2.266090000000000118e-04 2.257240000000000093e-04 8.754818202000000824e-07
9.807759999999998399e+03 1.367329999999991514e+02 6.149997418191683884e+00 2.246829999999999899e-04 2.257100000000000057e-04 -1.016216390099999926e-06
9.810111999999999171e+03 1.390849999999999227e+02 6.199983360132773846e+00 2.229470000000000052e-04 2.256960000000000021e-04 -2.719817356800000228e-06
9.812483999999998559e+03 1.414569999999993115e+02 6.249989476304460112e+00 2.214600000000000108e-04 2.256810000000000099e-04 -4.175617566300000299e-06
9.814875000000000000e+03 1.438480000000007522e+02 6.299994455509718705e+00 2.202550000000000113e-04 2.256670000000000063e-04 -5.351512371400000734e-06
9.817284999999999854e+03 1.462580000000006066e+02 6.349998324608631783e+00 2.193420000000000016e-04 2.256530000000000027e-04 -6.237680748399999929e-06
9.819713999999999942e+03 1.486870000000006939e+02 6.400001109621363149e+00 2.187170000000000000e-04 2.256380000000000104e-04 -6.838636504000000332e-06
9.822161999999998443e+03 1.511349999999991951e+02 6.450002835760574982e+00 2.183700000000000116e-04 2.256240000000000068e-04 -7.165479804000000266e-06
9.824627999999998792e+03 1.536009999999995443e+02 6.499983337573715936e+00 2.182870000000000058e-04 2.256100000000000032e-04 -7.230213913999999265e-06
9.827113999999999578e+03 1.560870000000003301e+02 6.549983172649164409e+00 2.184660000000000052e-04 2.256629999999999975e-04 -7.105789375500000908e-06
9.829619999999998981e+03 1.585929999999997335e+02 6.600001901596151299e+00 2.188969999999999881e-04 2.257159999999999917e-04 -6.732047414799999249e-06
9.832143999999998414e+03 1.611169999999991660e+02 6.649999629278909197e+00 2.195710000000000023e-04 2.257690000000000131e-04 -6.118881745600000169e-06
9.834686999999999898e+03 1.636600000000006503e+02 6.699996413080377522e+00 2.204659999999999996e-04 2.258220000000000073e-04 -5.286402691200000179e-06
9.837248999999999796e+03 1.662220000000005484e+02 6.749992273974302570e+00 2.215510000000000070e-04 2.258759999999999902e-04 -4.268378772000000154e-06
9.839829999999999927e+03 1.688030000000006794e+02 6.799987232317323382e+00 2.227750000000000075e-04 2.259290000000000115e-04 -3.112262346600000272e-06
9.842430999999998676e+03 1.714039999999994279e+02 6.850000466166318525e+00 2.240800000000000094e-04 2.259820000000000058e-04 -1.876312727259999983e-06
9.845049999999999272e+03 1.740230000000000246e+02 6.899993539310790958e+00 2.254029999999999966e-04 2.260350000000000000e-04 -6.236780323499999347e-07
9.847688000000000102e+03 1.766610000000008540e+02 6.949985769490864662e+00 2.266799999999999913e-04 2.260879999999999943e-04 5.841277394399999274e-07
9.850345999999999549e+03 1.793190000000003010e+02 6.999995922538436055e+00 2.278579999999999993e-04 2.261409999999999885e-04 1.693253351599999842e-06
9.853021999999999025e+03 1.819949999999997772e+02 7.049986387521265385e+00 2.287880000000000057e-04 2.260569999999999941e-04 2.694983736899999938e-06
9.855717999999998938e+03 1.846909999999996899e+02 7.099994547797226829e+00 2.295520000000000004e-04 2.259720000000000110e-04 3.532914039600000324e-06
9.858432999999999083e+03 1.874059999999998354e+02 7.150001677678725187e+00 2.301249999999999964e-04 2.258879999999999894e-04 4.183807180799999611e-06
9.861165999999999258e+03 1.901390000000000100e+02 7.199989571667311239e+00 2.304960000000000103e-04 2.258030000000000063e-04 4.634516253800000422e-06
9.863918999999999869e+03 1.928920000000006212e+02 7.249994830292107117e+00 2.306599999999999905e-04 2.257190000000000119e-04 4.880744508900000256e-06
9.866690999999998894e+03 1.956639999999996462e+02 7.299999119448512097e+00 2.306189999999999954e-04 2.256340000000000017e-04 4.925703037000000020e-06
9.869481999999999971e+03 1.984550000000007230e+02 7.350002458923351689e+00 2.303860000000000131e-04 2.255500000000000072e-04 4.779787935000000345e-06
9.872290999999999258e+03 2.012640000000000100e+02 7.399987133614512658e+00 2.299769999999999972e-04 2.254649999999999970e-04 4.460306455499999849e-06
9.875119999999998981e+03 2.040929999999997335e+02 7.449988749989903347e+00 2.294169999999999890e-04 2.253799999999999868e-04 3.991119191999999948e-06
9.877967999999998938e+03 2.069409999999996899e+02 7.499989471314939316e+00 2.287350000000000114e-04 2.252959999999999924e-04 3.401564067200000106e-06
9.880834999999999127e+03 2.098079999999998790e+02 7.549989315372358512e+00 2.277670000000000031e-04 2.250219999999999879e-04 2.716555592799999979e-06
9.883720999999999549e+03 2.126940000000003010e+02 7.599988299476625464e+00 2.267439999999999961e-04 2.247469999999999947e-04 1.975995851230000041e-06
9.886625999999998385e+03 2.155989999999991369e+02 7.649986440489222161e+00 2.257000000000000109e-04 2.244729999999999902e-04 1.214652584490000027e-06
9.889550999999999476e+03 2.185240000000002283e+02 7.700000798246167122e+00 2.246659999999999933e-04 2.241990000000000129e-04 4.625158110299999878e-07
9.892493999999998778e+03 2.214669999999995298e+02 7.749997191971426780e+00 2.236659999999999961e-04 2.239250000000000084e-04 -2.566628349999999839e-07
9.895456000000000131e+03 2.244290000000008831e+02 7.799992792027558686e+00 2.227169999999999888e-04 2.236510000000000039e-04 -9.253291743800000596e-07
9.898436999999999898e+03 2.274100000000006503e+02 7.849987613578844226e+00 2.218330000000000020e-04 2.233760000000000107e-04 -1.530759987840000069e-06
9.901438000000000102e+03 2.304110000000008540e+02 7.899998283343832028e+00 2.210229999999999877e-04 2.231020000000000063e-04 -2.063013038900000092e-06
9.904456999999998516e+03 2.334299999999992679e+02 7.949991487390438039e+00 2.202960000000000064e-04 2.228280000000000018e-04 -2.512898204400000251e-06
9.907495999999999185e+03 2.364689999999999372e+02 8.000000361760031709e+00 2.196629999999999872e-04 2.225539999999999973e-04 -2.870679535200000025e-06
9.910552999999999884e+03 2.395260000000006357e+02 8.049992009684984851e+00 2.190779999999999919e-04 2.222290000000000029e-04 -3.129917681800000136e-06
9.913629999999999200e+03 2.426029999999999518e+02 8.099999153682540864e+00 2.186049999999999983e-04 2.219040000000000086e-04 -3.277877126400000110e-06
9.916724999999998545e+03 2.456979999999992970e+02 8.149989303831929988e+00 2.182519999999999968e-04 2.215800000000000029e-04 -3.306859919999999928e-06
9.919840000000000146e+03 2.488130000000008977e+02 8.199994779347552054e+00 2.180240000000000118e-04 2.212550000000000085e-04 -3.212268592000000138e-06
9.922973999999998341e+03 2.519469999999990932e+02 8.249999394401276831e+00 2.179190000000000120e-04 2.209299999999999871e-04 -2.994485220000000047e-06
9.926125999999998385e+03 2.550989999999991369e+02 8.299987353193223782e+00 2.179310000000000112e-04 2.206049999999999927e-04 -2.660077150499999809e-06
9.929297999999998865e+03 2.582709999999996171e+02 8.349990388290772003e+00 2.180469999999999945e-04 2.202799999999999984e-04 -2.222228695999999996e-06
9.932488999999999578e+03 2.614620000000003301e+02 8.399992607346277396e+00 2.182469999999999994e-04 2.199559999999999927e-04 -1.700387454479999883e-06
9.935698999999998705e+03 2.646719999999994570e+02 8.449994024846317231e+00 2.185070000000000003e-04 2.196309999999999983e-04 -1.119033122860000047e-06
9.938927999999999884e+03 2.679010000000006357e+02 8.499994654936456229e+00 2.187980000000000014e-04 2.193060000000000040e-04 -5.062547426400000622e-07
9.942175999999999476e+03 2.711490000000002283e+02 8.549994511431027178e+00 2.191940000000000023e-04 2.190829999999999893e-04 1.109714547410000004e-07
9.945442999999999302e+03 2.744160000000000537e+02 8.599993607822977282e+00 2.195689999999999979e-04 2.188600000000000018e-04 7.072526557999999402e-07
9.948728999999999360e+03 2.777020000000001119e+02 8.649991957293050149e+00 2.198950000000000080e-04 2.186359999999999985e-04 1.254205414000000152e-06
9.952033999999999651e+03 2.810070000000004029e+02 8.699989572718800801e+00 2.201449999999999870e-04 2.184130000000000110e-04 1.726107018350000286e-06
9.955358999999998559e+03 2.843319999999993115e+02 8.750001464881682622e+00 2.202980000000000107e-04 2.181899999999999964e-04 2.101427164199999911e-06
9.958701999999999316e+03 2.876750000000000682e+02 8.799997564471196299e+00 2.203379999999999900e-04 2.179659999999999931e-04 2.364298998599999951e-06
9.962063999999998487e+03 2.910369999999992388e+02 8.849992967879067862e+00 2.202560000000000000e-04 2.177430000000000056e-04 2.505808218300000181e-06
9.965444999999999709e+03 2.944180000000004611e+02 8.899987686837684819e+00 2.200509999999999977e-04 2.175190000000000023e-04 2.524547265899999998e-06
9.968845999999999549e+03 2.978190000000003010e+02 8.949996395867998444e+00 2.197300000000000121e-04 2.172959999999999876e-04 2.426935564799999591e-06
9.972264999999999418e+03 3.012380000000001701e+02 8.999989698632392177e+00 2.193049999999999882e-04 2.170730000000000001e-04 2.226170444200000047e-06
9.975703999999999724e+03 3.046770000000004757e+02 9.049996852527790736e+00 2.189159999999999891e-04 2.169560000000000011e-04 1.954439447759999811e-06
9.979161000000000058e+03 3.081340000000008104e+02 9.099988786547374531e+00 2.184579999999999877e-04 2.168399999999999907e-04 1.613820857999999970e-06
9.982637999999999010e+03 3.116109999999997626e+02 9.149994435279580784e+00 2.179530000000000052e-04 2.167240000000000073e-04 1.226176712720000051e-06
9.986134000000000015e+03 3.151070000000007667e+02 9.199999310519000773e+00 2.174219999999999929e-04 2.166070000000000083e-04 8.129239049300000129e-07
9.989647999999999229e+03 3.186209999999999809e+02 9.249989237329071301e+00 2.168849999999999945e-04 2.164909999999999979e-04 3.935005363299999684e-07
9.993181999999998880e+03 3.221549999999996317e+02 9.299992679227871761e+00 2.163590000000000066e-04 2.163739999999999988e-04 -1.550029768840000002e-08
9.996734999999998763e+03 3.257079999999995152e+02 9.349995383647168978e+00 2.158569999999999901e-04 2.162579999999999884e-04 -4.004103373199999700e-07
1.000030699999999888e+04 3.292799999999996317e+02 9.399997362355891894e+00 2.153900000000000096e-04 2.161409999999999894e-04 -7.500481753799999113e-07
1.000389799999999923e+04 3.328709999999999809e+02 9.449998626873716390e+00 2.149680000000000059e-04 2.160250000000000061e-04 -1.055046657750000040e-06
1.000750799999999981e+04 3.364810000000005630e+02 9.499999188477623591e+00 2.145989999999999964e-04 2.159089999999999957e-04 -1.307249108669999888e-06
1.001113699999999881e+04 3.401099999999995589e+02 9.549999058208248570e+00 2.142649999999999958e-04 2.157770000000000044e-04 -1.509873664260000055e-06
1.001478499999999985e+04 3.437580000000006066e+02 9.599998246876134900e+00 2.139959999999999887e-04 2.156460000000000017e-04 -1.647317637540000035e-06
1.001845199999999932e+04 3.474250000000000682e+02 9.649996765067530902e+00 2.137969999999999996e-04 2.155140000000000105e-04 -1.714409559720000133e-06
1.002213799999999901e+04 3.511109999999997626e+02 9.699994623150352879e+00 2.136720000000000101e-04 2.153819999999999921e-04 -1.708537099379999981e-06
1.002584299999999894e+04 3.548159999999996899e+02 9.749991831279691823e+00 2.136189999999999888e-04 2.152509999999999894e-04 -1.630336904119999917e-06
1.002956799999999930e+04 3.585410000000000537e+02 9.800001790649350397e+00 2.136340000000000081e-04 2.151189999999999982e-04 -1.484099527430000074e-06
1.003331099999999969e+04 3.622840000000004466e+02 9.849997660542436861e+00 2.137089999999999964e-04 2.149879999999999955e-04 -1.277832775120000067e-06
1.003707299999999850e+04 3.660459999999992533e+02 9.899992910411349101e+00 2.138329999999999973e-04 2.148560000000000042e-04 -1.022766125439999964e-06
1.004085499999999956e+04 3.698280000000003156e+02 9.950000738971519709e+00 2.139920000000000071e-04 2.147250000000000016e-04 -7.326073440000000470e-07
1.004465499999999884e+04 3.736279999999995880e+02 9.999994710704767087e+00 2.141699999999999908e-04 2.145930000000000103e-04 -4.224949902600000082e-07
1.004847499999999854e+04 3.774479999999992970e+02 1.005000114868389538e+01 2.142299999999999868e-04 2.143369999999999911e-04 -1.074717868549999827e-07
1.005231300000000010e+04 3.812860000000008540e+02 1.009999388080129812e+01 2.142810000000000038e-04 2.140809999999999989e-04 1.992920704389999956e-07
1.005617099999999846e+04 3.851439999999992096e+02 1.014999896855825234e+01 2.143099999999999996e-04 2.138250000000000068e-04 4.841062147500000716e-07
1.006004699999999866e+04 3.890199999999994134e+02 1.019999049805906211e+01 2.143050000000000022e-04 2.135689999999999876e-04 7.350745983400000114e-07
1.006394299999999930e+04 3.929160000000000537e+02 1.024999427439310828e+01 2.142559999999999896e-04 2.133140000000000112e-04 9.425769712200000636e-07
1.006785800000000017e+04 3.968310000000009268e+02 1.029999737802058313e+01 2.141570000000000030e-04 2.130579999999999920e-04 1.099581685100000049e-06
1.007179199999999946e+04 4.007650000000002137e+02 1.034999981869143859e+01 2.140040000000000063e-04 2.128019999999999998e-04 1.201833343319999954e-06
1.007574499999999898e+04 4.047179999999997335e+02 1.040000160596803624e+01 2.137940000000000066e-04 2.125460000000000077e-04 1.247885196979999997e-06
1.007971599999999853e+04 4.086889999999992824e+02 1.044999019093385861e+01 2.135290000000000083e-04 2.122899999999999885e-04 1.238975389599999914e-06
1.008370699999999852e+04 4.126799999999992679e+02 1.049999075918283076e+01 2.132129999999999930e-04 2.120339999999999963e-04 1.178758495859999905e-06
1.008771699999999873e+04 4.166899999999994861e+02 1.054999070107546366e+01 2.128510000000000124e-04 2.117780000000000042e-04 1.072916056940000043e-06
1.009174599999999919e+04 4.207189999999999372e+02 1.059999002547529479e+01 2.124510000000000027e-04 2.115220000000000121e-04 9.286619583600000812e-07
1.009579500000000007e+04 4.247680000000008249e+02 1.065000106354020559e+01 2.120210000000000085e-04 2.112659999999999929e-04 7.542470845799999122e-07
1.009986199999999917e+04 4.288349999999999227e+02 1.069999912130323594e+01 2.115689999999999932e-04 2.110109999999999894e-04 5.584807035899999701e-07
1.010394799999999850e+04 4.329209999999992533e+02 1.074999658771645983e+01 2.111050000000000058e-04 2.107549999999999972e-04 3.503296062999999996e-07
1.010805299999999988e+04 4.370260000000006357e+02 1.079999347099268014e+01 2.106370000000000096e-04 2.104990000000000051e-04 1.386356938950000222e-07
1.011217799999999988e+04 4.411510000000006357e+02 1.085000187451079867e+01 2.101749999999999994e-04 2.102430000000000130e-04 -6.812735196300000429e-08
1.011632099999999991e+04 4.452940000000006648e+02 1.089999756007047793e+01 2.097249999999999885e-04 2.099869999999999938e-04 -2.620322779499999919e-07
1.012048300000000017e+04 4.494560000000009268e+02 1.094999268674367343e+01 2.092949999999999943e-04 2.097310000000000016e-04 -4.358923265400000089e-07
1.012466499999999905e+04 4.536379999999998063e+02 1.099999919253505354e+01 2.088919999999999915e-04 2.094750000000000095e-04 -5.834779492500000330e-07
1.012886499999999978e+04 4.578380000000005339e+02 1.104999317018139138e+01 2.085559999999999866e-04 2.092619999999999897e-04 -7.066924223399999597e-07
1.013308499999999913e+04 4.620579999999998790e+02 1.109999843478247072e+01 2.082519999999999977e-04 2.090489999999999970e-04 -7.965226807799999464e-07
1.013732299999999850e+04 4.662959999999992533e+02 1.114999129472944439e+01 2.079849999999999950e-04 2.088349999999999885e-04 -8.500858393499998416e-07
1.014158099999999831e+04 4.705539999999990641e+02 1.119999535083592512e+01 2.077559999999999943e-04 2.086219999999999958e-04 -8.661255262999999164e-07
1.014585800000000017e+04 4.748310000000009268e+02 1.124999878855521018e+01 2.075629999999999912e-04 2.084090000000000031e-04 -8.450630654699999732e-07
1.015015399999999863e+04 4.791269999999993843e+02 1.130000161609648579e+01 2.074060000000000129e-04 2.081949999999999946e-04 -7.889799358999999727e-07
1.015446799999999894e+04 4.834409999999996899e+02 1.134999227904249786e+01 2.072800000000000076e-04 2.079820000000000019e-04 -7.014879290600000240e-07
1.015880199999999968e+04 4.877750000000004320e+02 1.139999396099402773e+01 2.071809999999999939e-04 2.077690000000000092e-04 -5.874564590500000508e-07
1.016315499999999884e+04 4.921279999999995880e+02 1.144999505609582258e+01 2.071019999999999968e-04 2.075550000000000008e-04 -4.527584014500000263e-07
1.016752700000000004e+04 4.965000000000007958e+02 1.149999557200265876e+01 2.070379999999999920e-04 2.073420000000000081e-04 -3.039509314800000262e-07
1.017191799999999967e+04 5.008910000000004175e+02 1.154999551623658682e+01 2.069809999999999890e-04 2.071289999999999883e-04 -1.479611512469999979e-07
1.017632799999999952e+04 5.053010000000002719e+02 1.159999489618994417e+01 2.069240000000000131e-04 2.069150000000000069e-04 8.181874312999999997e-09
1.018075699999999961e+04 5.097300000000003593e+02 1.164999371912806048e+01 2.068600000000000083e-04 2.067019999999999871e-04 1.576342524319999931e-07
1.018520499999999993e+04 5.141780000000006794e+02 1.169999199219199504e+01 2.067829999999999885e-04 2.064889999999999944e-04 2.940093626499999932e-07
1.018967299999999886e+04 5.186459999999996171e+02 1.175000089126910119e+01 2.066880000000000106e-04 2.062750000000000130e-04 4.116485782500000143e-07
1.019415899999999965e+04 5.231320000000004029e+02 1.179999803820086335e+01 2.065690000000000072e-04 2.060619999999999932e-04 5.059110586800000435e-07
1.019866399999999885e+04 5.276369999999996026e+02 1.184999465636193072e+01 2.064230000000000123e-04 2.058490000000000005e-04 5.733985649699999676e-07
1.020318899999999849e+04 5.321619999999992388e+02 1.190000178050000201e+01 2.062490000000000102e-04 2.056349999999999921e-04 6.121651132499999900e-07
1.020773199999999997e+04 5.367050000000007230e+02 1.194999731486378813e+01 2.060449999999999966e-04 2.054219999999999993e-04 6.218103397799999704e-07
1.021229399999999987e+04 5.412670000000006212e+02 1.199999234050350871e+01 2.058139999999999915e-04 2.052090000000000066e-04 6.034581063000000020e-07
1.021687600000000020e+04 5.458490000000009559e+02 1.204999775455866207e+01 2.055559999999999950e-04 2.049890000000000121e-04 5.661755182199999721e-07
1.022147599999999875e+04 5.504489999999995007e+02 1.209999173664368399e+01 2.052749999999999887e-04 2.047689999999999905e-04 5.046245328399999834e-07
1.022609599999999955e+04 5.550690000000003010e+02 1.214999603023216501e+01 2.049730000000000042e-04 2.045489999999999960e-04 4.225041414599999475e-07
1.023073499999999876e+04 5.597079999999995152e+02 1.219999975163982775e+01 2.046539999999999959e-04 2.043290000000000015e-04 3.244008935599999809e-07
1.023539199999999983e+04 5.643650000000005775e+02 1.224999219487988000e+01 2.043249999999999927e-04 2.041090000000000070e-04 2.154942000200000309e-07
1.024006899999999951e+04 5.690420000000002574e+02 1.229999483638340863e+01 2.039909999999999922e-04 2.038900000000000011e-04 1.012297538799999902e-07
1.024476499999999942e+04 5.737380000000001701e+02 1.234999692603370569e+01 2.036569999999999917e-04 2.036700000000000066e-04 -1.299520508400000168e-08
1.024947999999999956e+04 5.784530000000003156e+02 1.239999847050670034e+01 2.033269999999999999e-04 2.034500000000000121e-04 -1.220846483999999981e-07
1.025421399999999994e+04 5.831870000000006939e+02 1.244999947637099247e+01 2.030079999999999916e-04 2.032299999999999905e-04 -2.214576986999999786e-07
1.025896699999999873e+04 5.879399999999994861e+02 1.249999995009000209e+01 2.027019999999999983e-04 2.030099999999999960e-04 -3.071906717999999989e-07
1.026373899999999958e+04 5.927120000000003301e+02 1.254999989802412586e+01 2.024130000000000016e-04 2.027900000000000015e-04 -3.761227245999999609e-07
1.026852999999999884e+04 5.975029999999995880e+02 1.259999932643266618e+01 2.021430000000000058e-04 2.025700000000000070e-04 -4.259236820000000073e-07
1.027334000000000015e+04 6.023130000000008977e+02 1.264999824147597351e+01 2.018939999999999884e-04 2.023500000000000125e-04 -4.551337140000000521e-07
1.027816899999999987e+04 6.071420000000006212e+02 1.269999664921724758e+01 2.016660000000000035e-04 2.021310000000000066e-04 -4.632074422199999883e-07
1.028301699999999983e+04 6.119900000000005775e+02 1.274999455562457662e+01 2.014589999999999968e-04 2.019110000000000121e-04 -4.505098805300000197e-07
1.028788400000000001e+04 6.168570000000007667e+02 1.279999196657273153e+01 2.012709999999999911e-04 2.016909999999999905e-04 -4.183232692799999255e-07
1.029277099999999882e+04 6.217439999999995734e+02 1.284999910062373907e+01 2.011009999999999979e-04 2.014709999999999960e-04 -3.687745331100000049e-07
1.029767599999999948e+04 6.266490000000002283e+02 1.289999549833204462e+01 2.009450000000000082e-04 2.012510000000000015e-04 -3.047543893000000236e-07
1.030260099999999875e+04 6.315739999999995007e+02 1.295000155188320790e+01 2.008009999999999906e-04 2.010310000000000070e-04 -2.297623505200000002e-07
1.030754399999999987e+04 6.365170000000006212e+02 1.299999695999270699e+01 2.006630000000000132e-04 2.008110000000000125e-04 -1.477223951190000105e-07
1.031250599999999940e+04 6.414790000000001555e+02 1.304999190127734465e+01 2.004549999999999908e-04 2.005189999999999956e-04 -6.407845319699999988e-08
1.031748799999999937e+04 6.464610000000001264e+02 1.309999639896224366e+01 2.002460000000000069e-04 2.002270000000000059e-04 1.945285395799999903e-08
1.032248899999999958e+04 6.514620000000003301e+02 1.315000036425042218e+01 2.000340000000000028e-04 1.999349999999999890e-04 9.922034290499999862e-08
1.032750799999999981e+04 6.564810000000005630e+02 1.319999386121069129e+01 1.998149999999999970e-04 1.996429999999999993e-04 1.717916036419999898e-07
1.033254699999999866e+04 6.615199999999994134e+02 1.324999681728444756e+01 1.995850000000000076e-04 1.993499999999999938e-04 2.340927179999999867e-07
1.033760499999999956e+04 6.665780000000003156e+02 1.329999925855785392e+01 1.993429999999999920e-04 1.990580000000000040e-04 2.835740456399999894e-07
1.034268199999999888e+04 6.716549999999996317e+02 1.335000119081543346e+01 1.990849999999999955e-04 1.987659999999999872e-04 3.183515762399999974e-07
1.034777700000000004e+04 6.767500000000007958e+02 1.339999282616073906e+01 1.988120000000000067e-04 1.984739999999999974e-04 3.373343493600000309e-07
1.035289199999999983e+04 6.818650000000005775e+02 1.344999379380449156e+01 1.985230000000000100e-04 1.981820000000000077e-04 3.402943485599999857e-07
1.035802599999999984e+04 6.869990000000005921e+02 1.349999426900405730e+01 1.982180000000000053e-04 1.978899999999999908e-04 3.278522785999999894e-07
1.036317900000000009e+04 6.921520000000008395e+02 1.354999425721090311e+01 1.979000000000000127e-04 1.975970000000000124e-04 3.013848242500000194e-07
1.036835099999999875e+04 6.973239999999995007e+02 1.359999376379625602e+01 1.975690000000000052e-04 1.973049999999999956e-04 2.628812898000000129e-07
1.037354199999999946e+04 7.025150000000002137e+02 1.364999279405264687e+01 1.972280000000000029e-04 1.970130000000000058e-04 2.147579609100000103e-07
1.037875299999999879e+04 7.077259999999995443e+02 1.370000093233265481e+01 1.968809999999999874e-04 1.967209999999999890e-04 1.596851242140000055e-07
1.038398199999999997e+04 7.129550000000007230e+02 1.374999899066882669e+01 1.965290000000000017e-04 1.964289999999999992e-04 1.004429870049999964e-07
1.038922999999999956e+04 7.182030000000003156e+02 1.379999658834792697e+01 1.961760000000000001e-04 1.961370000000000095e-04 3.980953461600000669e-08
1.039449699999999939e+04 7.234700000000001410e+02 1.384999373035879877e+01 1.958250000000000030e-04 1.958440000000000040e-04 -1.951624628799999982e-08
1.039978399999999965e+04 7.287570000000004029e+02 1.389999986292721168e+01 1.954769999999999988e-04 1.955519999999999871e-04 -7.498558771199999171e-08
1.040508899999999994e+04 7.340620000000006939e+02 1.394999607444483125e+01 1.951359999999999965e-04 1.952599999999999974e-04 -1.242810373999999818e-07
1.041041399999999885e+04 7.393869999999996026e+02 1.400000121894674088e+01 1.948019999999999960e-04 1.949680000000000076e-04 -1.654188448880000104e-07
1.041575699999999961e+04 7.447300000000003593e+02 1.404999652004390676e+01 1.945380000000000134e-04 1.947370000000000025e-04 -1.992665826200000058e-07
1.042111999999999898e+04 7.500929999999997335e+02 1.410000069722749849e+01 1.942830000000000099e-04 1.945070000000000132e-04 -2.229944952200000134e-07
1.042650100000000020e+04 7.554740000000009559e+02 1.414999510740684485e+01 1.940400000000000057e-04 1.942769999999999968e-04 -2.359533020399999983e-07
1.043190200000000004e+04 7.608750000000007958e+02 1.419999833743982087e+01 1.938069999999999962e-04 1.940459999999999917e-04 -2.380129426799999591e-07
1.043732200000000012e+04 7.662950000000008686e+02 1.425000108506987928e+01 1.935849999999999973e-04 1.938160000000000024e-04 -2.295614848800000077e-07
1.044275999999999840e+04 7.717329999999991514e+02 1.429999417814365792e+01 1.933729999999999932e-04 1.935849999999999973e-04 -2.114374087000000055e-07
1.044821799999999894e+04 7.771909999999996899e+02 1.434999600805615394e+01 1.931690000000000067e-04 1.933550000000000080e-04 -1.848893380350000009e-07
1.045369499999999971e+04 7.826680000000004611e+02 1.439999737031419258e+01 1.929719999999999949e-04 1.931240000000000029e-04 -1.514603938600000197e-07
1.045919099999999889e+04 7.881639999999996462e+02 1.444999826977243274e+01 1.927809999999999962e-04 1.928939999999999865e-04 -1.129081881719999939e-07
1.046470599999999831e+04 7.936789999999990641e+02 1.449999871121855932e+01 1.925920000000000019e-04 1.926630000000000085e-04 -7.109226167400000403e-08
1.047023999999999978e+04 7.992130000000005339e+02 1.454999869937440948e+01 1.924050000000000120e-04 1.924329999999999921e-04 -2.789162388600000132e-08
1.047579299999999967e+04 8.047660000000004175e+02 1.459999823889704196e+01 1.922170000000000063e-04 1.922019999999999870e-04 1.487001525320000035e-08
1.048136499999999978e+04 8.103380000000005339e+02 1.464999733437993967e+01 1.920280000000000120e-04 1.919719999999999977e-04 5.547395686799999403e-08
1.048695599999999831e+04 8.159289999999990641e+02 1.469999599035402760e+01 1.918339999999999932e-04 1.917409999999999926e-04 9.234745086600000433e-08
1.049256599999999889e+04 8.215389999999996462e+02 1.474999421128880250e+01 1.916350000000000041e-04 1.915110000000000033e-04 1.240997025329999923e-07
1.049819599999999991e+04 8.271690000000006648e+02 1.480000086876742849e+01 1.914309999999999905e-04 1.912809999999999868e-04 1.495582144369999977e-07
1.050384399999999914e+04 8.328169999999998936e+02 1.484999820293695727e+01 1.912179999999999978e-04 1.910500000000000089e-04 1.678122064000000070e-07
1.050951099999999860e+04 8.384839999999993552e+02 1.489999511531759246e+01 1.909980000000000033e-04 1.908199999999999924e-04 1.782564111999999771e-07
1.051519799999999850e+04 8.441709999999992533e+02 1.495000038834715639e+01 1.907699999999999912e-04 1.905889999999999874e-04 1.806189082319999897e-07
1.052090299999999843e+04 8.498759999999991805e+02 1.499999644053035652e+01 1.905339999999999887e-04 1.903589999999999980e-04 1.749846553649999907e-07
1.052662799999999879e+04 8.556009999999995443e+02 1.505000080352494152e+01 1.902299999999999998e-04 1.900659999999999925e-04 1.630450770440000032e-07
1.053237099999999919e+04 8.613439999999999372e+02 1.509999601276538961e+01 1.899179999999999933e-04 1.897729999999999871e-04 1.442720766549999844e-07
1.053813400000000001e+04 8.671070000000007667e+02 1.514999948352456727e+01 1.896000000000000007e-04 1.894809999999999973e-04 1.195079404719999856e-07
1.054391499999999905e+04 8.728879999999998063e+02 1.519999386662078678e+01 1.892779999999999994e-04 1.891879999999999918e-04 8.988775931199999682e-08
1.054971599999999853e+04 8.786889999999992824e+02 1.524999646248021534e+01 1.889519999999999893e-04 1.888950000000000134e-04 5.680809340500000392e-08
1.055553600000000006e+04 8.845090000000008104e+02 1.529999861318791687e+01 1.886240000000000020e-04 1.886020000000000079e-04 2.186708168599999900e-08
1.056137500000000000e+04 8.903480000000007522e+02 1.535000032309406492e+01 1.882970000000000032e-04 1.883099999999999911e-04 -1.321885356299999987e-08
1.056723199999999997e+04 8.962050000000007230e+02 1.539999307479307689e+01 1.879700000000000045e-04 1.880170000000000127e-04 -4.671620795600000636e-08
1.057310899999999856e+04 9.020819999999993115e+02 1.544999394350029398e+01 1.876469999999999874e-04 1.877240000000000072e-04 -7.698711419200000521e-08
1.057900499999999920e+04 9.079779999999999518e+02 1.549999438394286955e+01 1.873289999999999949e-04 1.874319999999999903e-04 -1.026006516639999912e-07
1.058492000000000007e+04 9.138930000000008249e+02 1.554999440025198609e+01 1.870159999999999997e-04 1.871390000000000119e-04 -1.224246495490000207e-07
1.059085399999999936e+04 9.198270000000001119e+02 1.559999399650584273e+01 1.867100000000000064e-04 1.868460000000000064e-04 -1.356972811920000164e-07
1.059680699999999888e+04 9.257799999999996317e+02 1.564999317673051138e+01 1.864109999999999877e-04 1.865539999999999896e-04 -1.420612441079999854e-07
1.060277999999999884e+04 9.317529999999995880e+02 1.570000030376558620e+01 1.861189999999999980e-04 1.862610000000000112e-04 -1.415600363489999974e-07
1.060877099999999882e+04 9.377439999999995734e+02 1.574999863727037663e+01 1.858329999999999943e-04 1.859680000000000057e-04 -1.346110771200000062e-07
1.061478099999999904e+04 9.437539999999997917e+02 1.579999656668763386e+01 1.855530000000000037e-04 1.856750000000000002e-04 -1.219446557000000088e-07
1.062080999999999949e+04 9.497830000000002428e+02 1.584999409584136920e+01 1.852780000000000106e-04 1.853830000000000105e-04 -1.045324683590000018e-07
1.062685899999999856e+04 9.558319999999993115e+02 1.589999948222973103e+01 1.850060000000000105e-04 1.850900000000000050e-04 -8.350205787000000460e-08
1.063292599999999948e+04 9.618990000000002283e+02 1.594999619626465837e+01 1.847370000000000034e-04 1.847969999999999995e-04 -6.005957939099999508e-08
1.063901299999999901e+04 9.679859999999997626e+02 1.600000072352006342e+01 1.844690000000000121e-04 1.845050000000000097e-04 -3.541204465000000155e-08
1.064511799999999857e+04 9.740909999999993261e+02 1.604999663780897734e+01 1.842140000000000086e-04 1.842249999999999921e-04 -1.122379759000000028e-08
1.065124299999999857e+04 9.802159999999993261e+02 1.610000032175624085e+01 1.839579999999999894e-04 1.839459999999999902e-04 1.221219333459999971e-08
1.065738599999999860e+04 9.863589999999993552e+02 1.614999545128956981e+01 1.837010000000000086e-04 1.836669999999999883e-04 3.404745379200000159e-08
1.066354899999999907e+04 9.925219999999998208e+02 1.619999830736508173e+01 1.834410000000000077e-04 1.833869999999999977e-04 5.355578931899999516e-08
1.066973099999999977e+04 9.987040000000005193e+02 1.625000074271174100e+01 1.831779999999999867e-04 1.831079999999999958e-04 7.013311062000000523e-08
1.067593099999999868e+04 1.004903999999999428e+03 1.629999471002624389e+01 1.829119999999999997e-04 1.828289999999999939e-04 8.329323582000000548e-08
1.068215099999999984e+04 1.011124000000000592e+03 1.634999634010571157e+01 1.826420000000000040e-04 1.825490000000000034e-04 9.266552337999999141e-08
1.068838999999999942e+04 1.017363000000000170e+03 1.639999756078028526e+01 1.823679999999999995e-04 1.822700000000000015e-04 9.800275133000000377e-08
1.069464799999999923e+04 1.023620999999999981e+03 1.644999837578324531e+01 1.820900000000000133e-04 1.819909999999999996e-04 9.918982676599999941e-08
1.070092499999999927e+04 1.029898000000000138e+03 1.649999878880258208e+01 1.818079999999999913e-04 1.817110000000000090e-04 9.626049369500000083e-08
1.070722099999999955e+04 1.036194000000000415e+03 1.654999880348167807e+01 1.815219999999999876e-04 1.814320000000000071e-04 8.941404396800000509e-08
1.071353600000000006e+04 1.042509000000000924e+03 1.659999842341998999e+01 1.812320000000000023e-04 1.811530000000000052e-04 7.902201820099999549e-08
1.071986999999999898e+04 1.048842999999999847e+03 1.664999765217370253e+01 1.809389999999999968e-04 1.808740000000000033e-04 6.562651342000000599e-08
1.072622299999999814e+04 1.055195999999999003e+03 1.669999649325642110e+01 1.806439999999999869e-04 1.805940000000000128e-04 4.992141882600000914e-08
1.073259499999999935e+04 1.061568000000000211e+03 1.674999495013974382e+01 1.803479999999999884e-04 1.803150000000000109e-04 3.271923864000000265e-08
1.073898699999999917e+04 1.067960000000000036e+03 1.680000083781163056e+01 1.800510000000000012e-04 1.800360000000000090e-04 1.489950930600000106e-08
1.074539699999999903e+04 1.074369999999999891e+03 1.684999851336750964e+01 1.797539999999999869e-04 1.797559999999999913e-04 -2.648039562800000162e-09
1.075182599999999911e+04 1.080798999999999978e+03 1.689999581503042947e+01 1.794579999999999884e-04 1.794769999999999894e-04 -1.908414836399999961e-08
1.075827499999999964e+04 1.087248000000000502e+03 1.695000048853803776e+01 1.791639999999999943e-04 1.791979999999999875e-04 -3.367703853599999720e-08
1.076474199999999837e+04 1.093714999999999236e+03 1.699999702953162384e+01 1.788720000000000045e-04 1.789179999999999970e-04 -4.584576940199999864e-08
1.077122899999999936e+04 1.100202000000000226e+03 1.705000090359421705e+01 1.785880000000000052e-04 1.786439999999999925e-04 -5.578551916799999487e-08
1.077773399999999856e+04 1.106706999999999425e+03 1.709999669737669947e+01 1.783060000000000103e-04 1.783689999999999993e-04 -6.267815312399999828e-08
1.078425899999999820e+04 1.113231999999999061e+03 1.714999978582679674e+01 1.780270000000000084e-04 1.780940000000000062e-04 -6.642371917999999328e-08
1.079080199999999968e+04 1.119775000000000546e+03 1.719999484554213609e+01 1.777519999999999881e-04 1.778190000000000131e-04 -6.709004178600000517e-08
1.079736499999999978e+04 1.126338000000000648e+03 1.724999716189330812e+01 1.774789999999999994e-04 1.775439999999999928e-04 -6.488558532800000216e-08
1.080394700000000012e+04 1.132920000000000982e+03 1.729999908617111259e+01 1.772090000000000037e-04 1.772689999999999997e-04 -6.012592215099999456e-08
1.081054799999999886e+04 1.139520999999999731e+03 1.735000062176534996e+01 1.769410000000000123e-04 1.769940000000000066e-04 -5.320014854400000254e-08
1.081716699999999946e+04 1.146140000000000327e+03 1.739999422983371247e+01 1.766740000000000096e-04 1.767190000000000134e-04 -4.454025675999999694e-08
1.082380599999999868e+04 1.152778999999999542e+03 1.744999501968608868e+01 1.764090000000000113e-04 1.764439999999999932e-04 -3.459802173999999784e-08
1.083046399999999994e+04 1.159437000000000808e+03 1.749999543066898866e+01 1.761450000000000017e-04 1.761690000000000001e-04 -2.382738575700000130e-08
1.083714099999999962e+04 1.166114000000000487e+03 1.754999546602061855e+01 1.758820000000000077e-04 1.758940000000000069e-04 -1.267414770640000125e-08
1.084383699999999953e+04 1.172810000000000400e+03 1.759999512894239260e+01 1.756179999999999981e-04 1.756189999999999867e-04 -1.569726526749999894e-09
1.085055199999999968e+04 1.179525000000000546e+03 1.764999442259942697e+01 1.753529999999999998e-04 1.753439999999999936e-04 9.073701311999999936e-09
1.085728699999999844e+04 1.186259999999999309e+03 1.770000076448077309e+01 1.750880000000000014e-04 1.750690000000000004e-04 1.886841161299999975e-08
1.086403999999999905e+04 1.193012999999999920e+03 1.774999930807606319e+01 1.748219999999999874e-04 1.747949999999999959e-04 2.745924572999999966e-08
1.087081199999999990e+04 1.199785000000000764e+03 1.779999749180669255e+01 1.745539999999999961e-04 1.745200000000000028e-04 3.453436664000000378e-08
1.087760299999999916e+04 1.206576000000000022e+03 1.784999531869660672e+01 1.742849999999999890e-04 1.742450000000000097e-04 3.984024802500000311e-08
1.088441399999999885e+04 1.213386999999999716e+03 1.790000012325396739e+01 1.740129999999999889e-04 1.739699999999999894e-04 4.319675100000000296e-08
1.089124299999999857e+04 1.220215999999999440e+03 1.794999722497873762e+01 1.737390000000000115e-04 1.736949999999999963e-04 4.451247025999999851e-08
1.089809199999999873e+04 1.227064999999999600e+03 1.800000126963416491e+01 1.734639999999999912e-04 1.734200000000000032e-04 4.379444628000000025e-08
1.090495899999999892e+04 1.233931999999999789e+03 1.804999765834250525e+01 1.731530000000000005e-04 1.731109999999999897e-04 4.173152254799999497e-08
1.091184599999999955e+04 1.240819000000000415e+03 1.810000095556193855e+01 1.728400000000000054e-04 1.728020000000000033e-04 3.789634260999999556e-08
1.091875099999999838e+04 1.247723999999999251e+03 1.814999664313376471e+01 1.725259999999999945e-04 1.724929999999999899e-04 3.251217061200000015e-08
1.092567599999999948e+04 1.254649000000000342e+03 1.819999920511059344e+01 1.722100000000000063e-04 1.721840000000000035e-04 2.588166577599999883e-08
1.093261899999999878e+04 1.261591999999999643e+03 1.824999420316445153e+01 1.718939999999999910e-04 1.718760000000000058e-04 1.836752874000000241e-08
1.093958199999999852e+04 1.268554999999999382e+03 1.829999604182691897e+01 1.715769999999999871e-04 1.715669999999999923e-04 1.036611245340000043e-08
1.094656399999999849e+04 1.275536999999999352e+03 1.834999751345401720e+01 1.712600000000000103e-04 1.712580000000000059e-04 2.281070931000000221e-09
1.095356499999999869e+04 1.282537999999999556e+03 1.839999862103797668e+01 1.709439999999999950e-04 1.709489999999999925e-04 -5.503019258999998919e-09
1.096058499999999913e+04 1.289557999999999993e+03 1.844999936753855607e+01 1.706280000000000069e-04 1.706400000000000061e-04 -1.264259815199999987e-08
1.096762399999999980e+04 1.296597000000000662e+03 1.849999975588350765e+01 1.703119999999999916e-04 1.703309999999999926e-04 -1.885155375599999910e-08
1.097468199999999888e+04 1.303654999999999745e+03 1.854999978896898227e+01 1.699989999999999965e-04 1.700229999999999949e-04 -2.391084455900000043e-08
1.098175899999999820e+04 1.310731999999999061e+03 1.859999946965998063e+01 1.696860000000000013e-04 1.697140000000000085e-04 -2.767203741400000200e-08
1.098885499999999956e+04 1.317828000000000429e+03 1.864999880079077599e+01 1.693750000000000106e-04 1.694049999999999950e-04 -3.005498807499999922e-08
1.099596999999999935e+04 1.324943000000000211e+03 1.869999778516526234e+01 1.690650000000000085e-04 1.690960000000000087e-04 -3.104315096800000244e-08
1.100310399999999936e+04 1.332077000000000226e+03 1.874999642555744828e+01 1.687559999999999950e-04 1.687869999999999952e-04 -3.067518059299999702e-08
1.101025699999999961e+04 1.339230000000000473e+03 1.879999472471179800e+01 1.684490000000000130e-04 1.684780000000000088e-04 -2.903886808000000245e-08
1.101742999999999847e+04 1.346402999999999338e+03 1.884999964736870126e+01 1.681429999999999926e-04 1.681689999999999954e-04 -2.626328906799999803e-08
1.102462099999999919e+04 1.353594000000000051e+03 1.889999725374743278e+01 1.678379999999999879e-04 1.678609999999999976e-04 -2.251418876400000085e-08
1.103183099999999831e+04 1.360803999999999178e+03 1.894999452704573883e+01 1.675339999999999989e-04 1.675520000000000113e-04 -1.798888537599999941e-08
1.103906099999999969e+04 1.368034000000000560e+03 1.899999837695523297e+01 1.672300000000000099e-04 1.672429999999999978e-04 -1.291244737110000058e-08
1.104630899999999929e+04 1.375282000000000153e+03 1.904999497382586071e+01 1.669599999999999871e-04 1.669680000000000047e-04 -7.658888947199999711e-09
1.105357699999999932e+04 1.382550000000000182e+03 1.909999811641651135e+01 1.666910000000000071e-04 1.666930000000000115e-04 -2.239720486600000348e-09
1.106086399999999958e+04 1.389837000000000444e+03 1.915000090049556647e+01 1.664220000000000001e-04 1.664179999999999913e-04 3.093560843800000148e-09
1.106816899999999987e+04 1.397142000000000735e+03 1.919999649375225559e+01 1.661520000000000043e-04 1.661439999999999868e-04 8.090747596799998927e-09
1.107549399999999878e+04 1.404466999999999643e+03 1.924999858693634280e+01 1.658809999999999929e-04 1.658689999999999937e-04 1.251715480289999950e-08
1.108283799999999974e+04 1.411811000000000604e+03 1.930000032983281955e+01 1.656100000000000085e-04 1.655940000000000005e-04 1.616886311039999801e-08
1.109019999999999891e+04 1.419172999999999774e+03 1.934999494303017897e+01 1.653380000000000084e-04 1.653190000000000074e-04 1.888703447400000114e-08
1.109758199999999852e+04 1.426554999999999382e+03 1.939999601094996962e+01 1.650649999999999925e-04 1.650439999999999872e-04 2.056910363199999851e-08
1.110498299999999836e+04 1.433955999999999221e+03 1.944999673655497219e+01 1.647909999999999881e-04 1.647689999999999940e-04 2.117693572499999810e-08
1.111240299999999843e+04 1.441375999999999294e+03 1.949999712247841188e+01 1.645150000000000063e-04 1.644949999999999895e-04 2.073788464999999729e-08
1.111984199999999873e+04 1.448814999999999600e+03 1.954999717132657011e+01 1.642389999999999974e-04 1.642199999999999964e-04 1.934101049999999932e-08
1.112729999999999927e+04 1.456273000000000138e+03 1.959999688567909004e+01 1.639619999999999999e-04 1.639450000000000033e-04 1.712864571000000011e-08
1.113477699999999822e+04 1.463749999999999091e+03 1.964999626808936739e+01 1.636850000000000024e-04 1.636700000000000101e-04 1.428228610900000166e-08
1.114227299999999923e+04 1.471246000000000095e+03 1.969999532108485951e+01 1.634060000000000005e-04 1.633949999999999899e-04 1.100648327399999906e-08
1.114978899999999885e+04 1.478761999999999716e+03 1.975000069193515273e+01 1.631279999999999872e-04 1.631210000000000125e-04 7.512439782399999629e-09
1.115732299999999850e+04 1.486295999999999367e+03 1.979999907680209859e+01 1.628500000000000010e-04 1.628459999999999923e-04 4.002021872999999679e-09
1.116487599999999838e+04 1.493848999999999251e+03 1.984999713976885971e+01 1.625719999999999878e-04 1.625709999999999991e-04 6.550522074300000349e-10
1.117244799999999850e+04 1.501420999999999367e+03 1.989999488326172639e+01 1.622940000000000016e-04 1.622960000000000060e-04 -2.380184447199999951e-09
1.118003999999999905e+04 1.509012999999999920e+03 1.994999888783677733e+01 1.620159999999999884e-04 1.620210000000000129e-04 -4.992272062500000211e-09
1.118764999999999964e+04 1.516623000000000502e+03 1.999999598311923421e+01 1.617389999999999908e-04 1.617459999999999926e-04 -7.108089716000000232e-09
