# r  chir_mag  chir_re  chir_im
0.000000000000000000e+00 1.088693823158501210e-02 -1.088693823158501210e-02 0.000000000000000000e+00
3.067961575771282340e-02 1.119247438371593316e-02 -1.111902550042595528e-02 1.280138567114790784e-03
6.135923151542564680e-02 1.197475709053856356e-02 -1.156454445827855872e-02 3.107429621069848422e-03
9.203884727313846326e-02 1.293121450726991174e-02 -1.162391847939852133e-02 5.665759244560731288e-03
1.227184630308512936e-01 1.375899178277191839e-02 -1.071599142080842740e-02 8.630027969105624058e-03
1.533980787885641239e-01 1.424663110950987778e-02 -8.641159284383647526e-03 1.132682056856048822e-02
1.840776945462769265e-01 1.430306576860914357e-02 -5.722597456764900482e-03 1.310837780692128939e-02
2.147573103039897569e-01 1.396994853602523401e-02 -2.637865721309287995e-03 1.371864157034270552e-02
2.454369260617025872e-01 1.343190090308894920e-02 -3.664708877802611903e-05 1.343185090973264897e-02
2.761165418194154175e-01 1.300553764756958407e-02 1.830480843660544851e-03 1.287607663006637947e-02
3.067961575771282479e-01 1.305097398722574603e-02 3.249429904162943594e-03 1.263998130193137205e-02
3.374757733348410782e-01 1.377676176013553286e-02 4.857268836718914296e-03 1.289209463366492760e-02
3.681553890925538530e-01 1.508740548524371665e-02 7.234155346518496114e-03 1.323996981486740519e-02
3.988350048502666834e-01 1.665300266222460857e-02 1.050593621262369166e-02 1.292082822284786915e-02
4.295146206079795137e-01 1.809173951578671100e-02 1.418949891848150964e-02 1.122359831558000960e-02
4.601942363656923440e-01 1.909019434416203004e-02 1.737586453352303606e-02 7.906633405598890996e-03
4.908738521234051744e-01 1.944767752851312564e-02 1.915234258068116563e-02 3.376378966476005754e-03
5.215534678811180047e-01 1.908541381426590369e-02 1.902875915072195501e-02 -1.469471212915423979e-03
5.522330836388308350e-01 1.803851090459201306e-02 1.713529243788604328e-02 -5.636455333204577062e-03
5.829126993965436654e-01 1.642983970235712202e-02 1.410020386665491836e-02 -8.433497706403912664e-03
6.135923151542564957e-01 1.441970888471368062e-02 1.071018744919200252e-02 -9.655044749925335151e-03
6.442719309119693261e-01 1.213191918134279637e-02 7.584425174945147452e-03 -9.468894222045757050e-03
6.749515466696821564e-01 9.582875224899629549e-03 5.072975621847422047e-03 -8.129970228490194031e-03
7.056311624273949867e-01 6.703665028805133770e-03 3.428220680731876736e-03 -5.760766249608398684e-03
7.363107781851077061e-01 3.914587143520630030e-03 3.093070775701352824e-03 -2.399355263548781474e-03
7.669903939428205364e-01 5.116136161174891436e-03 4.835393191709049139e-03 1.671472973534161291e-03
7.976700097005333667e-01 1.100937956461364546e-02 9.522493807105059799e-03 5.525264707810687015e-03
8.283496254582461971e-01 1.906939429343179268e-02 1.755396585361420486e-02 7.449837684709349067e-03
8.590292412159590274e-01 2.872409033206918191e-02 2.823098092299310483e-02 5.299535973127263849e-03
8.897088569736718577e-01 3.956139786822045895e-02 3.946972727066186404e-02 -2.691622274244483311e-03
9.203884727313846881e-01 5.106416648471964054e-02 4.815847541913711310e-02 -1.697970388680350787e-02
9.510680884890975184e-01 6.263421275150016232e-02 5.113629987203328897e-02 -3.616798919483463215e-02
9.817477042468103487e-01 7.368264983059572004e-02 4.639720622312194787e-02 -5.724012701547123716e-02
1.012427320004523068e+00 8.376035132532853866e-02 3.391433672092825091e-02 -7.658729802599099912e-02
1.043106935762236009e+00 9.271968144722574079e-02 1.558788005416847020e-02 -9.139998535608129249e-02
1.073786551519948729e+00 1.008866837834856423e-01 -5.765328520421275638e-03 -1.007218146772616701e-01
1.104466167277661670e+00 1.091845391977132734e-01 -2.793670903887419260e-02 -1.055500065745818422e-01
1.135145783035374389e+00 1.190883424887704822e-01 -5.057125325810898214e-02 -1.078173532443961330e-01
1.165825398793087331e+00 1.322832228422476386e-01 -7.539035108537753271e-02 -1.086974977115630903e-01
1.196505014550800050e+00 1.500834003537132311e-01 -1.051275857983826056e-01 -1.071131073488985619e-01
1.227184630308512991e+00 1.729628203305272893e-01 -1.416020117912663023e-01 -9.932274398825453876e-02
1.257864246066225711e+00 2.005193326842445722e-01 -1.838862656518550076e-01 -7.996151627345597646e-02
1.288543861823938652e+00 2.318172317045443243e-01 -2.275767760430107145e-01 -4.413660522772151762e-02
1.319223477581651371e+00 2.658534780446903945e-01 -2.656477988982168803e-01 1.045555971678166843e-02
1.349903093339364313e+00 3.019941036587949212e-01 -2.904991430047186296e-01 8.252688385128212345e-02
1.380582709097077032e+00 3.403417542678477958e-01 -2.960565363749931844e-01 1.678780419464035445e-01
1.411262324854789973e+00 3.819976814701739332e-01 -2.786268967103953664e-01 2.613221786954239567e-01
1.441941940612502693e+00 4.291260150723755218e-01 -2.358551025829215830e-01 3.584989642906882268e-01
1.472621556370215412e+00 4.847022400368585227e-01 -1.643475489514326926e-01 4.559891935675722263e-01
1.503301172127928353e+00 5.519114897316089730e-01 -5.770830667684178489e-02 5.488861847762752655e-01
1.533980787885641073e+00 6.333552801402716481e-01 9.285171812186938933e-02 6.265121461898235378e-01
1.564660403643354014e+00 7.303706725763652319e-01 2.939837883993811074e-01 6.685916926779751357e-01
1.595340019401066733e+00 8.426947096798808046e-01 5.423213696056408128e-01 6.449976013843156109e-01
1.626019635158779675e+00 9.684868916505849912e-01 8.161049717366040124e-01 5.214782204520229669e-01
1.656699250916492394e+00 1.104571203566011350e+00 1.070682256892250273e+00 2.715088369158250581e-01
1.687378866674205335e+00 1.246757034638188433e+00 1.242011157290549450e+00 -1.086802124841483724e-01
1.718058482431918055e+00 1.390164592757318740e+00 1.259949106644988159e+00 -5.874400766211120839e-01
1.748738098189630996e+00 1.529533473876799610e+00 1.069266722815867432e+00 -1.093682459943582153e+00
1.779417713947343715e+00 1.659514079597784741e+00 6.524088409411753497e-01 -1.525893077723689872e+00
1.810097329705056657e+00 1.774943257928871310e+00 4.577089048471266047e-02 -1.774353007282201355e+00
1.840776945462769376e+00 1.871101118607187530e+00 -6.580439024698938599e-01 -1.751570043839315582e+00
1.871456561220482318e+00 1.943941819185861730e+00 -1.325658208315955600e+00 -1.421808746317227978e+00
1.902136176978195037e+00 1.990289039653656999e+00 -1.813790070171444002e+00 -8.193998063905945095e-01
1.932815792735907978e+00 2.007986846959317173e+00 -2.007411170275278156e+00 -4.807880006466720008e-02
1.963495408493620697e+00 1.995998206685853926e+00 -1.853506894388371462e+00 7.406220585075213858e-01
1.994175024251333417e+00 1.954446013814228111e+00 -1.379156735849679905e+00 1.384841477886469718e+00
2.024854640009046136e+00 1.884594747512687185e+00 -6.871665193651180781e-01 1.754850289060590596e+00
2.055534255766759077e+00 1.788774336324714609e+00 7.032454412810708322e-02 1.787391419020214700e+00
2.086213871524472019e+00 1.670251236165435804e+00 7.325014758511222412e-01 1.501059885476956568e+00
2.116893487282184960e+00 1.533054809561190446e+00 1.172231723416992555e+00 9.879928318229466155e-01
2.147573103039897457e+00 1.381769636667672385e+00 1.327072058523691256e+00 3.849247722638861058e-01
2.178252718797610399e+00 1.221306230241699931e+00 1.209878924863371452e+00 -1.666790184715652434e-01
2.208932334555323340e+00 1.056663679276018231e+00 8.969799671839006061e-01 -5.585383331266534634e-01
2.239611950313036282e+00 8.926980067055643175e-01 4.992797339198054574e-01 -7.400199176191517569e-01
2.270291566070748779e+00 7.339096213860800688e-01 1.268407053988072353e-01 -7.228656637418825470e-01
2.300971181828461720e+00 5.842625588339014353e-01 -1.413161155737741592e-01 -5.669148905561379737e-01
2.331650797586174662e+00 4.470483534235535905e-01 -2.733714843667378602e-01 -3.537234256221050699e-01
2.362330413343887603e+00 3.248121735971774560e-01 -2.836903851459422476e-01 -1.581856930720028920e-01
2.393010029101600100e+00 2.193847878043503896e-01 -2.176390935995730636e-01 -2.762082651037305048e-02
2.423689644859313042e+00 1.322075073791905975e-01 -1.296087697427104335e-01 2.608432121408960080e-02
2.454369260617025983e+00 6.623068612275448408e-02 -6.281015147017302014e-02 2.100925169026129566e-02
2.485048876374738480e+00 3.849862571666169686e-02 -3.738560728649295561e-02 -9.190242101910606198e-03
2.515728492132451422e+00 5.869687388003032302e-02 -4.932400828335418291e-02 -3.181925847897455056e-02
2.546408107890164363e+00 8.304542906951335735e-02 -7.835507614145197086e-02 -2.751409333790297979e-02
2.577087723647877304e+00 1.002236495802411448e-01 -1.000903520821748716e-01 5.167335410948663450e-03
2.607767339405589802e+00 1.105643956513817083e-01 -9.704109173327561677e-02 5.298596135741298618e-02
2.638446955163302743e+00 1.159181885387458727e-01 -6.463892441039317815e-02 9.622284492349887641e-02
2.669126570921015684e+00 1.182202420366912921e-01 -1.106056592849607653e-02 1.177016971354077901e-01
2.699806186678728626e+00 1.190562485130185894e-01 4.774557911152343265e-02 1.090630550887829314e-01
2.730485802436441123e+00 1.194710298441629265e-01 9.492070212056266665e-02 7.254920592924694878e-02
2.761165418194154064e+00 1.199481468541017254e-01 1.184872333867976746e-01 1.866369358073839343e-02
2.791845033951867006e+00 1.205366933723928113e-01 1.142376279472735318e-01 -3.845593335404246665e-02
2.822524649709579947e+00 1.210498886812641367e-01 8.546102521884865744e-02 -8.572915909006545432e-02
2.853204265467292444e+00 1.212403588483136896e-01 4.051193789742154466e-02 -1.142716390950236360e-01
2.883883881225005386e+00 1.208969437418366544e-01 -1.028024464634974371e-02 -1.204590701281062215e-01
2.914563496982718327e+00 1.198638700277767088e-01 -5.714786333327655926e-02 -1.053635091218819014e-01
2.945243112740430824e+00 1.180156216599111407e-01 -9.237108828642087710e-02 -7.345249488313876363e-02
2.975922728498143766e+00 1.152253433431305735e-01 -1.108929101070928597e-01 -3.129923699585251268e-02
3.006602344255856707e+00 1.113528316817704450e-01 -1.105407395907451323e-01 1.342378539309124416e-02
3.037281960013569648e+00 1.062611909658716242e-01 -9.219485584695376323e-02 5.283511390017865683e-02
3.067961575771282146e+00 9.985685021146295526e-02 -5.987141917748735331e-02 7.991748056481855211e-02
3.098641191528995087e+00 9.214054884980300841e-02 -2.038751387579329499e-02 8.985671939430722732e-02
3.129320807286708028e+00 8.325793710097294242e-02 1.772703392274073766e-02 8.134885591458286547e-02
3.160000423044420970e+00 7.354518782803079469e-02 4.609055262666005709e-02 5.731104266395273261e-02
3.190680038802133467e+00 6.357332746495539255e-02 5.867001841968694231e-02 2.448258367901656046e-02
3.221359654559846408e+00 5.419574284052757623e-02 5.356943279461501284e-02 -8.215498286763914595e-03
3.252039270317559350e+00 4.656368140261042676e-02 3.367399582028198640e-02 -3.215957759765260965e-02
3.282718886075272291e+00 4.192749640697646801e-02 5.800790641273514438e-03 -4.152427943857832371e-02
3.313398501832984788e+00 4.095637992326957300e-02 -2.141409332167817578e-02 -3.491219935251368978e-02
3.344078117590697730e+00 4.305560332310361116e-02 -4.015627005538854183e-02 -1.553251276372102224e-02
3.374757733348410671e+00 4.676898282975235771e-02 -4.566768566705440430e-02 1.008961053484148593e-02
3.405437349106123612e+00 5.072262665352091082e-02 -3.733423023627967935e-02 3.433569727407512207e-02
3.436116964863836110e+00 5.402432280917885549e-02 -1.836795144084914580e-02 5.080596239475215770e-02
3.466796580621549051e+00 5.621863605681878817e-02 5.630489915637401643e-03 5.593596895914963729e-02
3.497476196379261992e+00 5.715298103576074706e-02 2.857608289471407284e-02 4.949616881808588387e-02
3.528155812136974490e+00 5.686732394002418783e-02 4.556196683381857904e-02 3.402939479822796043e-02
3.558835427894687431e+00 5.551214505616674372e-02 5.380717550898786450e-02 1.365232992869255119e-02
3.589515043652400372e+00 5.328551028988307015e-02 5.279269106884891538e-02 -7.230309575828302443e-03
3.620194659410113314e+00 5.038552349309131234e-02 4.381300428344928055e-02 -2.488215491735617027e-02
3.650874275167825811e+00 4.697907148526526966e-02 2.930635633818601954e-02 -3.671744320887455892e-02
3.681553890925538752e+00 4.318877069166302679e-02 1.225405557245419670e-02 -4.141386284668765322e-02
3.712233506683251694e+00 3.909783777851968956e-02 -4.253147966052218780e-03 -3.886581597412187145e-02
3.742913122440964635e+00 3.476905207472065495e-02 -1.735847541746441194e-02 -3.012590767688038546e-02
3.773592738198677132e+00 3.027182410724510442e-02 -2.482129950032625071e-02 -1.732877450644129333e-02
3.804272353956390074e+00 2.571323701338792955e-02 -2.547847105839586013e-02 -3.466708847472984353e-03
3.834951969714103015e+00 2.127642890022431524e-02 -1.966754667582785304e-02 8.116282061414155716e-03
3.865631585471815956e+00 1.728250028305180347e-02 -9.382340538611205413e-03 1.451401054330671465e-02
3.896311201229528454e+00 1.428831417763925561e-02 2.047297698990943257e-03 1.414088024737616446e-02
3.926990816987241395e+00 1.307487841067914505e-02 1.079311528065208733e-02 7.379776960897805986e-03
3.957670432744954336e+00 1.408519471189691175e-02 1.368751129448071355e-02 -3.323363452213985627e-03
3.988350048502666834e+00 1.686964588010711127e-02 9.319289628817376339e-03 -1.406185595625384331e-02
4.019029664260379775e+00 2.068427520209835044e-02 -1.355403519594714726e-03 -2.063981884453473109e-02
4.049709280018092272e+00 2.504914632792370338e-02 -1.516116214985146343e-02 -1.993988199623169394e-02
4.080388895775805658e+00 2.972297019845796667e-02 -2.760913896827273811e-02 -1.100865127293185891e-02
4.111068511533518155e+00 3.457093493775263704e-02 -3.427255677059996147e-02 4.532261563097239945e-03
4.141748127291231540e+00 3.948589045869170533e-02 -3.216765220793520869e-02 2.289929467789611831e-02
4.172427743048944038e+00 4.435406711396815138e-02 -2.068060949166237658e-02 3.923768164155159305e-02
4.203107358806656535e+00 4.904629132051097073e-02 -1.756892849827682967e-03 4.901481428926007800e-02
4.233786974564369920e+00 5.342266153604619677e-02 2.066429594265429409e-02 4.926426330302069445e-02
4.264466590322082418e+00 5.734291093716728516e-02 4.174088629779715287e-02 3.931803461291356883e-02
4.295146206079794915e+00 6.067737151811359447e-02 5.697644400776259721e-02 2.086691741914641768e-02
4.325825821837508300e+00 6.331559307237751011e-02 6.326274188018057854e-02 -2.586467844096533401e-03
4.356505437595220798e+00 6.517143823197861507e-02 5.947193047085420209e-02 -2.665343968973775055e-02
4.387185053352934183e+00 6.618483306447915659e-02 4.652239959631256083e-02 -4.707545500124232091e-02
4.417864669110646680e+00 6.632125230385987891e-02 2.699206265434729232e-02 -6.058000545407725423e-02
4.448544284868359178e+00 6.557042636649851319e-02 4.441569614404569134e-03 -6.541982324376000024e-02
4.479223900626072563e+00 6.394567818592500341e-02 -1.736754652524327355e-02 -6.154200261895444168e-02
4.509903516383785060e+00 6.148480734490047173e-02 -3.519740694179416401e-02 -5.041353071163798966e-02
4.540583132141497558e+00 5.825269953685172086e-02 -4.687906250286483223e-02 -3.457933634677242546e-02
4.571262747899210943e+00 5.434506943540624857e-02 -5.159859319344386325e-02 -1.705789413722031550e-02
4.601942363656923440e+00 4.989214404047005724e-02 -4.988725660193442379e-02 -6.983306435790291979e-04
4.632621979414635938e+00 4.506075072944817211e-02 -4.333010891161998696e-02 1.236822210378735361e-02
4.663301595172349323e+00 4.005308804791337524e-02 -3.406771547173816084e-02 2.106277818120376802e-02
4.693981210930061820e+00 3.510008236152801359e-02 -2.422153351760125001e-02 2.540340716994020018e-02
4.724660826687775206e+00 3.044614637492663520e-02 -1.540143666940599690e-02 2.626335046413032573e-02
4.755340442445487703e+00 2.632032291234260440e-02 -8.432813582324946017e-03 2.493285088584422035e-02
4.786020058203200200e+00 2.288907522896249311e-02 -3.368139401379341685e-03 2.263990728359947455e-02
4.816699673960913586e+00 2.019703606608349786e-02 2.536001745902060462e-04 2.019544386256775029e-02
4.847379289718626083e+00 1.812850014847031122e-02 3.026326798894795125e-03 1.787411155105000579e-02
4.878058905476338580e+00 1.643444113990624386e-02 5.340642217011142175e-03 1.554247072671913373e-02
4.908738521234051966e+00 1.482433975793549623e-02 7.226216768895553713e-03 1.294383407138857515e-02
4.939418136991764463e+00 1.306381864149177771e-02 8.418930605691212279e-03 9.989242461485447686e-03
4.970097752749476960e+00 1.102990218577667991e-02 8.594192665081178129e-03 6.913652772830443903e-03
5.000777368507190346e+00 8.728218195100070909e-03 7.634938743145061948e-03 4.229598473815029090e-03
5.031456984264902843e+00 6.315409899326076409e-03 5.794583116311576541e-03 2.511415677394450777e-03
5.062136600022616229e+00 4.242610328555606290e-03 3.673095102313134446e-03 2.123232151539245199e-03
5.092816215780328726e+00 3.637473071480865072e-03 2.018126945901248682e-03 3.026280551432027760e-03
5.123495831538041223e+00 4.972860468176509667e-03 1.446383860541981944e-03 4.757868741770454254e-03
5.154175447295754608e+00 6.951656905273406219e-03 2.214021650484716917e-03 6.589661740925732356e-03
5.184855063053467106e+00 8.819504037197462704e-03 4.135686372398228970e-03 7.789720771074013644e-03
5.215534678811179603e+00 1.032194858631858662e-02 6.677987004104320862e-03 7.870648778316695002e-03
5.246214294568892988e+00 1.137267724783738547e-02 9.173309237939363675e-03 6.722215810922351972e-03
5.276893910326605486e+00 1.196717151864127790e-02 1.105259278050940708e-02 4.588396995118264494e-03
5.307573526084318871e+00 1.215345555823116319e-02 1.200051103590004005e-02 1.922034568664499152e-03
5.338253141842031368e+00 1.201225171260600355e-02 1.198550470674209466e-02 -8.011667315040819914e-04
5.368932757599743866e+00 1.163694010169430589e-02 1.118128523085813036e-02 -3.224474455878806236e-03
5.399612373357457251e+00 1.111318875125829816e-02 9.842189578416812162e-03 -5.160839904860202790e-03
5.430291989115169748e+00 1.050227632573409731e-02 8.201728359973707236e-03 -6.559684438391676781e-03
5.460971604872882246e+00 9.833904597743376580e-03 6.433916431894792960e-03 -7.437096139281279029e-03
5.491651220630595631e+00 9.112339087298550883e-03 4.671803620355042055e-03 -7.823616463934470952e-03
5.522330836388308128e+00 8.334258987756861317e-03 3.044234388594852739e-03 -7.758383198985632431e-03
5.553010452146020626e+00 7.511739111149491437e-03 1.687925794755711821e-03 -7.319640085780943634e-03
5.583690067903734011e+00 6.692715067738040126e-03 7.165471022657102186e-04 -6.654246405729382328e-03
5.614369683661446508e+00 5.971131358190398530e-03 1.640279753254543450e-04 -5.968877995073726579e-03
5.645049299419159894e+00 5.472084738312555513e-03 -5.725631628329056876e-05 -5.471785183787723598e-03
5.675728915176872391e+00 5.291210909325178707e-03 -1.463158769496647113e-04 -5.289187513325107996e-03
5.706408530934584888e+00 5.413256385297965378e-03 -3.429766763411862263e-04 -5.402380187700154060e-03
5.737088146692298274e+00 5.706163084464507644e-03 -8.252897018088374906e-04 -5.646166314818735522e-03
5.767767762450010771e+00 6.002811814711557156e-03 -1.626089203983639925e-03 -5.778372053055126634e-03
5.798447378207723268e+00 6.172129468327534896e-03 -2.614390295720801869e-03 -5.591077316174230746e-03
5.829126993965436654e+00 6.142695347594467198e-03 -3.555431002352430273e-03 -5.009153273844782484e-03
5.859806609723149151e+00 5.902947920183329242e-03 -4.221927433187034305e-03 -4.125545163648003562e-03
5.890486225480861648e+00 5.496405429011531375e-03 -4.501225227437823107e-03 -3.154273940536039215e-03
5.921165841238575034e+00 5.015440010278741749e-03 -4.444147397757631374e-03 -2.324691894361251114e-03
5.951845456996287531e+00 4.587051624071855800e-03 -4.231312945725864035e-03 -1.771167230171382528e-03
5.982525072754000917e+00 4.334144496981023886e-03 -4.075620700158621469e-03 -1.474491244175238054e-03
