0.000000000000000000e+00 -2.389414000000000121e-02
5.000000000000000278e-02 -4.269156999999999813e-02
1.000000000000000056e-01 -6.148678999999999950e-02
1.499999999999999944e-01 -1.173548999999999981e-01
2.000000000000000111e-01 -1.728613999999999984e-01
2.500000000000000000e-01 -2.625839999999999841e-01
2.999999999999999889e-01 -3.496404000000000178e-01
3.499999999999999778e-01 -4.623999999999999777e-01
4.000000000000000222e-01 -5.662534999999999652e-01
4.500000000000000111e-01 -6.795854000000000061e-01
5.000000000000000000e-01 -7.736125000000000362e-01
5.500000000000000444e-01 -8.558618000000000059e-01
5.999999999999999778e-01 -9.076203000000000465e-01
6.500000000000000222e-01 -9.290410000000000057e-01
6.999999999999999556e-01 -9.140186000000000144e-01
7.500000000000000000e-01 -8.612448999999999799e-01
8.000000000000000444e-01 -7.760713999999999668e-01
8.499999999999999778e-01 -6.602611000000000452e-01
9.000000000000000222e-01 -5.260951999999999851e-01
9.499999999999999556e-01 -3.791578999999999922e-01
1.000000000000000000e+00 -2.327417999999999987e-01
1.050000000000000044e+00 -9.304444000000000603e-02
1.100000000000000089e+00 2.961282999999999971e-02
1.149999999999999911e+00 1.322011999999999909e-01
1.199999999999999956e+00 2.092185000000000017e-01
1.250000000000000000e+00 2.628060999999999869e-01
1.300000000000000044e+00 2.919916000000000178e-01
1.350000000000000089e+00 3.042616000000000209e-01
1.399999999999999911e+00 3.002735999999999739e-01
1.449999999999999956e+00 2.897416999999999909e-01
1.500000000000000000e+00 2.719192000000000276e-01
1.550000000000000044e+00 2.539542000000000188e-01
1.600000000000000089e+00 2.325118999999999936e-01
1.649999999999999911e+00 2.089765000000000095e-01
1.699999999999999956e+00 1.804121999999999948e-01
1.750000000000000000e+00 1.454004000000000130e-01
1.800000000000000044e+00 1.054361000000000048e-01
1.850000000000000089e+00 6.667913999999999786e-02
1.899999999999999911e+00 2.578344000000000122e-02
1.949999999999999956e+00 9.025996999999999146e-03
2.000000000000000000e+00 -1.099506999999999915e-02
2.049999999999999822e+00 -1.061913999999999957e-03
2.100000000000000089e+00 2.183649000000000007e-02
2.149999999999999911e+00 5.252128999999999825e-02
2.200000000000000178e+00 8.363252000000000186e-02
2.250000000000000000e+00 1.056870000000000032e-01
2.299999999999999822e+00 1.153484000000000037e-01
2.350000000000000089e+00 1.119553999999999966e-01
2.399999999999999911e+00 9.832399999999999474e-02
2.450000000000000178e+00 7.811344000000000620e-02
2.500000000000000000e+00 5.717411000000000021e-02
2.549999999999999822e+00 3.793793000000000165e-02
2.600000000000000089e+00 2.160870000000000152e-02
2.649999999999999911e+00 3.235258999999999878e-03
2.700000000000000178e+00 -1.374368999999999938e-02
2.750000000000000000e+00 -2.961797999999999861e-02
2.799999999999999822e+00 -4.491255999999999721e-02
2.850000000000000089e+00 -5.920493999999999757e-02
2.899999999999999911e+00 -7.247438999999999965e-02
2.950000000000000178e+00 -8.481750999999999874e-02
3.000000000000000000e+00 -9.600019999999999387e-02
3.049999999999999822e+00 -1.036907999999999996e-01
3.100000000000000089e+00 -1.088284999999999947e-01
3.149999999999999911e+00 -1.107346000000000025e-01
3.200000000000000178e+00 -1.087956999999999952e-01
3.250000000000000000e+00 -1.022370999999999974e-01
3.299999999999999822e+00 -9.195966999999999336e-02
3.350000000000000089e+00 -7.809428999999999677e-02
3.399999999999999911e+00 -6.128283000000000341e-02
3.450000000000000178e+00 -4.290879000000000221e-02
3.500000000000000000e+00 -2.381499999999999936e-02
3.549999999999999822e+00 -4.951953000000000257e-03
3.600000000000000089e+00 1.282870000000000017e-02
3.649999999999999911e+00 2.855252999999999958e-02
3.700000000000000178e+00 4.217085999999999751e-02
3.750000000000000000e+00 5.347827000000000136e-02
3.799999999999999822e+00 6.243363999999999858e-02
3.850000000000000089e+00 6.917905000000000582e-02
3.899999999999999911e+00 7.388814000000000493e-02
3.950000000000000178e+00 7.666080999999999590e-02
4.000000000000000000e+00 7.755955999999999961e-02
4.049999999999999822e+00 7.681498000000000492e-02
4.099999999999999645e+00 7.420171999999999879e-02
4.150000000000000355e+00 6.964974000000000165e-02
4.200000000000000178e+00 6.311598000000000208e-02
4.250000000000000000e+00 5.478626999999999803e-02
4.299999999999999822e+00 4.459959000000000146e-02
4.349999999999999645e+00 3.280084999999999945e-02
4.400000000000000355e+00 1.976746999999999879e-02
4.450000000000000178e+00 5.965808999999999869e-03
4.500000000000000000e+00 -8.048444000000000084e-03
4.549999999999999822e+00 -2.164235999999999938e-02
4.599999999999999645e+00 -3.418642000000000208e-02
4.650000000000000355e+00 -4.519725000000000131e-02
4.700000000000000178e+00 -5.412100000000000244e-02
4.750000000000000000e+00 -6.061870999999999926e-02
4.799999999999999822e+00 -6.451147999999999605e-02
4.849999999999999645e+00 -6.585354999999999681e-02
4.900000000000000355e+00 -6.468562999999999397e-02
4.950000000000000178e+00 -6.125487999999999766e-02
5.000000000000000000e+00 -5.588938000000000239e-02
5.049999999999999822e+00 -4.896695999999999688e-02
5.099999999999999645e+00 -4.082895000000000274e-02
5.150000000000000355e+00 -3.183347000000000260e-02
5.200000000000000178e+00 -2.230632999999999921e-02
5.250000000000000000e+00 -1.244900999999999994e-02
5.299999999999999822e+00 -2.580609000000000201e-03
5.349999999999999645e+00 7.046812999999999862e-03
5.400000000000000355e+00 1.618402999999999856e-02
5.450000000000000178e+00 2.470361000000000085e-02
5.500000000000000000e+00 3.221001999999999893e-02
5.549999999999999822e+00 3.843367999999999784e-02
5.599999999999999645e+00 4.312926000000000260e-02
5.650000000000000355e+00 4.616436000000000150e-02
5.700000000000000178e+00 4.730016000000000082e-02
5.750000000000000000e+00 4.649591000000000141e-02
5.799999999999999822e+00 4.381730999999999820e-02
5.849999999999999645e+00 3.945030000000000064e-02
5.900000000000000355e+00 3.362139000000000100e-02
5.950000000000000178e+00 2.667854000000000059e-02
6.000000000000000000e+00 1.901604999999999962e-02
6.049999999999999822e+00 1.103663000000000040e-02
6.099999999999999645e+00 3.087466999999999989e-03
6.150000000000000355e+00 -4.481408999999999566e-03
6.200000000000000178e+00 -1.137783000000000024e-02
6.250000000000000000e+00 -1.737595000000000112e-02
6.299999999999999822e+00 -2.231713000000000099e-02
6.349999999999999645e+00 -2.610478000000000104e-02
6.400000000000000355e+00 -2.869584999999999844e-02
6.450000000000000178e+00 -3.009115000000000054e-02
6.500000000000000000e+00 -3.032663000000000025e-02
6.549999999999999822e+00 -2.971727000000000049e-02
6.599999999999999645e+00 -2.805324999999999833e-02
6.650000000000000355e+00 -2.541824999999999987e-02
6.700000000000000178e+00 -2.192718000000000098e-02
6.750000000000000000e+00 -1.772815999999999975e-02
6.799999999999999822e+00 -1.300180000000000086e-02
6.849999999999999645e+00 -7.956279000000000129e-03
6.900000000000000355e+00 -2.818086000000000028e-03
6.950000000000000178e+00 2.181096999999999897e-03
7.000000000000000000e+00 6.820040999999999777e-03
7.049999999999999822e+00 1.104062999999999919e-02
7.099999999999999645e+00 1.456420999999999931e-02
7.150000000000000355e+00 1.726845000000000116e-02
7.200000000000000178e+00 1.909102999999999842e-02
7.250000000000000000e+00 2.002877000000000129e-02
7.299999999999999822e+00 2.013016999999999931e-02
7.349999999999999645e+00 1.948298000000000044e-02
7.400000000000000355e+00 1.819909999999999931e-02
7.450000000000000178e+00 1.639952999999999897e-02
7.500000000000000000e+00 1.420156000000000023e-02
7.549999999999999822e+00 1.168185000000000057e-02
7.599999999999999645e+00 8.961956999999999562e-03
7.650000000000000355e+00 6.127088999999999626e-03
7.700000000000000178e+00 3.245025999999999813e-03
7.750000000000000000e+00 3.716312999999999735e-04
7.799999999999999822e+00 -2.441743000000000125e-03
7.849999999999999645e+00 -5.140892000000000205e-03
7.900000000000000355e+00 -7.663213000000000316e-03
7.950000000000000178e+00 -9.935305000000000178e-03
8.000000000000000000e+00 -1.187441000000000017e-02
8.050000000000000711e+00 -1.341146999999999999e-02
8.099999999999999645e+00 -1.445976000000000032e-02
8.150000000000000355e+00 -1.495277000000000064e-02
8.199999999999999289e+00 -1.484345999999999929e-02
8.250000000000000000e+00 -1.411239000000000070e-02
8.300000000000000711e+00 -1.277401000000000057e-02
8.349999999999999645e+00 -1.087990999999999958e-02
8.400000000000000355e+00 -8.518365999999999438e-03
8.449999999999999289e+00 -5.810021000000000282e-03
8.500000000000000000e+00 -2.900039000000000089e-03
8.550000000000000711e+00 6.577865999999999813e-05
8.599999999999999645e+00 2.943635000000000002e-03
8.650000000000000355e+00 5.581617999999999996e-03
8.699999999999999289e+00 7.847269000000000466e-03
8.750000000000000000e+00 9.636949000000000556e-03
8.800000000000000711e+00 1.088215000000000016e-02
8.849999999999999645e+00 1.155217000000000049e-02
8.900000000000000355e+00 1.165315999999999921e-02
8.949999999999999289e+00 1.122386000000000043e-02
9.000000000000000000e+00 1.032892000000000012e-02
9.050000000000000711e+00 9.107667999999999320e-03
9.099999999999999645e+00 7.571750000000000355e-03
9.150000000000000355e+00 5.810797000000000358e-03
9.199999999999999289e+00 3.913358999999999935e-03
9.250000000000000000e+00 1.963238999999999870e-03
9.300000000000000711e+00 3.755747999999999942e-05
9.349999999999999645e+00 -1.793871999999999958e-03
9.400000000000000355e+00 -3.468424999999999807e-03
9.449999999999999289e+00 -4.930508999999999586e-03
9.500000000000000000e+00 -6.131898999999999683e-03
9.550000000000000711e+00 -7.079603000000000285e-03
9.599999999999999645e+00 -7.702874999999999653e-03
9.650000000000000355e+00 -7.980324000000000445e-03
9.699999999999999289e+00 -7.905517000000000793e-03
9.750000000000000000e+00 -7.488878000000000028e-03
9.800000000000000711e+00 -6.758379999999999596e-03
9.849999999999999645e+00 -5.758639000000000292e-03
9.900000000000000355e+00 -4.548301000000000253e-03
9.949999999999999289e+00 -3.195927999999999790e-03
1.000000000000000000e+01 -1.774863999999999912e-03
1.005000000000000071e+01 -3.535195000000000091e-04
1.009999999999999964e+01 1.009558000000000027e-03
1.015000000000000036e+01 2.255417999999999919e-03
1.019999999999999929e+01 3.336440999999999886e-03
1.025000000000000000e+01 4.217875000000000270e-03
1.030000000000000071e+01 4.877967000000000414e-03
1.034999999999999964e+01 5.306937999999999760e-03
1.040000000000000036e+01 5.505203999999999653e-03
1.044999999999999929e+01 5.481317999999999781e-03
1.050000000000000000e+01 5.250054999999999999e-03
1.055000000000000071e+01 4.830924000000000329e-03
1.059999999999999964e+01 4.247253999999999786e-03
1.065000000000000036e+01 3.525760000000000179e-03
1.069999999999999929e+01 2.696418999999999812e-03
1.075000000000000000e+01 1.792355999999999941e-03
1.080000000000000071e+01 8.494731000000000374e-04
1.084999999999999964e+01 -9.437334999999999658e-05
1.090000000000000036e+01 -1.000728999999999898e-03
1.094999999999999929e+01 -1.832347999999999920e-03
1.100000000000000000e+01 -2.555266999999999955e-03
1.105000000000000071e+01 -3.169894999999999831e-03
1.109999999999999964e+01 -3.633347999999999786e-03
1.115000000000000036e+01 -3.928306999999999806e-03
1.119999999999999929e+01 -4.045916000000000096e-03
1.125000000000000000e+01 -3.986197999999999825e-03
1.130000000000000071e+01 -3.757808000000000068e-03
1.134999999999999964e+01 -3.377160000000000144e-03
1.140000000000000036e+01 -2.867098000000000216e-03
1.144999999999999929e+01 -2.255290999999999980e-03
1.150000000000000000e+01 -1.572520999999999902e-03
1.155000000000000071e+01 -8.510348999999999518e-04
1.159999999999999964e+01 -1.230585999999999876e-04
1.165000000000000036e+01 5.804983000000000322e-04
1.169999999999999929e+01 1.231132000000000016e-03
1.175000000000000000e+01 1.803663999999999962e-03
1.180000000000000071e+01 2.277031000000000107e-03
1.184999999999999964e+01 2.634944000000000175e-03
1.190000000000000036e+01 2.866431000000000014e-03
1.194999999999999929e+01 2.966217000000000159e-03
1.200000000000000000e+01 2.934898999999999928e-03
1.205000000000000071e+01 2.812353999999999982e-03
1.209999999999999964e+01 2.567629000000000092e-03
1.215000000000000036e+01 2.212650999999999941e-03
1.219999999999999929e+01 1.764509000000000043e-03
1.225000000000000000e+01 1.244876000000000012e-03
1.230000000000000071e+01 6.790935999999999587e-04
1.234999999999999964e+01 9.494169000000000544e-05
1.240000000000000036e+01 -4.788554999999999895e-04
1.244999999999999929e+01 -1.014268000000000027e-03
1.250000000000000000e+01 -1.485620999999999903e-03
1.255000000000000071e+01 -1.871134999999999899e-03
1.259999999999999964e+01 -2.154202999999999934e-03
1.265000000000000036e+01 -2.324299000000000157e-03
1.269999999999999929e+01 -2.377426000000000192e-03
1.275000000000000000e+01 -2.316089999999999816e-03
1.280000000000000071e+01 -2.148816999999999915e-03
1.284999999999999964e+01 -1.889274000000000031e-03
1.290000000000000036e+01 -1.555128999999999930e-03
1.294999999999999929e+01 -1.166738999999999971e-03
1.300000000000000000e+01 -7.458233000000000527e-04
1.305000000000000071e+01 -3.193809000000000036e-04
1.309999999999999964e+01 1.018941000000000042e-04
1.315000000000000036e+01 4.999909000000000514e-04
1.319999999999999929e+01 8.590896999999999683e-04
1.325000000000000000e+01 1.165811000000000104e-03
1.330000000000000071e+01 1.409393000000000104e-03
1.334999999999999964e+01 1.581893000000000014e-03
1.340000000000000036e+01 1.678446000000000105e-03
1.344999999999999929e+01 1.697535000000000016e-03
1.350000000000000000e+01 1.641169999999999955e-03
1.355000000000000071e+01 1.514858000000000003e-03
1.359999999999999964e+01 1.327314999999999919e-03
1.365000000000000036e+01 1.089897999999999952e-03
1.369999999999999929e+01 8.158503000000000109e-04
1.375000000000000000e+01 5.194594999999999551e-04
1.380000000000000071e+01 2.152638999999999974e-04
1.384999999999999964e+01 -8.263550000000000528e-05
1.390000000000000036e+01 -3.611363000000000138e-04
1.394999999999999929e+01 -6.086133000000000298e-04
1.400000000000000000e+01 -8.153687000000000391e-04
1.405000000000000071e+01 -9.860398000000000253e-04
1.409999999999999964e+01 -1.105824999999999950e-03
1.415000000000000036e+01 -1.172024999999999933e-03
1.419999999999999929e+01 -1.184799999999999959e-03
1.425000000000000000e+01 -1.146831999999999973e-03
1.430000000000000071e+01 -1.062847000000000010e-03
1.434999999999999964e+01 -9.390595999999999969e-04
1.440000000000000036e+01 -7.826426999999999733e-04
1.444999999999999929e+01 -6.012626999999999989e-04
1.450000000000000000e+01 -4.027419000000000073e-04
1.455000000000000071e+01 -1.948475000000000077e-04
1.459999999999999964e+01 1.480876999999999916e-05
1.465000000000000036e+01 2.188035000000000067e-04
1.469999999999999929e+01 4.099182000000000151e-04
1.475000000000000000e+01 5.811939000000000124e-04
1.480000000000000071e+01 7.260615999999999468e-04
1.484999999999999964e+01 8.385689000000000207e-04
1.490000000000000036e+01 9.136953999999999866e-04
1.494999999999999929e+01 9.477277000000000097e-04
1.500000000000000000e+01 9.386448999999999617e-04
1.505000000000000071e+01 8.926494999999999786e-04
1.509999999999999964e+01 8.053304999999999969e-04
1.515000000000000036e+01 6.805733999999999916e-04
1.519999999999999929e+01 5.246810999999999663e-04
1.525000000000000000e+01 3.460118999999999998e-04
1.530000000000000071e+01 1.543922999999999888e-04
1.534999999999999964e+01 -3.962824999999999790e-05
1.540000000000000036e+01 -2.255892999999999917e-04
1.544999999999999929e+01 -3.939017999999999968e-04
1.550000000000000000e+01 -5.365109000000000067e-04
1.555000000000000071e+01 -6.473720000000000082e-04
1.559999999999999964e+01 -7.227047999999999589e-04
1.565000000000000036e+01 -7.610190000000000400e-04
1.569999999999999929e+01 -7.629429000000000505e-04
1.575000000000000000e+01 -7.309032000000000463e-04
1.580000000000000071e+01 -6.687203999999999544e-04
1.584999999999999964e+01 -5.811854000000000412e-04
1.590000000000000036e+01 -4.736693000000000153e-04
1.594999999999999929e+01 -3.518061999999999860e-04
1.600000000000000000e+01 -2.212624000000000112e-04
1.605000000000000071e+01 -9.079364000000000033e-05
1.610000000000000142e+01 3.912359999999999926e-05
1.614999999999999858e+01 1.638223000000000121e-04
1.619999999999999929e+01 2.787094000000000051e-04
1.625000000000000000e+01 3.793531000000000051e-04
1.630000000000000071e+01 4.616531999999999797e-04
1.635000000000000142e+01 5.220876999999999853e-04
1.639999999999999858e+01 5.580007000000000326e-04
1.644999999999999929e+01 5.678871999999999523e-04
1.650000000000000000e+01 5.516184999999999838e-04
1.655000000000000071e+01 5.105624999999999487e-04
1.660000000000000142e+01 4.475603999999999780e-04
1.664999999999999858e+01 3.667505999999999848e-04
1.669999999999999929e+01 2.732491999999999994e-04
1.675000000000000000e+01 1.727254999999999915e-04
1.680000000000000071e+01 7.092459000000000122e-05
1.685000000000000142e+01 -2.679928999999999867e-05
1.689999999999999858e+01 -1.158782000000000047e-04
1.694999999999999929e+01 -1.928065999999999981e-04
1.700000000000000000e+01 -2.552691999999999852e-04
1.705000000000000071e+01 -3.052539999999999746e-04
1.710000000000000142e+01 -3.395539000000000153e-04
1.714999999999999858e+01 -3.584557999999999842e-04
1.719999999999999929e+01 -3.627659000000000092e-04
1.725000000000000000e+01 -3.535771000000000270e-04
1.730000000000000071e+01 -3.321008999999999767e-04
1.735000000000000142e+01 -2.995857000000000207e-04
1.739999999999999858e+01 -2.573264000000000237e-04
1.744999999999999929e+01 -2.067407999999999909e-04
1.750000000000000000e+01 -1.494805999999999999e-04
1.755000000000000071e+01 -8.753068000000000404e-05
1.760000000000000142e+01 -2.325807000000000143e-05
1.764999999999999858e+01 4.061971000000000077e-05
1.769999999999999929e+01 1.011566000000000066e-04
1.775000000000000000e+01 1.553805000000000008e-04
1.780000000000000071e+01 2.005482000000000055e-04
1.785000000000000142e+01 2.344109999999999889e-04
1.789999999999999858e+01 2.554462999999999873e-04
1.794999999999999929e+01 2.630145999999999873e-04
1.800000000000000000e+01 2.574157000000000094e-04
1.805000000000000071e+01 2.432009999999999912e-04
1.810000000000000142e+01 2.185725000000000016e-04
1.814999999999999858e+01 1.855106999999999991e-04
1.819999999999999929e+01 1.463051000000000098e-04
1.825000000000000000e+01 1.033190000000000047e-04
1.830000000000000071e+01 5.878782000000000121e-05
1.835000000000000142e+01 1.467838000000000023e-05
1.839999999999999858e+01 -2.737917999999999897e-05
1.844999999999999929e+01 -6.608971000000000593e-05
1.850000000000000000e+01 -1.004397999999999934e-04
1.855000000000000071e+01 -1.296190999999999869e-04
1.860000000000000142e+01 -1.529454000000000078e-04
1.864999999999999858e+01 -1.698175999999999917e-04
1.869999999999999929e+01 -1.797114999999999954e-04
1.875000000000000000e+01 -1.822218999999999976e-04
1.880000000000000071e+01 -1.771396000000000006e-04
1.885000000000000142e+01 -1.645449000000000109e-04
1.889999999999999858e+01 -1.448920999999999879e-04
1.894999999999999929e+01 -1.190618000000000058e-04
1.900000000000000000e+01 -8.836238000000000490e-05
1.905000000000000071e+01 -5.537063999999999745e-05
1.910000000000000142e+01 -2.031417000000000070e-05
1.914999999999999858e+01 1.484444999999999981e-05
1.919999999999999929e+01 4.811469000000000130e-05
1.925000000000000000e+01 7.764941000000000302e-05
1.930000000000000071e+01 1.019007999999999985e-04
1.935000000000000142e+01 1.197406000000000035e-04
1.939999999999999858e+01 1.305312999999999949e-04
1.944999999999999929e+01 1.341431999999999933e-04
1.950000000000000000e+01 1.309202999999999940e-04
1.955000000000000071e+01 1.216053999999999996e-04
1.960000000000000142e+01 1.072391999999999947e-04
1.964999999999999858e+01 8.904823999999999498e-05
1.969999999999999929e+01 6.833685999999999678e-05
1.975000000000000000e+01 4.639299000000000049e-05
1.980000000000000071e+01 2.441403999999999978e-05
1.985000000000000142e+01 3.454424999999999965e-06
1.989999999999999858e+01 -1.560740999999999970e-05
1.994999999999999929e+01 -3.208637999999999687e-05
2.000000000000000000e+01 -4.549692000000000281e-05
