0.000000000000000000e+00 -5.094028000000000445e-01
5.000000000000000278e-02 -5.382736000000000187e-01
1.000000000000000056e-01 -5.667537000000000269e-01
1.499999999999999944e-01 -6.493714000000000430e-01
2.000000000000000111e-01 -7.281376000000000515e-01
2.500000000000000000e-01 -8.487544000000000199e-01
2.999999999999999889e-01 -9.571737999999999635e-01
3.499999999999999778e-01 -1.084726999999999997e+00
4.000000000000000222e-01 -1.186452000000000062e+00
4.500000000000000111e-01 -1.276539000000000090e+00
5.000000000000000000e-01 -1.325609999999999955e+00
5.500000000000000444e-01 -1.333885999999999905e+00
5.999999999999999778e-01 -1.292999999999999927e+00
6.500000000000000222e-01 -1.197850000000000081e+00
6.999999999999999556e-01 -1.061026999999999942e+00
7.500000000000000000e-01 -8.804556999999999523e-01
8.000000000000000444e-01 -6.822563000000000377e-01
8.499999999999999778e-01 -4.694691999999999754e-01
9.000000000000000222e-01 -2.702934000000000170e-01
9.499999999999999556e-01 -8.918413999999999509e-02
1.000000000000000000e+00 5.489456999999999670e-02
1.050000000000000044e+00 1.615392999999999968e-01
1.100000000000000089e+00 2.255061999999999900e-01
1.149999999999999911e+00 2.524824999999999986e-01
1.199999999999999956e+00 2.491432000000000091e-01
1.250000000000000000e+00 2.253534000000000093e-01
1.300000000000000044e+00 1.927027000000000045e-01
1.350000000000000089e+00 1.612996999999999903e-01
1.399999999999999911e+00 1.392417999999999989e-01
1.449999999999999956e+00 1.330577000000000010e-01
1.500000000000000000e+00 1.411958000000000102e-01
1.550000000000000044e+00 1.639455999999999969e-01
1.600000000000000089e+00 1.905243000000000075e-01
1.649999999999999911e+00 2.150579999999999992e-01
1.699999999999999956e+00 2.260956000000000077e-01
1.750000000000000000e+00 2.179694000000000076e-01
1.800000000000000044e+00 1.876321999999999990e-01
1.850000000000000089e+00 1.432419000000000053e-01
1.899999999999999911e+00 8.285649999999999959e-02
1.949999999999999956e+00 4.070026999999999673e-02
2.000000000000000000e+00 -8.470115000000000283e-03
2.049999999999999822e+00 -2.306646999999999864e-02
2.100000000000000089e+00 -1.642860000000000154e-02
2.149999999999999911e+00 1.014374999999999999e-02
2.200000000000000178e+00 4.855310000000000181e-02
2.250000000000000000e+00 8.324845000000000161e-02
2.299999999999999822e+00 1.108090999999999937e-01
2.350000000000000089e+00 1.251240000000000130e-01
2.399999999999999911e+00 1.239239000000000035e-01
2.450000000000000178e+00 1.093091000000000063e-01
2.500000000000000000e+00 8.846882999999999830e-02
2.549999999999999822e+00 6.438275999999999721e-02
2.600000000000000089e+00 3.986524999999999791e-02
2.649999999999999911e+00 1.515625999999999952e-02
2.700000000000000178e+00 -8.592119999999999966e-03
2.750000000000000000e+00 -3.076529000000000069e-02
2.799999999999999822e+00 -5.114401999999999837e-02
2.850000000000000089e+00 -6.950491999999999782e-02
2.899999999999999911e+00 -8.531017000000000461e-02
2.950000000000000178e+00 -9.859323999999999866e-02
3.000000000000000000e+00 -1.092719999999999941e-01
3.049999999999999822e+00 -1.157862999999999948e-01
3.100000000000000089e+00 -1.187756999999999979e-01
3.149999999999999911e+00 -1.179222000000000048e-01
3.200000000000000178e+00 -1.129943999999999948e-01
3.250000000000000000e+00 -1.034738000000000047e-01
3.299999999999999822e+00 -9.058644999999999892e-02
3.350000000000000089e+00 -7.469441999999999748e-02
3.399999999999999911e+00 -5.660442000000000251e-02
3.450000000000000178e+00 -3.761032999999999737e-02
3.500000000000000000e+00 -1.872535000000000172e-02
3.549999999999999822e+00 -7.875258000000000215e-04
3.600000000000000089e+00 1.556772000000000017e-02
3.649999999999999911e+00 2.971400000000000083e-02
3.700000000000000178e+00 4.172229999999999689e-02
3.750000000000000000e+00 5.164553000000000199e-02
3.799999999999999822e+00 5.964927999999999897e-02
3.850000000000000089e+00 6.590817999999999677e-02
3.899999999999999911e+00 7.065520999999999607e-02
3.950000000000000178e+00 7.395240000000000147e-02
4.000000000000000000e+00 7.575529000000000290e-02
4.049999999999999822e+00 7.605542999999999332e-02
4.099999999999999645e+00 7.455083999999999322e-02
4.150000000000000355e+00 7.101791000000000353e-02
4.200000000000000178e+00 6.528106999999999660e-02
4.250000000000000000e+00 5.741721999999999798e-02
4.299999999999999822e+00 4.734710999999999781e-02
4.349999999999999645e+00 3.531182000000000071e-02
4.400000000000000355e+00 2.173396999999999829e-02
4.450000000000000178e+00 7.200111999999999832e-03
4.500000000000000000e+00 -7.637490000000000251e-03
4.549999999999999822e+00 -2.201287999999999856e-02
4.599999999999999645e+00 -3.516848999999999670e-02
4.650000000000000355e+00 -4.656281999999999782e-02
4.700000000000000178e+00 -5.553998999999999742e-02
4.750000000000000000e+00 -6.174211999999999756e-02
4.799999999999999822e+00 -6.502974999999999728e-02
4.849999999999999645e+00 -6.554801999999999851e-02
4.900000000000000355e+00 -6.345412999999999748e-02
4.950000000000000178e+00 -5.915387999999999896e-02
5.000000000000000000e+00 -5.313630999999999910e-02
5.049999999999999822e+00 -4.589951999999999921e-02
5.099999999999999645e+00 -3.788931000000000243e-02
5.150000000000000355e+00 -2.949347000000000080e-02
5.200000000000000178e+00 -2.099453999999999904e-02
5.250000000000000000e+00 -1.248678999999999935e-02
5.299999999999999822e+00 -4.124651000000000012e-03
5.349999999999999645e+00 4.032736999999999780e-03
5.400000000000000355e+00 1.192836000000000070e-02
5.450000000000000178e+00 1.959566999999999906e-02
5.500000000000000000e+00 2.675612999999999950e-02
5.549999999999999822e+00 3.318197999999999981e-02
5.599999999999999645e+00 3.859796000000000060e-02
5.650000000000000355e+00 4.279031999999999974e-02
5.700000000000000178e+00 4.536791999999999908e-02
5.750000000000000000e+00 4.612120000000000108e-02
5.799999999999999822e+00 4.494747999999999799e-02
5.849999999999999645e+00 4.189386999999999972e-02
5.900000000000000355e+00 3.706467000000000095e-02
5.950000000000000178e+00 3.074599000000000082e-02
6.000000000000000000e+00 2.331888999999999837e-02
6.049999999999999822e+00 1.521653000000000068e-02
6.099999999999999645e+00 6.839369999999999998e-03
6.150000000000000355e+00 -1.378375000000000043e-03
6.200000000000000178e+00 -9.053583999999999937e-03
6.250000000000000000e+00 -1.587426000000000115e-02
6.299999999999999822e+00 -2.160865999999999829e-02
6.349999999999999645e+00 -2.610501999999999961e-02
6.400000000000000355e+00 -2.928460999999999911e-02
6.450000000000000178e+00 -3.113114000000000159e-02
6.500000000000000000e+00 -3.167928999999999884e-02
6.549999999999999822e+00 -3.127632000000000329e-02
6.599999999999999645e+00 -2.971715000000000120e-02
6.650000000000000355e+00 -2.710190999999999989e-02
6.700000000000000178e+00 -2.356439000000000103e-02
6.750000000000000000e+00 -1.927152999999999852e-02
6.799999999999999822e+00 -1.441984999999999968e-02
6.849999999999999645e+00 -9.228033999999999543e-03
6.900000000000000355e+00 -3.926197000000000194e-03
6.950000000000000178e+00 1.256876999999999994e-03
7.000000000000000000e+00 6.106913999999999745e-03
7.049999999999999822e+00 1.058578999999999944e-02
7.099999999999999645e+00 1.441185000000000035e-02
7.150000000000000355e+00 1.744545000000000123e-02
7.200000000000000178e+00 1.959723999999999841e-02
7.250000000000000000e+00 2.083103999999999859e-02
7.299999999999999822e+00 2.116173000000000012e-02
7.349999999999999645e+00 2.064896000000000093e-02
7.400000000000000355e+00 1.938764000000000112e-02
7.450000000000000178e+00 1.749677999999999997e-02
7.500000000000000000e+00 1.510817000000000063e-02
7.549999999999999822e+00 1.232771000000000040e-02
7.599999999999999645e+00 9.299029000000000322e-03
7.650000000000000355e+00 6.151603999999999753e-03
7.700000000000000178e+00 2.997718999999999818e-03
7.750000000000000000e+00 -6.920367000000000077e-05
7.799999999999999822e+00 -2.973278000000000205e-03
7.849999999999999645e+00 -5.652670999999999737e-03
7.900000000000000355e+00 -8.055052000000000045e-03
7.950000000000000178e+00 -1.013314000000000055e-02
8.000000000000000000e+00 -1.184144999999999989e-02
8.050000000000000711e+00 -1.315012999999999946e-02
8.099999999999999645e+00 -1.400589999999999995e-02
8.150000000000000355e+00 -1.437481000000000002e-02
8.199999999999999289e+00 -1.423028999999999961e-02
8.250000000000000000e+00 -1.355853999999999913e-02
8.300000000000000711e+00 -1.236475000000000074e-02
8.349999999999999645e+00 -1.067866999999999948e-02
8.400000000000000355e+00 -8.558450000000000432e-03
8.449999999999999289e+00 -6.091690999999999773e-03
8.500000000000000000e+00 -3.392944000000000168e-03
8.550000000000000711e+00 -5.909711999999999908e-04
8.599999999999999645e+00 2.191687999999999796e-03
8.650000000000000355e+00 4.807577000000000378e-03
8.699999999999999289e+00 7.117660999999999953e-03
8.750000000000000000e+00 9.003139000000000280e-03
8.800000000000000711e+00 1.037555000000000074e-02
8.849999999999999645e+00 1.118378000000000080e-02
8.900000000000000355e+00 1.141710999999999941e-02
8.949999999999999289e+00 1.110378000000000059e-02
9.000000000000000000e+00 1.030556000000000007e-02
9.050000000000000711e+00 9.169612000000000596e-03
9.099999999999999645e+00 7.710561000000000324e-03
9.150000000000000355e+00 6.028560999999999989e-03
9.199999999999999289e+00 4.221253000000000331e-03
9.250000000000000000e+00 2.376638999999999835e-03
9.300000000000000711e+00 5.688025000000000416e-04
9.349999999999999645e+00 -1.143342000000000100e-03
9.400000000000000355e+00 -2.714654999999999846e-03
9.449999999999999289e+00 -4.110581999999999778e-03
9.500000000000000000e+00 -5.303287999999999752e-03
9.550000000000000711e+00 -6.312996000000000406e-03
9.599999999999999645e+00 -7.075386000000000349e-03
9.650000000000000355e+00 -7.564996000000000047e-03
9.699999999999999289e+00 -7.759662999999999977e-03
9.750000000000000000e+00 -7.643857000000000429e-03
9.800000000000000711e+00 -7.212773999999999922e-03
9.849999999999999645e+00 -6.476265000000000147e-03
9.900000000000000355e+00 -5.461610000000000423e-03
9.949999999999999289e+00 -4.214368999999999928e-03
1.000000000000000000e+01 -2.796879999999999852e-03
1.005000000000000071e+01 -1.289465999999999963e-03
1.009999999999999964e+01 2.436472000000000073e-04
1.015000000000000036e+01 1.721094999999999960e-03
1.019999999999999929e+01 3.065892000000000183e-03
1.025000000000000000e+01 4.211427999999999700e-03
1.030000000000000071e+01 5.106290000000000308e-03
1.034999999999999964e+01 5.717355999999999827e-03
1.040000000000000036e+01 6.030897999999999815e-03
1.044999999999999929e+01 6.051766000000000090e-03
1.050000000000000000e+01 5.800941999999999904e-03
1.055000000000000071e+01 5.312016999999999607e-03
1.059999999999999964e+01 4.627148999999999672e-03
1.065000000000000036e+01 3.793105000000000174e-03
1.069999999999999929e+01 2.857811999999999939e-03
1.075000000000000000e+01 1.867701000000000040e-03
1.080000000000000071e+01 8.659203999999999773e-04
1.084999999999999964e+01 -1.086615000000000031e-04
1.090000000000000036e+01 -1.021872999999999965e-03
1.094999999999999929e+01 -1.844315999999999924e-03
1.100000000000000000e+01 -2.551336999999999876e-03
1.105000000000000071e+01 -3.152957000000000069e-03
1.109999999999999964e+01 -3.611076999999999863e-03
1.115000000000000036e+01 -3.912823000000000169e-03
1.119999999999999929e+01 -4.050266999999999756e-03
1.125000000000000000e+01 -4.020972999999999735e-03
1.130000000000000071e+01 -3.828545000000000038e-03
1.134999999999999964e+01 -3.483012000000000174e-03
1.140000000000000036e+01 -3.000917999999999988e-03
1.144999999999999929e+01 -2.405008000000000146e-03
1.150000000000000000e+01 -1.723452000000000100e-03
1.155000000000000071e+01 -9.886096999999999073e-04
1.159999999999999964e+01 -2.354005999999999905e-04
1.165000000000000036e+01 5.006131000000000469e-04
1.169999999999999929e+01 1.185272999999999926e-03
1.175000000000000000e+01 1.787834999999999988e-03
1.180000000000000071e+01 2.282767000000000216e-03
1.184999999999999964e+01 2.651171999999999817e-03
1.190000000000000036e+01 2.881725999999999819e-03
1.194999999999999929e+01 2.971035999999999816e-03
1.200000000000000000e+01 2.923414000000000047e-03
1.205000000000000071e+01 2.780939999999999974e-03
1.209999999999999964e+01 2.521437000000000071e-03
1.215000000000000036e+01 2.162662999999999999e-03
1.219999999999999929e+01 1.725654999999999984e-03
1.225000000000000000e+01 1.233289999999999951e-03
1.230000000000000071e+01 7.090052999999999590e-04
1.234999999999999964e+01 1.757712999999999886e-04
1.240000000000000036e+01 -3.446618999999999941e-04
1.244999999999999929e+01 -8.322631000000000039e-04
1.250000000000000000e+01 -1.269053000000000021e-03
1.255000000000000071e+01 -1.639363000000000018e-03
1.259999999999999964e+01 -1.930120000000000013e-03
1.265000000000000036e+01 -2.131194999999999791e-03
1.269999999999999929e+01 -2.235828000000000034e-03
1.275000000000000000e+01 -2.241078999999999988e-03
1.280000000000000071e+01 -2.148209999999999790e-03
1.284999999999999964e+01 -1.962900999999999969e-03
1.290000000000000036e+01 -1.695221000000000011e-03
1.294999999999999929e+01 -1.359285000000000007e-03
1.300000000000000000e+01 -9.725925999999999755e-04
1.305000000000000071e+01 -5.621830999999999877e-04
1.309999999999999964e+01 -1.393339000000000112e-04
1.315000000000000036e+01 2.771497999999999735e-04
1.319999999999999929e+01 6.694803999999999946e-04
1.325000000000000000e+01 1.021042000000000000e-03
1.330000000000000071e+01 1.316693000000000073e-03
1.334999999999999964e+01 1.543429000000000025e-03
1.340000000000000036e+01 1.691414999999999932e-03
1.344999999999999929e+01 1.755119999999999987e-03
1.350000000000000000e+01 1.734167999999999907e-03
1.355000000000000071e+01 1.633548000000000075e-03
1.359999999999999964e+01 1.462984999999999980e-03
1.365000000000000036e+01 1.235596000000000047e-03
1.369999999999999929e+01 9.661789999999999528e-04
1.375000000000000000e+01 6.696202999999999964e-04
1.380000000000000071e+01 3.598510999999999876e-04
1.384999999999999964e+01 4.952566999999999706e-05
1.390000000000000036e+01 -2.496895999999999751e-04
1.394999999999999929e+01 -5.265883000000000282e-04
1.400000000000000000e+01 -7.701189999999999902e-04
1.405000000000000071e+01 -9.800023000000001022e-04
1.409999999999999964e+01 -1.139720000000000099e-03
1.415000000000000036e+01 -1.242627000000000054e-03
1.419999999999999929e+01 -1.284961000000000046e-03
1.425000000000000000e+01 -1.266142000000000049e-03
1.430000000000000071e+01 -1.188849999999999976e-03
1.434999999999999964e+01 -1.058866000000000104e-03
1.440000000000000036e+01 -8.846630000000000509e-04
1.444999999999999929e+01 -6.767897000000000366e-04
1.450000000000000000e+01 -4.470990999999999898e-04
1.455000000000000071e+01 -2.079115000000000032e-04
1.459999999999999964e+01 2.880352000000000099e-05
1.465000000000000036e+01 2.521394999999999735e-04
1.469999999999999929e+01 4.527970000000000085e-04
1.475000000000000000e+01 6.234224000000000232e-04
1.480000000000000071e+01 7.587364000000000087e-04
1.484999999999999964e+01 8.554802000000000023e-04
1.490000000000000036e+01 9.122273999999999661e-04
1.494999999999999929e+01 9.291253000000000402e-04
1.500000000000000000e+01 9.076270999999999688e-04
1.505000000000000071e+01 8.563505000000000335e-04
1.509999999999999964e+01 7.730732999999999832e-04
1.515000000000000036e+01 6.612160999999999863e-04
1.519999999999999929e+01 5.250132000000000236e-04
1.525000000000000000e+01 3.695691999999999987e-04
1.530000000000000071e+01 2.008814000000000042e-04
1.534999999999999964e+01 2.578187999999999989e-05
1.540000000000000036e+01 -1.482361000000000019e-04
1.544999999999999929e+01 -3.133216000000000191e-04
1.550000000000000000e+01 -4.616906999999999739e-04
1.555000000000000071e+01 -5.861383999999999648e-04
1.559999999999999964e+01 -6.805837000000000345e-04
1.565000000000000036e+01 -7.405789999999999986e-04
1.569999999999999929e+01 -7.637114999999999876e-04
1.575000000000000000e+01 -7.498322000000000407e-04
1.580000000000000071e+01 -7.010707999999999827e-04
1.584999999999999964e+01 -6.216251999999999585e-04
1.590000000000000036e+01 -5.173483000000000422e-04
1.594999999999999929e+01 -3.951898000000000021e-04
1.600000000000000000e+01 -2.625716000000000053e-04
1.605000000000000071e+01 -1.299658000000000085e-04
1.610000000000000142e+01 4.456832000000000187e-07
1.614999999999999858e+01 1.234526000000000113e-04
1.619999999999999929e+01 2.348723000000000043e-04
1.625000000000000000e+01 3.315411000000000096e-04
1.630000000000000071e+01 4.111947000000000020e-04
1.635000000000000142e+01 4.722899000000000129e-04
1.639999999999999858e+01 5.138243999999999928e-04
1.644999999999999929e+01 5.352052999999999628e-04
1.650000000000000000e+01 5.361962000000000282e-04
1.655000000000000071e+01 5.169535999999999966e-04
1.660000000000000142e+01 4.781348999999999951e-04
1.664999999999999858e+01 4.210436999999999817e-04
1.669999999999999929e+01 3.477646999999999943e-04
1.675000000000000000e+01 2.612415999999999892e-04
1.680000000000000071e+01 1.652578000000000087e-04
1.685000000000000142e+01 6.430156000000000511e-05
1.689999999999999858e+01 -3.668409000000000269e-05
1.694999999999999929e+01 -1.326397000000000101e-04
1.700000000000000000e+01 -2.187753999999999925e-04
1.705000000000000071e+01 -2.941861000000000259e-04
1.710000000000000142e+01 -3.526612999999999840e-04
1.714999999999999858e+01 -3.917931999999999947e-04
1.719999999999999929e+01 -4.104773000000000146e-04
1.725000000000000000e+01 -4.089114000000000030e-04
1.730000000000000071e+01 -3.884709000000000079e-04
1.735000000000000142e+01 -3.514872999999999847e-04
1.739999999999999858e+01 -3.009701999999999733e-04
1.744999999999999929e+01 -2.403143999999999907e-04
1.750000000000000000e+01 -1.730323999999999935e-04
1.755000000000000071e+01 -1.025384000000000007e-04
1.760000000000000142e+01 -3.200057999999999847e-05
1.764999999999999858e+01 3.574179000000000326e-05
1.769999999999999929e+01 9.820774000000000105e-05
1.775000000000000000e+01 1.532732999999999882e-04
1.780000000000000071e+01 1.991623000000000091e-04
1.785000000000000142e+01 2.344485000000000102e-04
1.789999999999999858e+01 2.580813999999999851e-04
1.794999999999999929e+01 2.694360000000000136e-04
1.800000000000000000e+01 2.683766999999999880e-04
1.805000000000000071e+01 2.587005999999999876e-04
1.810000000000000142e+01 2.378455999999999984e-04
1.814999999999999858e+01 2.069441000000000097e-04
1.819999999999999929e+01 1.676891000000000069e-04
1.825000000000000000e+01 1.222545000000000066e-04
1.830000000000000071e+01 7.315852000000000238e-05
1.835000000000000142e+01 2.308413000000000018e-05
1.839999999999999858e+01 -2.532368000000000146e-05
1.844999999999999929e+01 -6.965742000000000299e-05
1.850000000000000000e+01 -1.079185000000000002e-04
1.855000000000000071e+01 -1.386387000000000047e-04
1.860000000000000142e+01 -1.609403999999999880e-04
1.864999999999999858e+01 -1.745303999999999985e-04
1.869999999999999929e+01 -1.796377000000000097e-04
1.875000000000000000e+01 -1.769080999999999876e-04
1.880000000000000071e+01 -1.672784999999999875e-04
1.885000000000000142e+01 -1.518512000000000074e-04
1.889999999999999858e+01 -1.317877000000000122e-04
1.894999999999999929e+01 -1.082330000000000054e-04
1.900000000000000000e+01 -8.227581999999999723e-05
1.905000000000000071e+01 -5.597291000000000142e-05
1.910000000000000142e+01 -2.863732999999999980e-05
1.914999999999999858e+01 -1.093219000000000070e-06
1.919999999999999929e+01 2.579570999999999836e-05
1.925000000000000000e+01 5.111439999999999972e-05
1.930000000000000071e+01 7.391182999999999466e-05
1.935000000000000142e+01 9.324567999999999930e-05
1.939999999999999858e+01 1.082512000000000047e-04
1.944999999999999929e+01 1.182233999999999970e-04
1.950000000000000000e+01 1.226977000000000026e-04
1.955000000000000071e+01 1.215142000000000029e-04
1.960000000000000142e+01 1.148537000000000012e-04
1.964999999999999858e+01 1.032355000000000046e-04
1.969999999999999929e+01 8.747911000000000142e-05
1.975000000000000000e+01 6.863183000000000456e-05
1.980000000000000071e+01 4.787519999999999862e-05
1.985000000000000142e+01 2.642262000000000148e-05
1.989999999999999858e+01 5.422918999999999671e-06
1.994999999999999929e+01 -1.411848999999999973e-05
2.000000000000000000e+01 -3.139272000000000324e-05
