9.654038852199999383e+03 -1.695314780000087751e+01 -1.589267492957484151e+00 2.734093218599999990e-06 3.975290819300000140e-06 -1.241197600800000013e-06
9.654538852199999383e+03 -1.645314780000087751e+01 -1.547429164228300902e+00 2.857988729499999822e-06 4.206437998799999811e-06 -1.348449269299999988e-06
9.655038852199999383e+03 -1.595314780000087929e+01 -1.504427755805252342e+00 2.992654415999999979e-06 4.464269863700000122e-06 -1.471615447699999932e-06
9.655538852199999383e+03 -1.545314780000087929e+01 -1.460160513974459784e+00 3.139538759400000151e-06 4.753532669399999580e-06 -1.613993910000000064e-06
9.656038852199999383e+03 -1.495314780000087929e+01 -1.414508600434472241e+00 3.300364529700000057e-06 5.080148431799999641e-06 -1.779783902200000082e-06
9.656538852199999383e+03 -1.445314780000087929e+01 -1.367333329819769849e+00 3.477198550500000123e-06 5.451599322399999777e-06 -1.974400771900000077e-06
9.657038852199999383e+03 -1.395314780000087929e+01 -1.318471193833581800e+00 3.672544707300000075e-06 5.877472563099999598e-06 -2.204927855899999809e-06
9.657538852199999383e+03 -1.345314780000087929e+01 -1.267727156410984657e+00 3.889470197699999866e-06 6.370249611199999813e-06 -2.480779413499999947e-06
9.658038852199999383e+03 -1.295314780000087929e+01 -1.214865423507810460e+00 4.131780533100000271e-06 6.946477360999999832e-06 -2.814696827800000122e-06
9.658538852199999383e+03 -1.245314780000087929e+01 -1.159596417452098738e+00 4.404268150899999820e-06 7.628555474299999753e-06 -3.224287323399999933e-06
9.659038852199999383e+03 -1.195314780000087929e+01 -1.101557853905401174e+00 4.713076096700000237e-06 8.447553418200000176e-06 -3.734477321400000076e-06
9.659538852199999383e+03 -1.145314780000087929e+01 -1.040286287342865768e+00 5.066249198099999693e-06 9.447821290200000076e-06 -4.381572092100000383e-06
9.660038852199999383e+03 -1.095314780000087929e+01 -9.751725046198411739e-01 5.474606481899999788e-06 1.069488234899999927e-05 -5.220275866999999615e-06
9.660538852199999383e+03 -1.045314780000087929e+01 -9.053879101796448170e-01 5.953199049700000166e-06 1.228969258299999929e-05 -6.336493533200000111e-06
9.661038852249999763e+03 -9.953147750000498561e+00 -8.297548486805489398e-01 6.523920202800000312e-06 1.439617244799999949e-05 -7.872252245300000737e-06
9.661538852249999763e+03 -9.453147750000498561e+00 -7.464977984172567194e-01 7.220613852300000236e-06 1.729899507300000096e-05 -1.007838122000000084e-05
9.662038852249999763e+03 -8.953147750000498561e+00 -6.527057661571115110e-01 8.100321088800000198e-06 2.153874968699999879e-05 -1.343842859800000056e-05
9.662538852249999763e+03 -8.453147750000498561e+00 -5.429462876820067008e-01 9.272272097899999653e-06 2.827727337499999911e-05 -1.900500127799999907e-05
9.663038852249999763e+03 -7.953147750000498561e+00 -4.044212227870874754e-01 1.099043894299999933e-05 4.050088415800000334e-05 -2.951044521499999893e-05
9.663538852249999763e+03 -7.453147750000498561e+00 -1.797842584141715883e-01 1.403396325699999982e-05 6.804764462000000523e-05 -5.401368136399999726e-05
9.663662000000000262e+03 -7.330000000000000071e+00 0.000000000000000000e+00 1.569948215774445870e-05 8.616122588330806095e-05 -7.046174372656359918e-05
9.663671000000000276e+03 -7.320999999999985519e+00 4.860261953445584038e-02 1.582120318071646316e-05 8.748501971120810935e-05 -7.166381653149163974e-05
9.663700000000000728e+03 -7.291999999999534410e+00 9.986888948025554602e-02 1.621341536584846210e-05 9.175057760110809065e-05 -7.553716223625962887e-05
9.663746999999999389e+03 -7.245000000000873186e+00 1.493646705120479090e-01 1.684906959692445981e-05 9.866372314680806033e-05 -8.181465355088359068e-05
9.663814000000000306e+03 -7.177999999999956415e+00 1.997377789593159370e-01 1.775521499016046215e-05 1.085186327545080713e-04 -9.076341776534762305e-05
9.663899999999999636e+03 -7.092000000000625803e+00 2.499348983886820197e-01 1.891832698744846451e-05 1.211682182211081243e-04 -1.022498912346596567e-04
9.664005000000001019e+03 -6.986999999999243371e+00 3.000443701604951774e-01 2.033840558878846009e-05 1.366124795466080294e-04 -1.162740739588195968e-04
9.664038852249999763e+03 -6.953147750000498561e+00 3.145024106323126012e-01 2.079624231099999905e-05 1.415917461699999944e-04 -1.207955038599999991e-04
9.664128000000000611e+03 -6.863999999999650825e+00 3.497287862733068908e-01 2.204385065349291940e-05 1.573800632162241535e-04 -1.353362125637312446e-04
9.664271000000000640e+03 -6.720999999999621721e+00 3.998039390328587128e-01 2.404511252467291652e-05 1.827057650719641352e-04 -1.586606525482912020e-04
9.664433000000000902e+03 -6.558999999999359787e+00 4.498478108507243944e-01 2.631227632279291593e-05 2.113964203211241314e-04 -1.850841439993311955e-04
9.664538852249999763e+03 -6.453147750000498561e+00 4.797352521553999716e-01 2.779366144100000059e-05 2.301431512600000040e-04 -2.023494898199999868e-04
9.664613999999999578e+03 -6.378000000000684011e+00 4.998697967778416573e-01 2.866025452713097307e-05 2.387373498350442761e-04 -2.100770953092138916e-04
9.664814000000000306e+03 -6.177999999999956415e+00 5.498758696994616724e-01 3.096662587193097692e-05 2.616101532790443074e-04 -2.306435274092138977e-04
9.665032999999999447e+03 -5.959000000000814978e+00 5.998700092247406523e-01 3.349210249448697518e-05 2.866558730502243176e-04 -2.531637705587139382e-04
9.665038852249999763e+03 -5.953147750000498561e+00 6.011489482879219803e-01 3.355958980300000007e-05 2.873251598700000010e-04 -2.537655700699999748e-04
9.665271000000000640e+03 -5.720999999999621721e+00 6.498549695126818460e-01 3.668392707277838891e-05 3.046288892356145434e-04 -2.679449621663004583e-04
9.665528000000000247e+03 -5.464000000000014623e+00 6.998327174231705472e-01 4.014273586301237979e-05 3.237850449466345669e-04 -2.836423090876004230e-04
9.665538852249999763e+03 -5.453147750000498561e+00 7.018648045704699578e-01 4.028878978399999723e-05 3.245939452999999802e-04 -2.843051555199999775e-04
9.665805000000000291e+03 -5.186999999999970967e+00 7.499796991827626380e-01 4.529935507394205850e-05 3.364559183461717754e-04 -2.911565632741005280e-04
9.666038852249999763e+03 -4.953147750000498561e+00 7.898407116386274573e-01 4.970191705999999805e-05 3.468785091299999949e-04 -2.971765920699999766e-04
9.666100000000000364e+03 -4.891999999999898208e+00 7.999360569744666805e-01 5.141804797188583058e-05 3.481756666066566940e-04 -2.967576186336702017e-04
9.666414000000000669e+03 -4.577999999999592617e+00 8.498898392453323458e-01 6.023055712115383430e-05 3.548367039738566683e-04 -2.946061468459502128e-04
9.666538852249999763e+03 -4.453147750000498561e+00 8.689548294525342165e-01 6.373457494099999754e-05 3.574852565299999844e-04 -2.937506815800000246e-04
9.666747999999999593e+03 -4.244000000000669459e+00 8.999873045167785524e-01 7.281408263155037647e-05 3.584053027653221531e-04 -2.855912201276998921e-04
9.667038852249999763e+03 -3.953147750000498561e+00 9.414439130909244557e-01 8.544054043799999742e-05 3.596847691599999947e-04 -2.742442287200000102e-04
9.667100000000000364e+03 -3.891999999999898208e+00 9.499294642140519995e-01 8.957057106177356389e-05 3.592752163478227863e-04 -2.697046452842938313e-04
9.667471999999999753e+03 -3.520000000000509388e+00 1.000002095751271414e+00 1.146961299260615554e-04 3.567836504908627831e-04 -2.420875205645338227e-04
9.667538852249999763e+03 -3.453147750000498561e+00 1.008737224138686051e+00 1.192114528900000054e-04 3.563358903200000119e-04 -2.371244374300000065e-04
9.667862000000000990e+03 -3.129999999999272475e+00 1.049936581553178483e+00 1.513289852830397792e-04 3.520127211345844644e-04 -2.006837358515446311e-04
9.668038852249999763e+03 -2.953147750000498561e+00 1.071813851949157792e+00 1.689062633799999914e-04 3.496467377800000225e-04 -1.807404744000000040e-04
9.668272000000000844e+03 -2.719999999999417994e+00 1.099990374909949997e+00 1.977776245190023766e-04 3.456871203947903411e-04 -1.479094958804509012e-04
9.668538852249999763e+03 -2.453147750000498561e+00 1.131379281716418994e+00 2.308227115099999996e-04 3.411550894899999871e-04 -1.103323779900000043e-04
9.668700000000000728e+03 -2.291999999999534410e+00 1.149919672740976173e+00 2.495879470625782704e-04 3.381649196568548574e-04 -8.857697260137594288e-05
9.669038852249999763e+03 -1.953147750000498561e+00 1.187961794404277072e+00 2.890464085600000102e-04 3.318773619600000118e-04 -4.283095340100000193e-05
9.669148000000001048e+03 -1.843999999999214268e+00 1.199958769480723442e+00 2.980233226289903800e-04 3.298188886721997444e-04 -3.179556604464597294e-05
9.669538852249999763e+03 -1.453147750000498561e+00 1.241969150515140452e+00 3.301691713700000076e-04 3.224476060199999816e-04 7.721565346999999661e-06
9.669614999999999782e+03 -1.377000000000480284e+00 1.249989496233149255e+00 3.339009886315462416e-04 3.210449358770510247e-04 1.285605275195208521e-05
9.670038852245999806e+03 -9.531477540004562599e-01 1.293723894673243890e+00 3.546729632200000125e-04 3.132374183799999795e-04 4.143554483999999913e-05
9.670100000000000364e+03 -8.919999999998982076e-01 1.299911867083462180e+00 3.558477105358650726e-04 3.121649620147053930e-04 4.368274852018132269e-05
9.670538852245999806e+03 -4.531477540004562599e-01 1.343486383077839630e+00 3.642787724199999752e-04 3.044680336099999957e-04 5.981073880199999719e-05
9.670604999999999563e+03 -3.870000000006985630e-01 1.349932349975339507e+00 3.636255070614801679e-04 3.033790605287884127e-04 6.024644652455947322e-05
9.671038852245999806e+03 4.685224599954374014e-02 1.391470376034878109e+00 3.593408469500000268e-04 2.962366650799999851e-04 6.310418186099999815e-05
9.671129000000000815e+03 1.370000000005529017e-01 1.399946689834637992e+00 3.570858816182155386e-04 2.948585660589107382e-04 6.222731555084565181e-05
9.671538852245999806e+03 5.468522459995437401e-01 1.437853940165590982e+00 3.468337947399999970e-04 2.885931079199999965e-04 5.824068681399999854e-05
9.671672000000000480e+03 6.800000000002182077e-01 1.449955522349051007e+00 3.432795580180634425e-04 2.867141217709692096e-04 5.656543624482231430e-05
9.672038852249999763e+03 1.046852249999501439e+00 1.482787274077656203e+00 3.334868300200000222e-04 2.815370889199999963e-04 5.194974110800000132e-05
9.672234000000000378e+03 1.242000000000116344e+00 1.499959398365525276e+00 3.286515154369760950e-04 2.790080844282466976e-04 4.964343101360703327e-05
9.672538852249999763e+03 1.546852249999501439e+00 1.526398455854078851e+00 3.210979744399999956e-04 2.750573716499999928e-04 4.604060279000000283e-05
9.672815000000000509e+03 1.823000000000247312e+00 1.549958797595160975e+00 3.150425711095829889e-04 2.717828061075450077e-04 4.325976500038111028e-05
9.673038852249999763e+03 2.046852249999501439e+00 1.568797753663863759e+00 3.101339102199999922e-04 2.691283616499999748e-04 4.100554856700000289e-05
9.673415000000000873e+03 2.423000000000611109e+00 1.599954139743766879e+00 3.035669535340125048e-04 2.650311617886027963e-04 3.853579174391431596e-05
9.673538852249999763e+03 2.546852249999501439e+00 1.610080910317197356e+00 3.014046852200000064e-04 2.636820977000000005e-04 3.772258751899999876e-05
9.674033999999999651e+03 3.041999999999388749e+00 1.649945793614544076e+00 2.953150520307431994e-04 2.586544181397266540e-04 3.666063389298746238e-05
9.674038852249999763e+03 3.046852249999501439e+00 1.650331688974953970e+00 2.952553760599999988e-04 2.586051488900000146e-04 3.665022717199999840e-05
9.674665627890000906e+03 3.673627890000643603e+00 1.699442089383040644e+00 2.912077809700000194e-04 2.529901754099999765e-04 3.821760555900000187e-05
9.674672000000000480e+03 3.680000000000218208e+00 1.699934084602378270e+00 2.912025685041802090e-04 2.529474285721111247e-04 3.825513993100984589e-05
9.675311453450000045e+03 4.319453449999782535e+00 1.748602912801477949e+00 2.906794875700000123e-04 2.486577014699999804e-04 4.202178609300000255e-05
9.675329999999999927e+03 4.337999999999665235e+00 1.749994293691794933e+00 2.907511220644785964e-04 2.486629995530785162e-04 4.208812250459530212e-05
9.675976328930000818e+03 4.984328930000556213e+00 1.797810022808175257e+00 2.932475133699999998e-04 2.488476325100000080e-04 4.439988085999999865e-05
9.676005999999999403e+03 5.013999999999141366e+00 1.799974609033689665e+00 2.931457747588550253e-04 2.488188016332791683e-04 4.432697312548907338e-05
9.676660254329999589e+03 5.668254329999326657e+00 1.847059720074258005e+00 2.909024135700000245e-04 2.481830737700000018e-04 4.271933979800000169e-05
9.676701000000000931e+03 5.709000000000669317e+00 1.849952446935221095e+00 2.905156261821784081e-04 2.480566196959264891e-04 4.245900648436777894e-05
9.677363229649999994e+03 6.371229649999731848e+00 1.896348686526969418e+00 2.842292630799999969e-04 2.460013918100000039e-04 3.822787126999999970e-05
9.677416000000001077e+03 6.424000000000814836e+00 1.899997074869211211e+00 2.835514381450142439e-04 2.457715248308853912e-04 3.777991331485970665e-05
9.678085254890000215e+03 7.093254889999952795e+00 1.945673937797479880e+00 2.749549885799999760e-04 2.428562589699999926e-04 3.209872962000000012e-05
9.678148999999999432e+03 7.156999999999170470e+00 1.949968754198961873e+00 2.740835186293968050e-04 2.425465013319616264e-04 3.153701730674705222e-05
9.678826330060001055e+03 7.834330060000793239e+00 1.995032783224641504e+00 2.648236272599999858e-04 2.392551404799999866e-04 2.556848678199999977e-05
9.678902000000000044e+03 7.909999999999781650e+00 2.000004191502662287e+00 2.638656437253504312e-04 2.388646117278890287e-04 2.500103199945949561e-05
9.679586455140000908e+03 8.594455140000645699e+00 2.044422788317743045e+00 2.551139310000303867e-04 2.353042837714748603e-04 1.980951545506032789e-05
9.679673000000000684e+03 8.681000000000421934e+00 2.049970687340530340e+00 2.541811954267194826e-04 2.348322095876681883e-04 1.934884162942787135e-05
9.680365630140000576e+03 9.373630140000313915e+00 2.093841748701356753e+00 2.467365618038716026e-04 2.310562284524835116e-04 1.568004951921898890e-05
9.680463999999999942e+03 9.471999999999679787e+00 2.099998151836547589e+00 2.459223722850170310e-04 2.305086293379136333e-04 1.541343521517735943e-05
9.681163855099999637e+03 1.017185509999937487e+01 2.143287663911510599e+00 2.402248357640586365e-04 2.266528363939219061e-04 1.357213724008087346e-05
9.681273000000001048e+03 1.028100000000078573e+01 2.149960252127960825e+00 2.395882196292945931e-04 2.260557178551847088e-04 1.353269103504550920e-05
9.681981129899999360e+03 1.098912989999909762e+01 2.192758703302428280e+00 2.355301410122282509e-04 2.222594878340689722e-04 1.327247277675840017e-05
9.682102000000000771e+03 1.111000000000050925e+01 2.199980749819791637e+00 2.350742422055510995e-04 2.216729248483344868e-04 1.340343021274819794e-05
9.682817454699999871e+03 1.182545469999960908e+01 2.242253213287825453e+00 2.325512027291930283e-04 2.185541465714407026e-04 1.400577616443963228e-05
9.682950000000000728e+03 1.195800000000046559e+01 2.249997424658124245e+00 2.322920305764829599e-04 2.181336970309251866e-04 1.416870528208500978e-05
9.683672829400000410e+03 1.268082940000014780e+01 2.291769667484348627e+00 2.310212883592815578e-04 2.160272374108705685e-04 1.501588400127206992e-05
9.683816000000000713e+03 1.282400000000045104e+01 2.299953467270577701e+00 2.308797065613237410e-04 2.157598709438064873e-04 1.514447913258607874e-05
9.684547254000000976e+03 1.355525400000071379e+01 2.341306673593567478e+00 2.303585244165784463e-04 2.145622111284792928e-04 1.584049779485062907e-05
9.684702000000001135e+03 1.371000000000087304e+01 2.349964437621665514e+00 2.302925598398069694e-04 2.144307273487586608e-04 1.591092704017513617e-05
9.685440728499999750e+03 1.444872849999948805e+01 2.390862954152008335e+00 2.302319843808776044e-04 2.139435524802242702e-04 1.636982598652077998e-05
9.685606999999999971e+03 1.461499999999970889e+01 2.399972221111235982e+00 2.302430643980623876e-04 2.139285497986640090e-04 1.640431174714159103e-05
9.686353252900000371e+03 1.536125290000010857e+01 2.440437334981242934e+00 2.303439693433246161e-04 2.140564182408026799e-04 1.640922940218108049e-05
9.686531000000000859e+03 1.553900000000059656e+01 2.449977012885667271e+00 2.303971882447521666e-04 2.141687994087009244e-04 1.635846371867785850e-05
9.687284827299999961e+03 1.629282729999970059e+01 2.490028740268172225e+00 2.307909696163338697e-04 2.147331397309556393e-04 1.622886782387899618e-05
9.687474000000000160e+03 1.648199999999989984e+01 2.499978992466393990e+00 2.309275720820952037e-04 2.149368276401055280e-04 1.617300264608346203e-05
9.688235451599999578e+03 1.724345159999931809e+01 2.539636167537263844e+00 2.314212851298960314e-04 2.158072565802488440e-04 1.584015558723457086e-05
9.688435999999999694e+03 1.744399999999943418e+01 2.549978325284629754e+00 2.315795592367692383e-04 2.160806231275112647e-04 1.573733581125770942e-05
9.689205125800001042e+03 1.821312580000078185e+01 2.589258695896648366e+00 2.318054998751930174e-04 2.171429604938563546e-04 1.493502111105298125e-05
9.689416999999999462e+03 1.842499999999920135e+01 2.599975164037636954e+00 2.318658044857871132e-04 2.174611553440977305e-04 1.468652306943558209e-05
9.690193849900000714e+03 1.920184990000045389e+01 2.638895473450909801e+00 2.308199944272809720e-04 2.182614035256517796e-04 1.282211481266730480e-05
9.690416999999999462e+03 1.942499999999920135e+01 2.649969649891612100e+00 2.304651154570007139e-04 2.184900758158124805e-04 1.223241273186587995e-05
9.691201623900000413e+03 2.020962390000015318e+01 2.688545710980883019e+00 2.285206204232959775e-04 2.192230300809048062e-04 9.502972219094311642e-06
9.691435999999999694e+03 2.044399999999943418e+01 2.699961913550601000e+00 2.278673210402916058e-04 2.194293200700482538e-04 8.626861753508650066e-06
9.692228447900000901e+03 2.123644790000064120e+01 2.738208681095260388e+00 2.249407030599173294e-04 2.200409891967224324e-04 4.999975145011907093e-06
9.692475000000000364e+03 2.148300000000010357e+01 2.749999798133768714e+00 2.239559150120479486e-04 2.202095408972091486e-04 3.818274481636436423e-06
9.693274321799999598e+03 2.228232179999933749e+01 2.787883698637269703e+00 2.201646544581495541e-04 2.206622911941597909e-04 -5.495956772067756578e-07
9.693532000000001062e+03 2.254000000000080206e+01 2.799987120345187375e+00 2.188850378473299410e-04 2.207807520110783650e-04 -1.987869208264272755e-06
9.694339245600000140e+03 2.334724559999988003e+01 2.837570130893788622e+00 2.149782118975862837e-04 2.212239030017289123e-04 -6.467140535810168023e-06
9.694608000000000175e+03 2.361599999999991439e+01 2.849972588640921511e+00 2.136509637073402636e-04 2.213434394502293643e-04 -7.957696397622335025e-06
9.695423219300000710e+03 2.443121930000044983e+01 2.887267388563878434e+00 2.096847886007115267e-04 2.216187381251587100e-04 -1.232457078375284047e-05
9.695703999999999724e+03 2.471199999999946328e+01 2.900001552369435576e+00 2.083099148981918205e-04 2.216850676542100906e-04 -1.380879680892399785e-05
9.696526243000000250e+03 2.553424299999998937e+01 2.936974926577621492e+00 2.045803337600382392e-04 2.218012532505271703e-04 -1.776208757421072123e-05
9.696818000000001120e+03 2.582600000000086027e+01 2.949982827193631252e+00 2.032520630321047752e-04 2.218162056807138126e-04 -1.914245491819298062e-05
9.697648316500000874e+03 2.665631650000061370e+01 2.986692222859753887e+00 1.999961354751611194e-04 2.217930696693747028e-04 -2.245594624464589909e-05
9.697951000000000931e+03 2.695900000000067109e+01 2.999962542311497060e+00 1.988009999804831373e-04 2.217629999600558347e-04 -2.364880629719498013e-05
9.698789440000000468e+03 2.779744000000020776e+01 3.036418806718452323e+00 1.965591001561144808e-04 2.218429899392888080e-04 -2.600405945210659196e-05
9.699103999999999360e+03 2.811199999999909949e+01 3.049983802521107012e+00 1.957179999999999987e-04 2.218730000000000084e-04 -2.688812325100000325e-05
9.699949613400000089e+03 2.895761339999982908e+01 3.086154224954870795e+00 1.942518852996586896e-04 2.219530879585324330e-04 -2.843823543609033617e-05
9.700275999999999840e+03 2.928399999999957970e+01 3.100002263475568842e+00 1.936859999999999884e-04 2.219839999999999943e-04 -2.903683910399999909e-05
9.701128836699999738e+03 3.013683669999947767e+01 3.135898057228710734e+00 1.930868643015126035e-04 2.220628336445378166e-04 -2.969280495636606509e-05
9.701466000000000349e+03 3.047400000000008902e+01 3.149976396850841187e+00 1.928499999999999984e-04 2.220939999999999915e-04 -2.995226312200000189e-05
9.702327110000000175e+03 3.133510999999991498e+01 3.185649913504706721e+00 1.931652658925619808e-04 2.221729943884297523e-04 -2.967151632848317761e-05
9.702675999999999476e+03 3.168399999999921590e+01 3.199990302128349562e+00 1.932930000000000076e-04 2.222050000000000045e-04 -2.955770909999999948e-05
9.703544433200000640e+03 3.255243320000037954e+01 3.235409419564238220e+00 1.946419332618389117e-04 2.224155720859235326e-04 -2.835607774209175338e-05
9.703905000000000655e+03 3.291300000000039461e+01 3.250001763731375171e+00 1.952020000000000057e-04 2.225030000000000074e-04 -2.785648558800000153e-05
9.704780806200000370e+03 3.378880620000010992e+01 3.285176223806136164e+00 1.973441081876503665e-04 2.227129968354450717e-04 -2.585153035589253794e-05
9.705152000000000044e+03 3.415999999999978343e+01 3.299971124729633498e+00 1.982519999999999985e-04 2.228019999999999990e-04 -2.500061242000000140e-05
9.706036229200000889e+03 3.504422920000062902e+01 3.334950007372678549e+00 2.011042847201262643e-04 2.230099718244672594e-04 -2.228022635281992411e-05
9.706418999999999869e+03 3.542699999999960880e+01 3.349978619286468007e+00 2.023390000000000019e-04 2.231000000000000019e-04 -2.110102109999999911e-05
9.707310702200000378e+03 3.631870220000011784e+01 3.384730462362723458e+00 2.057296872146189594e-04 2.233073242284603320e-04 -1.784490692609643465e-05
9.707704999999999927e+03 3.671299999999966701e+01 3.399983966557281967e+00 2.072289999999999907e-04 2.233989999999999934e-04 -1.640316093459999905e-05
9.708604225000000952e+03 3.761222500000069147e+01 3.434517291044184795e+00 2.109830059770115111e-04 2.236973635440613062e-04 -1.288573989432799679e-05
9.709010000000000218e+03 3.801799999999995805e+01 3.449987259912667525e+00 2.126770000000000104e-04 2.238320000000000077e-04 -1.129541328160000054e-05
9.709916797800000495e+03 3.892479780000023482e+01 3.484310227731460596e+00 2.164808934903323268e-04 2.241285584950151067e-04 -7.739016302856608644e-06
9.710334000000000742e+03 3.934200000000048192e+01 3.499988587383657812e+00 2.182309999999999914e-04 2.242649999999999949e-04 -6.099604322999999705e-06
9.711248420500000066e+03 4.025642049999980543e+01 3.534109010539622897e+00 2.218737026619508495e-04 2.245598206079672278e-04 -2.716042586539098802e-06
9.711676999999999680e+03 4.068499999999941963e+01 3.549988032038209784e+00 2.235810000000000130e-04 2.246980000000000093e-04 -1.127136848540000042e-06
9.712599093099999664e+03 4.160709309999940331e+01 3.583913395771632704e+00 2.268929526029368759e-04 2.249911470721732752e-04 1.912981385628938761e-06
9.713039000000000669e+03 4.204700000000040916e+01 3.599985672326583064e+00 2.284730000000000062e-04 2.251309999999999965e-04 3.366136198900000105e-06
9.713968815600001108e+03 4.297681560000084744e+01 3.633723153064436495e+00 2.313371821595945079e-04 2.254636060147719129e-04 5.907975889943886199e-06
9.714420000000000073e+03 4.342799999999981253e+01 3.649981582397556323e+00 2.327270000000000098e-04 2.256249999999999955e-04 7.144077187499999596e-06
9.715357588000000760e+03 4.436558800000049985e+01 3.683538064490711417e+00 2.351071341085714402e-04 2.259558346228571419e-04 9.193990350653786107e-06
9.715819999999999709e+03 4.482799999999944873e+01 3.699975832389863939e+00 2.362809999999999965e-04 2.261189999999999945e-04 1.020719255519999937e-05
9.716765410399999382e+03 4.577341039999912198e+01 3.733357927247891173e+00 2.382044441166197260e-04 2.264478962940845062e-04 1.179597980451161321e-05
9.717239999999999782e+03 4.624799999999952149e+01 3.750003484602589143e+00 2.391700000000000022e-04 2.266129999999999935e-04 1.259526384649999917e-05
9.718192282699999851e+03 4.720028269999959036e+01 3.783182542258377357e+00 2.407129893539638479e-04 2.269401402321279582e-04 1.380079549447976034e-05
9.718677999999999884e+03 4.768599999999962336e+01 3.799994149738296745e+00 2.414999999999999883e-04 2.271069999999999925e-04 1.441700217769999899e-05
9.719638204900000346e+03 4.864620490000008601e+01 3.833011724201108805e+00 2.427396330932738583e-04 2.274239928324639547e-04 1.532951949635878445e-05
9.720135000000000218e+03 4.914299999999995805e+01 3.849983355691555253e+00 2.433810000000000064e-04 2.275880000000000036e-04 1.580261829760000076e-05
9.721103177000000869e+03 5.011117700000060893e+01 3.882845297251548367e+00 2.444259227378048848e-04 2.279041662018970176e-04 1.652071511103746123e-05
9.721611000000000786e+03 5.061900000000052557e+01 3.899971158573066976e+00 2.449740000000000164e-04 2.280700000000000034e-04 1.689813963300000014e-05
9.722587199100000362e+03 5.159519910000010157e+01 3.932683097818973739e+00 2.458725468988636593e-04 2.283838715020721942e-04 1.747001726191722091e-05
9.723106999999999971e+03 5.211499999999971067e+01 3.949990835702761771e+00 2.463510000000000135e-04 2.285509999999999875e-04 1.777514263319999828e-05
9.724090271099999882e+03 5.309827109999962147e+01 3.982524963897191572e+00 2.471043649114927306e-04 2.288633866572655255e-04 1.820340059461303872e-05
9.724621000000001004e+03 5.362900000000074385e+01 3.999975574403118905e+00 2.475110000000000092e-04 2.290319999999999986e-04 1.843501471199999884e-05
9.725612392900000486e+03 5.462039290000022618e+01 4.032370741477249609e+00 2.480357790318122777e-04 2.292892192791395032e-04 1.869447413071107598e-05
9.726155000000000655e+03 5.516300000000039461e+01 4.049991475959133780e+00 2.483230000000000008e-04 2.294300000000000039e-04 1.883670774600000036e-05
9.727153564800000822e+03 5.616156480000056206e+01 4.082220296919744307e+00 2.485990208113401825e-04 2.296854318463917429e-04 1.884891586164465466e-05
9.727707000000000335e+03 5.671500000000007446e+01 4.099973383342011779e+00 2.487519999999999792e-04 2.298269999999999935e-04 1.885567357830000067e-05
9.728713786500000424e+03 5.772178650000016376e+01 4.132073483967698024e+00 2.486911573043892897e-04 2.300812584227099160e-04 1.853459544720771415e-05
9.729279000000000451e+03 5.828700000000019088e+01 4.149985770905611382e+00 2.486570000000000013e-04 2.302240000000000102e-04 1.835400981760000117e-05
9.730293058100000053e+03 5.930105809999979272e+01 4.181930175881119816e+00 2.481847076982401056e-04 2.304770364963545047e-04 1.762499504045621240e-05
9.730870000000000800e+03 5.987800000000054013e+01 4.199996303673152909e+00 2.479159999999999892e-04 2.306209999999999998e-04 1.720949251040000059e-05
9.731891379700000471e+03 6.089937970000021039e+01 4.231790251883826848e+00 2.469308034217526518e-04 2.307892197765693009e-04 1.605979274539994037e-05
9.732478999999999360e+03 6.148699999999909949e+01 4.249974168423614529e+00 2.463640000000000014e-04 2.308859999999999981e-04 1.539757954260000117e-05
9.733508751200000916e+03 6.251675120000065533e+01 4.281653590687081845e+00 2.449341060685082888e-04 2.310528841723757053e-04 1.380747051455567555e-05
9.734108000000000175e+03 6.311599999999991439e+01 4.299981544088662844e+00 2.441020000000000017e-04 2.311500000000000078e-04 1.288106490000000037e-05
9.735145172599999569e+03 6.415317259999930855e+01 4.331520079609283869e+00 2.422819131315533960e-04 2.313161490087378496e-04 1.090431564510770007e-05
9.735755999999999403e+03 6.476399999999914314e+01 4.349987244151502175e+00 2.412100000000000030e-04 2.314139999999999904e-04 9.738803634600000117e-06
9.736800643900000068e+03 6.580864389999980801e+01 4.381389611091946357e+00 2.390994057257348241e-04 2.315800651670665692e-04 7.475268458731504389e-06
9.737423000000000684e+03 6.643100000000042371e+01 4.399991325741668291e+00 2.378419999999999905e-04 2.316789999999999887e-04 6.125198905699999861e-06
9.738475165199999537e+03 6.748316519999927721e+01 4.431262085373391280e+00 2.354774365701067481e-04 2.317414060023724714e-04 3.713489092162485407e-06
9.739109000000000378e+03 6.811700000000011812e+01 4.449993843418842410e+00 2.340529999999999900e-04 2.317789999999999911e-04 2.260023719830000096e-06
9.740168736300000091e+03 6.917673629999983120e+01 4.481137398341539679e+00 2.316699918039882692e-04 2.318411546217008783e-04 -1.697419669768268444e-07
9.740814000000000306e+03 6.982200000000004536e+01 4.499994849316196088e+00 2.302190000000000128e-04 2.318789999999999935e-04 -1.649842272899999921e-06
9.741881357399999615e+03 7.088935739999935493e+01 4.531015462048204157e+00 2.279579853684455160e-04 2.319409116821345761e-04 -3.957609439906919086e-06
9.742538000000000466e+03 7.154600000000020543e+01 4.549994393273687265e+00 2.265670000000000010e-04 2.319789999999999960e-04 -5.377969156999999828e-06
9.743613028400000985e+03 7.262102840000072490e+01 4.580896183776249408e+00 2.245489317700516375e-04 2.320412936709122102e-04 -7.444260619776181611e-06
9.744281000000000859e+03 7.328900000000059833e+01 4.599992522962911501e+00 2.232950000000000093e-04 2.320799999999999870e-04 -8.728714463999999915e-06
9.745363749399999506e+03 7.437174939999924561e+01 4.630779480466382658e+00 2.215006593371169306e-04 2.320431299863791102e-04 -1.047571611540152119e-05
9.746042999999999665e+03 7.505099999999940508e+01 4.649989284003773982e+00 2.203750000000000034e-04 2.320199999999999910e-04 -1.157139424799999933e-05
9.747133520200000930e+03 7.614152020000067012e+01 4.680665264184765029e+00 2.189660797416058326e-04 2.319832615317237454e-04 -1.293613589836396762e-05
9.747824000000000524e+03 7.683200000000026364e+01 4.699984720073955735e+00 2.180740000000000131e-04 2.319599999999999950e-04 -1.380001947599999909e-05
9.748922340999999506e+03 7.793034099999924535e+01 4.730553461799153148e+00 2.170726791216666830e-04 2.319233886333333414e-04 -1.475936584087540119e-05
9.749623999999999796e+03 7.863199999999953604e+01 4.749978873010902269e+00 2.164330000000000062e-04 2.318999999999999989e-04 -1.537207125000000113e-05
9.750730211699999927e+03 7.973821169999966685e+01 4.780443994990974055e+00 2.158385631634066038e-04 2.318635314824175778e-04 -1.592775950099447029e-05
9.751443999999999505e+03 8.045199999999924501e+01 4.799999123438042581e+00 2.154550000000000031e-04 2.318400000000000029e-04 -1.628622676800000056e-05
9.752557132300000376e+03 8.156513230000011561e+01 4.830336791390565487e+00 2.151582454695321136e-04 2.317219038093036023e-04 -1.646457734944154364e-05
9.753282000000001062e+03 8.229000000000080206e+01 4.849990546920038170e+00 2.149650000000000128e-04 2.316449999999999954e-04 -1.658061631649999890e-05
9.754403102800000852e+03 8.341110280000059163e+01 4.880231781584562611e+00 2.150271828693591815e-04 2.315272751502423063e-04 -1.640271023821758981e-05
9.755139000000001033e+03 8.414700000000077296e+01 4.899980808428132661e+00 2.150680000000000083e-04 2.314499999999999880e-04 -1.628602553999999864e-05
9.756268123300000298e+03 8.527612330000003737e+01 4.930128901628439309e+00 2.154541998713905301e-04 2.313332978581779441e-04 -1.578606314338936597e-05
9.757015999999999622e+03 8.602399999999936142e+01 4.949996455205663004e+00 2.157100000000000066e-04 2.312559999999999963e-04 -1.545518536400000139e-05
9.758152193600000828e+03 8.716019360000056793e+01 4.980028082232087705e+00 2.163839216920316754e-04 2.311390829804749192e-04 -1.466989540712285694e-05
9.758911000000000058e+03 8.791899999999979798e+01 4.999984231913630062e+00 2.168340000000000046e-04 2.310609999999999888e-04 -1.414587790540000046e-05
9.760055313900000328e+03 8.906331390000006820e+01 5.029929267288520300e+00 2.177004517780678971e-04 2.308918925150391652e-04 -1.311613259113889714e-05
9.760826000000000931e+03 8.983400000000067109e+01 5.049996940400661494e+00 2.182840000000000127e-04 2.307780000000000053e-04 -1.242344899620000120e-05
9.761977484099999856e+03 9.098548409999959574e+01 5.079832395142754642e+00 2.193532777855664799e-04 2.306100131835488870e-04 -1.119201153629339366e-05
9.762759000000000015e+03 9.176699999999975432e+01 5.099982382908581080e+00 2.200790000000000049e-04 2.304960000000000103e-04 -1.035724556159999930e-05
9.763918704300000172e+03 9.292670429999991200e+01 5.129737411653316315e+00 2.212998663803379380e-04 2.303279527307219572e-04 -8.975960259331851475e-06
9.764711999999999534e+03 9.371999999999927411e+01 5.149992318415099746e+00 2.221349999999999865e-04 2.302129999999999997e-04 -8.032246676499998740e-06
9.765878974299999754e+03 9.488697429999949406e+01 5.179644257162188126e+00 2.234487337454361066e-04 2.300455285360547498e-04 -6.559118724019987612e-06
9.766684000000001106e+03 9.569200000000084572e+01 5.200000802984041215e+00 2.243550000000000026e-04 2.299299999999999890e-04 -5.544141138999999406e-06
9.767858294300000125e+03 9.686629429999986485e+01 5.229552884324676576e+00 2.256933414434170876e-04 2.297441192439698293e-04 -4.027128994631406192e-06
9.768674000000000888e+03 9.768200000000062744e+01 5.249982881075474950e+00 2.266229999999999883e-04 2.296149999999999895e-04 -2.974800093999999583e-06
9.769856664200000523e+03 9.886466420000026289e+01 5.279463240127216572e+00 2.279380519835820832e-04 2.294290687128358109e-04 -1.481884154697510734e-06
9.770684000000001106e+03 9.969200000000084572e+01 5.299988822438328917e+00 2.288579999999999965e-04 2.292990000000000013e-04 -4.389470757000000189e-07
9.771874084000000948e+03 1.008820840000006882e+02 5.329375276002931372e+00 2.300926608279940970e-04 2.291136542414982707e-04 9.736377999791333322e-07
9.772712999999999738e+03 1.017209999999994778e+02 5.349993428210864543e+00 2.309629999999999908e-04 2.289830000000000131e-04 1.968026451120000393e-06
9.773910554000000047e+03 1.029185539999997872e+02 5.379288952504680310e+00 2.320710882958984327e-04 2.287988059033203153e-04 3.253898494745457315e-06
9.774761000000000422e+03 1.037690000000001618e+02 5.399996735496340072e+00 2.328580000000000125e-04 2.286679999999999865e-04 4.165805023600000132e-06
9.775966072999999597e+03 1.049740729999993363e+02 5.429204195376689412e+00 2.338327857068214701e-04 2.284948472757619589e-04 5.306784136453441094e-06
9.776827999999999520e+03 1.058359999999992596e+02 5.449998780035217649e+00 2.345299999999999924e-04 2.283709999999999993e-04 6.121804374399999845e-06
9.778040643000000273e+03 1.070486430000000126e+02 5.479121009713047386e+00 2.353182760824544637e-04 2.281983466102588723e-04 7.075890465079091616e-06
9.778914000000000669e+03 1.079220000000004092e+02 5.499999596267537427e+00 2.358860000000000112e-04 2.280740000000000122e-04 7.762133671599999639e-06
9.780134261999999580e+03 1.091422619999993202e+02 5.529039305480733191e+00 2.364709141843230407e-04 2.279024097140142492e-04 8.514154474219462392e-06
9.781019000000000233e+03 1.100269999999999726e+02 5.549999217391235362e+00 2.368949999999999875e-04 2.277779999999999866e-04 9.058685504399999574e-06
9.782246932000000015e+03 1.112549319999997550e+02 5.578959089960147111e+00 2.372707795668549814e-04 2.276062976440678016e-04 9.601274028317166511e-06
9.783143000000000029e+03 1.121509999999997689e+02 5.599997675417962562e+00 2.375450000000000033e-04 2.274809999999999994e-04 9.996698041199999224e-06
9.784378651000000900e+03 1.133866510000006400e+02 5.628880276914440373e+00 2.377496925361642557e-04 2.273414631161922500e-04 1.033719357669899307e-05
9.785286000000000058e+03 1.142939999999997980e+02 5.649995001225474489e+00 2.379000000000000092e-04 2.272390000000000109e-04 1.058695139049999983e-05
9.786529420000000755e+03 1.155374200000004947e+02 5.678802852466450446e+00 2.378867721276595854e-04 2.270998197779833456e-04 1.071015047475689603e-05
9.787448000000000320e+03 1.164560000000000599e+02 5.699991224607465767e+00 2.378769999999999995e-04 2.269969999999999952e-04 1.080106205279999869e-05
9.788699239999999918e+03 1.177072399999996577e+02 5.728726803221762864e+00 2.376475199449793612e-04 2.268581645667125271e-04 1.070887023648069215e-05
9.789629000000000815e+03 1.186370000000005547e+02 5.749986374320760874e+00 2.374769999999999897e-04 2.267550000000000067e-04 1.064043302400000017e-05
9.790888108999999531e+03 1.198961089999992708e+02 5.778652048117376872e+00 2.370357395277272738e-04 2.266164980100000056e-04 1.033818425079173589e-05
9.791828999999999724e+03 1.208369999999994633e+02 5.799980478130010830e+00 2.367059999999999932e-04 2.265129999999999910e-04 1.011255962849999851e-05
9.793096027999999933e+03 1.221040279999996727e+02 5.828578576413687706e+00 2.361192861333333292e-04 2.264228241333333220e-04 9.617716501412220314e-06
9.794049000000000888e+03 1.230570000000006274e+02 5.849995996096007289e+00 2.356779999999999888e-04 2.263549999999999970e-04 9.245786871999999449e-06
9.795322997000001124e+03 1.243309970000008633e+02 5.878506355410683781e+00 2.349060876085790864e-04 2.262656266626452133e-04 8.567632182436673427e-06
9.796287000000000262e+03 1.252950000000000017e+02 5.899987897550312610e+00 2.343219999999999971e-04 2.261979999999999915e-04 8.054842920599999381e-06
9.797569015999999465e+03 1.265770159999992046e+02 5.928435353509033945e+00 2.333942700868024732e-04 2.261082929459698747e-04 7.222078642600548992e-06
9.798545000000000073e+03 1.275529999999998125e+02 5.950000890250001007e+00 2.326879999999999921e-04 2.260399999999999974e-04 6.588546107999999652e-06
9.799834084000000075e+03 1.288420839999998009e+02 5.978365518212950924e+00 2.316424599894551927e-04 2.259505117434094923e-04 5.639568813653754875e-06
9.800820999999999913e+03 1.298289999999996382e+02 5.999990702156350331e+00 2.308420000000000101e-04 2.258820000000000034e-04 4.913543381399999636e-06
9.802118202999999994e+03 1.311262029999997196e+02 6.028296864074053296e+00 2.298041246032230141e-04 2.258690053706445913e-04 3.898104483518568243e-06
9.803117000000000189e+03 1.321249999999999147e+02 6.050001291221705380e+00 2.290050000000000072e-04 2.258589999999999936e-04 3.116334724299999896e-06
9.805431000000000495e+03 1.344390000000002203e+02 6.099989118913015318e+00 2.271100000000000126e-04 2.258360000000000109e-04 1.262095777800000158e-06
9.807764999999999418e+03 1.367729999999991435e+02 6.149997418191683884e+00 2.252490000000000113e-04 2.258120000000000125e-04 -5.578414485600000399e-07
9.810117000000000189e+03 1.391249999999999147e+02 6.199983360132773846e+00 2.235080000000000020e-04 2.257890000000000027e-04 -2.256806212799999981e-06
9.812488999999999578e+03 1.414969999999993036e+02 6.249989476304460112e+00 2.219640000000000046e-04 2.257659999999999929e-04 -3.760403649199999757e-06
9.814880000000001019e+03 1.438880000000007442e+02 6.299994455509718705e+00 2.206739999999999949e-04 2.257430000000000103e-04 -5.011968660300000292e-06
9.817290000000000873e+03 1.462980000000005987e+02 6.349998324608631783e+00 2.196739999999999977e-04 2.257190000000000119e-04 -5.975165652300000758e-06
9.819719000000000960e+03 1.487270000000006860e+02 6.400001109621363149e+00 2.189819999999999983e-04 2.256960000000000021e-04 -6.633498844799999468e-06
9.822166000000001077e+03 1.511740000000008024e+02 6.449982489358258242e+00 2.185990000000000123e-04 2.256729999999999923e-04 -6.987422829799999665e-06
9.824632999999999811e+03 1.536409999999995364e+02 6.499983337573715936e+00 2.185090000000000047e-04 2.256500000000000096e-04 -7.050682465000000341e-06
9.827119000000000597e+03 1.561270000000003222e+02 6.549983172649164409e+00 2.186989999999999876e-04 2.256919999999999933e-04 -6.904053695199999674e-06
9.829625000000000000e+03 1.586329999999997256e+02 6.600001901596151299e+00 2.191430000000000125e-04 2.257340000000000041e-04 -6.506850270200000290e-06
9.832148999999999432e+03 1.611569999999991580e+02 6.649999629278909197e+00 2.198090000000000092e-04 2.257770000000000035e-04 -5.890905750900000143e-06
9.834692000000000917e+03 1.637000000000006423e+02 6.699996413080377522e+00 2.206579999999999870e-04 2.258189999999999872e-04 -5.093912092500000031e-06
9.837254000000000815e+03 1.662620000000005405e+02 6.749992273974302570e+00 2.216479999999999893e-04 2.258609999999999980e-04 -4.158236526600000018e-06
9.839835000000000946e+03 1.688430000000006714e+02 6.799987232317323382e+00 2.227329999999999967e-04 2.259039999999999974e-04 -3.129154436800000102e-06
9.842435999999999694e+03 1.714439999999994200e+02 6.850000466166318525e+00 2.238660000000000010e-04 2.259460000000000082e-04 -2.052705853239999805e-06
9.845055000000000291e+03 1.740630000000000166e+02 6.899993539310790958e+00 2.250019999999999982e-04 2.259879999999999918e-04 -9.732783387599999383e-07
9.847693000000001120e+03 1.767010000000008461e+02 6.949985769490864662e+00 2.260999999999999935e-04 2.260300000000000026e-04 6.905578147999999826e-08
9.850351000000000568e+03 1.793590000000002931e+02 6.999995922538436055e+00 2.271270000000000092e-04 2.260730000000000020e-04 1.040546197100000080e-06
9.853027000000000044e+03 1.820349999999997692e+02 7.049986387521265385e+00 2.279500000000000113e-04 2.259859999999999875e-04 1.937777973220000222e-06
9.855722999999999956e+03 1.847309999999996819e+02 7.099994547797226829e+00 2.286570000000000030e-04 2.258999999999999886e-04 2.721417299999999973e-06
9.858438000000000102e+03 1.874459999999998274e+02 7.150001677678725187e+00 2.292329999999999921e-04 2.258130000000000011e-04 3.376355975999999948e-06
9.861171000000000276e+03 1.901790000000000020e+02 7.199989571667311239e+00 2.296680000000000108e-04 2.257270000000000023e-04 3.893023278200000349e-06
9.863924000000000888e+03 1.929320000000006132e+02 7.249994830292107117e+00 2.299579999999999962e-04 2.256399999999999877e-04 4.265453431999999707e-06
9.866695999999999913e+03 1.957039999999996382e+02 7.299999119448512097e+00 2.300980000000000050e-04 2.255530000000000002e-04 4.489993349800000290e-06
9.869486000000000786e+03 1.984940000000005114e+02 7.349984603921801529e+00 2.300849999999999900e-04 2.254670000000000014e-04 4.564376494700000250e-06
9.872296000000000276e+03 2.013040000000000020e+02 7.399987133614512658e+00 2.299199999999999942e-04 2.253799999999999868e-04 4.487766559999999443e-06
9.875125000000000000e+03 2.041329999999997256e+02 7.449988749989903347e+00 2.296040000000000060e-04 2.252939999999999880e-04 4.261864068599999502e-06
9.877972999999999956e+03 2.069809999999996819e+02 7.499989471314939316e+00 2.291419999999999959e-04 2.252070000000000005e-04 3.891982332600000059e-06
9.880840000000000146e+03 2.098479999999998711e+02 7.549989315372358512e+00 2.283650000000000133e-04 2.249399999999999978e-04 3.388991028000000143e-06
9.883726000000000568e+03 2.127340000000002931e+02 7.599988299476625464e+00 2.274719999999999932e-04 2.246729999999999951e-04 2.771341455000000182e-06
9.886630999999999403e+03 2.156389999999991289e+02 7.649986440489222161e+00 2.264869999999999882e-04 2.244050000000000038e-04 2.061902705550000171e-06
9.889556000000000495e+03 2.185640000000002203e+02 7.700000798246167122e+00 2.254380000000000056e-04 2.241380000000000011e-04 1.288089706680000096e-06
9.892498999999999796e+03 2.215069999999995218e+02 7.749997191971426780e+00 2.243559999999999912e-04 2.238700000000000097e-04 4.807093349000000224e-07
9.895461000000001150e+03 2.244690000000008752e+02 7.799992792027558686e+00 2.232729999999999882e-04 2.236030000000000070e-04 -3.273682081800000173e-07
9.898442000000000917e+03 2.274500000000006423e+02 7.849987613578844226e+00 2.222240000000000055e-04 2.233360000000000044e-04 -1.102839868080000189e-06
9.901443000000001120e+03 2.304510000000008461e+02 7.899998283343832028e+00 2.212410000000000049e-04 2.230680000000000130e-04 -1.813663296720000181e-06
9.904461999999999534e+03 2.334699999999992599e+02 7.949991487390438039e+00 2.203519999999999936e-04 2.228010000000000103e-04 -2.430803470200000330e-06
9.907501000000000204e+03 2.365089999999999293e+02 8.000000361760031709e+00 2.195830000000000015e-04 2.225340000000000076e-04 -2.929793630400000157e-06
9.910558000000000902e+03 2.395660000000006278e+02 8.049992009684984851e+00 2.188930000000000064e-04 2.222159999999999880e-04 -3.300818685599999739e-06
9.913635000000000218e+03 2.426429999999999438e+02 8.099999153682540864e+00 2.183470000000000018e-04 2.218979999999999954e-04 -3.527934112199999937e-06
9.916729999999999563e+03 2.457379999999992890e+02 8.149989303831929988e+00 2.179519999999999895e-04 2.215800000000000029e-04 -3.605727024000000251e-06
9.919845000000001164e+03 2.488530000000008897e+02 8.199994779347552054e+00 2.177070000000000079e-04 2.212620000000000103e-04 -3.534925964399999855e-06
9.922978999999999360e+03 2.519869999999990853e+02 8.249999394401276831e+00 2.176040000000000125e-04 2.209439999999999907e-04 -3.322202361599999730e-06
9.926130999999999403e+03 2.551389999999991289e+02 8.299987353193223782e+00 2.176310000000000039e-04 2.206259999999999981e-04 -2.979818881199999753e-06
9.929302999999999884e+03 2.583109999999996376e+02 8.349990388290772003e+00 2.177710000000000127e-04 2.203089999999999942e-04 -2.525269881599999704e-06
9.932494000000000597e+03 2.615020000000003506e+02 8.399992607346277396e+00 2.180010000000000021e-04 2.199910000000000017e-04 -1.980567973449999712e-06
9.935703999999999724e+03 2.647119999999994775e+02 8.449994024846317231e+00 2.182949999999999962e-04 2.196730000000000091e-04 -1.371761228880000003e-06
9.938933000000000902e+03 2.679410000000006562e+02 8.499994654936456229e+00 2.186239999999999993e-04 2.193549999999999894e-04 -7.278111157999999854e-07
9.942181000000000495e+03 2.711890000000002487e+02 8.549994511431027178e+00 2.190530000000000049e-04 2.191310000000000133e-04 -7.787433651800000875e-08
9.945448000000000320e+03 2.744560000000000741e+02 8.599993607822977282e+00 2.194630000000000094e-04 2.189059999999999943e-04 5.542918825999999373e-07
9.948734000000000378e+03 2.777420000000001323e+02 8.649991957293050149e+00 2.198260000000000058e-04 2.186819999999999910e-04 1.139291670419999913e-06
9.952039000000000669e+03 2.810470000000004234e+02 8.699989572718800801e+00 2.201139999999999868e-04 2.184579999999999877e-04 1.650070073079999990e-06
9.955363999999999578e+03 2.843719999999993320e+02 8.750001464881682622e+00 2.203039999999999968e-04 2.182340000000000115e-04 2.063723273980000041e-06
9.958707000000000335e+03 2.877150000000000887e+02 8.799997564471196299e+00 2.203800000000000008e-04 2.180089999999999925e-04 2.363152157300000089e-06
9.962068999999999505e+03 2.910769999999992592e+02 8.849992967879067862e+00 2.203309999999999882e-04 2.177849999999999892e-04 2.538436624499999731e-06
9.965450000000000728e+03 2.944580000000004816e+02 8.899987686837684819e+00 2.201559999999999975e-04 2.175610000000000131e-04 2.587409460800000178e-06
9.968851000000000568e+03 2.978590000000003215e+02 8.949996395867998444e+00 2.198590000000000104e-04 2.173370000000000098e-04 2.515610573900000272e-06
9.972270000000000437e+03 3.012780000000001905e+02 8.999989698632392177e+00 2.194540000000000032e-04 2.171119999999999908e-04 2.335560628799999787e-06
9.975709000000000742e+03 3.047170000000004961e+02 9.049996852527790736e+00 2.190770000000000033e-04 2.169910000000000100e-04 2.080750568009999955e-06
9.979166000000001077e+03 3.081740000000008308e+02 9.099988786547374531e+00 2.186249999999999880e-04 2.168700000000000022e-04 1.750899945000000159e-06
9.982643000000000029e+03 3.116509999999997831e+02 9.149994435279580784e+00 2.181189999999999898e-04 2.167480000000000058e-04 1.367395940119999917e-06
9.986139000000001033e+03 3.151470000000007872e+02 9.199999310519000773e+00 2.175810000000000027e-04 2.166269999999999979e-04 9.520128431699998856e-07
9.989653000000000247e+03 3.186610000000000014e+02 9.249989237329071301e+00 2.170320000000000051e-04 2.165059999999999901e-04 5.254016053800000287e-07
9.993186999999999898e+03 3.221949999999996521e+02 9.299992679227871761e+00 2.164909999999999979e-04 2.163839999999999937e-04 1.061151463679999965e-07
9.996739999999999782e+03 3.257479999999995357e+02 9.349995383647168978e+00 2.159720000000000118e-04 2.162630000000000129e-04 -2.899308283199999836e-07
1.000031199999999990e+04 3.293199999999996521e+02 9.399997362355891894e+00 2.154910000000000007e-04 2.161409999999999894e-04 -6.495620630699999875e-07
1.000390300000000025e+04 3.329110000000000014e+02 9.449998626873716390e+00 2.150560000000000091e-04 2.160200000000000087e-04 -9.622049248000001141e-07
1.000751300000000083e+04 3.365210000000005834e+02 9.499999188477623591e+00 2.146770000000000048e-04 2.158990000000000008e-04 -1.219637199889999843e-06
1.001114199999999983e+04 3.401499999999995794e+02 9.549999058208248570e+00 2.143349999999999867e-04 2.157630000000000008e-04 -1.426571015249999893e-06
1.001479000000000087e+04 3.437980000000006271e+02 9.599998246876134900e+00 2.140560000000000119e-04 2.156279999999999894e-04 -1.569607962719999872e-06
1.001845700000000033e+04 3.474650000000000887e+02 9.649996765067530902e+00 2.138449999999999965e-04 2.154919999999999893e-04 -1.645807220479999932e-06
1.002214300000000003e+04 3.511509999999997831e+02 9.699994623150352879e+00 2.137010000000000060e-04 2.153570000000000050e-04 -1.654602905990000101e-06
1.002584799999999996e+04 3.548559999999997103e+02 9.749991831279691823e+00 2.136220000000000089e-04 2.152210000000000050e-04 -1.597931988810000006e-06
1.002957200000000012e+04 3.585799999999998704e+02 9.799988399403272155e+00 2.136039999999999966e-04 2.150859999999999936e-04 -1.480335847580000043e-06
1.003331600000000071e+04 3.623240000000004670e+02 9.849997660542436861e+00 2.136410000000000099e-04 2.149499999999999935e-04 -1.308770363999999930e-06
1.003707799999999952e+04 3.660859999999992738e+02 9.899992910411349101e+00 2.137220000000000114e-04 2.148150000000000092e-04 -1.092317089799999913e-06
1.004086000000000058e+04 3.698680000000003361e+02 9.950000738971519709e+00 2.138370000000000060e-04 2.146790000000000091e-04 -8.416232580200000373e-07
1.004465999999999985e+04 3.736679999999996085e+02 9.999994710704767087e+00 2.139750000000000105e-04 2.145439999999999977e-04 -5.683420740800000104e-07
1.004847999999999956e+04 3.774879999999993174e+02 1.005000114868389538e+01 2.140069999999999993e-04 2.142909999999999986e-04 -2.837319985499999946e-07
1.005231800000000112e+04 3.813260000000008745e+02 1.009999388080129812e+01 2.140400000000000039e-04 2.140379999999999995e-04 1.979827955820000133e-09
1.005617599999999948e+04 3.851839999999992301e+02 1.014999896855825234e+01 2.140619999999999979e-04 2.137850000000000004e-04 2.772834207000000154e-07
1.006005199999999968e+04 3.890599999999994338e+02 1.019999049805906211e+01 2.140640000000000023e-04 2.135320000000000013e-04 5.315025012000000244e-07
1.006394800000000032e+04 3.929560000000000741e+02 1.024999427439310828e+01 2.140339999999999908e-04 2.132790000000000022e-04 7.551484241400000237e-07
1.006786299999999937e+04 3.968709999999991282e+02 1.029999737802056003e+01 2.139669999999999929e-04 2.130260000000000031e-04 9.402115536000000185e-07
1.007179700000000048e+04 4.008050000000002342e+02 1.034999981869143859e+01 2.138540000000000026e-04 2.127730000000000040e-04 1.080435761240000096e-06
1.007574899999999980e+04 4.047569999999995503e+02 1.039998898729445465e+01 2.136919999999999998e-04 2.125200000000000049e-04 1.171539877199999988e-06
1.007972099999999955e+04 4.087289999999993029e+02 1.044999019093385861e+01 2.134790000000000071e-04 2.122670000000000058e-04 1.211397155650000072e-06
1.008371199999999953e+04 4.127199999999992883e+02 1.049999075918283076e+01 2.132140000000000088e-04 2.120140000000000067e-04 1.200124328260000051e-06
1.008772199999999975e+04 4.167299999999995066e+02 1.054999070107546366e+01 2.129009999999999865e-04 2.117610000000000076e-04 1.140059813309999993e-06
1.009175100000000020e+04 4.207589999999999577e+02 1.059999002547529479e+01 2.125440000000000033e-04 2.115080000000000085e-04 1.035610850560000011e-06
1.009580000000000109e+04 4.248080000000008454e+02 1.065000106354020559e+01 2.121480000000000024e-04 2.112550000000000094e-04 8.929748850000000202e-07
1.009986700000000019e+04 4.288749999999999432e+02 1.069999912130323594e+01 2.117219999999999898e-04 2.110020000000000103e-04 7.197447021599999923e-07
1.010395299999999952e+04 4.329609999999992738e+02 1.074999658771645983e+01 2.112740000000000104e-04 2.107490000000000112e-04 5.244762838699999925e-07
1.010805800000000090e+04 4.370660000000006562e+02 1.079999347099268014e+01 2.108129999999999889e-04 2.104970000000000007e-04 3.162296431000000170e-07
1.011218200000000070e+04 4.411900000000004525e+02 1.084998977919316232e+01 2.103480000000000128e-04 2.102440000000000016e-04 1.041281766119999864e-07
1.011632600000000093e+04 4.453340000000006853e+02 1.089999756007047793e+01 2.098880000000000071e-04 2.099910000000000025e-04 -1.029766465260000049e-07
1.012048799999999937e+04 4.494959999999991282e+02 1.094999268674365211e+01 2.094409999999999892e-04 2.097380000000000034e-04 -2.968275097400000195e-07
1.012467000000000007e+04 4.536779999999998267e+02 1.099999919253505354e+01 2.090150000000000037e-04 2.094850000000000043e-04 -4.699963562999999749e-07
1.012887000000000080e+04 4.578780000000005543e+02 1.104999317018139138e+01 2.086479999999999986e-04 2.092700000000000072e-04 -6.221659881000000979e-07
1.013309000000000015e+04 4.620979999999998995e+02 1.109999843478247072e+01 2.083119999999999937e-04 2.090559999999999988e-04 -7.443627030400000069e-07
1.013732799999999952e+04 4.663359999999992738e+02 1.114999129472944439e+01 2.080100000000000091e-04 2.088419999999999903e-04 -8.320933574400000356e-07
1.014158599999999933e+04 4.705939999999990846e+02 1.119999535083592512e+01 2.077450000000000108e-04 2.086280000000000090e-04 -8.822773806000001376e-07
1.014586299999999937e+04 4.748709999999991282e+02 1.124999878855518887e+01 2.075199999999999918e-04 2.084130000000000119e-04 -8.934144277500000516e-07
1.015015799999999945e+04 4.791659999999992010e+02 1.129999000245094898e+01 2.073330000000000019e-04 2.081990000000000034e-04 -8.657247538400000679e-07
1.015447299999999996e+04 4.834809999999997103e+02 1.134999227904249786e+01 2.071829999999999982e-04 2.079849999999999950e-04 -8.011686192500000141e-07
1.015880700000000070e+04 4.878150000000004525e+02 1.139999396099402773e+01 2.070659999999999992e-04 2.077699999999999979e-04 -7.034240342999999625e-07
1.016315999999999985e+04 4.921679999999996085e+02 1.144999505609582258e+01 2.069779999999999960e-04 2.075559999999999894e-04 -5.777383526800000498e-07
1.016753200000000106e+04 4.965400000000008163e+02 1.149999557200265876e+01 2.069109999999999981e-04 2.073420000000000081e-04 -4.306659213599999655e-07
1.017192300000000068e+04 5.009310000000004379e+02 1.154999551623658682e+01 2.068569999999999881e-04 2.071270000000000110e-04 -2.697228506700000150e-07
1.017633300000000054e+04 5.053410000000002924e+02 1.159999489618994417e+01 2.068100000000000071e-04 2.069130000000000025e-04 -1.029758411009999976e-07
1.018076200000000063e+04 5.097700000000003797e+02 1.164999371912806048e+01 2.067600000000000058e-04 2.066989999999999941e-04 6.142164134500000059e-08
1.018521000000000095e+04 5.142180000000006430e+02 1.169999199219199504e+01 2.067009999999999985e-04 2.064850000000000127e-04 2.156962958500000368e-07
1.018967799999999988e+04 5.186859999999995807e+02 1.175000089126910119e+01 2.066240000000000058e-04 2.062699999999999885e-04 3.528908413999999924e-07
1.019416400000000067e+04 5.231720000000003665e+02 1.179999803820086335e+01 2.065240000000000034e-04 2.060560000000000072e-04 4.672464039199999983e-07
1.019866899999999987e+04 5.276769999999995662e+02 1.184999465636193072e+01 2.063970000000000095e-04 2.058419999999999987e-04 5.544786538200000066e-07
1.020319300000000112e+04 5.322010000000008176e+02 1.189999075241707516e+01 2.062409999999999927e-04 2.056270000000000016e-04 6.119582896199999758e-07
1.020773700000000099e+04 5.367450000000006867e+02 1.194999731486378813e+01 2.060529999999999870e-04 2.054129999999999932e-04 6.387707519700000219e-07
1.021229900000000089e+04 5.413070000000005848e+02 1.199999234050350871e+01 2.058360000000000127e-04 2.051990000000000118e-04 6.356346823500000737e-07
1.021688100000000122e+04 5.458890000000009195e+02 1.204999775455866207e+01 2.055919999999999926e-04 2.049789999999999902e-04 6.116306887299999261e-07
1.022148099999999977e+04 5.504889999999994643e+02 1.209999173664368399e+01 2.053199999999999925e-04 2.047580000000000071e-04 5.609611595399999522e-07
1.022610100000000057e+04 5.551090000000002647e+02 1.214999603023216501e+01 2.050259999999999984e-04 2.045380000000000126e-04 4.872136067599999789e-07
1.023073999999999978e+04 5.597479999999994789e+02 1.219999975163982775e+01 2.047130000000000033e-04 2.043170000000000023e-04 3.948671205399999912e-07
1.023539700000000084e+04 5.644050000000005411e+02 1.224999219487988000e+01 2.043869999999999932e-04 2.040970000000000078e-04 2.890238026699999950e-07
1.024007400000000052e+04 5.690820000000002210e+02 1.229999483638340863e+01 2.040520000000000040e-04 2.038770000000000133e-04 1.750822280280000097e-07
1.024477000000000044e+04 5.737780000000001337e+02 1.234999692603370569e+01 2.037150000000000104e-04 2.036560000000000030e-04 5.847778384000000250e-08
1.024948500000000058e+04 5.784930000000002792e+02 1.239999847050670034e+01 2.033799999999999942e-04 2.034360000000000085e-04 -5.557118806799999905e-08
1.025421900000000096e+04 5.832270000000006576e+02 1.244999947637099247e+01 2.030529999999999954e-04 2.032159999999999869e-04 -1.622691952960000058e-07
1.025897199999999975e+04 5.879799999999994498e+02 1.249999995009000209e+01 2.027370000000000073e-04 2.029950000000000038e-04 -2.573996899500000182e-07
1.026374400000000060e+04 5.927520000000002938e+02 1.254999989802412586e+01 2.024370000000000000e-04 2.027750000000000093e-04 -3.374419330000000068e-07
1.026853499999999985e+04 5.975429999999995516e+02 1.259999932643266618e+01 2.021539999999999893e-04 2.025539999999999990e-04 -3.996491697000000036e-07
1.027334500000000116e+04 6.023530000000008613e+02 1.264999824147597351e+01 2.018909999999999954e-04 2.023340000000000045e-04 -4.421119300400000120e-07
1.027817400000000089e+04 6.071820000000005848e+02 1.269999664921724758e+01 2.016490000000000068e-04 2.021140000000000100e-04 -4.637849323800000352e-07
1.028302200000000084e+04 6.120300000000005411e+02 1.274999455562457662e+01 2.014279999999999966e-04 2.018929999999999998e-04 -4.645073386799999560e-07
1.028788900000000103e+04 6.168970000000007303e+02 1.279999196657273153e+01 2.012270000000000031e-04 2.016730000000000053e-04 -4.450116418000000229e-07
1.029277599999999984e+04 6.217839999999995371e+02 1.284999910062373907e+01 2.010450000000000106e-04 2.014530000000000107e-04 -4.068806676900000123e-07
1.029768100000000049e+04 6.266890000000001919e+02 1.289999549833204462e+01 2.008789999999999990e-04 2.012320000000000005e-04 -3.524880328000000232e-07
1.030260499999999956e+04 6.316129999999992606e+02 1.294999141796957609e+01 2.007260000000000023e-04 2.010120000000000060e-04 -2.848862671200000211e-07
1.030754900000000089e+04 6.365570000000005848e+02 1.299999695999270699e+01 2.005830000000000004e-04 2.007909999999999957e-04 -2.076560442899999846e-07
1.031251100000000042e+04 6.415190000000001191e+02 1.304999190127734465e+01 2.003750000000000051e-04 2.005010000000000104e-04 -1.257323725910000104e-07
1.031749300000000039e+04 6.465010000000000900e+02 1.309999639896224366e+01 2.001689999999999871e-04 2.002100000000000093e-04 -4.115696949000000620e-08
1.032249400000000060e+04 6.515020000000002938e+02 1.315000036425042218e+01 1.999620000000000076e-04 1.999190000000000082e-04 4.212933070799999866e-08
1.032751300000000083e+04 6.565210000000005266e+02 1.319999386121069129e+01 1.997489999999999878e-04 1.996289999999999957e-04 1.203716955330000013e-07
1.033255199999999968e+04 6.615599999999993770e+02 1.324999681728444756e+01 1.995289999999999933e-04 1.993379999999999946e-04 1.901855950680000099e-07
1.033761000000000058e+04 6.666180000000002792e+02 1.329999925855785392e+01 1.992969999999999995e-04 1.990469999999999935e-04 2.487191788500000002e-07
1.034268699999999990e+04 6.716949999999995953e+02 1.335000119081543346e+01 1.990510000000000022e-04 1.987570000000000081e-04 2.937787465600000354e-07
1.034778200000000106e+04 6.767900000000007594e+02 1.339999282616073906e+01 1.987910000000000013e-04 1.984660000000000070e-04 3.239004813200000276e-07
1.035289700000000084e+04 6.819050000000005411e+02 1.344999379380449156e+01 1.985140000000000038e-04 1.981750000000000059e-04 3.384115570000000075e-07
1.035803100000000086e+04 6.870390000000005557e+02 1.349999426900405730e+01 1.982230000000000027e-04 1.978840000000000048e-04 3.374060718799999891e-07
1.036318400000000111e+04 6.921920000000008031e+02 1.354999425721090311e+01 1.979159999999999936e-04 1.975939999999999923e-04 3.217087192199999721e-07
1.036835599999999977e+04 6.973639999999994643e+02 1.359999376379625602e+01 1.975970000000000124e-04 1.973029999999999912e-04 2.927877868499999769e-07
1.037354700000000048e+04 7.025550000000001774e+02 1.364999279405264687e+01 1.972660000000000049e-04 1.970119999999999901e-04 2.526521290399999890e-07
1.037875799999999981e+04 7.077659999999995080e+02 1.370000093233265481e+01 1.969259999999999912e-04 1.967220000000000047e-04 2.036977621199999903e-07
1.038398700000000099e+04 7.129950000000006867e+02 1.374999899066882669e+01 1.965799999999999915e-04 1.964310000000000036e-04 1.485733368839999972e-07
1.038923500000000058e+04 7.182430000000002792e+02 1.379999658834792697e+01 1.962309999999999987e-04 1.961400000000000025e-04 9.002512175999999691e-08
1.039450200000000041e+04 7.235100000000001046e+02 1.384999373035879877e+01 1.958800000000000016e-04 1.958499999999999900e-04 3.076157194999999948e-08
1.039978900000000067e+04 7.287970000000003665e+02 1.389999986292721168e+01 1.955319999999999975e-04 1.955589999999999889e-04 -2.666720747600000119e-08
1.040509400000000096e+04 7.341020000000006576e+02 1.394999607444483125e+01 1.951880000000000021e-04 1.952679999999999878e-04 -7.996107439199999321e-08
1.041041799999999967e+04 7.394259999999993624e+02 1.399999184507685257e+01 1.948499999999999928e-04 1.949769999999999867e-04 -1.271409921140000046e-07
1.041576200000000063e+04 7.447700000000003229e+02 1.404999652004390676e+01 1.945759999999999883e-04 1.947449999999999930e-04 -1.688244404999999867e-07
1.042112500000000000e+04 7.501329999999996971e+02 1.410000069722749849e+01 1.943100000000000014e-04 1.945129999999999993e-04 -2.020795556999999861e-07
1.042650600000000122e+04 7.555140000000009195e+02 1.414999510740684485e+01 1.940540000000000093e-04 1.942799999999999898e-04 -2.257999871999999664e-07
1.043190700000000106e+04 7.609150000000007594e+02 1.419999833743982087e+01 1.938080000000000119e-04 1.940479999999999961e-04 -2.392844697600000152e-07
1.043732700000000114e+04 7.663350000000008322e+02 1.425000108506987928e+01 1.935729999999999981e-04 1.938149999999999866e-04 -2.422435540499999895e-07
1.044276499999999942e+04 7.717729999999991151e+02 1.429999417814365792e+01 1.933480000000000062e-04 1.935829999999999929e-04 -2.348026281900000139e-07
1.044822299999999996e+04 7.772309999999996535e+02 1.434999600805615394e+01 1.931319999999999933e-04 1.933509999999999992e-04 -2.174947393700000147e-07
1.045370000000000073e+04 7.827080000000004247e+02 1.439999737031419258e+01 1.929260000000000024e-04 1.931179999999999898e-04 -1.912333614379999844e-07
1.045919599999999991e+04 7.882039999999996098e+02 1.444999826977243274e+01 1.927280000000000020e-04 1.928859999999999960e-04 -1.572985330000000112e-07
1.046471100000000115e+04 7.937190000000008467e+02 1.449999871121857709e+01 1.925359999999999875e-04 1.926529999999999866e-04 -1.172840639519999933e-07
1.047024500000000080e+04 7.992530000000004975e+02 1.454999869937440948e+01 1.923480000000000090e-04 1.924209999999999929e-04 -7.305070843999999586e-08
1.047579800000000068e+04 8.048060000000003811e+02 1.459999823889704196e+01 1.921620000000000077e-04 1.921889999999999992e-04 -2.664700485000000269e-08
1.048137000000000080e+04 8.103780000000004975e+02 1.464999733437993967e+01 1.919760000000000064e-04 1.919559999999999897e-04 1.977415538399999975e-08
1.048696100000000115e+04 8.159690000000008467e+02 1.469999599035404358e+01 1.917880000000000008e-04 1.917239999999999960e-04 6.406016494799999444e-08
1.049257099999999991e+04 8.215789999999996098e+02 1.474999421128880250e+01 1.915960000000000135e-04 1.914909999999999865e-04 1.041672741799999908e-07
1.049820100000000093e+04 8.272090000000006285e+02 1.480000086876742849e+01 1.913980000000000130e-04 1.912589999999999928e-04 1.382745192299999793e-07
1.050384900000000016e+04 8.328569999999998572e+02 1.484999820293695727e+01 1.911919999999999950e-04 1.910260000000000105e-04 1.648835188220000080e-07
1.050951599999999962e+04 8.385239999999993188e+02 1.489999511531759246e+01 1.909769999999999979e-04 1.907939999999999896e-04 1.829075300099999930e-07
1.051520299999999952e+04 8.442109999999992169e+02 1.495000038834715639e+01 1.907540000000000104e-04 1.905619999999999959e-04 1.917263338199999926e-07
1.052090799999999945e+04 8.499159999999991442e+02 1.499999644053035652e+01 1.905210000000000009e-04 1.903289999999999865e-04 1.912178364300000073e-07
1.052663299999999981e+04 8.556409999999995080e+02 1.505000080352494152e+01 1.902209999999999936e-04 1.900380000000000125e-04 1.829292485340000195e-07
1.053237600000000020e+04 8.613839999999999009e+02 1.509999601276538961e+01 1.899140000000000116e-04 1.897470000000000114e-04 1.665462548160000253e-07
1.053813900000000103e+04 8.671470000000007303e+02 1.514999948352456727e+01 1.895990000000000121e-04 1.894549999999999945e-04 1.431190433749999846e-07
1.054392000000000007e+04 8.729279999999997699e+02 1.519999386662078678e+01 1.892789999999999881e-04 1.891639999999999934e-04 1.140244650840000011e-07
1.054972099999999955e+04 8.787289999999992460e+02 1.524999646248021534e+01 1.889539999999999937e-04 1.888729999999999923e-04 8.087183001300000018e-08
1.055554100000000108e+04 8.845490000000007740e+02 1.529999861318791687e+01 1.886269999999999950e-04 1.885819999999999912e-04 4.540696254199999685e-08
1.056138000000000102e+04 8.903880000000007158e+02 1.535000032309406492e+01 1.882999999999999962e-04 1.882900000000000014e-04 9.407552098999999947e-09
1.056723700000000099e+04 8.962450000000006867e+02 1.539999307479307689e+01 1.879740000000000133e-04 1.879990000000000003e-04 -2.541652480500000169e-08
1.057311399999999958e+04 9.021219999999992751e+02 1.544999394350029398e+01 1.876500000000000075e-04 1.877079999999999992e-04 -5.751222953600000318e-08
1.057901000000000022e+04 9.080179999999999154e+02 1.549999438394286955e+01 1.873309999999999993e-04 1.874169999999999981e-04 -8.555454858099999138e-08
1.058492500000000109e+04 9.139330000000007885e+02 1.554999440025198609e+01 1.870169999999999884e-04 1.871259999999999970e-04 -1.084975260600000132e-07
1.059085900000000038e+04 9.198670000000000755e+02 1.559999399650584273e+01 1.867080000000000020e-04 1.868340000000000072e-04 -1.256019590100000169e-07
1.059681199999999990e+04 9.258199999999995953e+02 1.564999317673051138e+01 1.864059999999999903e-04 1.865430000000000061e-04 -1.364463177209999916e-07
1.060278499999999985e+04 9.317929999999995516e+02 1.570000030376558620e+01 1.861110000000000075e-04 1.862520000000000050e-04 -1.409121168839999883e-07
1.060877599999999984e+04 9.377839999999995371e+02 1.574999863727037663e+01 1.858209999999999951e-04 1.859610000000000039e-04 -1.391639143499999897e-07
1.061478600000000006e+04 9.437939999999997553e+02 1.579999656668763386e+01 1.855369999999999958e-04 1.856689999999999870e-04 -1.316162980440000011e-07
1.062081500000000051e+04 9.498230000000002065e+02 1.584999409584136920e+01 1.852590000000000096e-04 1.853780000000000130e-04 -1.189005223100000035e-07
1.062686399999999958e+04 9.558719999999992751e+02 1.589999948222973103e+01 1.849850000000000051e-04 1.850870000000000119e-04 -1.018195051790000173e-07
1.063293100000000049e+04 9.619390000000001919e+02 1.594999619626465837e+01 1.847139999999999936e-04 1.847960000000000108e-04 -8.130950081600000688e-08
1.063901800000000003e+04 9.680259999999997262e+02 1.600000072352006342e+01 1.844460000000000023e-04 1.845039999999999940e-04 -5.839606951199999807e-08
1.064512299999999959e+04 9.741309999999992897e+02 1.604999663780897734e+01 1.841900000000000102e-04 1.842249999999999921e-04 -3.477246875000000164e-08
1.065124799999999959e+04 9.802559999999992897e+02 1.610000032175624085e+01 1.839350000000000067e-04 1.839459999999999902e-04 -1.067475427199999985e-08
1.065739099999999962e+04 9.863989999999993188e+02 1.614999545128956981e+01 1.836789999999999875e-04 1.836659999999999996e-04 1.294496334600000123e-08
1.066355400000000009e+04 9.925619999999997844e+02 1.619999830736508173e+01 1.834220000000000067e-04 1.833869999999999977e-04 3.518261256300000313e-08
1.066973600000000079e+04 9.987440000000004829e+02 1.625000074271174100e+01 1.831629999999999944e-04 1.831079999999999958e-04 5.520761132400000088e-08
1.067593599999999969e+04 1.004943999999999392e+03 1.629999471002624389e+01 1.829009999999999892e-04 1.828289999999999939e-04 7.228930679699999940e-08
1.068215600000000086e+04 1.011164000000000556e+03 1.634999634010571157e+01 1.826350000000000022e-04 1.825490000000000034e-04 8.582084862500000477e-08
1.068839500000000044e+04 1.017403000000000134e+03 1.639999756078028526e+01 1.823650000000000065e-04 1.822700000000000015e-04 9.534561927000000379e-08
1.069465300000000025e+04 1.023660999999999945e+03 1.644999837578324531e+01 1.820910000000000020e-04 1.819909999999999996e-04 1.005756882309999996e-07
1.070093000000000029e+04 1.029938000000000102e+03 1.649999878880258208e+01 1.818129999999999887e-04 1.817110000000000090e-04 1.014098200130000119e-07
1.070722600000000057e+04 1.036234000000000378e+03 1.654999880348167807e+01 1.815300000000000052e-04 1.814320000000000071e-04 9.794370658400000675e-08
1.071354100000000108e+04 1.042549000000000888e+03 1.659999842341998999e+01 1.812430000000000128e-04 1.811530000000000052e-04 9.046599666999998709e-08
1.071987500000000000e+04 1.048882999999999811e+03 1.664999765217370253e+01 1.809530000000000003e-04 1.808729999999999876e-04 7.944756088499999785e-08
1.072622800000000097e+04 1.055236000000000786e+03 1.669999649325643176e+01 1.806599999999999949e-04 1.805940000000000128e-04 6.551860023000000202e-08
1.073260000000000036e+04 1.061608000000000175e+03 1.674999495013974382e+01 1.803639999999999963e-04 1.803150000000000109e-04 4.943083284000000666e-08
1.073899200000000019e+04 1.068000000000000000e+03 1.680000083781163056e+01 1.800679999999999978e-04 1.800360000000000090e-04 3.201508173599999913e-08
1.074540200000000004e+04 1.074409999999999854e+03 1.684999851336750964e+01 1.797699999999999949e-04 1.797559999999999913e-04 1.413295598799999897e-08
1.075183100000000013e+04 1.080838999999999942e+03 1.689999581503042947e+01 1.794739999999999964e-04 1.794769999999999894e-04 -3.374203495399999882e-09
1.075828000000000065e+04 1.087288000000000466e+03 1.695000048853803776e+01 1.791779999999999979e-04 1.791979999999999875e-04 -1.973256696799999823e-08
1.076474699999999939e+04 1.093754999999999200e+03 1.699999702953162384e+01 1.788840000000000037e-04 1.789179999999999970e-04 -3.427514234200000120e-08
1.077123400000000038e+04 1.100242000000000189e+03 1.705000090359421705e+01 1.785950000000000070e-04 1.786419999999999881e-04 -4.699159945800000158e-08
1.077773899999999958e+04 1.106746999999999389e+03 1.709999669737669947e+01 1.783090000000000033e-04 1.783669999999999950e-04 -5.705514412499999709e-08
1.078426399999999921e+04 1.113271999999999025e+03 1.714999978582679674e+01 1.780259999999999926e-04 1.780910000000000132e-04 -6.419201049499999931e-08
1.079080700000000070e+04 1.119815000000000509e+03 1.719999484554213609e+01 1.777460000000000021e-04 1.778150000000000043e-04 -6.827775932999999658e-08
1.079737000000000080e+04 1.126378000000000611e+03 1.724999716189330812e+01 1.774690000000000046e-04 1.775389999999999954e-04 -6.932525118099999987e-08
1.080395200000000114e+04 1.132960000000000946e+03 1.729999908617111259e+01 1.771950000000000001e-04 1.772629999999999866e-04 -6.746718411499999266e-08
1.081055299999999988e+04 1.139560999999999694e+03 1.735000062176534996e+01 1.769239999999999886e-04 1.769870000000000048e-04 -6.293781610900000972e-08
1.081717200000000048e+04 1.146180000000000291e+03 1.739999422983371247e+01 1.766550000000000086e-04 1.767109999999999959e-04 -5.605414288799999268e-08
1.082381099999999969e+04 1.152818999999999505e+03 1.744999501968608868e+01 1.763880000000000059e-04 1.764349999999999870e-04 -4.719989119999999092e-08
1.083046900000000096e+04 1.159477000000000771e+03 1.749999543066898866e+01 1.761219999999999919e-04 1.761590000000000053e-04 -3.681088927600000038e-08
1.083714600000000064e+04 1.166154000000000451e+03 1.754999546602061855e+01 1.758580000000000093e-04 1.758829999999999964e-04 -2.536197683400000005e-08
1.084384200000000055e+04 1.172850000000000364e+03 1.759999512894239260e+01 1.755939999999999996e-04 1.756069999999999875e-04 -1.335403431499999828e-08
1.085055700000000070e+04 1.179565000000000509e+03 1.764999442259942697e+01 1.753299999999999900e-04 1.753310000000000057e-04 -1.299328948320000080e-09
1.085729199999999946e+04 1.186299999999999272e+03 1.770000076448077309e+01 1.750660000000000074e-04 1.750560000000000126e-04 1.029518340480000115e-08
1.086404500000000007e+04 1.193052999999999884e+03 1.774999930807606319e+01 1.748010000000000091e-04 1.747800000000000037e-04 2.094685866000000249e-08
1.087081700000000092e+04 1.199825000000000728e+03 1.779999749180669255e+01 1.745340000000000064e-04 1.745039999999999948e-04 3.021903218399999875e-08
1.087760800000000017e+04 1.206615999999999985e+03 1.784999531869660672e+01 1.742659999999999880e-04 1.742280000000000131e-04 3.774179204400000121e-08
1.088441899999999987e+04 1.213426999999999680e+03 1.790000012325396739e+01 1.739950000000000036e-04 1.739520000000000042e-04 4.323333427200000221e-08
1.089124799999999959e+04 1.220255999999999403e+03 1.794999722497873762e+01 1.737230000000000035e-04 1.736759999999999953e-04 4.651512205199999697e-08
1.089809599999999955e+04 1.227103999999999360e+03 1.799999397884732133e+01 1.734480000000000104e-04 1.734000000000000135e-04 4.752408480000000313e-08
1.090496399999999994e+04 1.233971999999999753e+03 1.804999765834250525e+01 1.731400000000000126e-04 1.730930000000000045e-04 4.691495362700000104e-08
1.091185100000000057e+04 1.240859000000000378e+03 1.810000095556193855e+01 1.728300000000000105e-04 1.727850000000000067e-04 4.423036822500000662e-08
1.091875599999999940e+04 1.247763999999999214e+03 1.814999664313376471e+01 1.725180000000000040e-04 1.724779999999999976e-04 3.966131610000000341e-08
1.092568100000000049e+04 1.254689000000000306e+03 1.819999920511059344e+01 1.722039999999999931e-04 1.721709999999999885e-04 3.349087509099999384e-08
1.093262399999999980e+04 1.261631999999999607e+03 1.824999420316445153e+01 1.718889999999999936e-04 1.718629999999999908e-04 2.607642926399999883e-08
1.093958699999999953e+04 1.268594999999999345e+03 1.829999604182691897e+01 1.715739999999999941e-04 1.715560000000000088e-04 1.782758485200000037e-08
1.094656899999999951e+04 1.275576999999999316e+03 1.834999751345401720e+01 1.712580000000000059e-04 1.712480000000000111e-04 9.177968060799999396e-09
1.095356999999999971e+04 1.282577999999999520e+03 1.839999862103797668e+01 1.709419999999999907e-04 1.709410000000000020e-04 5.610317808200000066e-10
1.096059000000000015e+04 1.289597999999999956e+03 1.844999936753855607e+01 1.706260000000000025e-04 1.706339999999999929e-04 -7.615787878199999451e-09
1.096762900000000081e+04 1.296637000000000626e+03 1.849999975588350765e+01 1.703110000000000030e-04 1.703259999999999952e-04 -1.499194122660000161e-08
1.097468699999999990e+04 1.303694999999999709e+03 1.854999978896898227e+01 1.699980000000000078e-04 1.700190000000000132e-04 -2.127090707100000479e-08
1.098176399999999921e+04 1.310771999999999025e+03 1.859999946965998063e+01 1.696850000000000127e-04 1.697120000000000041e-04 -2.623068672000000247e-08
1.098886000000000058e+04 1.317868000000000393e+03 1.864999880079077599e+01 1.693739999999999948e-04 1.694040000000000064e-04 -2.973057140399999963e-08
1.099597500000000036e+04 1.324983000000000175e+03 1.869999778516526234e+01 1.690650000000000085e-04 1.690969999999999973e-04 -3.171076040999999976e-08
1.100310900000000038e+04 1.332117000000000189e+03 1.874999642555744828e+01 1.687570000000000107e-04 1.687889999999999996e-04 -3.218755593299999912e-08
1.101026200000000063e+04 1.339270000000000437e+03 1.879999472471179800e+01 1.684509999999999903e-04 1.684819999999999905e-04 -3.124650323799999800e-08
1.101743499999999949e+04 1.346442999999999302e+03 1.884999964736870126e+01 1.681460000000000127e-04 1.681750000000000085e-04 -2.903003215000000202e-08
1.102462600000000020e+04 1.353634000000000015e+03 1.889999725374743278e+01 1.678419999999999966e-04 1.678670000000000108e-04 -2.572645708500000273e-08
1.103183599999999933e+04 1.360843999999999141e+03 1.894999452704573883e+01 1.675380000000000077e-04 1.675600000000000017e-04 -2.155743180000000106e-08
1.103906600000000071e+04 1.368074000000000524e+03 1.899999837695523297e+01 1.672359999999999960e-04 1.672529999999999926e-04 -1.676443720200000113e-08
1.104631400000000031e+04 1.375322000000000116e+03 1.904999497382586071e+01 1.669650000000000116e-04 1.669770000000000108e-04 -1.178293237740000158e-08
1.105358200000000033e+04 1.382590000000000146e+03 1.909999811641651135e+01 1.666940000000000002e-04 1.667010000000000020e-04 -6.570186512999999619e-09
1.106086900000000060e+04 1.389877000000000407e+03 1.915000090049556647e+01 1.664240000000000044e-04 1.664249999999999931e-04 -1.346538017999999965e-09
1.106817400000000089e+04 1.397182000000000698e+03 1.919999649375225559e+01 1.661529999999999930e-04 1.661490000000000113e-04 3.677874263999999967e-09
1.107549899999999980e+04 1.404506999999999607e+03 1.924999858693634280e+01 1.658820000000000086e-04 1.658739999999999911e-04 8.309126281999999680e-09
1.108284300000000076e+04 1.411851000000000568e+03 1.930000032983281955e+01 1.656100000000000085e-04 1.655980000000000093e-04 1.237484046360000027e-08
1.109020499999999993e+04 1.419212999999999738e+03 1.934999494303017897e+01 1.653380000000000084e-04 1.653220000000000004e-04 1.572974354419999752e-08
1.109758699999999953e+04 1.426594999999999345e+03 1.939999601094996962e+01 1.650640000000000039e-04 1.650459999999999915e-04 1.826085448600000004e-08
1.110498800000000119e+04 1.433996000000001004e+03 1.944999673655498640e+01 1.647899999999999994e-04 1.647700000000000098e-04 1.989218778999999919e-08
1.111240799999999945e+04 1.441415999999999258e+03 1.949999712247841188e+01 1.645150000000000063e-04 1.644949999999999895e-04 2.058951015999999779e-08
1.111984699999999975e+04 1.448854999999999563e+03 1.954999717132657011e+01 1.642389999999999974e-04 1.642190000000000078e-04 2.036200646700000107e-08
1.112730500000000029e+04 1.456313000000000102e+03 1.959999688567909004e+01 1.639619999999999999e-04 1.639429999999999989e-04 1.926363038599999886e-08
1.113478199999999924e+04 1.463789999999999054e+03 1.964999626808936739e+01 1.636850000000000024e-04 1.636669999999999900e-04 1.739027341799999939e-08
1.114227800000000025e+04 1.471286000000000058e+03 1.969999532108485951e+01 1.634060000000000005e-04 1.633910000000000082e-04 1.487395656390000084e-08
1.114979399999999987e+04 1.478801999999999680e+03 1.975000069193515273e+01 1.631269999999999986e-04 1.631159999999999880e-04 1.187526890159999906e-08
1.115732799999999952e+04 1.486335999999999331e+03 1.979999907680209859e+01 1.628479999999999967e-04 1.628400000000000062e-04 8.571490500000000304e-09
1.116488099999999940e+04 1.493888999999999214e+03 1.984999713976885971e+01 1.625689999999999948e-04 1.625639999999999973e-04 5.145410702400000166e-09
1.117245299999999952e+04 1.501460999999999331e+03 1.989999488326172639e+01 1.622899999999999929e-04 1.622879999999999885e-04 1.772671823999999854e-09
1.118004500000000007e+04 1.509052999999999884e+03 1.994999888783677733e+01 1.620109999999999910e-04 1.620120000000000067e-04 -1.389063345960000042e-09
1.118765500000000065e+04 1.516663000000000466e+03 1.999999598311923421e+01 1.617319999999999891e-04 1.617369999999999865e-04 -4.208849603599999912e-09
