0.000000000000000000e+00 -7.394043999999999617e-01
5.000000000000000278e-02 -7.653096999999999817e-01
1.000000000000000056e-01 -7.907005000000000283e-01
1.499999999999999944e-01 -8.631379999999999608e-01
2.000000000000000111e-01 -9.307336999999999971e-01
2.500000000000000000e-01 -1.030821999999999905e+00
2.999999999999999889e-01 -1.116802000000000072e+00
3.499999999999999778e-01 -1.211187999999999931e+00
4.000000000000000222e-01 -1.278221999999999969e+00
4.500000000000000111e-01 -1.324839000000000100e+00
5.000000000000000000e-01 -1.331733000000000056e+00
5.500000000000000444e-01 -1.295098000000000082e+00
5.999999999999999778e-01 -1.215248000000000106e+00
6.500000000000000222e-01 -1.085820000000000007e+00
6.999999999999999556e-01 -9.246651000000000176e-01
7.500000000000000000e-01 -7.292813999999999686e-01
8.000000000000000444e-01 -5.271228000000000025e-01
8.499999999999999778e-01 -3.202036999999999800e-01
9.000000000000000222e-01 -1.352406999999999915e-01
9.499999999999999556e-01 2.524126999999999968e-02
1.000000000000000000e+00 1.447865999999999875e-01
1.050000000000000044e+00 2.247695000000000110e-01
1.100000000000000089e+00 2.624731000000000147e-01
1.149999999999999911e+00 2.649903000000000119e-01
1.199999999999999956e+00 2.408655000000000102e-01
1.250000000000000000e+00 2.006716000000000055e-01
1.300000000000000044e+00 1.568933000000000133e-01
1.350000000000000089e+00 1.194869999999999960e-01
1.399999999999999911e+00 9.622453000000000256e-02
1.449999999999999956e+00 9.237968000000000568e-02
1.500000000000000000e+00 1.053936000000000039e-01
1.550000000000000044e+00 1.337180000000000035e-01
1.600000000000000089e+00 1.660410999999999970e-01
1.649999999999999911e+00 1.955774000000000123e-01
1.699999999999999956e+00 2.115566999999999864e-01
1.750000000000000000e+00 2.092188000000000103e-01
1.800000000000000044e+00 1.862298000000000009e-01
1.850000000000000089e+00 1.513227000000000044e-01
1.899999999999999911e+00 1.024035999999999974e-01
1.949999999999999956e+00 7.055158999999999736e-02
2.000000000000000000e+00 2.971773999999999943e-02
2.049999999999999822e+00 1.652916999999999928e-02
2.100000000000000089e+00 1.828323000000000101e-02
2.149999999999999911e+00 3.256914000000000337e-02
2.200000000000000178e+00 5.266611000000000209e-02
2.250000000000000000e+00 6.733788000000000273e-02
2.299999999999999822e+00 7.797737999999999892e-02
2.350000000000000089e+00 8.169898999999999911e-02
2.399999999999999911e+00 7.786761000000000377e-02
2.450000000000000178e+00 6.807570000000000288e-02
2.500000000000000000e+00 5.666982999999999743e-02
2.549999999999999822e+00 4.437196000000000196e-02
2.600000000000000089e+00 3.159532999999999786e-02
2.649999999999999911e+00 1.649263999999999938e-02
2.700000000000000178e+00 5.824383000000000034e-04
2.750000000000000000e+00 -1.628299000000000066e-02
2.799999999999999822e+00 -3.419640000000000180e-02
2.850000000000000089e+00 -5.210097000000000339e-02
2.899999999999999911e+00 -6.977047000000000110e-02
2.950000000000000178e+00 -8.640357999999999372e-02
3.000000000000000000e+00 -1.009350999999999998e-01
3.049999999999999822e+00 -1.113573000000000063e-01
3.100000000000000089e+00 -1.176567000000000029e-01
3.149999999999999911e+00 -1.191775999999999947e-01
3.200000000000000178e+00 -1.156299999999999967e-01
3.250000000000000000e+00 -1.067472000000000004e-01
3.299999999999999822e+00 -9.372677000000000092e-02
3.350000000000000089e+00 -7.725152000000000407e-02
3.399999999999999911e+00 -5.839450999999999670e-02
3.450000000000000178e+00 -3.851399999999999962e-02
3.500000000000000000e+00 -1.871269000000000057e-02
3.549999999999999822e+00 1.251953000000000039e-04
3.600000000000000089e+00 1.734373999999999985e-02
3.649999999999999911e+00 3.227790999999999993e-02
3.700000000000000178e+00 4.498074999999999990e-02
3.750000000000000000e+00 5.544132000000000227e-02
3.799999999999999822e+00 6.374536999999999565e-02
3.850000000000000089e+00 7.000879000000000130e-02
3.899999999999999911e+00 7.442566999999999933e-02
3.950000000000000178e+00 7.705239999999999312e-02
4.000000000000000000e+00 7.787908999999999804e-02
4.049999999999999822e+00 7.700946000000000180e-02
4.099999999999999645e+00 7.423639999999999406e-02
4.150000000000000355e+00 6.945569999999999522e-02
4.200000000000000178e+00 6.260342000000000684e-02
4.250000000000000000e+00 5.385870000000000241e-02
4.299999999999999822e+00 4.318380000000000135e-02
4.349999999999999645e+00 3.083226999999999843e-02
4.400000000000000355e+00 1.720790000000000167e-02
4.450000000000000178e+00 2.864373999999999826e-03
4.500000000000000000e+00 -1.162680999999999958e-02
4.549999999999999822e+00 -2.556370999999999991e-02
4.599999999999999645e+00 -3.824034999999999934e-02
4.650000000000000355e+00 -4.913105000000000250e-02
4.700000000000000178e+00 -5.762366000000000016e-02
4.750000000000000000e+00 -6.336302000000000600e-02
4.799999999999999822e+00 -6.619761999999999869e-02
4.849999999999999645e+00 -6.626476000000000588e-02
4.900000000000000355e+00 -6.370330999999999910e-02
4.950000000000000178e+00 -5.890021000000000145e-02
5.000000000000000000e+00 -5.233492000000000005e-02
5.049999999999999822e+00 -4.451213999999999865e-02
5.099999999999999645e+00 -3.588229999999999892e-02
5.150000000000000355e+00 -2.685324000000000044e-02
5.200000000000000178e+00 -1.774115999999999888e-02
5.250000000000000000e+00 -8.679433000000000287e-03
5.299999999999999822e+00 1.294257000000000101e-04
5.349999999999999645e+00 8.577269999999999686e-03
5.400000000000000355e+00 1.656318999999999847e-02
5.450000000000000178e+00 2.408487999999999948e-02
5.500000000000000000e+00 3.084643000000000107e-02
5.549999999999999822e+00 3.662659000000000054e-02
5.599999999999999645e+00 4.117976000000000275e-02
5.650000000000000355e+00 4.432511000000000090e-02
5.700000000000000178e+00 4.576166999999999735e-02
5.750000000000000000e+00 4.536358000000000057e-02
5.799999999999999822e+00 4.311246999999999996e-02
5.849999999999999645e+00 3.912688000000000277e-02
5.900000000000000355e+00 3.358147999999999689e-02
5.950000000000000178e+00 2.679412000000000113e-02
6.000000000000000000e+00 1.915038999999999977e-02
6.049999999999999822e+00 1.106283999999999913e-02
6.099999999999999645e+00 2.892842000000000070e-03
6.150000000000000355e+00 -4.974522999999999792e-03
6.200000000000000178e+00 -1.220299000000000036e-02
6.250000000000000000e+00 -1.851720999999999923e-02
6.299999999999999822e+00 -2.370767999999999834e-02
6.349999999999999645e+00 -2.763095000000000134e-02
6.400000000000000355e+00 -3.020739000000000063e-02
6.450000000000000178e+00 -3.141826999999999814e-02
6.500000000000000000e+00 -3.130269000000000107e-02
6.549999999999999822e+00 -3.020536999999999875e-02
6.599999999999999645e+00 -2.795475000000000043e-02
6.650000000000000355e+00 -2.470556999999999961e-02
6.700000000000000178e+00 -2.065393000000000090e-02
6.750000000000000000e+00 -1.602533999999999903e-02
6.799999999999999822e+00 -1.105927999999999946e-02
6.849999999999999645e+00 -5.992347000000000298e-03
6.900000000000000355e+00 -1.042540999999999910e-03
6.950000000000000178e+00 3.602814000000000190e-03
7.000000000000000000e+00 7.794020999999999935e-03
7.049999999999999822e+00 1.155699999999999956e-02
7.099999999999999645e+00 1.468120000000000015e-02
7.150000000000000355e+00 1.710288000000000086e-02
7.200000000000000178e+00 1.878963000000000161e-02
7.250000000000000000e+00 1.973456000000000168e-02
7.299999999999999822e+00 1.995099999999999998e-02
7.349999999999999645e+00 1.946892000000000067e-02
7.400000000000000355e+00 1.833347000000000102e-02
7.450000000000000178e+00 1.660535999999999957e-02
7.500000000000000000e+00 1.436191000000000030e-02
7.549999999999999822e+00 1.168358000000000070e-02
7.599999999999999645e+00 8.693492000000000580e-03
7.650000000000000355e+00 5.515799000000000049e-03
7.700000000000000178e+00 2.275977000000000208e-03
7.750000000000000000e+00 -9.056131999999999507e-04
7.799999999999999822e+00 -3.919462999999999767e-03
7.849999999999999645e+00 -6.671068999999999957e-03
7.900000000000000355e+00 -9.082958000000000351e-03
7.950000000000000178e+00 -1.109454999999999990e-02
8.000000000000000000e+00 -1.266034000000000083e-02
8.050000000000000711e+00 -1.377260999999999937e-02
8.099999999999999645e+00 -1.439019000000000062e-02
8.150000000000000355e+00 -1.450017999999999967e-02
8.199999999999999289e+00 -1.409628999999999917e-02
8.250000000000000000e+00 -1.318108999999999947e-02
8.300000000000000711e+00 -1.177050999999999965e-02
8.349999999999999645e+00 -9.899619999999999601e-03
8.400000000000000355e+00 -7.627820000000000433e-03
8.449999999999999289e+00 -5.042058000000000303e-03
8.500000000000000000e+00 -2.256418999999999959e-03
8.550000000000000711e+00 6.052014000000000091e-04
8.599999999999999645e+00 3.412826999999999788e-03
8.650000000000000355e+00 6.014763000000000227e-03
8.699999999999999289e+00 8.266924000000000147e-03
8.750000000000000000e+00 1.004615000000000022e-02
8.800000000000000711e+00 1.126187000000000021e-02
8.849999999999999645e+00 1.186444000000000040e-02
8.900000000000000355e+00 1.184875999999999985e-02
8.949999999999999289e+00 1.125296999999999929e-02
9.000000000000000000e+00 1.015237000000000084e-02
9.050000000000000711e+00 8.702121999999999635e-03
9.099999999999999645e+00 6.939947000000000130e-03
9.150000000000000355e+00 4.985217000000000120e-03
9.199999999999999289e+00 2.954094999999999898e-03
9.250000000000000000e+00 9.510624000000000508e-04
9.300000000000000711e+00 -9.366726999999999605e-04
9.349999999999999645e+00 -2.641661000000000009e-03
9.400000000000000355e+00 -4.115914000000000031e-03
9.449999999999999289e+00 -5.328537999999999851e-03
9.500000000000000000e+00 -6.262247000000000299e-03
9.550000000000000711e+00 -6.955349000000000427e-03
9.599999999999999645e+00 -7.364690999999999599e-03
9.650000000000000355e+00 -7.491015000000000174e-03
9.699999999999999289e+00 -7.339512999999999766e-03
9.750000000000000000e+00 -6.920403000000000318e-03
9.800000000000000711e+00 -6.250302999999999588e-03
9.849999999999999645e+00 -5.353848999999999934e-03
9.900000000000000355e+00 -4.264974999999999843e-03
9.949999999999999289e+00 -3.027329999999999952e-03
1.000000000000000000e+01 -1.693494999999999940e-03
1.005000000000000071e+01 -3.205416000000000211e-04
1.009999999999999964e+01 1.037582999999999908e-03
1.015000000000000036e+01 2.317961999999999800e-03
1.019999999999999929e+01 3.461023000000000138e-03
1.025000000000000000e+01 4.414621999999999991e-03
1.030000000000000071e+01 5.137616000000000231e-03
1.034999999999999964e+01 5.602529000000000189e-03
1.040000000000000036e+01 5.797039999999999832e-03
1.044999999999999929e+01 5.724181000000000061e-03
1.050000000000000000e+01 5.401302000000000186e-03
1.055000000000000071e+01 4.857992999999999686e-03
1.059999999999999964e+01 4.133241000000000172e-03
1.065000000000000036e+01 3.272193000000000063e-03
1.069999999999999929e+01 2.322848000000000187e-03
1.075000000000000000e+01 1.333009000000000017e-03
1.080000000000000071e+01 3.477275999999999740e-04
1.084999999999999964e+01 -5.926141999999999478e-04
1.090000000000000036e+01 -1.453539000000000003e-03
1.094999999999999929e+01 -2.207061000000000179e-03
1.100000000000000000e+01 -2.831751999999999880e-03
1.105000000000000071e+01 -3.342930000000000033e-03
1.109999999999999964e+01 -3.706051000000000137e-03
1.115000000000000036e+01 -3.913713000000000088e-03
1.119999999999999929e+01 -3.963140999999999886e-03
1.125000000000000000e+01 -3.856083000000000167e-03
1.130000000000000071e+01 -3.598886999999999833e-03
1.134999999999999964e+01 -3.202730999999999894e-03
1.140000000000000036e+01 -2.683847000000000056e-03
1.144999999999999929e+01 -2.063614999999999981e-03
1.150000000000000000e+01 -1.368351999999999980e-03
1.155000000000000071e+01 -6.286745000000000267e-04
1.159999999999999964e+01 1.216570999999999977e-04
1.165000000000000036e+01 8.473861999999999541e-04
1.169999999999999929e+01 1.513816999999999984e-03
1.175000000000000000e+01 2.089095000000000014e-03
1.180000000000000071e+01 2.546454999999999986e-03
1.184999999999999964e+01 2.866188999999999890e-03
1.190000000000000036e+01 3.037053999999999969e-03
1.194999999999999929e+01 3.056952999999999841e-03
1.200000000000000000e+01 2.932796000000000101e-03
1.205000000000000071e+01 2.708500999999999877e-03
1.209999999999999964e+01 2.364640999999999792e-03
1.215000000000000036e+01 1.924169000000000096e-03
1.219999999999999929e+01 1.413792000000000087e-03
1.225000000000000000e+01 8.619621000000000054e-04
1.230000000000000071e+01 2.970337000000000086e-04
1.234999999999999964e+01 -2.542870999999999933e-04
1.240000000000000036e+01 -7.681196000000000378e-04
1.244999999999999929e+01 -1.224215000000000069e-03
1.250000000000000000e+01 -1.606425000000000084e-03
1.255000000000000071e+01 -1.902877999999999991e-03
1.259999999999999964e+01 -2.105933999999999844e-03
1.265000000000000036e+01 -2.211971000000000076e-03
1.269999999999999929e+01 -2.221070999999999809e-03
1.275000000000000000e+01 -2.136685000000000147e-03
1.280000000000000071e+01 -1.965330999999999849e-03
1.284999999999999964e+01 -1.716365999999999985e-03
1.290000000000000036e+01 -1.401820999999999926e-03
1.294999999999999929e+01 -1.036257999999999971e-03
1.300000000000000000e+01 -6.365252999999999753e-04
1.305000000000000071e+01 -2.253598999999999902e-04
1.309999999999999964e+01 1.864791999999999882e-04
1.315000000000000036e+01 5.797715000000000377e-04
1.319999999999999929e+01 9.361299999999999700e-04
1.325000000000000000e+01 1.239106999999999926e-03
1.330000000000000071e+01 1.475212999999999958e-03
1.334999999999999964e+01 1.634748000000000104e-03
1.340000000000000036e+01 1.712353999999999916e-03
1.344999999999999929e+01 1.707261999999999972e-03
1.350000000000000000e+01 1.623190000000000049e-03
1.355000000000000071e+01 1.467933000000000042e-03
1.359999999999999964e+01 1.252686000000000034e-03
1.365000000000000036e+01 9.911722000000000848e-04
1.369999999999999929e+01 6.986593000000000143e-04
1.375000000000000000e+01 3.909539000000000178e-04
1.380000000000000071e+01 8.345377000000000177e-05
1.384999999999999964e+01 -2.096723999999999951e-04
1.390000000000000036e+01 -4.761302000000000242e-04
1.394999999999999929e+01 -7.059406999999999748e-04
1.400000000000000000e+01 -8.916761999999999518e-04
1.405000000000000071e+01 -1.041447000000000032e-03
1.409999999999999964e+01 -1.141300000000000040e-03
1.415000000000000036e+01 -1.189416999999999905e-03
1.419999999999999929e+01 -1.186032999999999966e-03
1.425000000000000000e+01 -1.133249999999999926e-03
1.430000000000000071e+01 -1.034844000000000042e-03
1.434999999999999964e+01 -8.960825999999999644e-04
1.440000000000000036e+01 -7.235463999999999611e-04
1.444999999999999929e+01 -5.249509000000000293e-04
1.450000000000000000e+01 -3.089429000000000198e-04
1.455000000000000071e+01 -8.485226999999999863e-05
1.459999999999999964e+01 1.376151999999999898e-04
1.465000000000000036e+01 3.487521999999999844e-04
1.469999999999999929e+01 5.392810999999999959e-04
1.475000000000000000e+01 7.008191000000000203e-04
1.480000000000000071e+01 8.263431000000000335e-04
1.484999999999999964e+01 9.106077999999999655e-04
1.490000000000000036e+01 9.504770999999999533e-04
1.494999999999999929e+01 9.451266000000000051e-04
1.500000000000000000e+01 8.960945000000000108e-04
1.505000000000000071e+01 8.133173999999999525e-04
1.509999999999999964e+01 6.962647999999999884e-04
1.515000000000000036e+01 5.514603000000000300e-04
1.519999999999999929e+01 3.865863999999999889e-04
1.525000000000000000e+01 2.100054000000000070e-04
1.530000000000000071e+01 3.027186999999999855e-05
1.534999999999999964e+01 -1.443222999999999989e-04
1.540000000000000036e+01 -3.061420000000000243e-04
1.544999999999999929e+01 -4.485253000000000135e-04
1.550000000000000000e+01 -5.660164000000000514e-04
1.555000000000000071e+01 -6.545188000000000395e-04
1.559999999999999964e+01 -7.113771000000000504e-04
1.565000000000000036e+01 -7.353969000000000131e-04
1.569999999999999929e+01 -7.268135000000000437e-04
1.575000000000000000e+01 -6.872159000000000080e-04
1.580000000000000071e+01 -6.194336999999999847e-04
1.584999999999999964e+01 -5.273895000000000232e-04
1.590000000000000036e+01 -4.159211999999999913e-04
1.594999999999999929e+01 -2.905752999999999960e-04
1.600000000000000000e+01 -1.573725000000000048e-04
1.605000000000000071e+01 -2.462279000000000011e-05
1.610000000000000142e+01 1.049918999999999934e-04
1.614999999999999858e+01 2.257977999999999949e-04
1.619999999999999929e+01 3.326275999999999864e-04
1.625000000000000000e+01 4.210872000000000161e-04
1.630000000000000071e+01 4.877835999999999761e-04
1.635000000000000142e+01 5.304934999999999989e-04
1.639999999999999858e+01 5.482571000000000536e-04
1.644999999999999929e+01 5.413896999999999980e-04
1.650000000000000000e+01 5.114094999999999492e-04
1.655000000000000071e+01 4.608905999999999745e-04
1.660000000000000142e+01 3.932550999999999950e-04
1.664999999999999858e+01 3.125259000000000023e-04
1.669999999999999929e+01 2.230626999999999946e-04
1.675000000000000000e+01 1.293029000000000118e-04
1.680000000000000071e+01 3.552886000000000190e-05
1.685000000000000142e+01 -5.432515999999999674e-05
1.689999999999999858e+01 -1.368169999999999879e-04
1.694999999999999929e+01 -2.090904999999999999e-04
1.700000000000000000e+01 -2.689225000000000057e-04
1.705000000000000071e+01 -3.179460999999999746e-04
1.710000000000000142e+01 -3.520557000000000113e-04
1.714999999999999858e+01 -3.704785999999999735e-04
1.719999999999999929e+01 -3.730057000000000056e-04
1.725000000000000000e+01 -3.599933000000000148e-04
1.730000000000000071e+01 -3.323649999999999933e-04
1.735000000000000142e+01 -2.916053000000000048e-04
1.739999999999999858e+01 -2.397350000000000078e-04
1.744999999999999929e+01 -1.792580000000000106e-04
1.750000000000000000e+01 -1.130733000000000004e-04
1.755000000000000071e+01 -4.434932000000000045e-05
1.760000000000000142e+01 2.363380000000000062e-05
1.764999999999999858e+01 8.766539999999999587e-05
1.769999999999999929e+01 1.447925999999999933e-04
1.775000000000000000e+01 1.924987000000000074e-04
1.780000000000000071e+01 2.288535000000000070e-04
1.785000000000000142e+01 2.526213000000000135e-04
1.789999999999999858e+01 2.633139000000000269e-04
1.794999999999999929e+01 2.611879000000000002e-04
1.800000000000000000e+01 2.471861000000000219e-04
1.805000000000000071e+01 2.259158999999999896e-04
1.810000000000000142e+01 1.957287999999999953e-04
1.814999999999999858e+01 1.585268999999999882e-04
1.819999999999999929e+01 1.164104999999999995e-04
1.825000000000000000e+01 7.154434000000000151e-05
1.830000000000000071e+01 2.604093999999999940e-05
1.835000000000000142e+01 -1.813224999999999906e-05
1.839999999999999858e+01 -5.921983000000000048e-05
1.844999999999999929e+01 -9.572158000000000045e-05
1.850000000000000000e+01 -1.264168999999999991e-04
1.855000000000000071e+01 -1.503766000000000130e-04
1.860000000000000142e+01 -1.669681999999999915e-04
1.864999999999999858e+01 -1.758580999999999892e-04
1.869999999999999929e+01 -1.770134000000000085e-04
1.875000000000000000e+01 -1.707010999999999978e-04
1.880000000000000071e+01 -1.574825000000000020e-04
1.885000000000000142e+01 -1.381981000000000008e-04
1.889999999999999858e+01 -1.139393000000000019e-04
1.894999999999999929e+01 -8.600437999999999800e-05
1.900000000000000000e+01 -5.583784999999999937e-05
1.905000000000000071e+01 -2.560037000000000101e-05
1.910000000000000142e+01 4.616198999999999711e-06
1.914999999999999858e+01 3.345188000000000268e-05
1.919999999999999929e+01 5.963999999999999819e-05
1.925000000000000000e+01 8.207545999999999429e-05
1.930000000000000071e+01 9.987332999999999335e-05
1.935000000000000142e+01 1.124129000000000024e-04
1.939999999999999858e+01 1.193634999999999965e-04
1.944999999999999929e+01 1.206910999999999938e-04
1.950000000000000000e+01 1.166450999999999990e-04
1.955000000000000071e+01 1.077287000000000042e-04
1.960000000000000142e+01 9.465543999999999781e-05
1.964999999999999858e+01 7.829704000000000210e-05
1.969999999999999929e+01 5.962601000000000207e-05
1.975000000000000000e+01 3.965825999999999661e-05
1.980000000000000071e+01 1.939859000000000022e-05
1.985000000000000142e+01 -2.081347000000000009e-07
1.989999999999999858e+01 -1.831835000000000055e-05
1.994999999999999929e+01 -3.422273000000000226e-05
2.000000000000000000e+01 -4.737012999999999771e-05
