9.654087541700000656e+03 -1.686745829999979662e+01 -1.584579429358724090e+00 2.773192211400000079e-06 4.023063675700000009e-06 -1.249871464299999930e-06
9.654587541700000656e+03 -1.636745829999979662e+01 -1.542613957566749905e+00 2.899952186700000057e-06 4.257966253299999606e-06 -1.358014066599999972e-06
9.655087541700000656e+03 -1.586745829999979485e+01 -1.499474466675801976e+00 3.037796071599999804e-06 4.520100450799999617e-06 -1.482304379099999950e-06
9.655587541700000656e+03 -1.536745829999979485e+01 -1.455056538539177158e+00 3.188219219600000205e-06 4.814326180700000208e-06 -1.626106961100000003e-06
9.656087541700000656e+03 -1.486745829999979485e+01 -1.409239292837998647e+00 3.353000272600000078e-06 5.146710632300000246e-06 -1.793710359800000031e-06
9.656587541700000656e+03 -1.436745829999979485e+01 -1.361881506817488541e+00 3.534273063500000157e-06 5.524923897899999616e-06 -1.990650834399999883e-06
9.657087541700000656e+03 -1.386745829999979485e+01 -1.312816473367242276e+00 3.734622370199999978e-06 5.958800119300000147e-06 -2.224177749100000169e-06
9.657587541700000656e+03 -1.336745829999979485e+01 -1.261845056604547599e+00 3.957213725499999859e-06 6.461150714499999961e-06 -2.503936989099999965e-06
9.658087541700000656e+03 -1.286745829999979485e+01 -1.208726106696742519e+00 4.205973069599999683e-06 7.048972045799999645e-06 -2.842998976299999824e-06
9.658587541700000656e+03 -1.236745829999979485e+01 -1.153162891851448490e+00 4.485841494700000163e-06 7.745289665899999905e-06 -3.259448171200000165e-06
9.659087541700000656e+03 -1.186745829999979485e+01 -1.094783316129783524e+00 4.803147073800000374e-06 8.582067167199999275e-06 -3.778920093400000171e-06
9.659587541700000656e+03 -1.136745829999979485e+01 -1.033110044191351440e+00 5.166166926800000030e-06 9.604970916900000777e-06 -4.438803990000000037e-06
9.660087541700000656e+03 -1.086745829999979485e+01 -9.675134198252687279e-01 5.586014244899999578e-06 1.088153261900000061e-05 -5.295518374399999774e-06
9.660587541700000656e+03 -1.036745829999979485e+01 -8.971332519057118038e-01 6.078115638200000215e-06 1.251590931000000084e-05 -6.437793671400000324e-06
9.661087541730001249e+03 -9.867458269999202614e+00 -8.207398600857910287e-01 6.664846517899999809e-06 1.467740676599999963e-05 -8.012560247700000368e-06
9.661587541730001249e+03 -9.367458269999202614e+00 -7.364643725711207400e-01 7.380669646400000001e-06 1.766040633999999836e-05 -1.027973669400000036e-05
9.662087541730001249e+03 -8.867458269999202614e+00 -6.412063834675268970e-01 8.283406319300000347e-06 2.202466772000000002e-05 -1.374126140100000011e-05
9.662587541730001249e+03 -8.367458269999202614e+00 -5.290666123773410945e-01 9.483198920800000174e-06 2.897494158299999910e-05 -1.949174266199999920e-05
9.663087541730001249e+03 -7.867458269999202614e+00 -3.855869998656156206e-01 1.123475065499999982e-05 4.161252040599999812e-05 -3.037776975100000168e-05
9.663587541730001249e+03 -7.367458269999202614e+00 -1.320726640841958510e-01 1.431595589700000024e-05 7.016903723499999393e-05 -5.585308133799999708e-05
9.663654000000000451e+03 -7.301000000000000156e+00 0.000000000000000000e+00 1.521763128640982163e-05 8.032147777120647353e-05 -6.510384648439790606e-05
9.663663000000000466e+03 -7.291999999999985604e+00 4.860261953445584038e-02 1.533973916710982730e-05 8.169635504119652776e-05 -6.635661587363396474e-05
9.663692000000000917e+03 -7.262999999999534495e+00 9.986888948025554602e-02 1.573319789380982561e-05 8.612651513338651728e-05 -7.039331723894994149e-05
9.663738999999999578e+03 -7.216000000000873271e+00 1.493646705120479090e-01 1.637087238190982171e-05 9.330642976555647973e-05 -7.693555738273790009e-05
9.663806000000000495e+03 -7.148999999999956501e+00 1.997377789593159370e-01 1.727989771600982400e-05 1.035416272199264994e-04 -8.626172950260592583e-05
9.663891999999999825e+03 -7.063000000000625889e+00 2.499348983886820197e-01 1.844670635380982659e-05 1.166793433553865343e-04 -9.823263699974997608e-05
9.663997000000001208e+03 -6.957999999999243457e+00 3.000443701604951774e-01 1.987129829530981932e-05 1.327195781719364893e-04 -1.128482798741699017e-04
9.664087541730001249e+03 -6.867458269999202614e+00 3.373291527110761634e-01 2.109972704699999930e-05 1.465511077899999889e-04 -1.254513807399999954e-04
9.664120000000000800e+03 -6.834999999999650910e+00 3.497287862733068908e-01 2.156038378228100668e-05 1.524992796004984933e-04 -1.309388958157368151e-04
9.664263000000000829e+03 -6.691999999999621807e+00 3.998039390328587128e-01 2.358987928974900394e-05 1.787048835621784615e-04 -1.551150042722367745e-04
9.664425000000001091e+03 -6.529999999999359872e+00 4.498478108507243944e-01 2.588902804646100287e-05 2.083923509872984223e-04 -1.825033229432367521e-04
9.664587541730001249e+03 -6.367458269999202614e+00 4.950001041776072030e-01 2.819586518500000161e-05 2.381790936699999903e-04 -2.099832284899999903e-04
9.664605999999999767e+03 -6.349000000000684096e+00 4.998697967778416573e-01 2.841284171511757316e-05 2.403332750414383730e-04 -2.119204333313577117e-04
9.664806000000000495e+03 -6.148999999999956501e+00 5.498758696994616724e-01 3.076383701551757549e-05 2.636743722454383955e-04 -2.329105352353577347e-04
9.665024999999999636e+03 -5.930000000000815064e+00 5.998700092247406523e-01 3.333817686945557608e-05 2.892328736838184868e-04 -2.558946968202377957e-04
9.665087541730001249e+03 -5.867458269999202614e+00 6.133997464972669178e-01 3.407335343600000066e-05 2.965318366800000194e-04 -2.624584832499999936e-04
9.665263000000000829e+03 -5.691999999999621807e+00 6.498549695126818460e-01 3.649261759839206689e-05 3.095710004236038818e-04 -2.730783828284044515e-04
9.665521000000000640e+03 -5.433999999999810981e+00 7.000202144707585727e-01 4.004998855558406683e-05 3.287442445565238579e-04 -2.886942560000044363e-04
9.665587541730001249e+03 -5.367458269999202614e+00 7.123857065312166892e-01 4.096748319799999976e-05 3.336892865500000059e-04 -2.927218033499999852e-04
9.665797000000000480e+03 -5.157999999999971052e+00 7.499796991827626380e-01 4.503771906154581655e-05 3.426576822591736451e-04 -2.976199631935332306e-04
9.666087541730001249e+03 -4.867458269999202614e+00 7.992043172662735007e-01 5.068358527300000234e-05 3.550978365899999851e-04 -3.044142513100000212e-04
9.666092000000000553e+03 -4.862999999999898293e+00 7.999360569744666805e-01 5.081405810827036392e-05 3.551815215455983075e-04 -3.043674634303547414e-04
9.666406000000000859e+03 -4.548999999999592703e+00 8.498898392453323458e-01 6.000337824251436429e-05 3.610755288753183037e-04 -3.010721506277147215e-04
9.666587541730001249e+03 -4.367458269999202614e+00 8.774746073842363270e-01 6.531626064600000491e-05 3.644831985800000185e-04 -2.991669379300000123e-04
9.666739999999999782e+03 -4.215000000000669544e+00 8.999873045167785524e-01 7.231171951166043602e-05 3.647654547533651405e-04 -2.924537352401440225e-04
9.667087541730001249e+03 -3.867458269999202614e+00 9.493133478842427087e-01 8.825846924400000107e-05 3.654088819599999954e-04 -2.771504127199999820e-04
9.667092000000000553e+03 -3.862999999999898293e+00 9.499294642140519995e-01 8.857871894477234540e-05 3.653686847694286358e-04 -2.767899658286205808e-04
9.667463999999999942e+03 -3.491000000000509473e+00 1.000002095751271414e+00 1.153004941372363478e-04 3.620146135955086249e-04 -2.467141194592606087e-04
9.667587541730001249e+03 -3.367458269999202614e+00 1.016085615653650631e+00 1.241748337500000099e-04 3.609007217800000162e-04 -2.367258880300000064e-04
9.667854000000001179e+03 -3.100999999999272561e+00 1.049936581553178483e+00 1.520694685763553805e-04 3.568140236826040576e-04 -2.047445551009195253e-04
9.668087541730001249e+03 -2.867458269999202614e+00 1.078732647232542030e+00 1.765181797199999968e-04 3.532321699700000247e-04 -1.767139902399999976e-04
9.668264000000001033e+03 -2.690999999999418080e+00 1.099990374909949997e+00 1.996422894297346655e-04 3.499547386745407822e-04 -1.503124492348061135e-04
9.668587541730001249e+03 -2.367458269999202614e+00 1.137935969232187094e+00 2.420410642799999924e-04 3.439454663899999855e-04 -1.019044021000000034e-04
9.668692000000000917e+03 -2.262999999999534495e+00 1.149919672740976173e+00 2.557574254685203983e-04 3.418745969207546195e-04 -8.611717144327877898e-05
9.669087541730001249e+03 -1.867458269999202614e+00 1.194207861278540950e+00 3.076958046300000264e-04 3.340330417000000256e-04 -2.633723706500000096e-05
9.669140000000001237e+03 -1.814999999999214353e+00 1.199958769480723442e+00 3.127399999126525979e-04 3.329909900810123146e-04 -2.025099016304496109e-05
9.669587541730001249e+03 -1.367458269999202614e+00 1.247944935406420930e+00 3.557739749799999841e-04 3.241008458899999898e-04 3.167312909799999696e-05
9.669606999999999971e+03 -1.348000000000480370e+00 1.249989496233149255e+00 3.567469642925338055e-04 3.237275129119323268e-04 3.301945138817341795e-05
9.670087541726001291e+03 -8.674582739991603120e-01 1.299461698790596698e+00 3.807759228599999794e-04 3.145076761199999964e-04 6.626824673699999559e-05
9.670093000000000757e+03 -8.619999999996945661e-01 1.300012819350716997e+00 3.808855296680892515e-04 3.144086117005771429e-04 6.647691796449030160e-05
9.670587541726001291e+03 -3.674582739991603120e-01 1.349012547195470813e+00 3.908163502999999921e-04 3.054329741699999970e-04 8.538337612499999351e-05
9.670596999999999753e+03 -3.580000000006986483e-01 1.349932349975339507e+00 3.907206508637727079e-04 3.052727815970655931e-04 8.544786926170709965e-05
9.671087541726001291e+03 1.325417260008396880e-01 1.396806714745415956e+00 3.857573175299999877e-04 2.969645912000000183e-04 8.879272632499999489e-05
9.671121000000001004e+03 1.660000000005528165e-01 1.399946689834637992e+00 3.843345646898473013e-04 2.964406902977054724e-04 8.789387438761027036e-05
9.671587541726001291e+03 6.325417260008396880e-01 1.443018760870748984e+00 3.644957180799999748e-04 2.891354231099999873e-04 7.536029497200000162e-05
9.671664000000000669e+03 7.090000000002181224e-01 1.449955522349051007e+00 3.603140286908881320e-04 2.880358346772853126e-04 7.227819401514413479e-05
9.672087541730001249e+03 1.132541730000797386e+00 1.487796118808583090e+00 3.371494989999999784e-04 2.819446484300000251e-04 5.520485056900000035e-05
9.672226000000000568e+03 1.271000000000116259e+00 1.499959398365525276e+00 3.306408068695359127e-04 2.801200534394413162e-04 5.052075343020231198e-05
9.672587541730001249e+03 1.632541730000797386e+00 1.531264652830774509e+00 3.136453337000000155e-04 2.753556776499999927e-04 3.828965605299999668e-05
9.672807000000000698e+03 1.852000000000247226e+00 1.549958797595160975e+00 3.065164585082212493e-04 2.727148537268887893e-04 3.380160478169890674e-05
9.673087541730001249e+03 2.132541730000797386e+00 1.573532835016804521e+00 2.974033502199999852e-04 2.693389895499999809e-04 2.806436066699999991e-05
9.673407000000001062e+03 2.452000000000611024e+00 1.599954139743766879e+00 2.915500361100845528e-04 2.658130168455612933e-04 2.573701925832867717e-05
9.673587541730001249e+03 2.632541730000797386e+00 1.614694933646319219e+00 2.882420376799999851e-04 2.638203145999999731e-04 2.442172307199999930e-05
9.674025999999999840e+03 3.070999999999388663e+00 1.649945793614544076e+00 2.852634015185306730e-04 2.593190682301240130e-04 2.594433328391427515e-05
9.674087541730001249e+03 3.132541730000797386e+00 1.654833488484614978e+00 2.848453220000000019e-04 2.586872760899999952e-04 2.615804590599999871e-05
9.674665000000000873e+03 3.710000000000421849e+00 1.700011282399241486e+00 2.858630373959468235e-04 2.535074116630001671e-04 3.235562573355324034e-05
9.674714317370000572e+03 3.759317370000120562e+00 1.703814134857835505e+00 2.859499545799999752e-04 2.530650294100000061e-04 3.288492517100000335e-05
9.675322000000000116e+03 4.366999999999665150e+00 1.749994293691794933e+00 2.884160707019696132e-04 2.491312687735348246e-04 3.928480192567100811e-05
9.675360142929999711e+03 4.405142929999259493e+00 1.752852343362832244e+00 2.885708635000000023e-04 2.488843550899999904e-04 3.968650840699999740e-05
9.675997999999999593e+03 5.042999999999141281e+00 1.799974609033689665e+00 2.904784628947157149e-04 2.491523447391372366e-04 4.132611815449719668e-05
9.676025018410000484e+03 5.070018410000033171e+00 1.801943414506762764e+00 2.905592651700000199e-04 2.491636962699999886e-04 4.139556889899999710e-05
9.676693000000001120e+03 5.738000000000669232e+00 1.849952446935221095e+00 2.871703297684374411e-04 2.483610113059195280e-04 3.880931845858782248e-05
9.676708943810001074e+03 5.753943810000622605e+00 1.851083142513062052e+00 2.870894405000000036e-04 2.483418523099999880e-04 3.874758818600000079e-05
9.677408000000001266e+03 6.453000000000814751e+00 1.899997074869211211e+00 2.804645240659232701e-04 2.460060219932027801e-04 3.445850207269816900e-05
9.677411919129999660e+03 6.456919129999208806e+00 1.900267752677848865e+00 2.804273826900000001e-04 2.459929265899999848e-04 3.443445610000000167e-05
9.678133944369999881e+03 7.178944369999429753e+00 1.949493847951080827e+00 2.721344189999999998e-04 2.427315396700000037e-04 2.940287933099999983e-05
9.678140999999999622e+03 7.185999999999170385e+00 1.949968754198961873e+00 2.720487743526464521e-04 2.426963579259278374e-04 2.935241642772811539e-05
9.678875019540000721e+03 7.920019540000270197e+00 1.998758363863880838e+00 2.631388903799999814e-04 2.390362896400000060e-04 2.410260074199999978e-05
9.678894000000000233e+03 7.938999999999781565e+00 2.000004191502662287e+00 2.629184195956605231e-04 2.389361525394605049e-04 2.398226705816998983e-05
9.679635144620000574e+03 8.680144620000122657e+00 2.048058526597239748e+00 2.542860894433139184e-04 2.349923130510258055e-04 1.929343537644076737e-05
9.679665000000000873e+03 8.710000000000421849e+00 2.049970687340530340e+00 2.539885809666118629e-04 2.348260850431812554e-04 1.916215192243656923e-05
9.680414319620000242e+03 9.459319619999790874e+00 2.097391823093509355e+00 2.465258160451184034e-04 2.306579990971523110e-04 1.586744792987393007e-05
9.680456000000000131e+03 9.500999999999679702e+00 2.099998151836547589e+00 2.462092134684511408e-04 2.304226114679116069e-04 1.578631770996559609e-05
9.681212544500000149e+03 1.025754449999969786e+01 2.146755966627967638e+00 2.404741760777455255e-04 2.261961446295106390e-04 1.427872104752400675e-05
9.681265000000001237e+03 1.031000000000078565e+01 2.149960252127960825e+00 2.401935038562830400e-04 2.259062704979754202e-04 1.428816339583014834e-05
9.682029819400000633e+03 1.107481940000018206e+01 2.196148885465895706e+00 2.360774258070394589e-04 2.217672439753509282e-04 1.431305876967592727e-05
9.682094000000000960e+03 1.113900000000050916e+01 2.199980749819791637e+00 2.358550983290949588e-04 2.214636566809728680e-04 1.439476047053450043e-05
9.682866144100000383e+03 1.191114409999993207e+01 2.245568667949634722e+00 2.333784873575759408e-04 2.182031818515019401e-04 1.518349370432970885e-05
9.682942000000000917e+03 1.198700000000046550e+01 2.249997424658124245e+00 2.332358232809642474e-04 2.179736850534895161e-04 1.527092979246023646e-05
9.683721518800000922e+03 1.276651880000047079e+01 2.295013590107657819e+00 2.321798779376136679e-04 2.158143869312639568e-04 1.638377599268748825e-05
9.683808000000000902e+03 1.285300000000045095e+01 2.299953467270577701e+00 2.321099856176360465e-04 2.156625567159472503e-04 1.646700455388638520e-05
9.684595943399999669e+03 1.364094339999921779e+01 2.344482055762171502e+00 2.319987606211276298e-04 2.144588009901769352e-04 1.758286321989518711e-05
9.684694000000001324e+03 1.373900000000087296e+01 2.349964437621665514e+00 2.319961237657218120e-04 2.143827812265629003e-04 1.765976665298592903e-05
9.685489418000001024e+03 1.453441800000057249e+01 2.393972610904522735e+00 2.324104227695585707e-04 2.139179706383657355e-04 1.858425528823061881e-05
9.685599000000000160e+03 1.464399999999970881e+01 2.399972221111235982e+00 2.324726799930853377e-04 2.139162899517099703e-04 1.865555856187997965e-05
9.686401942399999825e+03 1.544694239999937402e+01 2.443483902585490863e+00 2.326599332140709300e-04 2.140738990831695223e-04 1.872839969513733323e-05
9.686523000000001048e+03 1.556800000000059647e+01 2.449977012885667271e+00 2.326879264569449370e-04 2.141506863647290237e-04 1.868689137808487655e-05
9.687333516800001235e+03 1.637851680000078147e+01 2.493014705850337798e+00 2.327102626017903966e-04 2.147542085957373874e-04 1.815146531418235004e-05
9.687466000000000349e+03 1.651099999999989620e+01 2.499978992466393990e+00 2.327188978140436269e-04 2.148955321508417518e-04 1.802683991340586449e-05
9.688284141000000091e+03 1.732914099999963753e+01 2.542563870080922328e+00 2.323338263140540053e-04 2.158167724627097590e-04 1.675427446493321215e-05
9.688427999999999884e+03 1.747299999999943054e+01 2.549978325284629754e+00 2.322642980109772617e-04 2.160090321139476483e-04 1.649843291988776079e-05
9.689253815199999735e+03 1.829881519999928230e+01 2.592130352481034627e+00 2.312420649433625294e-04 2.171236040020091895e-04 1.436967483764008662e-05
9.689408999999999651e+03 1.845399999999919771e+01 2.599975164037636954e+00 2.310325398006199947e-04 2.173503951949769470e-04 1.393409338559805625e-05
9.690242539400000169e+03 1.928753939999971578e+01 2.641713178228054737e+00 2.287775517147694598e-04 2.181961403087839964e-04 1.078490325603442492e-05
9.690408999999999651e+03 1.945399999999919771e+01 2.649969649891612100e+00 2.282857584473943534e-04 2.183637664783989621e-04 1.011491806787593787e-05
9.691250313399999868e+03 2.029531339999941508e+01 2.691311434274705316e+00 2.251884078910045819e-04 2.191344880147764909e-04 6.161587518166955537e-06
9.691427999999999884e+03 2.047299999999943054e+01 2.699961913550601000e+00 2.244879937084257602e-04 2.192876345651023444e-04 5.289158369672324965e-06
9.692277137400000356e+03 2.132213739999990310e+01 2.740924292542483709e+00 2.206560371696538662e-04 2.199284020586644232e-04 6.979329156657785800e-07
9.692467000000000553e+03 2.151200000000009993e+01 2.749999798133768714e+00 2.197576559029816167e-04 2.200549519394167969e-04 -3.540748885352796022e-07
9.693323011300000871e+03 2.236801130000041837e+01 2.790550969495445344e+00 2.154384339757742413e-04 2.205250971771484966e-04 -5.287163342634118693e-06
9.693524000000001251e+03 2.256900000000079842e+01 2.799987120345187375e+00 2.143964858054917531e-04 2.206141688077842375e-04 -6.451981868609689334e-06
9.694387935099999595e+03 2.343293509999914193e+01 2.840190740771588285e+00 2.103683574340226492e-04 2.210853257542833180e-04 -1.108471180229625081e-05
9.694600000000000364e+03 2.364499999999991076e+01 2.849972588640921511e+00 2.093710088146035321e-04 2.211791739260069833e-04 -1.220903558209023360e-05
9.695471908800000165e+03 2.451690879999971173e+01 2.889842931594820641e+00 2.056768425965900353e-04 2.214730039780963070e-04 -1.631228913624652984e-05
9.695695999999999913e+03 2.474099999999945965e+01 2.900001552369435576e+00 2.047267616931987126e-04 2.215260898460804382e-04 -1.734474614868024140e-05
9.696574932400000762e+03 2.561993240000030880e+01 2.939506912617003032e+00 2.015583639311845424e-04 2.216516248285313180e-04 -2.072626675984542559e-05
9.696810000000001310e+03 2.585500000000085663e+01 2.949982827193631252e+00 2.007087072901414298e-04 2.216644024995244029e-04 -2.161122406110685724e-05
9.697697006000000329e+03 2.674200599999987560e+01 2.989182100561122546e+00 1.981730712074220675e-04 2.216447775450425197e-04 -2.418249847480945718e-05
9.697944000000001324e+03 2.698900000000087118e+01 3.000006287254053383e+00 1.974590000000000080e-04 2.216219999999999865e-04 -2.488792897799999837e-05
9.698838129499999923e+03 2.788312949999946966e+01 3.038867941523221372e+00 1.960075918706597376e-04 2.217174669518229030e-04 -2.644140902810362679e-05
9.699095999999999549e+03 2.814099999999909585e+01 3.049983802521107012e+00 1.955890000000000005e-04 2.217449999999999987e-04 -2.688968567999999826e-05
9.699998302899999544e+03 2.904330289999909098e+01 3.088563921376870525e+00 1.948337447569112757e-04 2.218396956115187865e-04 -2.772250091578200808e-05
9.700268000000000029e+03 2.931299999999957606e+01 3.100002263475568842e+00 1.946080000000000043e-04 2.218680000000000110e-04 -2.797156436399999820e-05
9.701177526200001012e+03 3.022252620000055856e+01 3.138269558459780839e+00 1.945560270742857103e-04 2.219620098509243571e-04 -2.808113330129500458e-05
9.701458000000000538e+03 3.050300000000008538e+01 3.149976396850841187e+00 1.945399999999999907e-04 2.219909999999999961e-04 -2.811493815900000169e-05
9.702375799499999630e+03 3.142079949999917687e+01 3.187984405174626446e+00 1.952059735214875980e-04 2.220842969739669531e-04 -2.748999951720494138e-05
9.702667999999999665e+03 3.171299999999921226e+01 3.199990302128349562e+00 1.954179999999999915e-04 2.221140000000000083e-04 -2.729092506600000250e-05
9.703593122600001152e+03 3.263812260000069898e+01 3.237708029174731106e+00 1.969671475270952084e-04 2.223488561848657415e-04 -2.590866989795611404e-05
9.703897000000000844e+03 3.294200000000039097e+01 3.250001763731375171e+00 1.974760000000000046e-04 2.224259999999999877e-04 -2.545398658799999809e-05
9.704829495699999825e+03 3.387449569999937182e+01 3.287440040165784172e+00 1.996730107190056093e-04 2.226585630815557288e-04 -2.341747278356006315e-05
9.705144000000000233e+03 3.418899999999977979e+01 3.299971124729633498e+00 2.004139999999999958e-04 2.227370000000000055e-04 -2.272964263900000023e-05
9.706084918700000344e+03 3.512991869999989092e+01 3.337180059256482423e+00 2.032412119107339973e-04 2.229679595230465701e-04 -2.005909608932156721e-05
9.706411000000000058e+03 3.545599999999960517e+01 3.349978619286468007e+00 2.042210000000000086e-04 2.230479999999999963e-04 -1.913229907679999997e-05
9.707359391600000890e+03 3.640439160000043728e+01 3.386927733628766646e+00 2.075750318793157195e-04 2.232773544227060515e-04 -1.593750479669610217e-05
9.707697000000000116e+03 3.674199999999966337e+01 3.399983966557281967e+00 2.087690000000000064e-04 2.233589999999999870e-04 -1.479862820910000094e-05
9.708652914500000406e+03 3.769791449999995336e+01 3.436682734659334049e+00 2.125421153942529085e-04 2.236871606865900391e-04 -1.129350641071334290e-05
9.709002000000000407e+03 3.804699999999995441e+01 3.449987259912667525e+00 2.139200000000000118e-04 2.238069999999999936e-04 -1.001090949070000037e-05
9.709965487299999950e+03 3.901048729999949671e+01 3.486444744908218762e+00 2.178350767930513463e-04 2.241330138296072493e-04 -6.372262599577857229e-06
9.710326000000000931e+03 3.937100000000047828e+01 3.499988587383657812e+00 2.192999999999999908e-04 2.242550000000000001e-04 -5.008040234499999524e-06
9.711297109900000578e+03 4.034210990000012487e+01 3.536213464760699754e+00 2.231453927387937219e-04 2.245789443300074371e-04 -1.450971009100241197e-06
9.711668999999999869e+03 4.071399999999941599e+01 3.549988032038209784e+00 2.246179999999999965e-04 2.247030000000000067e-04 -8.605540672200000750e-08
9.712647782600000937e+03 4.169278260000048419e+01 3.585988625834708898e+00 2.281939340804699159e-04 2.250249490490455336e-04 3.189776524715411554e-06
9.713031000000000859e+03 4.207600000000040552e+01 3.599985672326583064e+00 2.295940000000000112e-04 2.251510000000000132e-04 4.474898640100000146e-06
9.714017505100000562e+03 4.306250510000010934e+01 3.635769952752871514e+00 2.327563881808110142e-04 2.255124566115858137e-04 7.285645462172144329e-06
9.714412000000000262e+03 4.345699999999980889e+01 3.649981582397556323e+00 2.340210000000000012e-04 2.256570000000000114e-04 8.412154474499999664e-06
9.715406277500000215e+03 4.445127749999976174e+01 3.685557199227281977e+00 2.366735903303571502e-04 2.260170704946428528e-04 1.070491762449460135e-05
9.715811999999999898e+03 4.485699999999944509e+01 3.699975832389863939e+00 2.377559999999999917e-04 2.261639999999999983e-04 1.164258347400000096e-05
9.716814099900000656e+03 4.585909990000020287e+01 3.735350132071854290e+00 2.398780523938732394e-04 2.265210863023943574e-04 1.340001667796810261e-05
9.717231999999999971e+03 4.627699999999951785e+01 3.750003484602589143e+00 2.407630000000000122e-04 2.266699999999999965e-04 1.413452919099999964e-05
9.718240972200001124e+03 4.728597220000067125e+01 3.785148523410025945e+00 2.423999486388038981e-04 2.270250347240611939e-04 1.540309652638391965e-05
9.718670000000000073e+03 4.771499999999961972e+01 3.799994149738296745e+00 2.430959999999999913e-04 2.271759999999999947e-04 1.594368874959999926e-05
9.719686894399999801e+03 4.873189439999934791e+01 3.834952160599558457e+00 2.443104106080988156e-04 2.275172912571036372e-04 1.680536840058446184e-05
9.720127000000000407e+03 4.917199999999995441e+01 3.849983355691555253e+00 2.448360000000000120e-04 2.276649999999999963e-04 1.717907727049999879e-05
9.721151866500000324e+03 5.019686649999987083e+01 3.884760841881071958e+00 2.457401307037914741e-04 2.280043092203791412e-04 1.773111960139742003e-05
9.721604000000001179e+03 5.064900000000072566e+01 3.900004808457745220e+00 2.461389999999999824e-04 2.281539999999999979e-04 1.797515852079999865e-05
9.722635888599999817e+03 5.168088859999936346e+01 3.934574379026924529e+00 2.468050685612040293e-04 2.284915207527759076e-04 1.829058190302437840e-05
9.723099000000000160e+03 5.214399999999970703e+01 3.949990835702761771e+00 2.471039999999999977e-04 2.286429999999999995e-04 1.843242127379999921e-05
9.724138960500000394e+03 5.318396049999994091e+01 3.984392583323316028e+00 2.475669678844121652e-04 2.289788921297886517e-04 1.854632089776576574e-05
9.724613000000001193e+03 5.365800000000074022e+01 3.999975574403118905e+00 2.477779999999999848e-04 2.291320000000000010e-04 1.859832365519999912e-05
9.725661082399999941e+03 5.470608239999948808e+01 4.034215288373421693e+00 2.479809207775749758e-04 2.294066604464146042e-04 1.851912918570231372e-05
9.726147000000000844e+03 5.519200000000039097e+01 4.049991475959133780e+00 2.480749999999999991e-04 2.295339999999999880e-04 1.848233016739999851e-05
9.727202254200001335e+03 5.624725420000088150e+01 4.084042326245045373e+00 2.480335508652929850e-04 2.298071565926593620e-04 1.816141395626432478e-05
9.727700000000000728e+03 5.674500000000027455e+01 4.100005391753128947e+00 2.480140000000000144e-04 2.299360000000000021e-04 1.800976019359999732e-05
9.728762475999999879e+03 5.780747599999942565e+01 4.133873543437562859e+00 2.476636737313813027e-04 2.302078748262253365e-04 1.738333412916756059e-05
9.729271000000000640e+03 5.831600000000018724e+01 4.149985770905611382e+00 2.474959999999999899e-04 2.303379999999999892e-04 1.708297170240000095e-05
9.730341747600001327e+03 5.938674760000087360e+01 4.183708784340713471e+00 2.467738678976743997e-04 2.306085471622878753e-04 1.608841534693281067e-05
9.730862000000000990e+03 5.990700000000053649e+01 4.199996303673152909e+00 2.464230000000000088e-04 2.307400000000000033e-04 1.560432320199999908e-05
9.731940069199999925e+03 6.098506919999947229e+01 4.233547913058626655e+00 2.452223924996273273e-04 2.309154373480745519e-04 1.423322514399419792e-05
9.732471999999999753e+03 6.151699999999929958e+01 4.250005047121683255e+00 2.446300000000000210e-04 2.310020000000000085e-04 1.355593656640000026e-05
9.733557440700000370e+03 6.260244069999991723e+01 4.283390790818373262e+00 2.430265080568181876e-04 2.311766839455774028e-04 1.178570440748653157e-05
9.734100000000000364e+03 6.314499999999991076e+01 4.299981544088662844e+00 2.422249999999999924e-04 2.312639999999999867e-04 1.089984234239999933e-05
9.735193862100000842e+03 6.423886210000038943e+01 4.333237288250317398e+00 2.402669337408980439e-04 2.314379028338592141e-04 8.779150016247015665e-06
9.735747999999999593e+03 6.479299999999913950e+01 4.349987244151502175e+00 2.392750000000000020e-04 2.315259999999999920e-04 7.703610903200001082e-06
9.736849333400001342e+03 6.589433340000088890e+01 4.383087281860696294e+00 2.370604411776844832e-04 2.316997556593881230e-04 5.329740141464854018e-06
9.737415000000000873e+03 6.646000000000042007e+01 4.399991325741668291e+00 2.359229999999999975e-04 2.317890000000000130e-04 4.109085855299999809e-06
9.738523854700000811e+03 6.756885470000035809e+01 4.432940656662604617e+00 2.334790474109133896e-04 2.318514799504745050e-04 1.618354788939522526e-06
9.739101000000000568e+03 6.814600000000011448e+01 4.449993843418842410e+00 2.322070000000000080e-04 2.318839999999999910e-04 3.214283254399999986e-07
9.740217425800001365e+03 6.926242580000091209e+01 4.482797293993977306e+00 2.297809838187683264e-04 2.319462055431085123e-04 -2.151208228323288794e-06
9.740806000000000495e+03 6.985100000000004172e+01 4.499994849316196088e+00 2.285020000000000020e-04 2.319789999999999960e-04 -3.455304007100000294e-06
9.741930046900000889e+03 7.097504690000043581e+01 4.532657091987485565e+00 2.262408662127610268e-04 2.320409399393851490e-04 -5.763240984698225940e-06
9.742530000000000655e+03 7.157500000000020179e+01 4.549994393273687265e+00 2.250339999999999871e-04 2.320740000000000010e-04 -6.995592241199999414e-06
9.743661717900000440e+03 7.270671789999998680e+01 4.582519944611248341e+00 2.230666418605851986e-04 2.321356828459552484e-04 -9.011864129905315445e-06
9.744273000000001048e+03 7.331800000000059470e+01 4.599992522962911501e+00 2.220040000000000110e-04 2.321690000000000060e-04 -1.010137137029999925e-05
9.745412438900000780e+03 7.445743890000032650e+01 4.632385756058432058e+00 2.203032484069239450e-04 2.321237328473325825e-04 -1.174721563273009063e-05
9.746034999999999854e+03 7.507999999999940144e+01 4.649989284003773982e+00 2.193739999999999904e-04 2.320989999999999880e-04 -1.264619253379999981e-05
9.747182209700000385e+03 7.622720969999993201e+01 4.682254426189365937e+00 2.181153544335766260e-04 2.320545544810218995e-04 -1.385329385641867456e-05
9.747816000000000713e+03 7.686100000000026000e+01 4.699984720073955735e+00 2.174199999999999885e-04 2.320300000000000129e-04 -1.451997334000000017e-05
9.748971030500000779e+03 7.801603050000032624e+01 4.732125870173415905e+00 2.166217455877777814e-04 2.319850821472222205e-04 -1.526953586435735532e-05
9.749615999999999985e+03 7.866099999999953241e+01 4.749978873010902269e+00 2.161759999999999984e-04 2.319599999999999950e-04 -1.568796511199999920e-05
9.750778901200001201e+03 7.982390120000074774e+01 4.781999998480742420e+00 2.158245738131868115e-04 2.319152730307692356e-04 -1.599377002439040233e-05
9.751435999999999694e+03 8.048099999999924137e+01 4.799999123438042581e+00 2.156260000000000121e-04 2.318900000000000041e-04 -1.616651280699999969e-05
9.752605821799999831e+03 8.165082179999937750e+01 4.831876727989381060e+00 2.155897215219804261e-04 2.317601612365614730e-04 -1.607406040242219861e-05
9.753274000000001251e+03 8.231900000000079842e+01 4.849990546920038170e+00 2.155690000000000091e-04 2.316859999999999905e-04 -1.602129541739999948e-05
9.754451792300000307e+03 8.349679229999985353e+01 4.881755978970282683e+00 2.158918305227248220e-04 2.315559798484114081e-04 -1.557197934199747242e-05
9.755131000000001222e+03 8.417600000000076932e+01 4.899980808428132661e+00 2.160780000000000003e-04 2.314809999999999882e-04 -1.531309314869999660e-05
9.756316812799999752e+03 8.536181279999929927e+01 4.931637677576903300e+00 2.167002832221630163e-04 2.313514892786361354e-04 -1.456654202460741344e-05
9.757007999999999811e+03 8.605299999999935778e+01 4.949996455205663004e+00 2.170630000000000053e-04 2.312760000000000130e-04 -1.413177306600000114e-05
9.758200883100000283e+03 8.724588309999982982e+01 4.981521745013694158e+00 2.179235125053826088e-04 2.311475840884432624e-04 -1.314850428232828758e-05
9.758903000000000247e+03 8.794799999999979434e+01 4.999984231913630062e+00 2.184300000000000076e-04 2.310719999999999994e-04 -1.257027058559999926e-05
9.760104003399999783e+03 8.914900339999933010e+01 5.031408116039655098e+00 2.194177704203655412e-04 2.308894976556657996e-04 -1.140657563109038306e-05
9.760818000000001120e+03 8.986300000000066746e+01 5.049996940400661494e+00 2.200050000000000052e-04 2.307809999999999983e-04 -1.071562339199999967e-05
9.762026173600001130e+03 9.107117360000067663e+01 5.081296720224703023e+00 2.211219199292291870e-04 2.305997427087429013e-04 -9.424574301787832329e-06
9.762751000000000204e+03 9.179599999999975068e+01 5.099982382908581080e+00 2.217920000000000069e-04 2.304910000000000129e-04 -8.650995653900001367e-06
9.763967393799999627e+03 9.301239379999917389e+01 5.131187494989803533e+00 2.229865946279570039e-04 2.303103782887864809e-04 -7.282693683515863201e-06
9.764703999999999724e+03 9.374899999999927047e+01 5.149992318415099746e+00 2.237100000000000113e-04 2.302010000000000005e-04 -6.455135301300000732e-06
9.765927663800001028e+03 9.497266380000057495e+01 5.181080372564952796e+00 2.249367663958417977e-04 2.300204289220081236e-04 -5.055436648457150327e-06
9.766676000000001295e+03 9.572100000000084208e+01 5.200000802984041215e+00 2.256869999999999959e-04 2.299099999999999993e-04 -4.200524672999999881e-06
9.767906983799999580e+03 9.695198379999912675e+01 5.230975297797975543e+00 2.268969519159798830e-04 2.297101971018090439e-04 -2.797091144514103189e-06
9.768666000000001077e+03 9.771100000000062380e+01 5.249982881075474950e+00 2.276430000000000022e-04 2.295870000000000094e-04 -1.932957237359999751e-06
9.769905353699999978e+03 9.895035369999952479e+01 5.280872210163643388e+00 2.288157615608955061e-04 2.293878401765671576e-04 -5.682795662751595176e-07
9.770676000000001295e+03 9.972100000000084208e+01 5.299988822438328917e+00 2.295449999999999986e-04 2.292639999999999923e-04 2.791014083199999716e-07
9.771922773000000234e+03 1.009677729999997808e+02 5.330771041553106215e+00 2.306473710014785646e-04 2.290655240616066950e-04 1.573530790263125004e-06
9.772704999999999927e+03 1.017499999999994742e+02 5.349993428210864543e+00 2.313390000000000021e-04 2.289410000000000024e-04 2.384512091400000004e-06
9.773959243000001152e+03 1.030042430000006988e+02 5.380671770283823818e+00 2.323445991240234471e-04 2.287431872612304769e-04 3.581910412496652722e-06
9.774753000000000611e+03 1.037980000000001581e+02 5.399996735496340072e+00 2.329809999999999976e-04 2.286180000000000124e-04 4.338620956800000227e-06
9.776014763000001039e+03 1.050597630000005864e+02 5.430574327136548973e+00 2.338978689046927989e-04 2.284324286637639200e-04 5.434352141519953654e-06
9.776819999999999709e+03 1.058649999999992559e+02 5.449998780035217649e+00 2.344830000000000113e-04 2.283139999999999963e-04 6.132696691200000279e-06
9.778089331999999558e+03 1.071343319999991053e+02 5.480478638227577193e+00 2.352570126097794866e-04 2.281290158542665324e-04 7.085146066225691256e-06
9.778906000000000859e+03 1.079510000000004055e+02 5.499999596267537427e+00 2.357550000000000086e-04 2.280100000000000074e-04 7.697115977999999690e-06
9.780182952000001023e+03 1.092279520000005704e+02 5.530384703527378321e+00 2.363616280285035602e-04 2.278255850793349101e-04 8.482835036094142579e-06
9.781011000000000422e+03 1.100559999999999690e+02 5.549999217391235362e+00 2.367550000000000058e-04 2.277059999999999913e-04 8.991654528000000038e-06
9.782295621000001120e+03 1.113406210000006666e+02 5.580292428935898386e+00 2.371723203813559243e-04 2.275221371073446236e-04 9.587571963674715479e-06
9.783135000000000218e+03 1.121799999999997652e+02 5.599997675417962562e+00 2.374450000000000009e-04 2.274020000000000024e-04 9.976421362600000961e-06
9.784427341000000524e+03 1.134723410000000712e+02 5.630201816924030211e+00 2.376976788982734659e-04 2.272560613523098502e-04 1.037073139259755043e-05
9.785278000000000247e+03 1.143229999999997943e+02 5.649995001225474489e+00 2.378640000000000116e-04 2.271599999999999867e-04 1.062999763199999975e-05
9.786578110000000379e+03 1.156231099999999259e+02 5.680112777457798856e+00 2.378784323034227567e-04 2.270144742738205393e-04 1.078727784372332826e-05
9.787440000000000509e+03 1.164850000000000563e+02 5.699991224607465767e+00 2.378880000000000100e-04 2.269179999999999982e-04 1.089142862960000003e-05
9.788747929000001022e+03 1.177929290000005693e+02 5.730025292347477262e+00 2.376517212168729987e-04 2.267722747606602449e-04 1.079904384673046034e-05
9.789621000000001004e+03 1.186660000000005510e+02 5.749986374320760874e+00 2.374940000000000135e-04 2.266749999999999939e-04 1.073743607750000122e-05
9.790936798000000636e+03 1.199817980000001825e+02 5.779939321325224810e+00 2.370049846597001536e-04 2.265303279800090790e-04 1.039383782756637834e-05
9.791822000000000116e+03 1.208669999999996634e+02 5.800003104738912008e+00 2.366760000000000088e-04 2.264330000000000054e-04 1.016292440909999950e-05
9.793144717000001037e+03 1.221897170000005843e+02 5.829854825501143090e+00 2.360030178039657501e-04 2.263406065187021287e-04 9.584860426408278917e-06
9.794041000000001077e+03 1.230860000000006238e+02 5.849995996096007289e+00 2.355470000000000133e-04 2.262780000000000043e-04 9.193426234200000592e-06
9.795371686000000409e+03 1.244166859999999559e+02 5.879771767304720953e+00 2.346563084772118168e-04 2.261858389946380633e-04 8.399730982219355451e-06
9.796279000000000451e+03 1.253239999999999981e+02 5.899987897550312610e+00 2.340490000000000083e-04 2.261230000000000032e-04 7.858927477299998618e-06
9.797617705000000569e+03 1.266627050000001162e+02 5.929690110429561400e+00 2.329836089968999216e-04 2.260305119663419090e-04 6.892241738762256224e-06
9.798537000000000262e+03 1.275819999999998089e+02 5.950000890250001007e+00 2.322520000000000118e-04 2.259670000000000136e-04 6.228870741800000852e-06
9.799882773999999699e+03 1.289277739999992605e+02 5.979609819780540292e+00 2.310658740579964968e-04 2.258753501889279602e-04 5.142964923579424383e-06
9.800813000000000102e+03 1.298579999999996630e+02 5.999990702156350331e+00 2.302460000000000043e-04 2.258120000000000125e-04 4.392878904400000755e-06
9.802166892000001098e+03 1.312118920000006597e+02 6.029530839658707286e+00 2.290808037491289342e-04 2.258007961898954937e-04 3.249404484614707407e-06
9.803109000000000378e+03 1.321539999999999395e+02 6.050001291221705380e+00 2.282700000000000083e-04 2.257930000000000115e-04 2.453782848199999885e-06
9.805423000000000684e+03 1.344680000000002451e+02 6.099989118913015318e+00 2.262759999999999999e-04 2.257740000000000105e-04 4.971340283400000364e-07
9.807756999999999607e+03 1.368019999999991683e+02 6.149997418191683884e+00 2.243609999999999886e-04 2.257550000000000095e-04 -1.379604607850000079e-06
9.810109000000000378e+03 1.391539999999999395e+02 6.199983360132773846e+00 2.226110000000000003e-04 2.257349999999999927e-04 -3.091553692499999649e-06
9.812480999999999767e+03 1.415259999999993283e+02 6.249989476304460112e+00 2.210939999999999943e-04 2.257159999999999917e-04 -4.571223003599999250e-06
9.814872000000001208e+03 1.439170000000007690e+02 6.299994455509718705e+00 2.198609999999999876e-04 2.256969999999999907e-04 -5.770169501999999099e-06
9.817282000000001062e+03 1.463270000000006235e+02 6.349998324608631783e+00 2.189410000000000032e-04 2.256779999999999897e-04 -6.658539118799999421e-06
9.819711000000001150e+03 1.487560000000007108e+02 6.400001109621363149e+00 2.183479999999999904e-04 2.256589999999999887e-04 -7.222848140199999981e-06
9.822158999999999651e+03 1.512039999999992119e+02 6.450002835760574982e+00 2.180829999999999921e-04 2.256389999999999991e-04 -7.463777097599999858e-06
9.824626000000000204e+03 1.536709999999997649e+02 6.500003527462714814e+00 2.181309999999999890e-04 2.256199999999999981e-04 -7.394086325999998959e-06
9.827112000000000990e+03 1.561570000000005507e+02 6.550003208417458644e+00 2.184780000000000044e-04 2.256690000000000106e-04 -7.099998077999999801e-06
9.829617000000000189e+03 1.586619999999997503e+02 6.600001901596151299e+00 2.190989999999999973e-04 2.257179999999999961e-04 -6.534581243599999933e-06
9.832140999999999622e+03 1.611859999999991828e+02 6.649999629278909197e+00 2.199579999999999971e-04 2.257679999999999973e-04 -5.734552353600000415e-06
9.834684000000001106e+03 1.637290000000006671e+02 6.699996413080377522e+00 2.210070000000000068e-04 2.258170000000000099e-04 -4.747373372699999921e-06
9.837246000000001004e+03 1.662910000000005653e+02 6.749992273974302570e+00 2.221889999999999965e-04 2.258659999999999954e-04 -3.628672809599999626e-06
9.839827000000001135e+03 1.688720000000006962e+02 6.799987232317323382e+00 2.234450000000000130e-04 2.259150000000000080e-04 -2.438097271500000109e-06
9.842427999999999884e+03 1.714729999999994448e+02 6.850000466166318525e+00 2.247130000000000015e-04 2.259639999999999934e-04 -1.234463928400000098e-06
9.845047000000000480e+03 1.740920000000000414e+02 6.899993539310790958e+00 2.259410000000000108e-04 2.260130000000000060e-04 -7.103226969200001072e-08
9.847685000000001310e+03 1.767300000000008708e+02 6.949985769490864662e+00 2.270840000000000098e-04 2.260630000000000072e-04 1.008123427240000109e-06
9.850343000000000757e+03 1.793880000000003179e+02 6.999995922538436055e+00 2.281089999999999941e-04 2.261119999999999927e-04 1.969912616320000156e-06
9.853019000000000233e+03 1.820639999999997940e+02 7.049986387521265385e+00 2.288869999999999924e-04 2.260259999999999938e-04 2.823381176399999714e-06
9.855715000000000146e+03 1.847599999999997067e+02 7.099994547797226829e+00 2.295110000000000054e-04 2.259410000000000108e-04 3.523798430100000350e-06
9.858430000000000291e+03 1.874749999999998522e+02 7.150001677678725187e+00 2.299679999999999910e-04 2.258550000000000119e-04 4.060579288500000127e-06
9.861163000000000466e+03 1.902080000000000268e+02 7.199989571667311239e+00 2.302539999999999947e-04 2.257700000000000017e-04 4.428907512999999685e-06
9.863916000000001077e+03 1.929610000000006380e+02 7.249994830292107117e+00 2.303689999999999894e-04 2.256840000000000029e-04 4.627763261999999904e-06
9.866688000000000102e+03 1.957329999999996630e+02 7.299999119448512097e+00 2.303139999999999907e-04 2.255989999999999927e-04 4.659476626199999455e-06
9.869479000000001179e+03 1.985240000000007399e+02 7.350002458923351689e+00 2.300960000000000006e-04 2.255129999999999938e-04 4.529406053699999920e-06
9.872288000000000466e+03 2.013330000000000268e+02 7.399987133614512658e+00 2.297239999999999981e-04 2.254280000000000108e-04 4.246950805999999802e-06
9.875117000000000189e+03 2.041619999999997503e+02 7.449988749989903347e+00 2.292109999999999981e-04 2.253420000000000119e-04 3.825946612800000777e-06
9.877965000000000146e+03 2.070099999999997067e+02 7.499989471314939316e+00 2.285780000000000060e-04 2.252570000000000017e-04 3.285328293600000182e-06
9.880832000000000335e+03 2.098769999999998959e+02 7.549989315372358512e+00 2.276559999999999901e-04 2.249850000000000016e-04 2.643101281500000199e-06
9.883718000000000757e+03 2.127630000000003179e+02 7.599988299476625464e+00 2.266659999999999877e-04 2.247139999999999901e-04 1.932383100200000167e-06
9.886622999999999593e+03 2.156679999999991537e+02 7.649986440489222161e+00 2.256380000000000104e-04 2.244430000000000058e-04 1.183728093010000008e-06
9.889548000000000684e+03 2.185930000000002451e+02 7.700000798246167122e+00 2.246030000000000042e-04 2.241710000000000057e-04 4.271421485300000113e-07
9.892490999999999985e+03 2.215359999999995466e+02 7.749997191971426780e+00 2.235879999999999877e-04 2.238999999999999942e-04 -3.095977250000000255e-07
9.895453000000001339e+03 2.244980000000008999e+02 7.799992792027558686e+00 2.226180000000000021e-04 2.236290000000000098e-04 -1.002068131259999962e-06
9.898434000000001106e+03 2.274790000000006671e+02 7.849987613578844226e+00 2.217149999999999872e-04 2.233579999999999984e-04 -1.629581997139999990e-06
9.901435000000001310e+03 2.304800000000008708e+02 7.899998283343832028e+00 2.208939999999999894e-04 2.230859999999999983e-04 -2.175092961719999947e-06
9.904453999999999724e+03 2.334989999999992847e+02 7.949991487390438039e+00 2.201709999999999898e-04 2.228149999999999868e-04 -2.624894388999999928e-06
9.907493000000000393e+03 2.365379999999999541e+02 8.000000361760031709e+00 2.195549999999999943e-04 2.225440000000000024e-04 -2.968291871999999762e-06
9.910550000000001091e+03 2.395950000000006526e+02 8.049992009684984851e+00 2.189980000000000062e-04 2.222220000000000011e-04 -3.202552353000000324e-06
9.913627000000000407e+03 2.426719999999999686e+02 8.099999153682540864e+00 2.185590000000000059e-04 2.218999999999999998e-04 -3.319668379999999814e-06
9.916721999999999753e+03 2.457669999999993138e+02 8.149989303831929988e+00 2.182399999999999976e-04 2.215779999999999985e-04 -3.317776025199999706e-06
9.919836999999999534e+03 2.488819999999990955e+02 8.199994779347523632e+00 2.180399999999999927e-04 2.212570000000000129e-04 -3.197296404200000098e-06
9.922971000000001368e+03 2.520160000000009290e+02 8.249999394401305253e+00 2.179569999999999869e-04 2.209350000000000116e-04 -2.961368553000000310e-06
9.926122999999999593e+03 2.551679999999991537e+02 8.299987353193223782e+00 2.179829999999999897e-04 2.206130000000000103e-04 -2.616359873500000240e-06
9.929295000000000073e+03 2.583399999999996339e+02 8.349990388290772003e+00 2.181080000000000063e-04 2.202910000000000089e-04 -2.172712509720000373e-06
9.932486000000000786e+03 2.615310000000003470e+02 8.399992607346277396e+00 2.183160000000000016e-04 2.199690000000000076e-04 -1.645522098300000085e-06
9.935695999999999913e+03 2.647409999999994739e+02 8.449994024846317231e+00 2.185880000000000017e-04 2.196470000000000063e-04 -1.055052399800000048e-06
9.938925000000001091e+03 2.679700000000006526e+02 8.499994654936456229e+00 2.188969999999999881e-04 2.193259999999999936e-04 -4.266219689000000184e-07
9.942173000000000684e+03 2.712180000000002451e+02 8.549994511431027178e+00 2.193150000000000102e-04 2.191010000000000017e-04 2.128055709670000054e-07
9.945440000000000509e+03 2.744850000000000705e+02 8.599993607822977282e+00 2.197169999999999972e-04 2.188769999999999984e-04 8.365829143199999683e-07
9.948726000000000568e+03 2.777710000000001287e+02 8.649991957293050149e+00 2.200699999999999987e-04 2.186529999999999951e-04 1.412085125830000106e-06
9.952031000000000859e+03 2.810760000000004197e+02 8.699989572718800801e+00 2.203429999999999874e-04 2.184280000000000032e-04 1.907863734560000088e-06
9.955355999999999767e+03 2.844009999999993283e+02 8.750001464881682622e+00 2.205080000000000104e-04 2.182040000000000000e-04 2.296553459200000157e-06
9.958699000000000524e+03 2.877440000000000850e+02 8.799997564471196299e+00 2.205460000000000124e-04 2.179799999999999967e-04 2.557646532000000108e-06
9.962060999999999694e+03 2.911059999999992556e+02 8.849992967879067862e+00 2.204429999999999899e-04 2.177559999999999934e-04 2.679683560399999895e-06
9.965443000000001120e+03 2.944880000000006817e+02 8.900002432255522677e+00 2.202000000000000127e-04 2.175310000000000015e-04 2.661426525699999910e-06
9.968843000000000757e+03 2.978880000000003179e+02 8.949996395867998444e+00 2.198260000000000058e-04 2.173069999999999982e-04 2.511981997199999794e-06
9.972262000000000626e+03 3.013070000000001869e+02 8.999989698632392177e+00 2.193379999999999928e-04 2.170829999999999949e-04 2.249283796200000030e-06
9.975701000000000931e+03 3.047460000000004925e+02 9.049996852527790736e+00 2.188799999999999915e-04 2.169639999999999915e-04 1.910571966159999997e-06
9.979158000000001266e+03 3.082030000000008272e+02 9.099988786547374531e+00 2.183540000000000036e-04 2.168460000000000038e-04 1.504314913500000091e-06
9.982635000000000218e+03 3.116799999999997794e+02 9.149994435279580784e+00 2.177889999999999980e-04 2.167270000000000004e-04 1.058633373280000032e-06
9.986131000000001222e+03 3.151760000000007835e+02 9.199999310519000773e+00 2.172110000000000046e-04 2.166090000000000127e-04 6.004033244700000441e-07
9.989645000000000437e+03 3.186899999999999977e+02 9.249989237329071301e+00 2.166439999999999946e-04 2.164909999999999979e-04 1.531297130659999998e-07
9.993179000000000087e+03 3.222239999999996485e+02 9.299992679227871761e+00 2.161069999999999961e-04 2.163719999999999945e-04 -2.642637784799999709e-07
9.996731999999999971e+03 3.257769999999995321e+02 9.349995383647168978e+00 2.156150000000000015e-04 2.162540000000000068e-04 -6.377719717200000568e-07
1.000030400000000009e+04 3.293489999999996485e+02 9.399997362355891894e+00 2.151760000000000012e-04 2.161350000000000033e-04 -9.578973519000000290e-07
1.000389500000000044e+04 3.329399999999999977e+02 9.449998626873716390e+00 2.147960000000000082e-04 2.160169999999999885e-04 -1.218804636889999928e-06
1.000750500000000102e+04 3.365500000000005798e+02 9.499999188477623591e+00 2.144790000000000043e-04 2.158990000000000008e-04 -1.417314324289999986e-06
1.001113400000000001e+04 3.401789999999995757e+02 9.549999058208248570e+00 2.142009999999999910e-04 2.157650000000000052e-04 -1.562328473200000051e-06
1.001478200000000106e+04 3.438270000000006235e+02 9.599998246876134900e+00 2.139859999999999939e-04 2.156319999999999982e-04 -1.643928772640000118e-06
1.001844900000000052e+04 3.474940000000000850e+02 9.649996765067530902e+00 2.138340000000000130e-04 2.154980000000000025e-04 -1.662174863640000015e-06
1.002213500000000022e+04 3.511799999999997794e+02 9.699994623150352879e+00 2.137449999999999940e-04 2.153649999999999955e-04 -1.618315065849999833e-06
1.002584000000000015e+04 3.548849999999997067e+02 9.749991831279691823e+00 2.137150000000000096e-04 2.152309999999999998e-04 -1.515011009000000125e-06
1.002956500000000051e+04 3.586100000000000705e+02 9.800001790649350397e+00 2.137399999999999966e-04 2.150979999999999928e-04 -1.356696219319999956e-06
1.003330800000000090e+04 3.623530000000004634e+02 9.849997660542436861e+00 2.138130000000000076e-04 2.149639999999999971e-04 -1.149756450400000066e-06
1.003706999999999971e+04 3.661149999999992701e+02 9.899992910411349101e+00 2.139269999999999865e-04 2.148309999999999901e-04 -9.026382262199998790e-07
1.004085200000000077e+04 3.698970000000003324e+02 9.950000738971519709e+00 2.140710000000000041e-04 2.146969999999999944e-04 -6.256592625500000144e-07
1.004465200000000004e+04 3.736969999999996048e+02 9.999994710704767087e+00 2.142330000000000070e-04 2.145629999999999987e-04 -3.307231169400000147e-07
1.004847199999999975e+04 3.775169999999993138e+02 1.005000114868389538e+01 2.142789999999999994e-04 2.143090000000000110e-04 -3.013913190600000101e-08
1.005231000000000131e+04 3.813550000000008708e+02 1.009999388080129812e+01 2.143190000000000058e-04 2.140549999999999961e-04 2.643686277499999498e-07
1.005616799999999967e+04 3.852129999999992265e+02 1.014999896855825234e+01 2.143400000000000112e-04 2.137999999999999927e-04 5.396525800000000332e-07
1.006004399999999987e+04 3.890889999999994302e+02 1.019999049805906211e+01 2.143290000000000006e-04 2.135460000000000049e-04 7.833764173200000381e-07
1.006394000000000051e+04 3.929850000000000705e+02 1.024999427439310828e+01 2.142760000000000064e-04 2.132910000000000014e-04 9.847581482699998949e-07
1.006785499999999956e+04 3.968999999999991246e+02 1.029999737802056003e+01 2.141719999999999952e-04 2.130369999999999866e-04 1.135276303369999948e-06
1.007178900000000067e+04 4.008340000000002306e+02 1.034999981869143859e+01 2.140119999999999967e-04 2.127829999999999988e-04 1.229221857039999865e-06
1.007574200000000019e+04 4.047869999999997503e+02 1.040000160596803624e+01 2.137920000000000022e-04 2.125279999999999953e-04 1.264101667039999975e-06
1.007971299999999974e+04 4.087579999999992992e+02 1.044999019093385861e+01 2.135150000000000047e-04 2.122740000000000076e-04 1.240798843979999946e-06
1.008370399999999972e+04 4.127489999999992847e+02 1.049999075918283076e+01 2.131830000000000086e-04 2.120190000000000041e-04 1.163382176039999951e-06
1.008771399999999994e+04 4.167589999999995030e+02 1.054999070107546366e+01 2.128040000000000042e-04 2.117649999999999893e-04 1.038720030899999958e-06
1.009174300000000039e+04 4.207879999999999541e+02 1.059999002547529479e+01 2.123860000000000092e-04 2.115100000000000129e-04 8.757635003000000040e-07
1.009579200000000128e+04 4.248370000000008417e+02 1.065000106354020559e+01 2.119409999999999957e-04 2.112559999999999980e-04 6.847799863200000712e-07
1.009985900000000038e+04 4.289039999999999395e+02 1.069999912130323594e+01 2.114779999999999969e-04 2.110020000000000103e-04 4.764931564799999796e-07
1.010394499999999971e+04 4.329899999999992701e+02 1.074999658771645983e+01 2.110079999999999963e-04 2.107470000000000068e-04 2.613684293999999631e-07
1.010805000000000109e+04 4.370950000000006526e+02 1.079999347099268014e+01 2.105420000000000045e-04 2.104929999999999920e-04 4.905897203099999679e-08
1.011217500000000109e+04 4.412200000000006526e+02 1.085000187451079867e+01 2.100860000000000075e-04 2.102379999999999885e-04 -1.519623390179999861e-07
1.011631800000000112e+04 4.453630000000006817e+02 1.089999756007047793e+01 2.096490000000000116e-04 2.099840000000000007e-04 -3.345738067200000278e-07
1.012047999999999956e+04 4.495249999999991246e+02 1.094999268674365211e+01 2.092370000000000026e-04 2.097289999999999972e-04 -4.930393223600000160e-07
1.012466200000000026e+04 4.537069999999998231e+02 1.099999919253505354e+01 2.088520000000000122e-04 2.094750000000000095e-04 -6.229995974999999761e-07
1.012886200000000099e+04 4.579070000000005507e+02 1.104999317018139138e+01 2.085330000000000039e-04 2.092610000000000010e-04 -7.282785026400000156e-07
1.013308200000000033e+04 4.621269999999998959e+02 1.109999843478247072e+01 2.082460000000000116e-04 2.090469999999999926e-04 -8.012395225399999746e-07
1.013731999999999971e+04 4.663649999999992701e+02 1.114999129472944439e+01 2.079930000000000125e-04 2.088339999999999999e-04 -8.404399029599999734e-07
1.014157800000000134e+04 4.706230000000008999e+02 1.119999535083594466e+01 2.077740000000000066e-04 2.086199999999999914e-04 -8.454888773999999656e-07
1.014585499999999956e+04 4.748999999999991246e+02 1.124999878855518887e+01 2.075889999999999940e-04 2.084060000000000101e-04 -8.170786476599999434e-07
1.015015099999999984e+04 4.791959999999994011e+02 1.130000161609648579e+01 2.074350000000000087e-04 2.081920000000000016e-04 -7.569694566399999565e-07
1.015446500000000015e+04 4.835099999999997067e+02 1.134999227904249786e+01 2.073099999999999921e-04 2.079779999999999932e-04 -6.679816606199999168e-07
1.015879900000000089e+04 4.878440000000004488e+02 1.139999396099402773e+01 2.072099999999999897e-04 2.077650000000000005e-04 -5.539783630500000165e-07
1.016315200000000004e+04 4.921969999999996048e+02 1.144999505609582258e+01 2.071309999999999926e-04 2.075509999999999920e-04 -4.197885015799999782e-07
1.016752400000000125e+04 4.965690000000008126e+02 1.149999557200265876e+01 2.070659999999999992e-04 2.073370000000000107e-04 -2.711283747899999932e-07
1.017191500000000087e+04 5.009600000000004343e+02 1.154999551623658682e+01 2.070089999999999962e-04 2.071230000000000022e-04 -1.144586552759999935e-07
1.017632500000000073e+04 5.053700000000002888e+02 1.159999489618994417e+01 2.069530000000000089e-04 2.069089999999999937e-04 4.324336027299999717e-08
1.018075400000000081e+04 5.097990000000003761e+02 1.164999371912806048e+01 2.068910000000000085e-04 2.066960000000000010e-04 1.947640600080000033e-07
1.018520200000000114e+04 5.142470000000006394e+02 1.169999199219199504e+01 2.068150000000000045e-04 2.064819999999999926e-04 3.330265585200000044e-07
1.018967000000000007e+04 5.187149999999995771e+02 1.175000089126910119e+01 2.067199999999999995e-04 2.062680000000000112e-04 4.515247773599999875e-07
1.019415600000000086e+04 5.232010000000003629e+02 1.179999803820086335e+01 2.066000000000000074e-04 2.060540000000000028e-04 5.447799889799999622e-07
1.019866100000000006e+04 5.277059999999995625e+02 1.184999465636193072e+01 2.064500000000000037e-04 2.058399999999999943e-04 6.087656247999999861e-07
1.020318599999999969e+04 5.322309999999991987e+02 1.190000178050000201e+01 2.062689999999999999e-04 2.056260000000000130e-04 6.412241184000000097e-07
1.020772900000000118e+04 5.367740000000006830e+02 1.194999731486378813e+01 2.060560000000000072e-04 2.054129999999999932e-04 6.418540010999999174e-07
1.021229100000000108e+04 5.413360000000005812e+02 1.199999234050350871e+01 2.058130000000000029e-04 2.051990000000000118e-04 6.122809841600000736e-07
1.021687299999999959e+04 5.459179999999990969e+02 1.204999775455864253e+01 2.055419999999999914e-04 2.049789999999999902e-04 5.618515385799999202e-07
1.022147299999999996e+04 5.505179999999994607e+02 1.209999173664368399e+01 2.052470000000000086e-04 2.047589999999999957e-04 4.866711911999999724e-07
1.022609300000000076e+04 5.551380000000002610e+02 1.214999603023216501e+01 2.049320000000000091e-04 2.045390000000000012e-04 3.917964998900000237e-07
1.023073199999999997e+04 5.597769999999994752e+02 1.219999975163982775e+01 2.046030000000000060e-04 2.043190000000000067e-04 2.830451538900000469e-07
1.023538900000000103e+04 5.644340000000005375e+02 1.224999219487988000e+01 2.042660000000000124e-04 2.040990000000000122e-04 1.665370282380000321e-07
1.024006600000000071e+04 5.691110000000002174e+02 1.229999483638340863e+01 2.039280000000000031e-04 2.038800000000000063e-04 4.828224996000000274e-08
1.024476200000000063e+04 5.738070000000001301e+02 1.234999692603370569e+01 2.035929999999999869e-04 2.036600000000000118e-04 -6.615345218000000237e-08
1.024947700000000077e+04 5.785220000000002756e+02 1.239999847050670034e+01 2.032679999999999925e-04 2.034399999999999902e-04 -1.718811665599999998e-07
1.025421100000000115e+04 5.832560000000006539e+02 1.244999947637099247e+01 2.029540000000000087e-04 2.032199999999999957e-04 -2.648383361999999704e-07
1.025896399999999994e+04 5.880089999999994461e+02 1.249999995009000209e+01 2.026569999999999945e-04 2.030000000000000012e-04 -3.418540300000000146e-07
1.026373600000000079e+04 5.927810000000002901e+02 1.254999989802412586e+01 2.023790000000000083e-04 2.027800000000000067e-04 -4.006648908000000063e-07
1.026852700000000004e+04 5.975719999999995480e+02 1.259999932643266618e+01 2.021190000000000074e-04 2.025600000000000122e-04 -4.398732192000000012e-07
1.027333699999999953e+04 6.023819999999990387e+02 1.264999824147595220e+01 2.018800000000000119e-04 2.023399999999999906e-04 -4.589071200000000063e-07
1.027816600000000108e+04 6.072110000000005812e+02 1.269999664921724758e+01 2.016619999999999947e-04 2.021210000000000118e-04 -4.579374648600000642e-07
1.028301400000000103e+04 6.120590000000005375e+02 1.274999455562457662e+01 2.014619999999999898e-04 2.019009999999999902e-04 -4.378122234500000090e-07
1.028788100000000122e+04 6.169260000000007267e+02 1.279999196657273153e+01 2.012799999999999973e-04 2.016809999999999957e-04 -4.000120785899999661e-07
1.029276800000000003e+04 6.218129999999995334e+02 1.284999910062373907e+01 2.011129999999999971e-04 2.014610000000000012e-04 -3.465894751800000434e-07
1.029767300000000068e+04 6.267180000000001883e+02 1.289999549833204462e+01 2.009600000000000004e-04 2.012410000000000067e-04 -2.801355216400000135e-07
1.030259799999999996e+04 6.316429999999994607e+02 1.295000155188320790e+01 2.008169999999999985e-04 2.010210000000000122e-04 -2.037408141299999810e-07
1.030754100000000108e+04 6.365860000000005812e+02 1.299999695999270699e+01 2.006800000000000099e-04 2.008009999999999906e-04 -1.209271814240000000e-07
1.031250300000000061e+04 6.415480000000001155e+02 1.304999190127734465e+01 2.004730000000000032e-04 2.005099999999999895e-04 -3.631637119999999830e-08
1.031748500000000058e+04 6.465300000000000864e+02 1.309999639896224366e+01 2.002659999999999965e-04 2.002179999999999997e-04 4.778302679000000221e-08
1.032248600000000079e+04 6.515310000000002901e+02 1.315000036425042218e+01 2.000539999999999925e-04 1.999260000000000100e-04 1.274694188580000079e-07
1.032750500000000102e+04 6.565500000000005230e+02 1.319999386121069129e+01 1.998339999999999980e-04 1.996350000000000088e-04 1.990436811300000224e-07
1.033254399999999987e+04 6.615889999999993734e+02 1.324999681728444756e+01 1.996029999999999929e-04 1.993429999999999920e-04 2.592276306300000292e-07
1.033760200000000077e+04 6.666470000000002756e+02 1.329999925855785392e+01 1.993569999999999956e-04 1.990510000000000022e-04 3.053701106300000405e-07
1.034267900000000009e+04 6.717239999999995916e+02 1.335000119081543346e+01 1.990960000000000060e-04 1.987600000000000011e-04 3.356142104000000308e-07
1.034777400000000125e+04 6.768190000000007558e+02 1.339999282616073906e+01 1.988179999999999928e-04 1.984680000000000114e-04 3.490020086400000358e-07
1.035288900000000103e+04 6.819340000000005375e+02 1.344999379380449156e+01 1.985230000000000100e-04 1.981759999999999945e-04 3.455297648000000022e-07
1.035802300000000105e+04 6.870680000000005521e+02 1.349999426900405730e+01 1.982110000000000035e-04 1.978849999999999934e-04 3.261065645999999999e-07
1.036317600000000130e+04 6.922210000000007994e+02 1.354999425721090311e+01 1.978860000000000092e-04 1.975930000000000037e-04 2.924751826699999662e-07
1.036834799999999996e+04 6.973929999999994607e+02 1.359999376379625602e+01 1.975489999999999885e-04 1.973009999999999868e-04 2.470524201599999933e-07
1.037353900000000067e+04 7.025840000000001737e+02 1.364999279405264687e+01 1.972029999999999888e-04 1.970089999999999971e-04 1.927496654199999944e-07
1.037875000000000000e+04 7.077949999999995043e+02 1.370000093233265481e+01 1.968510000000000030e-04 1.967179999999999959e-04 1.327563226080000158e-07
1.038397900000000118e+04 7.130240000000006830e+02 1.374999899066882669e+01 1.964970000000000128e-04 1.964260000000000062e-04 7.032384724200000216e-08
1.038922700000000077e+04 7.182720000000002756e+02 1.379999658834792697e+01 1.961429999999999955e-04 1.961339999999999893e-04 8.574213557399999741e-09
1.039449400000000060e+04 7.235390000000001010e+02 1.384999373035879877e+01 1.957929999999999870e-04 1.958429999999999882e-04 -4.967224761899999709e-08
1.039978100000000086e+04 7.288260000000003629e+02 1.389999986292721168e+01 1.954489999999999917e-04 1.955509999999999985e-04 -1.020214988630000120e-07
1.040508600000000115e+04 7.341310000000006539e+02 1.394999607444483125e+01 1.951119999999999981e-04 1.952590000000000087e-04 -1.465858127750000142e-07
1.041041100000000006e+04 7.394559999999995625e+02 1.400000121894674088e+01 1.947849999999999994e-04 1.949680000000000076e-04 -1.820190053120000086e-07
1.041575400000000081e+04 7.447990000000003192e+02 1.404999652004390676e+01 1.945259999999999871e-04 1.947359999999999868e-04 -2.101688279999999658e-07
1.042111700000000019e+04 7.501619999999996935e+02 1.410000069722749849e+01 1.942760000000000081e-04 1.945050000000000088e-04 -2.282807932500000221e-07
1.042649799999999959e+04 7.555429999999990969e+02 1.414999510740682886e+01 1.940370000000000126e-04 1.942729999999999880e-04 -2.361096905499999878e-07
1.043189900000000125e+04 7.609440000000007558e+02 1.419999833743982087e+01 1.938080000000000119e-04 1.940420000000000100e-04 -2.338147887400000160e-07
1.043731900000000132e+04 7.663640000000008285e+02 1.425000108506987928e+01 1.935879999999999903e-04 1.938110000000000050e-04 -2.218980901200000064e-07
1.044275700000000143e+04 7.718020000000009304e+02 1.429999417814367568e+01 1.933770000000000020e-04 1.935790000000000113e-04 -2.011750399600000198e-07
1.044821500000000015e+04 7.772599999999996498e+02 1.434999600805615394e+01 1.931740000000000041e-04 1.933480000000000062e-04 -1.727452238160000069e-07
1.045369200000000092e+04 7.827370000000004211e+02 1.439999737031419258e+01 1.929780000000000080e-04 1.931160000000000125e-04 -1.379497109760000080e-07
1.045918800000000010e+04 7.882329999999996062e+02 1.444999826977243274e+01 1.927859999999999936e-04 1.928850000000000074e-04 -9.833894531999999844e-08
1.046470300000000134e+04 7.937480000000008431e+02 1.449999871121857709e+01 1.925979999999999880e-04 1.926529999999999866e-04 -5.562527864899999864e-08
1.047023700000000099e+04 7.992820000000004939e+02 1.454999869937440948e+01 1.924100000000000094e-04 1.924220000000000086e-04 -1.163606621519999998e-08
1.047579000000000087e+04 8.048350000000003774e+02 1.459999823889704196e+01 1.922220000000000038e-04 1.921899999999999878e-04 3.174998018999999526e-08
1.048136200000000099e+04 8.104070000000004939e+02 1.464999733437993967e+01 1.920319999999999937e-04 1.919590000000000098e-04 7.266876687600000359e-08
1.048695300000000134e+04 8.159980000000008431e+02 1.469999599035404358e+01 1.918370000000000134e-04 1.917280000000000048e-04 1.093484219679999982e-07
1.049256300000000010e+04 8.216079999999996062e+02 1.474999421128880250e+01 1.916370000000000085e-04 1.914960000000000110e-04 1.401902001840000118e-07
1.049819300000000112e+04 8.272380000000006248e+02 1.480000086876742849e+01 1.914290000000000132e-04 1.912650000000000060e-04 1.638567254999999930e-07
1.050384100000000035e+04 8.328859999999998536e+02 1.484999820293695727e+01 1.912130000000000004e-04 1.910330000000000123e-04 1.793478934560000098e-07
1.050950799999999981e+04 8.385529999999993152e+02 1.489999511531759246e+01 1.909880000000000085e-04 1.908020000000000072e-04 1.860775516780000246e-07
1.051519499999999971e+04 8.442399999999992133e+02 1.495000038834715639e+01 1.907549999999999990e-04 1.905700000000000135e-04 1.839131993300000338e-07
1.052090000000000146e+04 8.499450000000009595e+02 1.499999644053037073e+01 1.905130000000000105e-04 1.903390000000000084e-04 1.732022088130000153e-07
1.052662500000000000e+04 8.556699999999995043e+02 1.505000080352494152e+01 1.902030000000000083e-04 1.900469999999999915e-04 1.558946038649999949e-07
1.053236800000000039e+04 8.614129999999998972e+02 1.509999601276538961e+01 1.898869999999999931e-04 1.897550000000000018e-04 1.320214719850000057e-07
1.053813100000000122e+04 8.671760000000007267e+02 1.514999948352456727e+01 1.895660000000000075e-04 1.894619999999999963e-04 1.029513772559999961e-07
1.054391200000000026e+04 8.729569999999997663e+02 1.519999386662078678e+01 1.892410000000000132e-04 1.891700000000000065e-04 7.027154741000000498e-08
1.054971299999999974e+04 8.787579999999992424e+02 1.524999646248021534e+01 1.889139999999999873e-04 1.888779999999999897e-04 3.567603215200000109e-08
1.055553300000000127e+04 8.845780000000007703e+02 1.529999861318791687e+01 1.885859999999999999e-04 1.885859999999999999e-04 8.628224389200000463e-10
1.056137200000000121e+04 8.904170000000007121e+02 1.535000032309406492e+01 1.882610000000000056e-04 1.882929999999999944e-04 -3.255811921600000013e-08
1.056722999999999956e+04 8.962749999999990678e+02 1.540000159649231826e+01 1.879379999999999885e-04 1.880010000000000047e-04 -6.314107585499999703e-08
1.057310599999999977e+04 9.021509999999992715e+02 1.544999394350029398e+01 1.876190000000000073e-04 1.877089999999999878e-04 -8.965807759599999887e-08
1.057900200000000041e+04 9.080469999999999118e+02 1.549999438394286955e+01 1.873049999999999965e-04 1.874169999999999981e-04 -1.111377187489999828e-07
1.058491700000000128e+04 9.139620000000007849e+02 1.554999440025198609e+01 1.869969999999999987e-04 1.871250000000000083e-04 -1.268855328750000281e-07
1.059085100000000057e+04 9.198960000000000719e+02 1.559999399650584273e+01 1.866949999999999870e-04 1.868320000000000028e-04 -1.364919859199999924e-07
1.059680500000000029e+04 9.258499999999997954e+02 1.565000156230034989e+01 1.864000000000000043e-04 1.865400000000000131e-04 -1.398305705400000261e-07
1.060277700000000004e+04 9.318219999999995480e+02 1.570000030376558620e+01 1.861110000000000075e-04 1.862479999999999962e-04 -1.370390434240000079e-07
1.060876800000000003e+04 9.378129999999995334e+02 1.574999863727037663e+01 1.858270000000000082e-04 1.859560000000000065e-04 -1.284996870320000002e-07
1.061477800000000025e+04 9.438229999999997517e+02 1.579999656668763386e+01 1.855480000000000063e-04 1.856630000000000010e-04 -1.148102859399999966e-07
1.062080700000000070e+04 9.498520000000002028e+02 1.584999409584136920e+01 1.852740000000000018e-04 1.853710000000000112e-04 -9.675494956300000505e-08
1.062685599999999977e+04 9.559009999999992715e+02 1.589999948222973103e+01 1.850040000000000061e-04 1.850789999999999944e-04 -7.526811279899999054e-08
1.063292300000000068e+04 9.619680000000001883e+02 1.594999619626465837e+01 1.847349999999999990e-04 1.847870000000000046e-04 -5.140072149399999618e-08
1.063901000000000022e+04 9.680549999999997226e+02 1.600000072352006342e+01 1.844679999999999963e-04 1.844949999999999878e-04 -2.628168173999999883e-08
1.064511499999999978e+04 9.741599999999992860e+02 1.604999663780897734e+01 1.842140000000000086e-04 1.842160000000000130e-04 -1.490817718319999902e-09
1.065123999999999978e+04 9.802849999999992860e+02 1.610000032175624085e+01 1.839590000000000051e-04 1.839370000000000111e-04 2.252106234300000341e-08
1.065738299999999981e+04 9.864279999999993152e+02 1.614999545128956981e+01 1.837030000000000130e-04 1.836580000000000092e-04 4.472035568400000620e-08
1.066354600000000028e+04 9.925909999999997808e+02 1.619999830736508173e+01 1.834440000000000007e-04 1.833790000000000073e-04 6.417549821899999515e-08
1.066972800000000097e+04 9.987730000000004793e+02 1.625000074271174100e+01 1.831810000000000068e-04 1.831000000000000054e-04 8.010368660000000977e-08
1.067592799999999988e+04 1.004972999999999388e+03 1.629999471002624389e+01 1.829140000000000041e-04 1.828219999999999921e-04 9.191302921199999511e-08
1.068214800000000105e+04 1.011193000000000552e+03 1.634999634010571157e+01 1.826420000000000040e-04 1.825429999999999902e-04 9.922854937000000543e-08
1.068838700000000063e+04 1.017432000000000130e+03 1.639999756078028526e+01 1.823659999999999951e-04 1.822639999999999883e-04 1.019107284319999961e-07
1.069464500000000044e+04 1.023689999999999941e+03 1.644999837578324531e+01 1.820849999999999888e-04 1.819850000000000135e-04 1.000537151350000075e-07
1.070092200000000048e+04 1.029967000000000098e+03 1.649999878880258208e+01 1.818009999999999895e-04 1.817060000000000116e-04 9.397034813599999925e-08
1.070721800000000076e+04 1.036263000000000375e+03 1.654999880348167807e+01 1.815119999999999928e-04 1.814279999999999983e-04 8.416426777199999031e-08
1.071353299999999945e+04 1.042577999999999065e+03 1.659999842341997578e+01 1.812200000000000030e-04 1.811489999999999964e-04 7.128720367199999791e-08
1.071986700000000019e+04 1.048911999999999807e+03 1.664999765217370253e+01 1.809260000000000089e-04 1.808699999999999945e-04 5.609683049999999658e-08
1.072622000000000116e+04 1.055265000000000782e+03 1.669999649325643176e+01 1.806309999999999990e-04 1.805909999999999926e-04 3.940459501799999383e-08
1.073259200000000055e+04 1.061637000000000171e+03 1.674999495013974382e+01 1.803340000000000119e-04 1.803119999999999907e-04 2.202925797599999752e-08
1.073898400000000038e+04 1.068028999999999996e+03 1.680000083781163056e+01 1.800380000000000133e-04 1.800340000000000046e-04 4.755634116799999891e-09
1.074539400000000023e+04 1.074438999999999851e+03 1.684999851336750964e+01 1.797430000000000035e-04 1.797550000000000027e-04 -1.170075626399999968e-08
1.075182300000000032e+04 1.080867999999999938e+03 1.689999581503042947e+01 1.794490000000000093e-04 1.794760000000000008e-04 -2.671697683599999826e-08
1.075827200000000084e+04 1.087317000000000462e+03 1.695000048853803776e+01 1.791569999999999925e-04 1.791969999999999989e-04 -3.977958363600000120e-08
1.076473900000000140e+04 1.093784000000001015e+03 1.699999702953163805e+01 1.788679999999999957e-04 1.789179999999999970e-04 -5.049137527199999662e-08
1.077122600000000057e+04 1.100271000000000186e+03 1.705000090359421705e+01 1.785839999999999964e-04 1.786430000000000038e-04 -5.915977316600000702e-08
1.077773099999999977e+04 1.106775999999999385e+03 1.709999669737669947e+01 1.783020000000000015e-04 1.783669999999999950e-04 -6.501744700499999513e-08
1.078425600000000122e+04 1.113301000000000840e+03 1.714999978582681095e+01 1.780239999999999882e-04 1.780920000000000018e-04 -6.794156372399999901e-08
1.079079900000000089e+04 1.119844000000000506e+03 1.719999484554213609e+01 1.777489999999999951e-04 1.778170000000000087e-04 -6.791791441800000494e-08
1.079736200000000099e+04 1.126407000000000608e+03 1.724999716189330812e+01 1.774760000000000064e-04 1.775409999999999998e-04 -6.504232289100000333e-08
1.080394399999999951e+04 1.132988999999999123e+03 1.729999908617110194e+01 1.772060000000000106e-04 1.772660000000000067e-04 -5.951971849000000599e-08
1.081054500000000007e+04 1.139589999999999691e+03 1.735000062176534996e+01 1.769390000000000079e-04 1.769899999999999978e-04 -5.165877926000000430e-08
1.081716400000000067e+04 1.146209000000000287e+03 1.739999422983371247e+01 1.766729999999999939e-04 1.767150000000000047e-04 -4.186643422500000067e-08
1.082380299999999988e+04 1.152847999999999502e+03 1.744999501968608868e+01 1.764090000000000113e-04 1.764400000000000115e-04 -3.063192484000000112e-08
1.083046100000000115e+04 1.159506000000000768e+03 1.749999543066898866e+01 1.761459999999999903e-04 1.761640000000000027e-04 -1.850796600400000236e-08
1.083713800000000083e+04 1.166183000000000447e+03 1.754999546602061855e+01 1.758829999999999964e-04 1.758890000000000095e-04 -6.084897543899999578e-09
1.084383400000000074e+04 1.172879000000000360e+03 1.759999512894239260e+01 1.756189999999999867e-04 1.756130000000000007e-04 6.042053071499999875e-09
1.085054900000000089e+04 1.179594000000000506e+03 1.764999442259942697e+01 1.753550000000000041e-04 1.753380000000000075e-04 1.730505404519999991e-08
1.085728399999999965e+04 1.186328999999999269e+03 1.770000076448077309e+01 1.750900000000000058e-04 1.750619999999999986e-04 2.719710713400000310e-08
1.086403700000000026e+04 1.193081999999999880e+03 1.774999930807606319e+01 1.748219999999999874e-04 1.747870000000000055e-04 3.530225475100000019e-08
1.087080900000000111e+04 1.199854000000000724e+03 1.779999749180669255e+01 1.745530000000000074e-04 1.745120000000000124e-04 4.131763563200000091e-08
1.087760000000000036e+04 1.206644999999999982e+03 1.784999531869660672e+01 1.742810000000000073e-04 1.742360000000000035e-04 4.506823223199999968e-08
1.088441100000000006e+04 1.213455999999999676e+03 1.790000012325396739e+01 1.740070000000000028e-04 1.739610000000000104e-04 4.651282237499999855e-08
1.089123999999999978e+04 1.220284999999999400e+03 1.794999722497873762e+01 1.737309999999999939e-04 1.736850000000000015e-04 4.573664473500000234e-08
1.089808899999999994e+04 1.227133999999999560e+03 1.800000126963416491e+01 1.734530000000000078e-04 1.734100000000000084e-04 4.293926397000000181e-08
1.090495600000000013e+04 1.234000999999999749e+03 1.804999765834250525e+01 1.731410000000000013e-04 1.731020000000000106e-04 3.895556648800000219e-08
1.091184300000000076e+04 1.240888000000000375e+03 1.810000095556193855e+01 1.728269999999999904e-04 1.727929999999999972e-04 3.349678701500000096e-08
1.091874799999999959e+04 1.247792999999999211e+03 1.814999664313376471e+01 1.725119999999999909e-04 1.724849999999999994e-04 2.689662095999999819e-08
1.092567300000000068e+04 1.254718000000000302e+03 1.819999920511059344e+01 1.721960000000000027e-04 1.721770000000000017e-04 1.951454117999999937e-08
1.093261700000000019e+04 1.261661999999999807e+03 1.825000139407742239e+01 1.718799999999999874e-04 1.718679999999999882e-04 1.171460881400000082e-08
1.093957899999999972e+04 1.268623999999999342e+03 1.829999604182691897e+01 1.715639999999999993e-04 1.715599999999999905e-04 3.848262359999999869e-09
1.094656099999999969e+04 1.275605999999999312e+03 1.834999751345401720e+01 1.712480000000000111e-04 1.712510000000000041e-04 -3.759644454000000005e-09
1.095356199999999990e+04 1.282606999999999516e+03 1.839999862103797668e+01 1.709319999999999958e-04 1.709430000000000064e-04 -1.081908503580000114e-08
1.096058200000000033e+04 1.289626999999999953e+03 1.844999936753855607e+01 1.706180000000000121e-04 1.706350000000000087e-04 -1.708005159500000222e-08
1.096762100000000100e+04 1.296666000000000622e+03 1.849999975588350765e+01 1.703040000000000012e-04 1.703259999999999952e-04 -2.233501870599999642e-08
1.097467900000000009e+04 1.303723999999999705e+03 1.854999978896898227e+01 1.699919999999999947e-04 1.700179999999999975e-04 -2.642164729000000018e-08
1.098175600000000122e+04 1.310801000000000840e+03 1.859999946965999484e+01 1.696799999999999882e-04 1.697099999999999997e-04 -2.922338316000000007e-08
1.098885200000000077e+04 1.317897000000000389e+03 1.864999880079077599e+01 1.693710000000000018e-04 1.694010000000000134e-04 -3.067326966900000469e-08
1.099596700000000055e+04 1.325012000000000171e+03 1.869999778516526234e+01 1.690619999999999883e-04 1.690929999999999885e-04 -3.075767851400000039e-08
1.100310100000000057e+04 1.332146000000000186e+03 1.874999642555744828e+01 1.687550000000000063e-04 1.687849999999999908e-04 -2.951863986500000025e-08
1.101025400000000081e+04 1.339299000000000433e+03 1.879999472471179800e+01 1.684490000000000130e-04 1.684760000000000044e-04 -2.705539236400000033e-08
1.101742699999999968e+04 1.346471999999999298e+03 1.884999964736870126e+01 1.681440000000000083e-04 1.681680000000000067e-04 -2.352451701600000117e-08
1.102461800000000039e+04 1.353663000000000011e+03 1.889999725374743278e+01 1.678399999999999922e-04 1.678589999999999932e-04 -1.913256882000000119e-08
1.103182899999999972e+04 1.360873999999999342e+03 1.895000145233121813e+01 1.675369999999999919e-04 1.675509999999999955e-04 -1.412796734040000108e-08
1.103905800000000090e+04 1.368103000000000520e+03 1.899999837695523297e+01 1.672339999999999916e-04 1.672429999999999978e-04 -8.785090822699999658e-09
1.104630600000000049e+04 1.375351000000000113e+03 1.904999497382586071e+01 1.669639999999999959e-04 1.669669999999999889e-04 -3.488758768299999454e-09
1.105357400000000052e+04 1.382619000000000142e+03 1.909999811641651135e+01 1.666940000000000002e-04 1.666919999999999958e-04 1.721728329599999872e-09
1.106086100000000079e+04 1.389906000000000404e+03 1.915000090049556647e+01 1.664229999999999887e-04 1.664170000000000026e-04 6.602977234100000268e-09
1.106816600000000108e+04 1.397211000000000695e+03 1.919999649375225559e+01 1.661520000000000043e-04 1.661420000000000095e-04 1.093925447759999991e-08
1.107549099999999999e+04 1.404535999999999603e+03 1.924999858693634280e+01 1.658809999999999929e-04 1.658660000000000006e-04 1.455460880720000141e-08
1.108283500000000095e+04 1.411880000000000564e+03 1.930000032983281955e+01 1.656080000000000041e-04 1.655910000000000075e-04 1.732164655500000259e-08
1.109019700000000012e+04 1.419241999999999734e+03 1.934999494303017897e+01 1.653349999999999883e-04 1.653159999999999873e-04 1.916491856399999835e-08
1.109757899999999972e+04 1.426623999999999342e+03 1.939999601094996962e+01 1.650599999999999951e-04 1.650400000000000055e-04 2.006160223999999951e-08
1.110497999999999956e+04 1.434024999999999181e+03 1.944999673655497219e+01 1.647850000000000020e-04 1.647650000000000124e-04 2.003773071000000382e-08
1.111239999999999964e+04 1.441444999999999254e+03 1.949999712247841188e+01 1.645089999999999931e-04 1.644899999999999921e-04 1.916078213999999969e-08
1.111983899999999994e+04 1.448883999999999560e+03 1.954999717132657011e+01 1.642319999999999956e-04 1.642140000000000104e-04 1.753230770999999974e-08
1.112729700000000048e+04 1.456342000000000098e+03 1.959999688567909004e+01 1.639540000000000095e-04 1.639389999999999901e-04 1.527904922439999818e-08
1.113477400000000125e+04 1.463819000000000869e+03 1.964999626808937805e+01 1.636759999999999962e-04 1.636639999999999970e-04 1.254312712800000024e-08
1.114227000000000044e+04 1.471315000000000055e+03 1.969999532108485951e+01 1.633980000000000100e-04 1.633879999999999881e-04 9.475278589999998453e-09
1.114978600000000006e+04 1.478830999999999676e+03 1.975000069193515273e+01 1.631190000000000081e-04 1.631129999999999950e-04 6.227899009500000241e-09
1.115731999999999971e+04 1.486364999999999327e+03 1.979999907680209859e+01 1.628409999999999949e-04 1.628380000000000018e-04 2.949159018000000070e-09
1.116487299999999959e+04 1.493917999999999211e+03 1.984999713976885971e+01 1.625619999999999930e-04 1.625619999999999930e-04 -2.213460448199999943e-10
1.117244499999999971e+04 1.501489999999999327e+03 1.989999488326172639e+01 1.622840000000000068e-04 1.622869999999999998e-04 -3.156758037899999894e-09
1.118003700000000026e+04 1.509081999999999880e+03 1.994999888783677733e+01 1.620059999999999935e-04 1.620120000000000067e-04 -5.746630444799999984e-09
1.118764700000000084e+04 1.516692000000000462e+03 1.999999598311923421e+01 1.617289999999999960e-04 1.617369999999999865e-04 -7.900431933799999387e-09
