# # Once                                                         FEFF 10.0.0 
# # POT  SCF 100  9.0000   0, core-hole, FOLP (folp(0)= 1.150)
# # Abs   Z=30 Rmt= 1.387 Rnm= 1.530 K  shell
# #   RGRID 0.0100
# # Pot 1 Z= 6 Rmt= 0.900 Rnm= 1.123
# # Pot 2 Z= 6 Rmt= 0.925 Rnm= 1.165
# # Pot 3 Z= 1 Rmt= 0.548 Rnm= 0.951
# # Pot 4 Z=16 Rmt= 1.256 Rnm= 1.473
# # Gam_ch=1.897E+00 H-L exch Vi= 0.000E+00 Vr= 0.000E+00
# # Mu=-6.902E+00eV kf=1.990E+00 Vint=-1.303E+01eV Rs_int= 1.822
# # PATH  Rmax= 6.000,  Keep_limit= 0.00, Heap_limit 0.00  Pwcrit= 2.50%
#  S02=1.000  Temp=  10.00  Debye_temp= 315.00  Global_sig2= 0.00000
#  Energy zero shift, vr, vi    0.00000E+00   0.00000E+00
#  Curved wave amplitude ratio filter   4.000%
#     file         sig2 tot  cw amp ratio   deg  nlegs   reff  inp sig2
#           1       0.00302    100.00      1.00     2   2.3603
#           2       0.00305    198.70      2.00     2   2.3659
#           3       0.00316     98.26      1.00     2   2.3761
#           4       0.02279     13.90      1.00     2   2.9435
#           5       0.02278     13.22      1.00     2   3.0007
#           6       0.02569     12.67      1.00     2   3.0487
#           7       0.03079     12.17      1.00     2   3.0958
#           8       0.00599     41.86      1.00     2   3.2186
#           9       0.00582     39.98      1.00     2   3.2737
#          10       0.00570     38.64      1.00     2   3.3154
#          11       0.00620     37.98      1.00     2   3.3362
#          12       0.02888      9.56      1.00     2   3.3893
#          13       0.02631      8.55      1.00     2   3.5316
#          14       0.01135     18.07      2.00     3   3.6551
#          15       0.01133     15.62      2.00     3   3.6563
#          16       0.00950     29.35      1.00     2   3.6628
#          17       0.00414     43.71      2.00     3   3.7060
#          18       0.00410     43.05      2.00     3   3.7350
#          19       0.01273     15.78      2.00     3   3.7391
#          20       0.00413     43.11      2.00     3   3.7509
#          21       0.00429     42.08      2.00     3   3.7715
#          22       0.01491      7.73      2.00     3   3.8559
#          23       0.01474      7.63      2.00     3   3.8847
#          24       0.01406      8.85      2.00     3   3.8979
#          25       0.01590      7.51      2.00     3   3.9125
#          26       0.01373      9.36      2.00     3   3.9218
#          27       0.01611     18.82      2.00     3   3.9253
#          28       0.01847      6.11      1.00     2   3.9911
#          29       0.01990      8.87      1.00     4   4.0364
#          30       0.03862      5.92      1.00     2   4.0375
#          31       0.03686      5.76      1.00     2   4.0751
#          32       0.01654      6.91      2.00     3   4.0772
#          33       0.01948      8.25      1.00     4   4.0940
#          35       0.01778      5.57      1.00     2   4.1248
#          36       0.02291      8.02      1.00     4   4.1420
#          39       0.01509      6.59      2.00     3   4.1547
#          40       0.03512      5.42      1.00     2   4.1665
#          42       0.01232     15.67      2.00     3   4.1791
#          43       0.00446     14.28      1.00     4   4.1864
#          44       0.02869      8.16      1.00     4   4.1878
#          45       0.00449     15.77      1.00     4   4.1933
#          46       0.00450     14.88      1.00     4   4.1964
#          47       0.00456     13.70      1.00     4   4.2068
#          48       0.00602     20.10      2.00     3   4.2467
#          49       0.00438      9.28      2.00     3   4.2568
#          50       0.01253     16.39      2.00     3   4.2772
#          51       0.00422      9.78      2.00     3   4.2903
#          52       0.00446      9.40      2.00     3   4.2900
#          53       0.01041     18.73      1.00     2   4.2940
#          54       0.01133      4.96      1.00     2   4.2988
#          55       0.00432      9.82      2.00     3   4.3006
#          56       0.00431      9.60      2.00     3   4.3021
#          59       0.00878     18.17      1.00     2   4.3391
#          61       0.01039     20.89      2.00     3   4.3538
#          62       0.00439     10.89      2.00     3   4.3555
#          63       0.01789      4.41      2.00     4   4.3595
#          64       0.01089     11.14      1.00     4   4.3671
#          65       0.01310      6.83      2.00     3   4.3806
#          66       0.01103     23.99      1.00     4   4.4089
#          67       0.01115      5.55      2.00     4   4.4091
#          68       0.01950      7.93      2.00     3   4.4156
#          69       0.00565     15.11      2.00     3   4.4216
#          70       0.01143     13.39      1.00     4   4.4295
#          71       0.01307      7.49      2.00     3   4.4502
#          74       0.02522      5.72      1.00     4   4.4805
#          75       0.01098      4.67      2.00     4   4.5092
#          76       0.01169      9.71      2.00     3   4.5214
#          77       0.01558      5.18      2.00     4   4.5342
#          79       0.01874      4.09      2.00     4   4.5605
#          80       0.00574     24.86      2.00     3   4.5647
#          81       0.00948      9.66      2.00     4   4.5686
#          82       0.00607     20.00      2.00     3   4.5753
#          83       0.00946     22.20      2.00     4   4.5764
#          84       0.00964     12.36      2.00     4   4.6026
#          85       0.00607     15.28      1.00     2   4.6049
#          86       0.01831      4.06      1.00     2   4.6115
#          87       0.01663      5.46      2.00     4   4.6175
#          88       0.01777      4.91      1.00     4   4.6250
#          89       0.01034     10.37      2.00     4   4.6404
#          90       0.00580     45.22      2.00     3   4.6703
#          93       0.00492     10.11      2.00     4   4.6822
#          94       0.01466     15.99      2.00     3   4.6848
#          95       0.02090      6.58      2.00     3   4.7124
#          96       0.01040     11.48      2.00     4   4.7125
#          97       0.00989      7.03      2.00     3   4.7178
#          98       0.00605      8.37      1.00     4   4.7205
#         101       0.00613     16.53      2.00     4   4.7317
#         103       0.00632     43.51      1.00     4   4.7356
#         104       0.00475      4.91      2.00     4   4.7363
#         108       0.01407      5.25      1.00     4   4.7439
#         109       0.00593     15.15      2.00     3   4.7455
#         110       0.01097      6.21      2.00     3   4.7520
#         111       0.00632      8.08      1.00     4   4.7521
#         113       0.01318     17.22      1.00     4   4.7582
#         114       0.00554     15.72      2.00     3   4.7592
#         119       0.01699      6.23      2.00     4   4.7779
#         120       0.00928     14.45      2.00     4   4.7893
#         121       0.00604     17.01      1.00     4   4.7902
#         122       0.01842      5.42      2.00     3   4.7995
#         125       0.01941      6.36      2.00     4   4.8129
#         126       0.00592      5.64      1.00     4   4.8306
#         127       0.00637     11.25      1.00     4   4.8566
#         128       0.00898      7.12      2.00     3   4.8783
#         129       0.00499     19.86      2.00     3   4.8825
#         132       0.01124      9.14      2.00     4   4.9433
#         133       0.00918     13.68      2.00     4   4.9436
#         134       0.01128      7.28      2.00     4   4.9460
#         136       0.00467     34.02      2.00     4   4.9479
#         138       0.01196      6.43      2.00     4   4.9782
#         139       0.00481     13.84      2.00     4   4.9847
#         140       0.01232      6.50      2.00     4   4.9937
#         141       0.01463      4.75      2.00     4   4.9994
#         142       0.00554     11.34      2.00     4   5.0107
#         143       0.01205      7.13      2.00     4   5.0250
#         144       0.00520     14.71      2.00     4   5.0260
#         145       0.00504     10.14      2.00     4   5.0268
#         146       0.01320      7.32      2.00     4   5.0333
#         147       0.01310      4.15      2.00     3   5.0436
#         148       0.00646      6.12      1.00     4   5.0461
#         149       0.02198      5.18      2.00     3   5.0770
#         150       0.01741      5.27      2.00     3   5.0797
#         151       0.00664      6.04      1.00     4   5.1041
#         152       0.01232      8.03      2.00     4   5.1079
#         154       0.01149      5.45      2.00     4   5.1110
#         155       0.01148      9.17      2.00     4   5.1170
#         159       0.01764      7.17      2.00     3   5.1374
#         160       0.00687      6.09      1.00     4   5.1415
#         161       0.00907      4.21      2.00     3   5.1441
#         162       0.02295      5.63      2.00     3   5.1450
#         163       0.00483     26.08      2.00     4   5.1576
#         164       0.00542      7.74      1.00     4   5.1602
#         165       0.00685      5.93      1.00     4   5.1670
#         166       0.02198      6.30      2.00     3   5.1696
#         168       0.01474      7.18      2.00     3   5.1926
#         169       0.01541      5.51      2.00     3   5.1964
#         170       0.01591      4.86      2.00     3   5.1960
#         172       0.01154     11.25      2.00     4   5.2094
#         174       0.02127      8.22      2.00     3   5.2458
#         175       0.01449      9.33      2.00     3   5.2490
#         176       0.01594      6.66      2.00     3   5.2549
#         177       0.02274      4.12      2.00     3   5.2561
#         178       0.01229      8.25      2.00     4   5.2687
#         179       0.01492      6.21      2.00     3   5.2774
#         180       0.01342      8.75      2.00     3   5.2771
#         183       0.02244      4.03      2.00     4   5.3030
#         184       0.01170      8.33      2.00     4   5.3031
#         185       0.01503      5.66      2.00     3   5.3048
#         188       0.02391      4.53      2.00     4   5.3196
#         189       0.01554      7.66      2.00     3   5.3486
#         190       0.02370      4.38      2.00     4   5.3610
#         191       0.02420      6.40      1.00     4   5.3666
#         192       0.01286      6.35      2.00     4   5.3734
#         193       0.01623      9.28      2.00     4   5.3758
#         195       0.01604      4.23      2.00     4   5.3791
#         196       0.01481      5.92      1.00     4   5.3805
#         197       0.01549      4.26      1.00     4   5.3849
#         199       0.01690      4.19      1.00     4   5.3870
#         200       0.01286      7.97      1.00     4   5.3892
#         201       0.01263      6.88      2.00     4   5.3946
#         203       0.01215      7.85      2.00     4   5.4093
#         204       0.01137      5.42      2.00     3   5.4116
#         205       0.01629      5.78      2.00     4   5.4130
#         207       0.01190      7.17      2.00     4   5.4182
#         208       0.01258      6.45      2.00     4   5.4187
#         209       0.00663      9.17      2.00     3   5.4195
#         210       0.01523      4.35      1.00     4   5.4323
#         211       0.01182      7.06      1.00     4   5.4344
#         213       0.01099     10.20      2.00     4   5.4347
#         214       0.01101      6.80      2.00     4   5.4360
#         216       0.01137      9.87      2.00     4   5.4450
#         217       0.01136      5.79      2.00     4   5.4456
#         218       0.01030      4.68      2.00     4   5.4509
#         219       0.01650      4.51      2.00     4   5.4532
#         220       0.03152      4.09      2.00     3   5.4562
#         221       0.00640      7.45      2.00     3   5.4596
#         222       0.03150      5.03      2.00     4   5.4616
#         223       0.01167      6.81      2.00     4   5.4634
#         224       0.01135      5.75      2.00     4   5.4701
#         225       0.01149      8.31      2.00     4   5.4769
#         226       0.00641      8.53      2.00     3   5.4794
#         229       0.01206      8.16      2.00     4   5.5026
#         230       0.01152      6.97      2.00     3   5.5083
#         231       0.00657      7.88      2.00     3   5.5117
#         233       0.01144      5.66      2.00     4   5.5163
#         234       0.01252      7.76      2.00     4   5.5303
#         235       0.01181      8.20      2.00     4   5.5325
#         238       0.01088     10.92      2.00     4   5.5401
#         239       0.01096      6.76      2.00     4   5.5416
#         240       0.01222      5.59      2.00     4   5.5653
#         241       0.01179      9.17      2.00     4   5.5736
#         242       0.00708      7.70      2.00     4   5.5789
#         243       0.00945      4.82      2.00     4   5.5845
#         244       0.00554      9.55      2.00     4   5.5969
#         246       0.00917      4.67      2.00     4   5.6397
#         247       0.00544      7.87      2.00     4   5.6474
#         248       0.00703      6.98      2.00     4   5.6498
#         249       0.00544      8.88      2.00     4   5.6591
#         250       0.00921      4.61      2.00     4   5.6756
#         251       0.00691      5.61      2.00     4   5.6812
#         252       0.00553      8.57      2.00     4   5.6855
#         253       0.01131      5.35      2.00     4   5.6892
#         254       0.01068      5.66      2.00     4   5.6972
#         256       0.00987      5.00      1.00     4   5.6998
#         257       0.01107      5.54      2.00     4   5.7004
#         258       0.00732      6.22      2.00     4   5.7021
#         259       0.00988      4.46      2.00     4   5.7122
#         260       0.01371      4.30      2.00     4   5.7401
#         261       0.01193      4.15      2.00     4   5.7559
#         263       0.00997      6.96      2.00     4   5.7859
#         266       0.00909      5.32      2.00     4   5.8122
#         267       0.00808      8.57      1.00     4   5.8145
#         268       0.00720      9.30      1.00     4   5.8556
#         270       0.00973      8.46      2.00     3   5.9697
#   213/ 261 paths used
#  xsedge+50, used to normalize mu           1.0000E+00
#  -----------------------------------------------------------------------
#  omega    e    k    mu    mu0     chi     @#
    9663.654     -6.902   0.000 -7.13574E-05  1.48096E-04 -7.39404E-01
    9663.663     -6.893   0.050 -7.74168E-05  1.50013E-04 -7.65310E-01
    9663.692     -6.864   0.100 -8.33427E-05  1.51930E-04 -7.90700E-01
    9663.740     -6.817   0.150 -1.00108E-04  1.57638E-04 -8.63138E-01
    9663.806     -6.750   0.200 -1.15577E-04  1.63345E-04 -9.30734E-01
    9663.892     -6.664   0.250 -1.38132E-04  1.72409E-04 -1.03082E+00
    9663.997     -6.560   0.300 -1.56728E-04  1.81473E-04 -1.11680E+00
    9664.121     -6.436   0.350 -1.76529E-04  1.92459E-04 -1.21119E+00
    9664.263     -6.293   0.400 -1.88291E-04  2.03446E-04 -1.27822E+00
    9664.425     -6.131   0.450 -1.94091E-04  2.14245E-04 -1.32484E+00
    9664.606     -5.950   0.500 -1.87740E-04  2.25044E-04 -1.33173E+00
    9664.806     -5.750   0.550 -1.69065E-04  2.34118E-04 -1.29510E+00
    9665.025     -5.531   0.600 -1.36779E-04  2.43193E-04 -1.21525E+00
    9665.264     -5.293   0.650 -9.01774E-05  2.50070E-04 -1.08582E+00
    9665.521     -5.036   0.700 -3.34354E-05  2.56946E-04 -9.24665E-01
    9665.797     -4.759   0.750  3.28311E-05  2.61742E-04 -7.29281E-01
    9666.092     -4.464   0.800  1.01162E-04  2.66537E-04 -5.27123E-01
    9666.407     -4.150   0.850  1.69399E-04  2.69517E-04 -3.20204E-01
    9666.740     -3.816   0.900  2.30354E-04  2.72497E-04 -1.35241E-01
    9667.092     -3.464   0.950  2.81757E-04  2.73940E-04  2.52413E-02
    9667.464     -3.093   1.000  3.19941E-04  2.75384E-04  1.44787E-01
    9667.854     -2.702   1.050  3.44125E-04  2.75556E-04  2.24770E-01
    9668.264     -2.292   1.100  3.55096E-04  2.75727E-04  2.62473E-01
    9668.693     -1.864   1.150  3.54146E-04  2.74880E-04  2.64990E-01
    9669.140     -1.416   1.200  3.45298E-04  2.74033E-04  2.40865E-01
    9669.607     -0.949   1.250  3.31053E-04  2.72413E-04  2.00672E-01
    9670.093     -0.464   1.300  3.16067E-04  2.70794E-04  1.56893E-01
    9670.598      0.041   1.350  3.02650E-04  2.68633E-04  1.19487E-01
    9671.121      0.565   1.400  2.93494E-04  2.66472E-04  9.62245E-02
    9671.664      1.108   1.450  2.89546E-04  2.63968E-04  9.23797E-02
    9672.226      1.670   1.500  2.90230E-04  2.61464E-04  1.05394E-01
    9672.807      2.251   1.550  2.94759E-04  2.58781E-04  1.33718E-01
    9673.407      2.851   1.600  3.00129E-04  2.56098E-04  1.66041E-01
    9674.026      3.470   1.650  3.04501E-04  2.53367E-04  1.95577E-01
    9674.665      4.108   1.700  3.05159E-04  2.50636E-04  2.11557E-01
    9675.322      4.766   1.750  3.01138E-04  2.47952E-04  2.09219E-01
    9675.998      5.442   1.800  2.91956E-04  2.45268E-04  1.86230E-01
    9676.693      6.137   1.850  2.80147E-04  2.42701E-04  1.51323E-01
    9677.408      6.852   1.900  2.65142E-04  2.40133E-04  1.02404E-01
    9678.141      7.585   1.950  2.54710E-04  2.37688E-04  7.05516E-02
    9678.894      8.337   2.000  2.42325E-04  2.35242E-04  2.97177E-02
    9679.665      9.109   2.050  2.37013E-04  2.33118E-04  1.65292E-02
    9680.456      9.900   2.100  2.35253E-04  2.30995E-04  1.82832E-02
    9681.265     10.709   2.150  2.36367E-04  2.28871E-04  3.25691E-02
    9682.094     11.538   2.200  2.38725E-04  2.26748E-04  5.26661E-02
    9682.942     12.386   2.250  2.41838E-04  2.26613E-04  6.73379E-02
    9683.809     13.252   2.300  2.44006E-04  2.26478E-04  7.79774E-02
    9684.694     14.138   2.350  2.44600E-04  2.26344E-04  8.16990E-02
    9685.599     15.043   2.400  2.43507E-04  2.26209E-04  7.78676E-02
    9686.523     15.967   2.450  2.41473E-04  2.26384E-04  6.80757E-02
    9687.466     16.910   2.500  2.39093E-04  2.26559E-04  5.66698E-02
    9688.428     17.872   2.550  2.36526E-04  2.26734E-04  4.43720E-02
    9689.409     18.853   2.600  2.33866E-04  2.26909E-04  3.15953E-02
    9690.409     19.853   2.650  2.30068E-04  2.26444E-04  1.64926E-02
    9691.429     20.872   2.700  2.26108E-04  2.25980E-04  5.82438E-04
    9692.467     21.911   2.750  2.21954E-04  2.25516E-04 -1.62830E-02
    9693.524     22.968   2.800  2.17588E-04  2.25051E-04 -3.41964E-02
    9694.600     24.044   2.850  2.13436E-04  2.24812E-04 -5.21010E-02
    9695.696     25.139   2.900  2.09333E-04  2.24573E-04 -6.97705E-02
    9696.810     26.254   2.950  2.05453E-04  2.24334E-04 -8.64036E-02
    9697.944     27.387   3.000  2.02029E-04  2.24095E-04 -1.00935E-01
    9699.096     28.540   3.050  1.99699E-04  2.24093E-04 -1.11357E-01
    9700.268     29.711   3.100  1.98266E-04  2.24090E-04 -1.17657E-01
    9701.458     30.902   3.150  1.97878E-04  2.24087E-04 -1.19178E-01
    9702.668     32.112   3.200  1.98605E-04  2.24084E-04 -1.15630E-01
    9703.897     33.340   3.250  2.00685E-04  2.24274E-04 -1.06747E-01
    9705.145     34.588   3.300  2.03693E-04  2.24464E-04 -9.37268E-02
    9706.411     35.855   3.350  2.07485E-04  2.24654E-04 -7.72515E-02
    9707.697     37.141   3.400  2.11829E-04  2.24844E-04 -5.83945E-02
    9709.002     38.446   3.450  2.16566E-04  2.25178E-04 -3.85140E-02
    9710.326     39.770   3.500  2.21314E-04  2.25512E-04 -1.87127E-02
    9711.669     41.113   3.550  2.25874E-04  2.25846E-04  1.25195E-04
    9713.031     42.475   3.600  2.30096E-04  2.26180E-04  1.73437E-02
    9714.412     43.856   3.650  2.33908E-04  2.26596E-04  3.22779E-02
    9715.812     45.256   3.700  2.37236E-04  2.27012E-04  4.49808E-02
    9717.232     46.675   3.750  2.40070E-04  2.27428E-04  5.54413E-02
    9718.670     48.114   3.800  2.42427E-04  2.27844E-04  6.37454E-02
    9720.127     49.571   3.850  2.44334E-04  2.28271E-04  7.00088E-02
    9721.604     51.047   3.900  2.45824E-04  2.28698E-04  7.44257E-02
    9723.099     52.543   3.950  2.46907E-04  2.29124E-04  7.70524E-02
    9724.614     54.057   4.000  2.47576E-04  2.29551E-04  7.78791E-02
    9726.147     55.591   4.050  2.47794E-04  2.29929E-04  7.70095E-02
    9727.700     57.143   4.100  2.47568E-04  2.30308E-04  7.42364E-02
    9729.271     58.715   4.150  2.46871E-04  2.30686E-04  6.94557E-02
    9730.862     60.306   4.200  2.45685E-04  2.31064E-04  6.26034E-02
    9732.472     61.915   4.250  2.43932E-04  2.31335E-04  5.38587E-02
    9734.100     63.544   4.300  2.41721E-04  2.31606E-04  4.31838E-02
    9735.748     65.192   4.350  2.39110E-04  2.31877E-04  3.08323E-02
    9737.415     66.859   4.400  2.36191E-04  2.32148E-04  1.72079E-02
    9739.101     68.545   4.450  2.32955E-04  2.32281E-04  2.86437E-03
    9740.806     70.250   4.500  2.29680E-04  2.32414E-04 -1.16268E-02
    9742.530     71.974   4.550  2.26531E-04  2.32548E-04 -2.55637E-02
    9744.273     73.717   4.600  2.23674E-04  2.32681E-04 -3.82403E-02
    9746.035     75.479   4.650  2.21101E-04  2.32671E-04 -4.91311E-02
    9747.816     77.260   4.700  2.19093E-04  2.32661E-04 -5.76237E-02
    9749.617     79.060   4.750  2.17734E-04  2.32652E-04 -6.33630E-02
    9751.436     80.880   4.800  2.17059E-04  2.32642E-04 -6.61976E-02
    9753.274     82.718   4.850  2.16919E-04  2.32507E-04 -6.62648E-02
    9755.132     84.575   4.900  2.17397E-04  2.32372E-04 -6.37033E-02
    9757.008     86.452   4.950  2.18401E-04  2.32237E-04 -5.89002E-02
    9758.903     88.347   5.000  2.19817E-04  2.32102E-04 -5.23349E-02
    9760.818     90.262   5.050  2.21438E-04  2.31876E-04 -4.45121E-02
    9762.751     92.195   5.100  2.23245E-04  2.31651E-04 -3.58823E-02
    9764.704     94.148   5.150  2.25141E-04  2.31425E-04 -2.68532E-02
    9766.676     96.119   5.200  2.27052E-04  2.31199E-04 -1.77412E-02
    9768.666     98.110   5.250  2.28903E-04  2.30930E-04 -8.67943E-03
    9770.676    100.120   5.300  2.30690E-04  2.30660E-04  1.29426E-04
    9772.705    102.149   5.350  2.32389E-04  2.30391E-04  8.57727E-03
    9774.753    104.197   5.400  2.33975E-04  2.30121E-04  1.65632E-02
    9776.820    106.264   5.450  2.35449E-04  2.29851E-04  2.40849E-02
    9778.906    108.350   5.500  2.36743E-04  2.29581E-04  3.08464E-02
    9781.011    110.455   5.550  2.37805E-04  2.29311E-04  3.66266E-02
    9783.135    112.579   5.600  2.38581E-04  2.29041E-04  4.11798E-02
    9785.278    114.722   5.650  2.39069E-04  2.28809E-04  4.43251E-02
    9787.440    116.884   5.700  2.39162E-04  2.28578E-04  4.57617E-02
    9789.621    119.065   5.750  2.38829E-04  2.28346E-04  4.53636E-02
    9791.822    121.265   5.800  2.38069E-04  2.28115E-04  4.31125E-02
    9794.041    123.485   5.850  2.36978E-04  2.27948E-04  3.91269E-02
    9796.279    125.723   5.900  2.35527E-04  2.27782E-04  3.35815E-02
    9798.537    127.980   5.950  2.33792E-04  2.27615E-04  2.67941E-02
    9800.813    130.257   6.000  2.31861E-04  2.27448E-04  1.91504E-02
    9803.109    132.552   6.050  2.29937E-04  2.27389E-04  1.10628E-02
    9805.423    134.867   6.100  2.27995E-04  2.27329E-04  2.89284E-03
    9807.757    137.201   6.150  2.26123E-04  2.27269E-04 -4.97452E-03
    9810.110    139.553   6.200  2.24398E-04  2.27209E-04 -1.22030E-02
    9812.481    141.925   6.250  2.22884E-04  2.27150E-04 -1.85172E-02
    9814.872    144.316   6.300  2.21629E-04  2.27090E-04 -2.37077E-02
    9817.282    146.726   6.350  2.20666E-04  2.27030E-04 -2.76310E-02
    9819.711    149.154   6.400  2.20013E-04  2.26970E-04 -3.02074E-02
    9822.159    151.602   6.450  2.19675E-04  2.26910E-04 -3.14183E-02
    9824.626    154.069   6.500  2.19643E-04  2.26851E-04 -3.13027E-02
    9827.112    156.555   6.550  2.19894E-04  2.26849E-04 -3.02054E-02
    9829.617    159.060   6.600  2.20410E-04  2.26847E-04 -2.79548E-02
    9832.141    161.585   6.650  2.21156E-04  2.26845E-04 -2.47056E-02
    9834.684    164.128   6.700  2.22087E-04  2.26843E-04 -2.06539E-02
    9837.246    166.690   6.750  2.23151E-04  2.26841E-04 -1.60253E-02
    9839.827    169.271   6.800  2.24293E-04  2.26839E-04 -1.10593E-02
    9842.428    171.871   6.850  2.25457E-04  2.26837E-04 -5.99235E-03
    9845.047    174.491   6.900  2.26595E-04  2.26834E-04 -1.04254E-03
    9847.686    177.129   6.950  2.27662E-04  2.26832E-04  3.60281E-03
    9850.343    179.787   7.000  2.28624E-04  2.26830E-04  7.79402E-03
    9853.020    182.463   7.050  2.29384E-04  2.26726E-04  1.15570E-02
    9855.715    185.159   7.100  2.29996E-04  2.26621E-04  1.46812E-02
    9858.430    187.873   7.150  2.30445E-04  2.26517E-04  1.71029E-02
    9861.163    190.607   7.200  2.30725E-04  2.26412E-04  1.87896E-02
    9863.916    193.360   7.250  2.30834E-04  2.26308E-04  1.97346E-02
    9866.688    196.132   7.300  2.30775E-04  2.26203E-04  1.99510E-02
    9869.479    198.922   7.350  2.30557E-04  2.26099E-04  1.94689E-02
    9872.289    201.732   7.400  2.30189E-04  2.25994E-04  1.83335E-02
    9875.117    204.561   7.450  2.29687E-04  2.25890E-04  1.66054E-02
    9877.965    207.409   7.500  2.29067E-04  2.25785E-04  1.43619E-02
    9880.832    210.276   7.550  2.28202E-04  2.25536E-04  1.16836E-02
    9883.718    213.162   7.600  2.27268E-04  2.25287E-04  8.69349E-03
    9886.624    216.067   7.650  2.26293E-04  2.25038E-04  5.51580E-03
    9889.548    218.991   7.700  2.25306E-04  2.24789E-04  2.27598E-03
    9892.491    221.935   7.750  2.24335E-04  2.24540E-04 -9.05613E-04
    9895.453    224.897   7.800  2.23403E-04  2.24291E-04 -3.91946E-03
    9898.435    227.878   7.850  2.22534E-04  2.24042E-04 -6.67107E-03
    9901.435    230.879   7.900  2.21742E-04  2.23793E-04 -9.08296E-03
    9904.454    233.898   7.950  2.21043E-04  2.23544E-04 -1.10945E-02
    9907.493    236.936   8.000  2.20445E-04  2.23295E-04 -1.26603E-02
    9910.550    239.994   8.050  2.19909E-04  2.23005E-04 -1.37726E-02
    9913.627    243.071   8.100  2.19485E-04  2.22715E-04 -1.43902E-02
    9916.722    246.166   8.150  2.19176E-04  2.22425E-04 -1.45002E-02
    9919.837    249.281   8.200  2.18981E-04  2.22135E-04 -1.40963E-02
    9922.971    252.415   8.250  2.18900E-04  2.21845E-04 -1.31811E-02
    9926.124    255.567   8.300  2.18930E-04  2.21555E-04 -1.17705E-02
    9929.295    258.739   8.350  2.19060E-04  2.21265E-04 -9.89962E-03
    9932.486    261.930   8.400  2.19279E-04  2.20975E-04 -7.62782E-03
    9935.696    265.140   8.450  2.19566E-04  2.20685E-04 -5.04206E-03
    9938.925    268.369   8.500  2.19895E-04  2.20395E-04 -2.25642E-03
    9942.173    271.617   8.550  2.20314E-04  2.20180E-04  6.05201E-04
    9945.440    274.884   8.600  2.20719E-04  2.19964E-04  3.41283E-03
    9948.726    278.170   8.650  2.21077E-04  2.19748E-04  6.01476E-03
    9952.032    281.475   8.700  2.21357E-04  2.19533E-04  8.26692E-03
    9955.356    284.799   8.750  2.21532E-04  2.19317E-04  1.00461E-02
    9958.699    288.143   8.800  2.21581E-04  2.19102E-04  1.12619E-02
    9962.061    291.505   8.850  2.21495E-04  2.18886E-04  1.18644E-02
    9965.443    294.886   8.900  2.21273E-04  2.18670E-04  1.18488E-02
    9968.843    298.287   8.950  2.20924E-04  2.18455E-04  1.12530E-02
    9972.263    301.706   9.000  2.20464E-04  2.18239E-04  1.01524E-02
    9975.701    305.145   9.050  2.20001E-04  2.18095E-04  8.70212E-03
    9979.159    308.602   9.100  2.19470E-04  2.17951E-04  6.93995E-03
    9982.635    312.079   9.150  2.18897E-04  2.17807E-04  4.98522E-03
    9986.131    315.575   9.200  2.18308E-04  2.17663E-04  2.95410E-03
    9989.646    319.089   9.250  2.17727E-04  2.17519E-04  9.51062E-04
    9993.179    322.623   9.300  2.17171E-04  2.17375E-04 -9.36673E-04
    9996.732    326.176   9.350  2.16655E-04  2.17231E-04 -2.64166E-03
   10000.304    329.748   9.400  2.16191E-04  2.17087E-04 -4.11591E-03
   10003.895    333.339   9.450  2.15784E-04  2.16943E-04 -5.32854E-03
   10007.505    336.949   9.500  2.15438E-04  2.16799E-04 -6.26225E-03
   10011.134    340.578   9.550  2.15129E-04  2.16639E-04 -6.95535E-03
   10014.782    344.226   9.600  2.14882E-04  2.16479E-04 -7.36469E-03
   10018.449    347.893   9.650  2.14696E-04  2.16320E-04 -7.49102E-03
   10022.135    351.579   9.700  2.14571E-04  2.16160E-04 -7.33951E-03
   10025.840    355.284   9.750  2.14503E-04  2.16000E-04 -6.92040E-03
   10029.565    359.008   9.800  2.14490E-04  2.15840E-04 -6.25030E-03
   10033.308    362.752   9.850  2.14525E-04  2.15680E-04 -5.35385E-03
   10037.070    366.514   9.900  2.14601E-04  2.15521E-04 -4.26498E-03
   10040.852    370.295   9.950  2.14709E-04  2.15361E-04 -3.02733E-03
   10044.652    374.096  10.000  2.14837E-04  2.15201E-04 -1.69349E-03
   10048.472    377.915  10.050  2.14881E-04  2.14950E-04 -3.20542E-04
   10052.310    381.754  10.100  2.14922E-04  2.14699E-04  1.03758E-03
   10056.168    385.612  10.150  2.14945E-04  2.14448E-04  2.31796E-03
   10060.045    389.488  10.200  2.14939E-04  2.14197E-04  3.46102E-03
   10063.940    393.384  10.250  2.14891E-04  2.13946E-04  4.41462E-03
   10067.855    397.299  10.300  2.14793E-04  2.13695E-04  5.13762E-03
   10071.789    401.233  10.350  2.14640E-04  2.13444E-04  5.60253E-03
   10075.742    405.185  10.400  2.14429E-04  2.13193E-04  5.79704E-03
   10079.714    409.157  10.450  2.14161E-04  2.12942E-04  5.72418E-03
   10083.705    413.148  10.500  2.13840E-04  2.12691E-04  5.40130E-03
   10087.715    417.158  10.550  2.13472E-04  2.12440E-04  4.85799E-03
   10091.744    421.187  10.600  2.13066E-04  2.12190E-04  4.13324E-03
   10095.792    425.235  10.650  2.12632E-04  2.11939E-04  3.27219E-03
   10099.859    429.303  10.700  2.12179E-04  2.11688E-04  2.32285E-03
   10103.945    433.389  10.750  2.11718E-04  2.11437E-04  1.33301E-03
   10108.050    437.494  10.800  2.11259E-04  2.11186E-04  3.47728E-04
   10112.175    441.618  10.850  2.10810E-04  2.10935E-04 -5.92614E-04
   10116.318    445.762  10.900  2.10378E-04  2.10684E-04 -1.45354E-03
   10120.480    449.924  10.950  2.09968E-04  2.10433E-04 -2.20706E-03
   10124.662    454.106  11.000  2.09587E-04  2.10182E-04 -2.83175E-03
   10128.862    458.306  11.050  2.09270E-04  2.09972E-04 -3.34293E-03
   10133.082    462.526  11.100  2.08984E-04  2.09761E-04 -3.70605E-03
   10137.321    466.764  11.150  2.08731E-04  2.09551E-04 -3.91371E-03
   10141.578    471.022  11.200  2.08511E-04  2.09341E-04 -3.96314E-03
   10145.855    475.299  11.250  2.08324E-04  2.09131E-04 -3.85608E-03
   10150.151    479.594  11.300  2.08168E-04  2.08921E-04 -3.59889E-03
   10154.465    483.909  11.350  2.08042E-04  2.08710E-04 -3.20273E-03
   10158.799    488.243  11.400  2.07940E-04  2.08500E-04 -2.68385E-03
   10163.152    492.596  11.450  2.07860E-04  2.08290E-04 -2.06361E-03
   10167.524    496.968  11.500  2.07795E-04  2.08080E-04 -1.36835E-03
   10171.915    501.359  11.550  2.07739E-04  2.07869E-04 -6.28675E-04
   10176.325    505.769  11.600  2.07685E-04  2.07659E-04  1.21657E-04
   10180.754    510.198  11.650  2.07625E-04  2.07449E-04  8.47386E-04
   10185.203    514.646  11.700  2.07553E-04  2.07239E-04  1.51382E-03
   10189.670    519.113  11.750  2.07462E-04  2.07029E-04  2.08909E-03
   10194.156    523.600  11.800  2.07346E-04  2.06818E-04  2.54646E-03
   10198.661    528.105  11.850  2.07202E-04  2.06608E-04  2.86619E-03
   10203.186    532.629  11.900  2.07026E-04  2.06398E-04  3.03705E-03
   10207.729    537.173  11.950  2.06820E-04  2.06188E-04  3.05695E-03
   10212.292    541.735  12.000  2.06583E-04  2.05978E-04  2.93280E-03
   10216.873    546.317  12.050  2.06304E-04  2.05746E-04  2.70850E-03
   10221.474    550.917  12.100  2.06001E-04  2.05513E-04  2.36464E-03
   10226.093    555.537  12.150  2.05677E-04  2.05281E-04  1.92417E-03
   10230.732    560.176  12.200  2.05340E-04  2.05049E-04  1.41379E-03
   10235.390    564.833  12.250  2.04994E-04  2.04817E-04  8.61962E-04
   10240.066    569.510  12.300  2.04646E-04  2.04585E-04  2.97034E-04
   10244.762    574.206  12.350  2.04301E-04  2.04353E-04 -2.54287E-04
   10249.477    578.921  12.400  2.03964E-04  2.04121E-04 -7.68120E-04
   10254.211    583.655  12.450  2.03639E-04  2.03889E-04 -1.22422E-03
   10258.964    588.408  12.500  2.03329E-04  2.03657E-04 -1.60642E-03
   10263.736    593.180  12.550  2.03037E-04  2.03425E-04 -1.90288E-03
   10268.527    597.971  12.600  2.02764E-04  2.03192E-04 -2.10593E-03
   10273.337    602.781  12.650  2.02510E-04  2.02960E-04 -2.21197E-03
   10278.166    607.610  12.700  2.02277E-04  2.02728E-04 -2.22107E-03
   10283.014    612.458  12.750  2.02062E-04  2.02496E-04 -2.13669E-03
   10287.882    617.325  12.800  2.01866E-04  2.02264E-04 -1.96533E-03
   10292.768    622.212  12.850  2.01684E-04  2.02032E-04 -1.71637E-03
   10297.673    627.117  12.900  2.01516E-04  2.01800E-04 -1.40182E-03
   10302.598    632.041  12.950  2.01358E-04  2.01568E-04 -1.03626E-03
   10307.541    636.985  13.000  2.01207E-04  2.01336E-04 -6.36525E-04
   10312.504    641.947  13.050  2.01011E-04  2.01057E-04 -2.25360E-04
   10317.485    646.929  13.100  2.00815E-04  2.00778E-04  1.86479E-04
   10322.486    651.929  13.150  2.00615E-04  2.00499E-04  5.79772E-04
   10327.505    656.949  13.200  2.00407E-04  2.00220E-04  9.36130E-04
   10332.544    661.988  13.250  2.00189E-04  1.99941E-04  1.23911E-03
   10337.602    667.046  13.300  1.99957E-04  1.99662E-04  1.47521E-03
   10342.679    672.122  13.350  1.99709E-04  1.99382E-04  1.63475E-03
   10347.775    677.218  13.400  1.99445E-04  1.99103E-04  1.71235E-03
   10352.889    682.333  13.450  1.99165E-04  1.98824E-04  1.70726E-03
   10358.023    687.467  13.500  1.98868E-04  1.98545E-04  1.62319E-03
   10363.176    692.620  13.550  1.98558E-04  1.98266E-04  1.46793E-03
   10368.348    697.792  13.600  1.98236E-04  1.97987E-04  1.25269E-03
   10373.540    702.983  13.650  1.97905E-04  1.97708E-04  9.91172E-04
   10378.750    708.193  13.700  1.97568E-04  1.97429E-04  6.98659E-04
   10383.979    713.423  13.750  1.97227E-04  1.97150E-04  3.90954E-04
   10389.227    718.671  13.800  1.96888E-04  1.96871E-04  8.34538E-05
   10394.494    723.938  13.850  1.96551E-04  1.96592E-04 -2.09672E-04
   10399.781    729.225  13.900  1.96219E-04  1.96313E-04 -4.76130E-04
   10405.086    734.530  13.950  1.95895E-04  1.96034E-04 -7.05941E-04
   10410.411    739.854  14.000  1.95580E-04  1.95755E-04 -8.91676E-04
   10415.754    745.198  14.050  1.95311E-04  1.95515E-04 -1.04145E-03
   10421.117    750.560  14.100  1.95052E-04  1.95275E-04 -1.14130E-03
   10426.498    755.942  14.150  1.94803E-04  1.95036E-04 -1.18942E-03
   10431.899    761.343  14.200  1.94564E-04  1.94796E-04 -1.18603E-03
   10437.319    766.762  14.250  1.94335E-04  1.94556E-04 -1.13325E-03
   10442.757    772.201  14.300  1.94114E-04  1.94316E-04 -1.03484E-03
   10448.215    777.659  14.350  1.93902E-04  1.94076E-04 -8.96083E-04
   10453.692    783.136  14.400  1.93696E-04  1.93836E-04 -7.23546E-04
   10459.188    788.632  14.450  1.93495E-04  1.93597E-04 -5.24951E-04
   10464.703    794.147  14.500  1.93297E-04  1.93357E-04 -3.08943E-04
   10470.237    799.681  14.550  1.93101E-04  1.93117E-04 -8.48523E-05
   10475.790    805.234  14.600  1.92904E-04  1.92877E-04  1.37615E-04
   10481.362    810.806  14.650  1.92705E-04  1.92637E-04  3.48752E-04
   10486.953    816.397  14.700  1.92502E-04  1.92398E-04  5.39281E-04
   10492.563    822.007  14.750  1.92293E-04  1.92158E-04  7.00819E-04
   10498.193    827.636  14.800  1.92077E-04  1.91918E-04  8.26343E-04
   10503.841    833.285  14.850  1.91853E-04  1.91678E-04  9.10608E-04
   10509.508    838.952  14.900  1.91621E-04  1.91438E-04  9.50477E-04
   10515.195    844.638  14.950  1.91380E-04  1.91198E-04  9.45127E-04
   10520.900    850.344  15.000  1.91130E-04  1.90959E-04  8.96094E-04
   10526.625    856.068  15.050  1.90823E-04  1.90668E-04  8.13317E-04
   10532.368    861.812  15.100  1.90509E-04  1.90376E-04  6.96265E-04
   10538.131    867.575  15.150  1.90191E-04  1.90085E-04  5.51460E-04
   10543.913    873.356  15.200  1.89868E-04  1.89794E-04  3.86586E-04
   10549.713    879.157  15.250  1.89543E-04  1.89503E-04  2.10005E-04
   10555.533    884.977  15.300  1.89218E-04  1.89212E-04  3.02719E-05
   10561.372    890.816  15.350  1.88894E-04  1.88921E-04 -1.44322E-04
   10567.230    896.673  15.400  1.88572E-04  1.88630E-04 -3.06142E-04
   10573.107    902.550  15.450  1.88254E-04  1.88339E-04 -4.48525E-04
   10579.003    908.446  15.500  1.87941E-04  1.88048E-04 -5.66016E-04
   10584.918    914.361  15.550  1.87634E-04  1.87757E-04 -6.54519E-04
   10590.852    920.295  15.600  1.87332E-04  1.87466E-04 -7.11377E-04
   10596.805    926.248  15.650  1.87037E-04  1.87175E-04 -7.35397E-04
   10602.777    932.221  15.700  1.86748E-04  1.86884E-04 -7.26813E-04
   10608.768    938.212  15.750  1.86464E-04  1.86593E-04 -6.87216E-04
   10614.778    944.222  15.800  1.86186E-04  1.86302E-04 -6.19434E-04
   10620.808    950.251  15.850  1.85912E-04  1.86011E-04 -5.27390E-04
   10626.856    956.300  15.900  1.85642E-04  1.85720E-04 -4.15921E-04
   10632.923    962.367  15.950  1.85375E-04  1.85429E-04 -2.90575E-04
   10639.010    968.453  16.000  1.85108E-04  1.85138E-04 -1.57373E-04
   10645.115    974.559  16.050  1.84860E-04  1.84865E-04 -2.46228E-05
   10651.240    980.684  16.100  1.84611E-04  1.84592E-04  1.04992E-04
   10657.383    986.827  16.150  1.84361E-04  1.84319E-04  2.25798E-04
   10663.546    992.990  16.200  1.84108E-04  1.84046E-04  3.32628E-04
   10669.728    999.171  16.250  1.83851E-04  1.83774E-04  4.21087E-04
   10675.928   1005.372  16.300  1.83591E-04  1.83501E-04  4.87784E-04
   10682.148   1011.592  16.350  1.83326E-04  1.83228E-04  5.30494E-04
   10688.387   1017.831  16.400  1.83056E-04  1.82955E-04  5.48257E-04
   10694.645   1024.089  16.450  1.82782E-04  1.82683E-04  5.41390E-04
   10700.922   1030.366  16.500  1.82503E-04  1.82410E-04  5.11410E-04
   10707.218   1036.662  16.550  1.82221E-04  1.82137E-04  4.60891E-04
   10713.533   1042.977  16.600  1.81936E-04  1.81864E-04  3.93255E-04
   10719.867   1049.311  16.650  1.81648E-04  1.81592E-04  3.12526E-04
   10726.220   1055.664  16.700  1.81359E-04  1.81319E-04  2.23063E-04
   10732.592   1062.036  16.750  1.81069E-04  1.81046E-04  1.29303E-04
   10738.984   1068.427  16.800  1.80780E-04  1.80773E-04  3.55289E-05
   10745.394   1074.838  16.850  1.80491E-04  1.80500E-04 -5.43252E-05
   10751.823   1081.267  16.900  1.80203E-04  1.80228E-04 -1.36817E-04
   10758.272   1087.715  16.950  1.79917E-04  1.79955E-04 -2.09091E-04
   10764.739   1094.183  17.000  1.79634E-04  1.79682E-04 -2.68923E-04
   10771.226   1100.669  17.050  1.79341E-04  1.79398E-04 -3.17946E-04
   10777.731   1107.175  17.100  1.79051E-04  1.79114E-04 -3.52056E-04
   10784.256   1113.700  17.150  1.78764E-04  1.78830E-04 -3.70479E-04
   10790.800   1120.243  17.200  1.78480E-04  1.78546E-04 -3.73006E-04
   10797.362   1126.806  17.250  1.78198E-04  1.78262E-04 -3.59993E-04
   10803.944   1133.388  17.300  1.77919E-04  1.77978E-04 -3.32365E-04
   10810.545   1139.988  17.350  1.77643E-04  1.77694E-04 -2.91605E-04
   10817.165   1146.608  17.400  1.77368E-04  1.77411E-04 -2.39735E-04
   10823.804   1153.247  17.450  1.77095E-04  1.77127E-04 -1.79258E-04
   10830.461   1159.905  17.500  1.76823E-04  1.76843E-04 -1.13073E-04
   10837.138   1166.582  17.550  1.76551E-04  1.76559E-04 -4.43493E-05
   10843.834   1173.278  17.600  1.76279E-04  1.76275E-04  2.36338E-05
   10850.550   1179.993  17.650  1.76006E-04  1.75991E-04  8.76654E-05
   10857.284   1186.727  17.700  1.75732E-04  1.75707E-04  1.44793E-04
   10864.037   1193.481  17.750  1.75457E-04  1.75423E-04  1.92499E-04
   10870.809   1200.253  17.800  1.75179E-04  1.75139E-04  2.28854E-04
   10877.600   1207.044  17.850  1.74899E-04  1.74855E-04  2.52621E-04
   10884.411   1213.855  17.900  1.74617E-04  1.74571E-04  2.63314E-04
   10891.240   1220.684  17.950  1.74333E-04  1.74287E-04  2.61188E-04
   10898.089   1227.532  18.000  1.74046E-04  1.74003E-04  2.47186E-04
   10904.956   1234.400  18.050  1.73743E-04  1.73704E-04  2.25916E-04
   10911.843   1241.286  18.100  1.73438E-04  1.73404E-04  1.95729E-04
   10918.748   1248.192  18.150  1.73132E-04  1.73104E-04  1.58527E-04
   10925.673   1255.117  18.200  1.72825E-04  1.72805E-04  1.16411E-04
   10932.617   1262.060  18.250  1.72518E-04  1.72505E-04  7.15443E-05
   10939.579   1269.023  18.300  1.72210E-04  1.72206E-04  2.60409E-05
   10946.561   1276.005  18.350  1.71903E-04  1.71906E-04 -1.81323E-05
   10953.562   1283.006  18.400  1.71597E-04  1.71607E-04 -5.92198E-05
   10960.582   1290.026  18.450  1.71291E-04  1.71307E-04 -9.57216E-05
   10967.621   1297.065  18.500  1.70986E-04  1.71008E-04 -1.26417E-04
   10974.679   1304.123  18.550  1.70682E-04  1.70708E-04 -1.50377E-04
   10981.756   1311.200  18.600  1.70380E-04  1.70409E-04 -1.66968E-04
   10988.852   1318.296  18.650  1.70079E-04  1.70109E-04 -1.75858E-04
   10995.967   1325.411  18.700  1.69779E-04  1.69810E-04 -1.77013E-04
   11003.101   1332.545  18.750  1.69481E-04  1.69510E-04 -1.70701E-04
   11010.255   1339.698  18.800  1.69184E-04  1.69211E-04 -1.57482E-04
   11017.427   1346.871  18.850  1.68888E-04  1.68911E-04 -1.38198E-04
   11024.618   1354.062  18.900  1.68592E-04  1.68611E-04 -1.13939E-04
   11031.829   1361.272  18.950  1.68297E-04  1.68312E-04 -8.60044E-05
   11039.058   1368.502  19.000  1.68003E-04  1.68012E-04 -5.58378E-05
   11046.307   1375.750  19.050  1.67729E-04  1.67733E-04 -2.56004E-05
   11053.574   1383.018  19.100  1.67455E-04  1.67454E-04  4.61620E-06
   11060.861   1390.304  19.150  1.67180E-04  1.67175E-04  3.34519E-05
   11068.166   1397.610  19.200  1.66906E-04  1.66896E-04  5.96400E-05
   11075.491   1404.935  19.250  1.66630E-04  1.66617E-04  8.20755E-05
   11082.835   1412.279  19.300  1.66354E-04  1.66337E-04  9.98733E-05
   11090.198   1419.641  19.350  1.66077E-04  1.66058E-04  1.12413E-04
   11097.579   1427.023  19.400  1.65799E-04  1.65779E-04  1.19364E-04
   11104.980   1434.424  19.450  1.65520E-04  1.65500E-04  1.20691E-04
   11112.400   1441.844  19.500  1.65240E-04  1.65221E-04  1.16645E-04
   11119.839   1449.283  19.550  1.64959E-04  1.64942E-04  1.07729E-04
   11127.297   1456.741  19.600  1.64678E-04  1.64662E-04  9.46554E-05
   11134.774   1464.218  19.650  1.64396E-04  1.64383E-04  7.82970E-05
   11142.271   1471.714  19.700  1.64114E-04  1.64104E-04  5.96260E-05
   11149.786   1479.229  19.750  1.63831E-04  1.63825E-04  3.96583E-05
   11157.320   1486.764  19.800  1.63549E-04  1.63546E-04  1.93986E-05
   11164.873   1494.317  19.850  1.63267E-04  1.63267E-04 -2.08135E-07
   11172.446   1501.889  19.900  1.62985E-04  1.62988E-04 -1.83184E-05
   11180.037   1509.481  19.950  1.62703E-04  1.62708E-04 -3.42227E-05
   11187.647   1517.091  20.000  1.62422E-04  1.62429E-04 -4.73701E-05
