9.653948284300000523e+03 -1.685371569999912822e+01 -1.596482057930703080e+00 2.760558416899999839e-06 3.984050170699999865e-06 -1.223491753800000026e-06
9.654448284300000523e+03 -1.635371569999912822e+01 -1.554837874322459346e+00 2.886885266299999977e-06 4.215372163800000005e-06 -1.328486897500000028e-06
9.654948284300000523e+03 -1.585371569999912822e+01 -1.512047178351427767e+00 3.024298032200000206e-06 4.473482236599999988e-06 -1.449184204500000069e-06
9.655448284300000523e+03 -1.535371569999912822e+01 -1.468009715122295944e+00 3.174301773299999815e-06 4.763164226600000044e-06 -1.588862453199999943e-06
9.655948284300000523e+03 -1.485371569999912822e+01 -1.422609706780596728e+00 3.338689113399999986e-06 5.090392267800000180e-06 -1.751703154399999982e-06
9.656448284300000523e+03 -1.435371569999912822e+01 -1.375712263505456390e+00 3.519613955000000055e-06 5.462721721699999606e-06 -1.943107766600000112e-06
9.656948284300000523e+03 -1.385371569999912822e+01 -1.327158651440074166e+00 3.719689896200000067e-06 5.889844089699999967e-06 -2.170154193499999900e-06
9.657448284300000523e+03 -1.335371569999912822e+01 -1.276759938369452119e+00 3.942124010399999854e-06 6.384391913000000014e-06 -2.442267902700000023e-06
9.657948284300000523e+03 -1.285371569999912822e+01 -1.224288280740323698e+00 4.190902523900000373e-06 6.963135269899999841e-06 -2.772232745999999892e-06
9.658448284300000523e+03 -1.235371569999912822e+01 -1.169464684584801129e+00 4.471054888299999694e-06 7.648811050800000168e-06 -3.177756162500000050e-06
9.658948284300000523e+03 -1.185371569999912822e+01 -1.111941321574101194e+00 4.789040398499999759e-06 8.473011977000000588e-06 -3.683971578499999981e-06
9.659448284300000523e+03 -1.135371569999912822e+01 -1.051275109929313167e+00 5.153334369500000070e-06 9.480925994700000094e-06 -4.327591625200000023e-06
9.659948284300000523e+03 -1.085371569999912822e+01 -9.868866251448644711e-01 5.575355810100000304e-06 1.073946959599999966e-05 -5.164113785499999905e-06
9.660448284300000523e+03 -1.035371569999912822e+01 -9.179929547783853838e-01 6.071016202699999982e-06 1.235202477299999962e-05 -6.281008570400000344e-06
9.660948284329999296e+03 -9.853715670000354976e+00 -8.434909076462855371e-01 6.663487124500000277e-06 1.448698544899999958e-05 -7.823498324600000015e-06
9.661448284329999296e+03 -9.353715670000354976e+00 -7.617366772152206478e-01 7.388600881699999879e-06 1.743789991400000069e-05 -1.004929903199999953e-05
9.661948284329999296e+03 -8.853715670000354976e+00 -6.700810544611867092e-01 8.306691555500000571e-06 2.176474260699999856e-05 -1.345805105099999952e-05
9.662448284329999296e+03 -8.353715670000354976e+00 -5.637148868716759242e-01 9.532971417499999322e-06 2.867764157499999854e-05 -1.914467015800000107e-05
9.662948284329999296e+03 -7.853715670000354088e+00 -4.319031463345421318e-01 1.133402934000000037e-05 4.130773243400000233e-05 -2.997370309399999857e-05
9.663448284329999296e+03 -7.353715670000354088e+00 -2.351726641142790619e-01 1.452294904700000005e-05 7.004430037500000142e-05 -5.552135132800000306e-05
9.663658999999999651e+03 -7.142999999999999794e+00 0.000000000000000000e+00 1.748855851578971096e-05 1.025185984551173543e-04 -8.503003994143479370e-05
9.663668999999999869e+03 -7.132999999999781515e+00 5.123165932700871755e-02 1.762929837954970921e-05 1.040597414598173323e-04 -8.643044308247476055e-05
9.663697000000000116e+03 -7.104999999999534133e+00 9.986888948025554602e-02 1.802336999807770162e-05 1.083749418729772652e-04 -9.035157187738671655e-05
9.663744999999998981e+03 -7.057000000000669182e+00 1.502407171473840175e-01 1.869892134412570069e-05 1.157724282955372623e-04 -9.707350695437871467e-05
9.663811999999999898e+03 -6.989999999999752411e+00 2.003937340222696761e-01 1.964187843131770357e-05 1.260980864270272895e-04 -1.064562079993467488e-04
9.663896999999999025e+03 -6.905000000000625526e+00 2.499348983886820197e-01 2.083816727327770398e-05 1.391978019669772850e-04 -1.183596346981867313e-04
9.663948284329999296e+03 -6.853715670000354088e+00 2.755502929057813133e-01 2.155994223499999919e-05 1.471014506100000105e-04 -1.255415083799999994e-04
9.664002000000000407e+03 -6.799999999999243094e+00 3.000443701604951774e-01 2.237065338971726429e-05 1.567946483253674619e-04 -1.344239949395758735e-04
9.664126000000000204e+03 -6.675999999999446821e+00 3.501038306559755009e-01 2.424214048435726013e-05 1.791709217052874046e-04 -1.549287812223758298e-04
9.664269000000000233e+03 -6.532999999999417717e+00 4.001320506507538566e-01 2.640038769833725861e-05 2.049758176192273493e-04 -1.785754299194757693e-04
9.664431000000000495e+03 -6.370999999999155783e+00 4.501394464151933228e-01 2.884539503165725634e-05 2.342093360671873505e-04 -2.053639410308757734e-04
9.664448284329999296e+03 -6.353715670000354088e+00 4.551506451577667645e-01 2.910626116500000164e-05 2.373283593999999969e-04 -2.082220982299999937e-04
9.664611999999999171e+03 -6.190000000000480007e+00 5.001322645286027102e-01 3.118856327559745017e-05 2.550913318980117198e-04 -2.239027686197062647e-04
9.664811999999999898e+03 -5.989999999999752411e+00 5.501144793309180603e-01 3.373236633439744990e-05 2.767911148180117334e-04 -2.430587484837062645e-04
9.664948284329999296e+03 -5.853715670000354088e+00 5.817183645498916755e-01 3.546576881199999757e-05 2.915778167000000038e-04 -2.561120478899999798e-04
9.665030999999999040e+03 -5.771000000000610974e+00 6.000887403201946579e-01 3.673964875423481042e-05 2.971025715539529722e-04 -2.603629228020490067e-04
9.665269000000000233e+03 -5.532999999999417717e+00 6.500568818896668155e-01 4.040501743530680980e-05 3.129990958188329057e-04 -2.725940783868090059e-04
9.665448284329999296e+03 -5.353715670000354088e+00 6.852958496311428727e-01 4.316612318400000104e-05 3.249738760799999885e-04 -2.818077529000000158e-04
9.665525999999999840e+03 -5.275999999999810619e+00 7.000202144707585727e-01 4.488588769248994399e-05 3.279439012942203286e-04 -2.830580136063521419e-04
9.665801999999999680e+03 -4.999999999999970690e+00 7.499796991827626380e-01 5.099347197173794170e-05 3.384916706067003333e-04 -2.874981986417921606e-04
9.665948284329999296e+03 -4.853715670000354088e+00 7.751545312960116396e-01 5.423058745799999797e-05 3.440821538199999806e-04 -2.898515663699999852e-04
9.666097999999999956e+03 -4.703999999999694204e+00 8.001000959502785337e-01 5.922803306202009091e-05 3.466440357579478825e-04 -2.874160027018317332e-04
9.666412000000000262e+03 -4.389999999999388614e+00 8.500442383454196449e-01 6.970921996558409727e-05 3.520170934246278846e-04 -2.823078734605517499e-04
9.666448284329999296e+03 -4.353715670000354088e+00 8.556276604083162818e-01 7.092037552100000249e-05 3.526379781300000016e-04 -2.817176026099999994e-04
9.666744999999998981e+03 -4.057000000000669182e+00 8.999873045167785524e-01 8.606521130546932103e-05 3.533293730384611149e-04 -2.672641617298378226e-04
9.666948284329999296e+03 -3.853715670000354088e+00 9.291570583721990850e-01 9.644116413400000479e-05 3.538030580000000127e-04 -2.573618938600000195e-04
9.667097999999999956e+03 -3.703999999999694204e+00 9.500676056332958419e-01 1.077490956396133634e-04 3.527118428559124154e-04 -2.449627472120956815e-04
9.667448284329999296e+03 -3.353715670000354088e+00 9.972797927311811694e-01 1.342058533800000002e-04 3.501587663099999838e-04 -2.159529129300000107e-04
9.667468999999999141e+03 -3.333000000000509111e+00 1.000002095751271414e+00 1.362764768674086871e-04 3.498884511134949969e-04 -2.136119742465006648e-04
9.667859999999998763e+03 -2.942000000000887461e+00 1.050061566564020055e+00 1.753586684439686850e-04 3.447863597095750352e-04 -1.694276912738406759e-04
9.667948284329999296e+03 -2.853715670000354088e+00 1.061037761277616953e+00 1.841830804599999991e-04 3.436343527499999967e-04 -1.594512723000000008e-04
9.668269000000000233e+03 -2.532999999999417717e+00 1.099990374909949997e+00 2.191234425214072089e-04 3.384532293176292371e-04 -1.193297867998077016e-04
9.668448284329999296e+03 -2.353715670000354088e+00 1.121175845585377528e+00 2.386555701599999942e-04 3.355569123299999962e-04 -9.690134217000000204e-05
9.668698000000000320e+03 -2.103999999999330406e+00 1.150033791698531482e+00 2.629194761733927299e-04 3.311866837926331084e-04 -6.826720761924039203e-05
9.668948284329999296e+03 -1.853715670000354088e+00 1.178248455373974268e+00 2.872386366799999980e-04 3.268065032399999795e-04 -3.956786656000000176e-05
9.669145999999998821e+03 -1.656000000000829253e+00 1.200068130043041359e+00 3.025211131115389468e-04 3.232971715463274411e-04 -2.077605843502576178e-05
9.669448284329999296e+03 -1.353715670000354088e+00 1.232681454577063684e+00 3.258862472400000151e-04 3.179318103699999747e-04 7.954436869400000550e-06
9.669611999999999171e+03 -1.190000000000480007e+00 1.249989496233149255e+00 3.351962395854044202e-04 3.150948718375569304e-04 2.010136774678904765e-05
9.669948284328998852e+03 -8.537156710007982596e-01 1.284810380586454581e+00 3.543196657599999928e-04 3.092675862099999811e-04 4.505207954799999757e-05
9.670097999999999956e+03 -7.039999999996942037e-01 1.300012819350716997e+00 3.591032274212291949e-04 3.067932861318760341e-04 5.230994128765261000e-05
9.670448284328998852e+03 -3.537156710007982596e-01 1.334905187618124378e+00 3.702951532599999917e-04 3.010042559199999882e-04 6.929089733900000326e-05
9.670602999999999156e+03 -1.990000000004945591e-01 1.350029561825121682e+00 3.704811888721224020e-04 2.986000391473569537e-04 7.188114972531261799e-05
9.670948284328998852e+03 1.462843289992017404e-01 1.383186901975596683e+00 3.708963709999999890e-04 2.932344651899999833e-04 7.766190581399999343e-05
9.671127000000000407e+03 3.250000000007569056e-01 1.400040428941517145e+00 3.662181082369575058e-04 2.906493383695261663e-04 7.556876986928670755e-05
9.671448284328998852e+03 6.462843289992017404e-01 1.429839204828262655e+00 3.578078076500000181e-04 2.860019522100000055e-04 7.180585543799999839e-05
9.671670000000000073e+03 8.680000000004222116e-01 1.450046028608160009e+00 3.491493784091172334e-04 2.830357210410085330e-04 6.611365736832585250e-05
9.671948284329999296e+03 1.146284329999645912e+00 1.475016711021801541e+00 3.382818327400000124e-04 2.793126840099999925e-04 5.896914873300000058e-05
9.672231999999999971e+03 1.430000000000320348e+00 1.500046887612802804e+00 3.276501689202586626e-04 2.758171627202276785e-04 5.183300620132866559e-05
9.672448284329999296e+03 1.646284329999645912e+00 1.518851027474597881e+00 3.195453565000000028e-04 2.731524298199999889e-04 4.639292668000000034e-05
9.672813000000000102e+03 2.011000000000451315e+00 1.550043464724272013e+00 3.090531253714755679e-04 2.690352271341395012e-04 4.001789824244212360e-05
9.672948284329999296e+03 2.146284329999645912e+00 1.561455279387697015e+00 3.051612321099999767e-04 2.675080292299999996e-04 3.765320288699999974e-05
9.673413000000000466e+03 2.611000000000815113e+00 1.600036161333550533e+00 2.963625959499820097e-04 2.626773835349609579e-04 3.368521241365615644e-05
9.673448284329999296e+03 2.646284329999645912e+00 1.602927551511540205e+00 2.956945444900000082e-04 2.623106085199999882e-04 3.338393596799999900e-05
9.673948284329999296e+03 3.146284329999645912e+00 1.643353547250818947e+00 2.902883136900000108e-04 2.574543368200000104e-04 3.283397686900000007e-05
9.674031999999999243e+03 3.229999999999592752e+00 1.650025330156514647e+00 2.899439517250565371e-04 2.567375978402316843e-04 3.320635388355769828e-05
9.674575059970000439e+03 3.773059970000788077e+00 1.692666421003713673e+00 2.877100903900000044e-04 2.520881427400000255e-04 3.562194764699999828e-05
9.674670000000000073e+03 3.868000000000422212e+00 1.700011282399241486e+00 2.877774591829685238e-04 2.514804547186693458e-04 3.629700446232819332e-05
9.675220885529999578e+03 4.418885529999927009e+00 1.742018468410923226e+00 2.881683637700000128e-04 2.479543705399999873e-04 4.021399323399999968e-05
9.675326999999999316e+03 4.524999999999665512e+00 1.749994293691794933e+00 2.885621766159790773e-04 2.479955298118575666e-04 4.056664680732349179e-05
9.675885761010000351e+03 5.083761010000700686e+00 1.791406451851856430e+00 2.906358548200000205e-04 2.482122598799999945e-04 4.242359493899999854e-05
9.676003999999998996e+03 5.201999999999345370e+00 1.800047516444433171e+00 2.901053052033295975e-04 2.481140344098799644e-04 4.199127079279538482e-05
9.676569686409999122e+03 5.767686409999471131e+00 1.840827478920206373e+00 2.875670163699999937e-04 2.476440979400000120e-04 3.992291843100000240e-05
9.676699000000000524e+03 5.897000000000873321e+00 1.850023384774743596e+00 2.862047152678893775e-04 2.472622934072411490e-04 3.894242186128033873e-05
9.677272661729999527e+03 6.470661729999876322e+00 1.890278957857672637e+00 2.801612668799999956e-04 2.455685298300000138e-04 3.459273704900000173e-05
9.677413000000000466e+03 6.611000000000815113e+00 1.899997074869211211e+00 2.782939122277042774e-04 2.449771272332328565e-04 3.331678499347143414e-05
9.677994686980000552e+03 7.192686980000901009e+00 1.939758560356461325e+00 2.705539287700000186e-04 2.425258273099999932e-04 2.802810145900000137e-05
9.678146999999999025e+03 7.344999999999374474e+00 1.950036053677992820e+00 2.685127190247570453e-04 2.418063970043564273e-04 2.670632201898953908e-05
9.678735762139998769e+03 7.933762139999118723e+00 1.989264186519102751e+00 2.606224742000000263e-04 2.390254572899999977e-04 2.159701690700000052e-05
9.678898999999999432e+03 8.096999999999781039e+00 2.000004191502662287e+00 2.587132972935926177e-04 2.382029563025376401e-04 2.051034099062958073e-05
9.679495887220000441e+03 8.693887220000789284e+00 2.038793941284852362e+00 2.516869739957318212e-04 2.351745922835176360e-04 1.651222664168070748e-05
9.679671000000000276e+03 8.869000000000625050e+00 2.050034703912886336e+00 2.500902382925052070e-04 2.342382831945131983e-04 1.585171514046710274e-05
9.680275062220000109e+03 9.473062220000457501e+00 2.088346107864230916e+00 2.446157909027461830e-04 2.310093709811732003e-04 1.360592200514236901e-05
9.680460999999999331e+03 9.658999999999679176e+00 2.099998151836547589e+00 2.434692257572947311e-04 2.299941444056104558e-04 1.347444177474875450e-05
9.681073287100000016e+03 1.027128710000036449e+01 2.137919125435979950e+00 2.397729559768223826e-04 2.266851725378014719e-04 1.308743028644523801e-05
9.681270999999998821e+03 1.046899999999916986e+01 2.150021291527466349e+00 2.390305167544150495e-04 2.256218083919733569e-04 1.340836047613919590e-05
9.681890562000000500e+03 1.108856200000084868e+01 2.187511584834526790e+00 2.367680766698326670e-04 2.223567982145242057e-04 1.441279558814940219e-05
9.682100000000000364e+03 1.129800000000071236e+01 2.200040401417537872e+00 2.363261747063331408e-04 2.213604906192518848e-04 1.496778683902412126e-05
9.682726886799999193e+03 1.192488679999954115e+01 2.237122186063115858e+00 2.350830519735724986e-04 2.186717363007461027e-04 1.642155395824813967e-05
9.682947000000000116e+03 1.214500000000046498e+01 2.249997424658124245e+00 2.348589088434164390e-04 2.179863368360546096e-04 1.688673619462940502e-05
9.683582261399998970e+03 1.278026139999931843e+01 2.286749742632658400e+00 2.341748853150239795e-04 2.161680979854143053e-04 1.803424946175932164e-05
9.683814000000000306e+03 1.301200000000065415e+01 2.300010526041509351e+00 2.339770286287454920e-04 2.157422084272267264e-04 1.826830769114379583e-05
9.684456685999999536e+03 1.365468599999988442e+01 2.336393185327115596e+00 2.334331559116192129e-04 2.147057435962559523e-04 1.877909378902545983e-05
9.684699999999998909e+03 1.389799999999925717e+01 2.350020282120522275e+00 2.332037327753624391e-04 2.145014721119117374e-04 1.876199914119786293e-05
9.685350160599999072e+03 1.454816059999942013e+01 2.386051522581334794e+00 2.327078877256936475e-04 2.140772953077166383e-04 1.871494507532858726e-05
9.685604999999999563e+03 1.480299999999991201e+01 2.400026902015347741e+00 2.324873009455862938e-04 2.140545076442248681e-04 1.852806631447678054e-05
9.686262684999999692e+03 1.546068500000004065e+01 2.435723832630987573e+00 2.319223690072645433e-04 2.141899472929173855e-04 1.784595059907318105e-05
9.686529000000000451e+03 1.572700000000079967e+01 2.450030577760196948e+00 2.316861537038403902e-04 2.143671471232067949e-04 1.744002613302856759e-05
9.687194259399999282e+03 1.639225939999963089e+01 2.485409288273811690e+00 2.313103930302436921e-04 2.148905897307237247e-04 1.656237283581850133e-05
9.687471999999999753e+03 1.667000000000010118e+01 2.500031486014741233e+00 2.311713344757061511e-04 2.152006027626858736e-04 1.612252236661778119e-05
9.688144883599999957e+03 1.734288360000030593e+01 2.535107106236942798e+00 2.309219637802722850e-04 2.160009914386428181e-04 1.509570347419996060e-05
9.688433999999999287e+03 1.763199999999963552e+01 2.550029789573681427e+00 2.308349047188923246e-04 2.164101380913871172e-04 1.460945799437925343e-05
9.689114557900000364e+03 1.831255790000071215e+01 2.584816588687222083e+00 2.304645105169127552e-04 2.173894199724490852e-04 1.327369191188214548e-05
9.689414999999999054e+03 1.861299999999940269e+01 2.600025638701342512e+00 2.302932903870093457e-04 2.178589840324696852e-04 1.263831076602609546e-05
9.690103282000000036e+03 1.930128200000038419e+01 2.634537060410412135e+00 2.288930527880190515e-04 2.185782101077575880e-04 1.049323392004680109e-05
9.690414999999999054e+03 1.961299999999940269e+01 2.650019172315261073e+00 2.281904307342380405e-04 2.189023330664486742e-04 9.453673115344193319e-06
9.691111055999999735e+03 2.030905600000008349e+01 2.684267915635460078e+00 2.262560692268077275e-04 2.195636064489705076e-04 6.809162831240121472e-06
9.691433999999999287e+03 2.063199999999963552e+01 2.700010519037955525e+00 2.252836264005959757e-04 2.198527869057558697e-04 5.523639526254501593e-06
9.692137880000000223e+03 2.133588000000057150e+01 2.734008592543498484e+00 2.227602014352361823e-04 2.204073066174972535e-04 2.371740350117589064e-06
9.692471999999999753e+03 2.167000000000010118e+01 2.749999798133768714e+00 2.214976680436694793e-04 2.206413584617860420e-04 8.391496389767537175e-07
9.693183753899998919e+03 2.238175389999926779e+01 2.783758559933612986e+00 2.184506194436637864e-04 2.210565560974256144e-04 -2.721627926701623006e-06
9.693529000000000451e+03 2.272700000000079967e+01 2.799987120345187375e+00 2.169294168679788937e-04 2.212213678040966022e-04 -4.455682276500285654e-06
9.694248677699999462e+03 2.344667769999981033e+01 2.833517328448306838e+00 2.139126932378165381e-04 2.216083026740683275e-04 -7.956608705919790433e-06
9.694605999999999767e+03 2.380400000000011573e+01 2.850018635780549481e+00 2.123997422705646717e-04 2.217628988465037874e-04 -9.672920718481069127e-06
9.695332651400000032e+03 2.453065140000038014e+01 2.883284442426850447e+00 2.093452425655101810e-04 2.219985781904887845e-04 -1.305877601922604065e-05
9.695700999999999112e+03 2.489899999999946090e+01 2.900001552369435576e+00 2.077904093435184603e-04 2.220807010899088804e-04 -1.474371364688710494e-05
9.696435674999998810e+03 2.563367499999915822e+01 2.933059477060571574e+00 2.048748137722035845e-04 2.221748524424002277e-04 -1.783583786069919445e-05
9.696815999999998894e+03 2.601399999999924262e+01 2.950027313268241969e+00 2.033555102979199211e-04 2.221893760956714212e-04 -1.941085758829273018e-05
9.697557748600000195e+03 2.675574860000054400e+01 2.982842040230620828e+00 2.007489279993826840e-04 2.221589117412729167e-04 -2.204992217827526557e-05
9.697949000000000524e+03 2.714700000000087243e+01 3.000006287254053383e+00 1.993580000000000113e-04 2.221149999999999969e-04 -2.342802385499999980e-05
9.698698872099999789e+03 2.789687210000013806e+01 3.032631756852412153e+00 1.975272194609713899e-04 2.221696307514310458e-04 -2.533717390694096325e-05
9.699101999999998952e+03 2.829999999999930083e+01 3.050026830034925585e+00 1.965430000000000052e-04 2.221989999999999914e-04 -2.636391135000000084e-05
9.699859045499999411e+03 2.905704549999975939e+01 3.082428280282127897e+00 1.953340545815542256e-04 2.222526590747224634e-04 -2.762867302730242459e-05
9.700272999999999229e+03 2.947099999999957731e+01 3.100002263475568842e+00 1.946729999999999977e-04 2.222819999999999972e-04 -2.832050505599999901e-05
9.701038268799999059e+03 3.023626879999940797e+01 3.132231285873863680e+00 1.941936628675062755e-04 2.223353310750629725e-04 -2.883316721677983783e-05
9.701463999999999942e+03 3.066200000000029036e+01 3.150018058521124598e+00 1.939269999999999883e-04 2.223650000000000030e-04 -2.911847438500000308e-05
9.702236542099999497e+03 3.143454209999984528e+01 3.182040473389485591e+00 1.942343554591397946e-04 2.224186753816377116e-04 -2.882519532978728669e-05
9.702672999999998865e+03 3.187099999999921351e+01 3.199990302128349562e+00 1.944079999999999994e-04 2.224489999999999974e-04 -2.865943936400000048e-05
9.703453865199999200e+03 3.265186519999954839e+01 3.231855548881201301e+00 1.956259972240846114e-04 2.226186428058584299e-04 -2.755525670341587498e-05
9.703902000000000044e+03 3.310000000000039222e+01 3.250001763731375171e+00 1.963249999999999880e-04 2.227160000000000001e-04 -2.692079649999999855e-05
9.704690238299999692e+03 3.388823830000004023e+01 3.281676252212789358e+00 1.982374884394230556e-04 2.228840059197115416e-04 -2.511357866568548640e-05
9.705149999999999636e+03 3.434799999999998477e+01 3.300010892760984582e+00 1.993529999999999868e-04 2.229819999999999871e-04 -2.405819692599999785e-05
9.705945661300000211e+03 3.514366130000055932e+01 3.331502326961706562e+00 2.018750014055248538e-04 2.231496729022099329e-04 -2.163753922267632967e-05
9.706416999999999462e+03 3.561499999999981014e+01 3.350017793679349598e+00 2.033690000000000107e-04 2.232489999999999898e-04 -2.020184665979999998e-05
9.707220134299999700e+03 3.641813430000004814e+01 3.381333539555424483e+00 2.063410965269828808e-04 2.234151226468118160e-04 -1.733375290605017655e-05
9.707702999999999520e+03 3.690099999999986835e+01 3.400022564798412805e+00 2.081279999999999968e-04 2.235150000000000038e-04 -1.560731485050000263e-05
9.708513657100000273e+03 3.771165710000062177e+01 3.431169658492235541e+00 2.114197026612260144e-04 2.237659620447509474e-04 -1.251376791082415057e-05
9.709007999999999811e+03 3.820600000000015939e+01 3.450025298726301148e+00 2.134270000000000015e-04 2.239189999999999952e-04 -1.062388173880000025e-05
9.709826229899999817e+03 3.902422990000016512e+01 3.481010480586104183e+00 2.167641914350453198e-04 2.241680533608005998e-04 -7.493380467827371290e-06
9.710332000000000335e+03 3.953000000000068326e+01 3.500026082775332892e+00 2.188269999999999972e-04 2.243219999999999980e-04 -5.554840821600000351e-06
9.711157852599999387e+03 4.035585259999973573e+01 3.530855802953950739e+00 2.220387856513775097e-04 2.245698172731198775e-04 -2.560071214413591190e-06
9.711674999999999272e+03 4.087299999999962097e+01 3.550024999335400278e+00 2.240499999999999979e-04 2.247250000000000007e-04 -6.813796834999999942e-07
9.712508525199998985e+03 4.170652519999933361e+01 3.580705437657165202e+00 2.270016094270190801e-04 2.249722424234948664e-04 2.042330227504847281e-06
9.713037000000000262e+03 4.223500000000061050e+01 3.600022126216513296e+00 2.288729999999999888e-04 2.251289999999999921e-04 3.772329062699999505e-06
9.713878247700000429e+03 4.307624770000077774e+01 3.630559207063394300e+00 2.314783703207096393e-04 2.254146952724837177e-04 6.100799678756637584e-06
9.714417999999999665e+03 4.361600000000001387e+01 3.650017536962412823e+00 2.331500000000000022e-04 2.255980000000000040e-04 7.597869922400000803e-06
9.715267020100000082e+03 4.446502010000043015e+01 3.680416943150356168e+00 2.353610909175714164e-04 2.258818152905714242e-04 9.525306383970619351e-06
9.715817999999999302e+03 4.501599999999965007e+01 3.700011301139613185e+00 2.367960000000000008e-04 2.260660000000000002e-04 1.077871384700000060e-05
9.716674842500000523e+03 4.587284250000087127e+01 3.730278490383979850e+00 2.386183753805496809e-04 2.263491988248766853e-04 1.231326140886539503e-05
9.717236999999999171e+03 4.643499999999951910e+01 3.750003484602589143e+00 2.398140000000000048e-04 2.265350000000000122e-04 1.332211558700000064e-05
9.718101714799999172e+03 4.729971479999952066e+01 3.780143694481043593e+00 2.412854583557718941e-04 2.268170245070931935e-04 1.450151296414109790e-05
9.718674999999999272e+03 4.787299999999962097e+01 3.799994149738296745e+00 2.422609999999999900e-04 2.270039999999999970e-04 1.528501923479999835e-05
9.719547636999999668e+03 4.874563700000001631e+01 3.830012412609049122e+00 2.434167352860082292e-04 2.272805146049382849e-04 1.615532888638919904e-05
9.720132999999999811e+03 4.933100000000015939e+01 3.850017442479163332e+00 2.441920000000000093e-04 2.274660000000000072e-04 1.674029203020000199e-05
9.721012609100000191e+03 5.021060910000053923e+01 3.879884509268890280e+00 2.451014061562330594e-04 2.277413247995934982e-04 1.736403532924078589e-05
9.721609000000000378e+03 5.080700000000072691e+01 3.900004808457745220e+00 2.457180000000000215e-04 2.279279999999999902e-04 1.778777463359999914e-05
9.722496631199999683e+03 5.169463120000003187e+01 3.929759859170440350e+00 2.464132616288962959e-04 2.282023047587959934e-04 1.819736426553299538e-05
9.723103999999999360e+03 5.230199999999970828e+01 3.949990835702761771e+00 2.468889999999999735e-04 2.283900000000000003e-04 1.847816701800000081e-05
9.723999703100000261e+03 5.319770310000060931e+01 3.979638333403428430e+00 2.473767591138613950e-04 2.286625538805940594e-04 1.868108981995314095e-05
9.724618999999998778e+03 5.381699999999912620e+01 4.000008383005324575e+00 2.477140000000000071e-04 2.288509999999999947e-04 1.882164452910000112e-05
9.725521824999999808e+03 5.471982500000015648e+01 4.029519822459993961e+00 2.479501597031963421e-04 2.290795036529680252e-04 1.882252141346713471e-05
9.726152000000000044e+03 5.535000000000039222e+01 4.049991475959133780e+00 2.481149999999999784e-04 2.292390000000000053e-04 1.882311230069999859e-05
9.727062996799999382e+03 5.626099679999973091e+01 4.079404212530640450e+00 2.481044411188667166e-04 2.294660159443657566e-04 1.857952731749515983e-05
9.727704999999999927e+03 5.690300000000027580e+01 4.100005391753128947e+00 2.480970000000000202e-04 2.296260000000000000e-04 1.840755496319999968e-05
9.728623218599999745e+03 5.782121860000009406e+01 4.129291401655397209e+00 2.477991046526717726e-04 2.298520499988549717e-04 1.787952553267467567e-05
9.729277000000000044e+03 5.847500000000039222e+01 4.150017393579311431e+00 2.475870000000000132e-04 2.300129999999999948e-04 1.750290823890000150e-05
9.730202490199999374e+03 5.940049019999972302e+01 4.179181283316307116e+00 2.469670961867924809e-04 2.302382608222641367e-04 1.665596342989485862e-05
9.730867000000000189e+03 6.006500000000053774e+01 4.199996303673152909e+00 2.465219999999999955e-04 2.303999999999999896e-04 1.604680703999999868e-05
9.731800811799999792e+03 6.099881180000014069e+01 4.229073768429112867e+00 2.455139472618633419e-04 2.305537019422360123e-04 1.488866743862555257e-05
9.732476999999998952e+03 6.167499999999930083e+01 4.250005047121683255e+00 2.447840000000000064e-04 2.306649999999999879e-04 1.404906702199999905e-05
9.733418183300000237e+03 6.261618330000058563e+01 4.278968762858618824e+00 2.434516680848373136e-04 2.308175306268876671e-04 1.257021883923043848e-05
9.734105999999999767e+03 6.330400000000011573e+01 4.300012063680159535e+00 2.424779999999999915e-04 2.309289999999999976e-04 1.148823279909999864e-05
9.735054604699998890e+03 6.425260469999923885e+01 4.328866179836777128e+00 2.408634149371965960e-04 2.310815365567354355e-04 9.730036854019051548e-06
9.735753999999998996e+03 6.495199999999934448e+01 4.350017412904524150e+00 2.396730000000000073e-04 2.311939999999999959e-04 8.432246284400000402e-06
9.736710075999999390e+03 6.590807599999973831e+01 4.378765936546582971e+00 2.378480246958608385e-04 2.313454121559688204e-04 6.466539412632561742e-06
9.737421000000000276e+03 6.661900000000062505e+01 4.400021151641626993e+00 2.364909999999999961e-04 2.314580000000000055e-04 5.003196128000000156e-06
9.738384597299998859e+03 6.758259729999920751e+01 4.428667956862872401e+00 2.344648722647477731e-04 2.315209054617210695e-04 2.926886900143681567e-06
9.739105999999999767e+03 6.830400000000011573e+01 4.449993843418842410e+00 2.329479999999999930e-04 2.315680000000000028e-04 1.371706942079999843e-06
9.740078168399999413e+03 6.927616839999976150e+01 4.478572159259178065e+00 2.309090122003519020e-04 2.316307205419354737e-04 -7.168425169132692561e-07
9.740810999999999694e+03 7.000900000000004297e+01 4.499994849316196088e+00 2.293720000000000123e-04 2.316780000000000000e-04 -2.291962652639999754e-06
9.741790789499998937e+03 7.098878949999928523e+01 4.528478477391289836e+00 2.274306073480278638e-04 2.317405155713457077e-04 -4.283098551309726970e-06
9.742534999999999854e+03 7.173300000000020304e+01 4.549994393273687265e+00 2.259560000000000030e-04 2.317879999999999973e-04 -5.796206622000000180e-06
9.743522460500000307e+03 7.272046050000065520e+01 4.578386839205708547e+00 2.242127894672977693e-04 2.318497516893287379e-04 -7.590437357580398073e-06
9.744278000000000247e+03 7.347600000000059595e+01 4.599992522962911501e+00 2.228789999999999916e-04 2.318970000000000059e-04 -8.963908965900000531e-06
9.745273181499998827e+03 7.447118149999917591e+01 4.628297181424798623e+00 2.213159497597844681e-04 2.318693403893930759e-04 -1.048974317619378975e-05
9.746040999999999258e+03 7.523899999999960642e+01 4.650017506380134336e+00 2.201100000000000051e-04 2.318479999999999933e-04 -1.166673046880000020e-05
9.747042952300000252e+03 7.624095230000060042e+01 4.678209435053338083e+00 2.188841414588994989e-04 2.318204336537338665e-04 -1.285795635604626668e-05
9.747822000000000116e+03 7.702000000000046498e+01 4.700012642240491978e+00 2.179310000000000112e-04 2.317990000000000079e-04 -1.378397389480000148e-05
9.748831773099998827e+03 7.802977309999917566e+01 4.728123545109221837e+00 2.170749368052222246e-04 2.317709507472222276e-04 -1.460775116429312127e-05
9.749621999999999389e+03 7.881999999999973738e+01 4.750006501294677719e+00 2.164049999999999991e-04 2.317490000000000066e-04 -1.525228233620000136e-05
9.750639643799999249e+03 7.983764379999959715e+01 4.778039450666089039e+00 2.159277871570093414e-04 2.317215868355140200e-04 -1.569941173696067448e-05
9.751440999999998894e+03 8.063899999999924262e+01 4.799999123438042581e+00 2.155520000000000125e-04 2.316999999999999941e-04 -1.605143456000000018e-05
9.752466564399999697e+03 8.166456440000004591e+01 4.827957096033221873e+00 2.153629481611745496e-04 2.316007338427406351e-04 -1.614186531682067281e-05
9.753279999999998836e+03 8.247799999999918441e+01 4.850017605484029382e+00 2.152129999999999874e-04 2.315220000000000103e-04 -1.621353196440000218e-05
9.754312534900000173e+03 8.351053490000052193e+01 4.877876427797682268e+00 2.153614581681744748e-04 2.314235839109854507e-04 -1.596822738173951225e-05
9.755136999999998807e+03 8.433499999999915531e+01 4.900007590938541213e+00 2.154799999999999901e-04 2.313449999999999881e-04 -1.577250060299999909e-05
9.756177555399999619e+03 8.537555539999996768e+01 4.927797397372205346e+00 2.159242883131130093e-04 2.312462692637526536e-04 -1.523308614989175835e-05
9.757012999999999010e+03 8.621099999999935903e+01 4.949996455205663004e+00 2.162809999999999982e-04 2.311670000000000044e-04 -1.480032847479999990e-05
9.758061625700000150e+03 8.725962570000049823e+01 4.977719950207769806e+00 2.169712346379746790e-04 2.310685530724683478e-04 -1.401672156990672482e-05
9.758908999999999651e+03 8.810699999999999932e+01 5.000010478756691690e+00 2.175289999999999971e-04 2.309889999999999936e-04 -1.338398773690000096e-05
9.759964745999999650e+03 8.916274599999999850e+01 5.027644044361322173e+00 2.183607998787878690e-04 2.308417250877742950e-04 -1.240998491900593072e-05
9.760823000000000320e+03 9.002100000000066871e+01 5.049996940400661494e+00 2.190369999999999969e-04 2.307219999999999909e-04 -1.161909070339999956e-05
9.761886916199999177e+03 9.108491619999952604e+01 5.077569631784286663e+00 2.200106978665977101e-04 2.305745700405377409e-04 -1.050398219786763558e-05
9.762756999999999607e+03 9.195499999999995566e+01 5.100008115118021657e+00 2.208070000000000020e-04 2.304539999999999996e-04 -9.593085612599999606e-06
9.763828136399999494e+03 9.302613639999984230e+01 5.127496671416950313e+00 2.218721033736815150e-04 2.303075619975422422e-04 -8.387122622432920054e-06
9.764709999999999127e+03 9.390799999999947545e+01 5.150017800748490693e+00 2.227490000000000047e-04 2.301869999999999969e-04 -7.395401898599999452e-06
9.765788406399999076e+03 9.498640639999942437e+01 5.177425116177873932e+00 2.238624231476408068e-04 2.300403673692541983e-04 -6.142351317946423959e-06
9.766681000000000495e+03 9.587900000000084333e+01 5.200000802984041215e+00 2.247840000000000081e-04 2.299190000000000055e-04 -5.106409022400000135e-06
9.767767726399999447e+03 9.696572639999979515e+01 5.227354930825415913e+00 2.258958340918131328e-04 2.297536167256655120e-04 -3.835064730609643166e-06
9.768672000000000480e+03 9.787000000000082878e+01 5.250007878077645351e+00 2.268209999999999888e-04 2.296160000000000052e-04 -2.778560254399999863e-06
9.769766096299999845e+03 9.896409630000019320e+01 5.277286073990191895e+00 2.279145519734825597e-04 2.294510690652238998e-04 -1.526451133306541641e-06
9.770681999999998880e+03 9.987999999999922807e+01 5.300013583592266819e+00 2.288299999999999894e-04 2.293130000000000049e-04 -4.796517089700000939e-07
9.771783515999999508e+03 1.009815159999998571e+02 5.327218505852798991e+00 2.298782869230769151e-04 2.291478812307692306e-04 7.267395410311400386e-07
9.772709999999999127e+03 1.019079999999994754e+02 5.349993428210864543e+00 2.307599999999999929e-04 2.290089999999999888e-04 1.740088245059999896e-06
9.773819986000000426e+03 1.030179860000007750e+02 5.377152202715540064e+00 2.317377415742187335e-04 2.288447784384765404e-04 2.876170513741126896e-06
9.774757999999999811e+03 1.039560000000001594e+02 5.399996735496340072e+00 2.325639999999999912e-04 2.287059999999999885e-04 3.834965078600000315e-06
9.775875504999999976e+03 1.050735050000003241e+02 5.427087098225486628e+00 2.334711956410256387e-04 2.285497547435897390e-04 4.892098774374105791e-06
9.776824999999998909e+03 1.060229999999992572e+02 5.449998780035217649e+00 2.342420000000000114e-04 2.284169999999999918e-04 5.789160339900000251e-06
9.777950074999998833e+03 1.071480749999991815e+02 5.477023207519585490e+00 2.350283659395973365e-04 2.282611291107382431e-04 6.725241109547482651e-06
9.778911000000000058e+03 1.081090000000004068e+02 5.499999596267537427e+00 2.357000000000000100e-04 2.281279999999999951e-04 7.523729878399999266e-06
9.780043695000000298e+03 1.092416950000006466e+02 5.526960473953919539e+00 2.363354930142517985e-04 2.279724898551068954e-04 8.309340958906817306e-06
9.781015999999999622e+03 1.102139999999999702e+02 5.549999217391235362e+00 2.368810000000000110e-04 2.278389999999999983e-04 8.982848765699999428e-06
9.782156364000000394e+03 1.113543640000007429e+02 5.576898842912487275e+00 2.373357496741996479e-04 2.276838374783427595e-04 9.588113465020159148e-06
9.783139999999999418e+03 1.123379999999997665e+02 5.599997675417962562e+00 2.377280000000000116e-04 2.275500000000000016e-04 1.010952313500000096e-05
9.784288082999999460e+03 1.134860829999998089e+02 5.626838308363374175e+00 2.380119402659822841e-04 2.274214232757816156e-04 1.051708500312538585e-05
9.785282999999999447e+03 1.144809999999997956e+02 5.649995001225474489e+00 2.382580000000000082e-04 2.273099999999999904e-04 1.086989600699999864e-05
9.786438852999999654e+03 1.156368530000000021e+02 5.676778864486328402e+00 2.383060937447988752e-04 2.271822843888118241e-04 1.104312153306665499e-05
9.787445999999999913e+03 1.166440000000002613e+02 5.700014248130781169e+00 2.383479999999999887e-04 2.270709999999999949e-04 1.119389637989999980e-05
9.788608672000000297e+03 1.178066720000006455e+02 5.726720436915105239e+00 2.381496900577716657e-04 2.269435911930307132e-04 1.112159583918036233e-05
9.789627000000000407e+03 1.188250000000007560e+02 5.750009197659269766e+00 2.379760000000000133e-04 2.268319999999999993e-04 1.105833219840000006e-05
9.790797540999999910e+03 1.199955410000002587e+02 5.776663022008539983e+00 2.375333226763636332e-04 2.267043046181818242e-04 1.074337688337264158e-05
9.791826999999999316e+03 1.210249999999996646e+02 5.800003104738912008e+00 2.371440000000000050e-04 2.265919999999999881e-04 1.046666968640000075e-05
9.793005460000000312e+03 1.222034600000006606e+02 5.826606593726599392e+00 2.365231709148264932e-04 2.265080898242451493e-04 9.932372672639021082e-06
9.794046000000000276e+03 1.232440000000006251e+02 5.849995996096007289e+00 2.359750000000000031e-04 2.264339999999999940e-04 9.460933318200000011e-06
9.795232428999999684e+03 1.244304290000000321e+02 5.876551126913898138e+00 2.351584358691379971e-04 2.263502770066994248e-04 8.732186222624005158e-06
9.796284999999999854e+03 1.254830000000002030e+02 5.900010140629586175e+00 2.344339999999999987e-04 2.262759999999999999e-04 8.086108625600000677e-06
9.797478447999999844e+03 1.266764480000001925e+02 5.926496597262625343e+00 2.334668682357111274e-04 2.261924533522374835e-04 7.208880804401114101e-06
9.798541999999999462e+03 1.277399999999998101e+02 5.950000890250001007e+00 2.326050000000000134e-04 2.261180000000000058e-04 6.427675491599999624e-06
9.799743516000000454e+03 1.289415160000008029e+02 5.976442959318468695e+00 2.315417348528765859e-04 2.260346273482652802e-04 5.455581679157416886e-06
9.800818999999999505e+03 1.300169999999998538e+02 6.000012574508027718e+00 2.305899999999999996e-04 2.259600000000000118e-04 4.586061563999999929e-06
9.802027635000000373e+03 1.312256350000007217e+02 6.026390234463311124e+00 2.295541023769063279e-04 2.259442008496732142e-04 3.575175161863511218e-06
9.803113999999999578e+03 1.323119999999999266e+02 6.050001291221705380e+00 2.286230000000000098e-04 2.259300000000000002e-04 2.666674383000000165e-06
9.805429000000000087e+03 1.346270000000004359e+02 6.100010632707862257e+00 2.266620000000000061e-04 2.258999999999999886e-04 7.536430619999999014e-07
9.807761999999998807e+03 1.369599999999991553e+02 6.149997418191683884e+00 2.247949999999999916e-04 2.258700000000000041e-04 -1.064102933099999920e-06
9.810114999999999782e+03 1.393130000000001303e+02 6.200004526951174988e+00 2.230970000000000088e-04 2.258399999999999926e-04 -2.713625688000000168e-06
9.812486999999999171e+03 1.416849999999995191e+02 6.250010473767886765e+00 2.216239999999999909e-04 2.258100000000000081e-04 -4.139752148999999691e-06
9.814877000000000407e+03 1.440750000000007560e+02 6.299994455509718705e+00 2.204150000000000098e-04 2.257799999999999965e-04 -5.304407585999999763e-06
9.817287000000000262e+03 1.464850000000006105e+02 6.349998324608631783e+00 2.194920000000000052e-04 2.257500000000000121e-04 -6.184895325000000579e-06
9.819716000000000349e+03 1.489140000000006978e+02 6.400001109621363149e+00 2.188659999999999879e-04 2.257200000000000005e-04 -6.771599999999999676e-06
9.822163999999998850e+03 1.513619999999991990e+02 6.450002835760574982e+00 2.185350000000000075e-04 2.256899999999999889e-04 -7.066060503000000393e-06
9.824630999999999403e+03 1.538289999999997519e+02 6.500003527462714814e+00 2.184889999999999879e-04 2.256600000000000045e-04 -7.079721444000000450e-06
9.827117000000000189e+03 1.563150000000005377e+02 6.550003208417458644e+00 2.187149999999999956e-04 2.256969999999999907e-04 -6.892718670899999878e-06
9.829621999999999389e+03 1.588199999999997374e+02 6.600001901596151299e+00 2.191899999999999936e-04 2.257349999999999927e-04 -6.460355111999999812e-06
9.832145999999998821e+03 1.613439999999991699e+02 6.649999629278909197e+00 2.198839999999999974e-04 2.257720000000000061e-04 -5.811958287200000140e-06
9.834689000000000306e+03 1.638870000000006542e+02 6.699996413080377522e+00 2.207599999999999938e-04 2.258089999999999924e-04 -4.984078828899999740e-06
9.837252000000000407e+03 1.664500000000007560e+02 6.750011716064244105e+00 2.217750000000000103e-04 2.258469999999999944e-04 -4.018518255699999446e-06
9.839833000000000538e+03 1.690310000000008870e+02 6.800006531465275117e+00 2.228850000000000048e-04 2.258840000000000077e-04 -2.959758052000000320e-06
9.842432999999999083e+03 1.716309999999994318e+02 6.850000466166318525e+00 2.240440000000000118e-04 2.259209999999999940e-04 -1.852895599920000070e-06
9.845052999999999884e+03 1.742510000000002321e+02 6.900012558743820357e+00 2.252070000000000005e-04 2.259589999999999960e-04 -7.414392667000000299e-07
9.847690999999998894e+03 1.768889999999992426e+02 6.950004652114762926e+00 2.263350000000000073e-04 2.259960000000000094e-04 3.341825451600000364e-07
9.850347999999999956e+03 1.795460000000003049e+02 6.999995922538436055e+00 2.273889999999999874e-04 2.260329999999999956e-04 1.337604525420000139e-06
9.853024999999999636e+03 1.822229999999999848e+02 7.050005002305099744e+00 2.282429999999999897e-04 2.259480000000000125e-04 2.264676804000000239e-06
9.855720999999999549e+03 1.849189999999998975e+02 7.100013031469881497e+00 2.289659999999999894e-04 2.258619999999999866e-04 3.063727685199999665e-06
9.858434999999999491e+03 1.876329999999998392e+02 7.150001677678725187e+00 2.295350000000000038e-04 2.257770000000000035e-04 3.711344903700000187e-06
9.861168999999999869e+03 1.903670000000002176e+02 7.200007798635347456e+00 2.299350000000000135e-04 2.256910000000000047e-04 4.191713804800000305e-06
9.863922000000000480e+03 1.931200000000008288e+02 7.250012931543919237e+00 2.301570000000000124e-04 2.256050000000000058e-04 4.496961904500000346e-06
9.866692999999999302e+03 1.958909999999996501e+02 7.299999119448512097e+00 2.302019999999999891e-04 2.255199999999999956e-04 4.626881079999999673e-06
9.869484000000000378e+03 1.986820000000007269e+02 7.350002458923351689e+00 2.300760000000000110e-04 2.254339999999999968e-04 4.587897507599999286e-06
9.872293999999999869e+03 2.014920000000002176e+02 7.400004867968136502e+00 2.297909999999999959e-04 2.253489999999999866e-04 4.391961870399999883e-06
9.875122999999999593e+03 2.043209999999999411e+02 7.450006365317275225e+00 2.293630000000000061e-04 2.252629999999999878e-04 4.054846631499999291e-06
9.877970999999999549e+03 2.071689999999998975e+02 7.500006969205210261e+00 2.288109999999999884e-04 2.251769999999999889e-04 3.594883251899999613e-06
9.880837999999999738e+03 2.100360000000000866e+02 7.550006697383025767e+00 2.279749999999999984e-04 2.249139999999999950e-04 3.029164243400000020e-06
9.883724000000000160e+03 2.129220000000005086e+02 7.600005567134368256e+00 2.270580000000000070e-04 2.246510000000000011e-04 2.383749295899999960e-06
9.886628999999998996e+03 2.158269999999993445e+02 7.650003595290709058e+00 2.260850000000000012e-04 2.243869999999999914e-04 1.681520276079999913e-06
9.889552999999999884e+03 2.187510000000002321e+02 7.700000798246167122e+00 2.250780000000000022e-04 2.241239999999999975e-04 9.451936627200000856e-07
9.892495999999999185e+03 2.216939999999995337e+02 7.749997191971426780e+00 2.240599999999999927e-04 2.238599999999999878e-04 1.976363680200000048e-07
9.895458999999998923e+03 2.246569999999992717e+02 7.800009616915430044e+00 2.230549999999999981e-04 2.235969999999999939e-04 -5.377038296299999950e-07
9.898440000000000509e+03 2.276380000000008579e+02 7.850004331313012784e+00 2.220869999999999897e-04 2.233340000000000000e-04 -1.236792425240000123e-06
9.901440000000000509e+03 2.306380000000008579e+02 7.899998283343832028e+00 2.211799999999999931e-04 2.230699999999999903e-04 -1.875519023199999889e-06
9.904459999999999127e+03 2.336579999999994754e+02 7.950007994830712299e+00 2.203580000000000068e-04 2.228069999999999964e-04 -2.430779808600000133e-06
9.907497999999999593e+03 2.366959999999999411e+02 8.000000361760031709e+00 2.196409999999999931e-04 2.225429999999999867e-04 -2.881820578499999723e-06
9.910556000000000495e+03 2.397540000000008433e+02 8.050008312063031468e+00 2.189869999999999957e-04 2.222279999999999872e-04 -3.219617041199999659e-06
9.913631999999999607e+03 2.428299999999999557e+02 8.099999153682540864e+00 2.184640000000000009e-04 2.219140000000000034e-04 -3.427661452600000184e-06
9.916727999999999156e+03 2.459259999999995046e+02 8.150005406186343393e+00 2.180790000000000105e-04 2.215990000000000039e-04 -3.498405572899999746e-06
9.919842999999998938e+03 2.490409999999992863e+02 8.200010783506229473e+00 2.178340000000000018e-04 2.212840000000000043e-04 -3.429503688799999943e-06
9.922975999999998749e+03 2.521739999999990971e+02 8.249999394401276831e+00 2.177269999999999976e-04 2.209690000000000048e-04 -3.224026097600000104e-06
9.926128999999998996e+03 2.553269999999993445e+02 8.300003164545133316e+00 2.177480000000000030e-04 2.206540000000000053e-04 -2.890523269199999856e-06
9.929300999999999476e+03 2.584989999999998531e+02 8.350006104958250575e+00 2.178840000000000030e-04 2.203390000000000058e-04 -2.443184933700000354e-06
9.932492000000000189e+03 2.616900000000005662e+02 8.400008230458103853e+00 2.181130000000000037e-04 2.200240000000000062e-04 -1.901693834880000120e-06
9.935701999999999316e+03 2.648999999999996930e+02 8.450009555511179826e+00 2.184130000000000110e-04 2.197090000000000067e-04 -1.290843105160000048e-06
9.938931000000000495e+03 2.681290000000008718e+02 8.500010094243423353e+00 2.187520000000000089e-04 2.193940000000000072e-04 -6.399525525399999707e-07
9.942179000000000087e+03 2.713770000000004643e+02 8.550009860450012766e+00 2.191890000000000049e-04 2.191679999999999995e-04 2.080130063040000121e-08
9.945445999999999913e+03 2.746440000000002897e+02 8.600008867605186680e+00 2.196079999999999885e-04 2.189419999999999919e-04 6.635321934599999568e-07
9.948731999999999971e+03 2.779300000000003479e+02 8.650007128871411766e+00 2.199749999999999937e-04 2.187160000000000113e-04 1.255195813879999915e-06
9.952037000000000262e+03 2.812350000000006389e+02 8.700004657108388884e+00 2.202609999999999974e-04 2.184889999999999879e-04 1.765415153789999766e-06
9.955360999999998967e+03 2.845589999999993438e+02 8.750001464881682622e+00 2.204399999999999968e-04 2.182630000000000074e-04 2.169064954549999926e-06
9.958703999999999724e+03 2.879020000000001005e+02 8.799997564471196299e+00 2.204929999999999911e-04 2.180369999999999997e-04 2.448424687800000184e-06
9.962066999999999098e+03 2.912649999999994748e+02 8.850007796595477316e+00 2.204130000000000054e-04 2.178109999999999920e-04 2.594608194199999703e-06
9.965448000000000320e+03 2.946460000000006971e+02 8.900002432255522677e+00 2.202000000000000127e-04 2.175839999999999957e-04 2.608179407999999705e-06
9.968847999999999956e+03 2.980460000000003333e+02 8.949996395867998444e+00 2.198640000000000078e-04 2.173579999999999881e-04 2.498421530999999943e-06
9.972268000000000029e+03 3.014660000000004061e+02 9.000004280209035201e+00 2.194200000000000100e-04 2.171320000000000075e-04 2.281927040800000128e-06
9.975706000000000131e+03 3.049040000000005080e+02 9.049996852527790736e+00 2.190059999999999967e-04 2.170069999999999909e-04 1.994398493359999860e-06
9.979163999999998850e+03 3.083619999999992274e+02 9.100003207888404333e+00 2.185250000000000126e-04 2.168810000000000128e-04 1.639967369600000101e-06
9.982640999999999622e+03 3.118389999999999986e+02 9.150008777806666771e+00 2.180010000000000021e-04 2.167559999999999962e-04 1.242066068999999985e-06
9.986136000000000422e+03 3.153340000000007990e+02 9.199999310519000773e+00 2.174560000000000132e-04 2.166310000000000067e-04 8.230483246100000512e-07
9.989650999999999840e+03 3.188490000000002169e+02 9.250003424809930763e+00 2.169089999999999929e-04 2.165059999999999901e-04 4.028050828799999914e-07
9.993184999999999491e+03 3.223829999999998677e+02 9.300006790426756709e+00 2.163780000000000076e-04 2.163800000000000120e-04 -2.010585649599999900e-09
9.996737999999999374e+03 3.259359999999997513e+02 9.350009419381093423e+00 2.158759999999999911e-04 2.162549999999999954e-04 -3.781499806499999695e-07
1.000030899999999929e+04 3.295069999999996639e+02 9.399997362355891894e+00 2.154129999999999923e-04 2.161300000000000059e-04 -7.154940424000000410e-07
1.000389999999999964e+04 3.330980000000000132e+02 9.449998626873716390e+00 2.149960000000000131e-04 2.160049999999999893e-04 -1.006486097749999908e-06
1.000751000000000022e+04 3.367080000000005953e+02 9.499999188477623591e+00 2.146320000000000010e-04 2.158790000000000112e-04 -1.245475032279999907e-06
1.001113899999999921e+04 3.403369999999995912e+02 9.549999058208248570e+00 2.143029999999999978e-04 2.157439999999999998e-04 -1.438347988479999879e-06
1.001478700000000026e+04 3.439850000000006389e+02 9.599998246876134900e+00 2.140339999999999908e-04 2.156079999999999997e-04 -1.572690029679999885e-06
1.001845399999999972e+04 3.476520000000001005e+02 9.649996765067530902e+00 2.138259999999999955e-04 2.154729999999999883e-04 -1.645289340829999987e-06
1.002214099999999962e+04 3.513389999999999986e+02 9.700008152441807141e+00 2.136809999999999892e-04 2.153369999999999883e-04 -1.654121932349999849e-06
1.002584599999999955e+04 3.550439999999999259e+02 9.750005291194076662e+00 2.136010000000000035e-04 2.152020000000000040e-04 -1.598864779200000026e-06
1.002956999999999971e+04 3.587680000000000859e+02 9.800001790649350397e+00 2.135840000000000069e-04 2.150660000000000039e-04 -1.481359553379999988e-06
1.003331300000000010e+04 3.625110000000004788e+02 9.849997660542436861e+00 2.136240000000000133e-04 2.149309999999999925e-04 -1.306131388379999960e-06
1.003707599999999911e+04 3.662739999999994893e+02 9.900006166386301487e+00 2.137139999999999938e-04 2.147949999999999924e-04 -1.080588538049999939e-06
1.004085699999999997e+04 3.700550000000003479e+02 9.950000738971519709e+00 2.138440000000000078e-04 2.146600000000000081e-04 -8.150339676000000271e-07
1.004465799999999945e+04 3.738559999999998240e+02 1.000000783411768523e+01 2.140020000000000019e-04 2.145240000000000081e-04 -5.222007565200000315e-07
1.004847699999999895e+04 3.776749999999993292e+02 1.005000114868389538e+01 2.140570000000000005e-04 2.142730000000000134e-04 -2.163557335599999970e-07
1.005231599999999889e+04 3.815139999999992710e+02 1.010000687428058086e+01 2.141119999999999992e-04 2.140219999999999915e-04 9.015141695000000410e-08
1.005617299999999886e+04 3.853709999999992419e+02 1.014999896855825234e+01 2.141540000000000099e-04 2.137709999999999968e-04 3.823850139599999712e-07
1.006004999999999927e+04 3.892479999999996494e+02 1.020000336415566800e+01 2.141669999999999978e-04 2.135200000000000021e-04 6.464702336000000128e-07
1.006394599999999991e+04 3.931440000000002897e+02 1.025000707772357167e+01 2.141400000000000063e-04 2.132690000000000074e-04 8.705811195200000778e-07
1.006785999999999876e+04 3.970579999999991401e+02 1.029999737802056003e+01 2.140640000000000023e-04 2.130180000000000127e-04 1.045741575060000149e-06
1.007179399999999987e+04 4.009920000000002460e+02 1.034999981869143859e+01 2.139339999999999883e-04 2.127669999999999909e-04 1.166275927489999858e-06
1.007574699999999939e+04 4.049449999999997658e+02 1.040000160596803624e+01 2.137460000000000098e-04 2.125159999999999961e-04 1.229934224839999952e-06
1.007971899999999914e+04 4.089169999999995184e+02 1.045000274922957395e+01 2.135030000000000055e-04 2.122650000000000014e-04 1.237649290200000030e-06
1.008370999999999913e+04 4.129079999999995039e+02 1.050000325767647524e+01 2.132070000000000070e-04 2.120140000000000067e-04 1.193070622480000027e-06
1.008771999999999935e+04 4.169179999999997221e+02 1.055000314033463127e+01 2.128649999999999889e-04 2.117630000000000120e-04 1.101915123389999910e-06
1.009174899999999980e+04 4.209470000000001733e+02 1.060000240605951660e+01 2.124829999999999915e-04 2.115119999999999902e-04 9.713117517599999737e-07
1.009579700000000048e+04 4.249950000000008572e+02 1.065000106354020559e+01 2.120699999999999940e-04 2.112609999999999954e-04 8.092120217899999991e-07
1.009986399999999958e+04 4.290619999999999550e+02 1.069999912130323594e+01 2.116339999999999866e-04 2.110100000000000007e-04 6.239206982999999937e-07
1.010395099999999911e+04 4.331489999999994893e+02 1.075000879554092670e+01 2.111829999999999870e-04 2.107590000000000060e-04 4.237878744299999573e-07
1.010805600000000049e+04 4.372540000000008718e+02 1.080000562230299543e+01 2.107250000000000128e-04 2.105080000000000113e-04 2.170211175200000073e-07
1.011218000000000029e+04 4.413780000000006680e+02 1.085000187451079867e+01 2.102689999999999887e-04 2.102569999999999895e-04 1.157645606020000005e-08
1.011632300000000032e+04 4.455210000000006971e+02 1.089999756007047793e+01 2.098210000000000092e-04 2.100059999999999948e-04 -1.849468240439999918e-07
1.012048599999999897e+04 4.496839999999993438e+02 1.095000467159860413e+01 2.093899999999999993e-04 2.097550000000000000e-04 -3.654267708000000068e-07
1.012466699999999946e+04 4.538649999999998386e+02 1.099999919253505354e+01 2.089810000000000105e-04 2.095040000000000053e-04 -5.233996531199999519e-07
1.012886800000000039e+04 4.580660000000007699e+02 1.105000504657564164e+01 2.086300000000000134e-04 2.092890000000000082e-04 -6.595387043699999780e-07
1.013308699999999953e+04 4.622849999999999113e+02 1.109999843478247072e+01 2.083090000000000007e-04 2.090740000000000111e-04 -7.649954937800000738e-07
1.013732599999999911e+04 4.665239999999994893e+02 1.115000306461097779e+01 2.080220000000000083e-04 2.088579999999999983e-04 -8.359896508599999210e-07
1.014158399999999892e+04 4.707819999999993001e+02 1.120000706816911240e+01 2.077729999999999909e-04 2.086430000000000012e-04 -8.701706686599999764e-07
1.014585999999999876e+04 4.750579999999991401e+02 1.124999878855518887e+01 2.075609999999999868e-04 2.084280000000000041e-04 -8.667645122400000319e-07
1.015015599999999904e+04 4.793539999999994166e+02 1.130000161609648579e+01 2.073859999999999961e-04 2.082130000000000070e-04 -8.266618275099999955e-07
1.015447099999999955e+04 4.836689999999999259e+02 1.135000384152428943e+01 2.072449999999999987e-04 2.079969999999999942e-04 -7.523833881599999438e-07
1.015880500000000029e+04 4.880030000000006680e+02 1.140000547276149589e+01 2.071340000000000128e-04 2.077819999999999971e-04 -6.479868673800000350e-07
1.016315799999999945e+04 4.923559999999998240e+02 1.145000651759249344e+01 2.070479999999999868e-04 2.075670000000000000e-04 -5.188510785599999612e-07
1.016752999999999884e+04 4.967279999999992128e+02 1.150000698366623020e+01 2.069800000000000004e-04 2.073520000000000029e-04 -3.714296376000000149e-07
1.017192100000000028e+04 5.011190000000006535e+02 1.155000687849912389e+01 2.069229999999999973e-04 2.071359999999999901e-04 -2.129420220800000142e-07
1.017633100000000013e+04 5.055290000000005080e+02 1.160000620947784356e+01 2.068700000000000031e-04 2.069209999999999930e-04 -5.101864868099999944e-08
1.018076000000000022e+04 5.099580000000005953e+02 1.165000498386224237e+01 2.068130000000000001e-04 2.067059999999999959e-04 1.066939890780000105e-07
1.018520799999999872e+04 5.144059999999990396e+02 1.170000320878794042e+01 2.067439999999999979e-04 2.064909999999999988e-04 2.529390855400000243e-07
1.018967499999999927e+04 5.188729999999995925e+02 1.175000089126910119e+01 2.066570000000000104e-04 2.062750000000000130e-04 3.812580825000000462e-07
1.019416100000000006e+04 5.233590000000003783e+02 1.179999803820086335e+01 2.065470000000000131e-04 2.060599999999999888e-04 4.863572361999999384e-07
1.019866699999999946e+04 5.278649999999997817e+02 1.185000573097321741e+01 2.064099999999999973e-04 2.058449999999999917e-04 5.643858209999999683e-07
1.020319099999999889e+04 5.323889999999992142e+02 1.190000178050000201e+01 2.062440000000000128e-04 2.056299999999999946e-04 6.131146331999999770e-07
1.020773400000000038e+04 5.369320000000006985e+02 1.194999731486378813e+01 2.060479999999999896e-04 2.054140000000000089e-04 6.319684958400000397e-07
1.021229700000000048e+04 5.414950000000008004e+02 1.200000327668433187e+01 2.058220000000000091e-04 2.051990000000000118e-04 6.219458570600000422e-07
1.021687800000000061e+04 5.460760000000009313e+02 1.204999775455866207e+01 2.055720000000000030e-04 2.049789999999999902e-04 5.921187377199999307e-07
1.022147899999999936e+04 5.506769999999996799e+02 1.210000258244341076e+01 2.052970000000000099e-04 2.047580000000000071e-04 5.369614743600000259e-07
1.022609900000000016e+04 5.552970000000004802e+02 1.215000683139516369e+01 2.049990000000000070e-04 2.045380000000000126e-04 4.599548275000000277e-07
1.023073699999999917e+04 5.599349999999994907e+02 1.219999975163982775e+01 2.046840000000000074e-04 2.043179999999999909e-04 3.654247861800000032e-07
1.023539500000000044e+04 5.645930000000007567e+02 1.225000290787352419e+01 2.043559999999999930e-04 2.040970000000000078e-04 2.583174090200000072e-07
1.024007200000000012e+04 5.692700000000004366e+02 1.230000550582601626e+01 2.040210000000000038e-04 2.038770000000000133e-04 1.439318611980000064e-07
1.024476800000000003e+04 5.739660000000003492e+02 1.235000755227841118e+01 2.036840000000000102e-04 2.036560000000000030e-04 2.763754479199999835e-08
1.024948199999999997e+04 5.786800000000002910e+02 1.239999847050670034e+01 2.033500000000000097e-04 2.034360000000000085e-04 -8.536093185600000235e-08
1.025421600000000035e+04 5.834140000000006694e+02 1.244999947637099247e+01 2.030249999999999882e-04 2.032159999999999869e-04 -1.902483806079999842e-07
1.025896899999999914e+04 5.881669999999994616e+02 1.249999995009000209e+01 2.027119999999999931e-04 2.029950000000000038e-04 -2.827679751000000181e-07
1.026374099999999999e+04 5.929390000000003056e+02 1.254999989802412586e+01 2.024150000000000059e-04 2.027750000000000093e-04 -3.593598827500000344e-07
1.026853199999999924e+04 5.977299999999995634e+02 1.259999932643266618e+01 2.021360000000000040e-04 2.025549999999999877e-04 -4.172592488999999728e-07
1.027334200000000055e+04 6.025400000000008731e+02 1.264999824147597351e+01 2.018789999999999962e-04 2.023340000000000045e-04 -4.545716577599999964e-07
1.027817200000000048e+04 6.073700000000008004e+02 1.270000698261308258e+01 2.016420000000000050e-04 2.021140000000000100e-04 -4.703415105400000077e-07
1.028302000000000044e+04 6.122180000000007567e+02 1.275000484849900495e+01 2.014279999999999966e-04 2.018929999999999998e-04 -4.645719444399999941e-07
1.028788699999999881e+04 6.170849999999991269e+02 1.280000221924268899e+01 2.012340000000000049e-04 2.016730000000000053e-04 -4.382596297600000331e-07
1.029277299999999923e+04 6.219709999999995489e+02 1.284999910062373907e+01 2.010579999999999984e-04 2.014530000000000107e-04 -3.933389970300000160e-07
1.029767900000000009e+04 6.268770000000004075e+02 1.290000567152118727e+01 2.008989999999999886e-04 2.012320000000000005e-04 -3.326042988800000261e-07
1.030260299999999916e+04 6.318009999999994761e+02 1.295000155188320790e+01 2.007520000000000051e-04 2.010120000000000060e-04 -2.595667956000000316e-07
1.030754700000000048e+04 6.367450000000008004e+02 1.300000705492544739e+01 2.006130000000000120e-04 2.007920000000000115e-04 -1.782334203839999979e-07
1.031250900000000001e+04 6.417070000000003347e+02 1.305000195753610193e+01 2.004080000000000097e-04 2.005019999999999990e-04 -9.379202857199999207e-08
1.031749099999999999e+04 6.466890000000003056e+02 1.310000641683489953e+01 2.002039999999999961e-04 2.002119999999999865e-04 -8.470609338400000185e-09
1.032249099999999999e+04 6.516890000000003056e+02 1.315000036425042218e+01 1.999960000000000008e-04 1.999220000000000012e-04 7.375462447400000813e-08
1.032751100000000042e+04 6.567090000000007421e+02 1.320000380319232036e+01 1.997819999999999924e-04 1.996330000000000045e-04 1.492228726380000103e-07
1.033254999999999927e+04 6.617479999999995925e+02 1.325000672174696525e+01 1.995579999999999891e-04 1.993429999999999920e-04 2.147721482000000099e-07
1.033760699999999997e+04 6.668050000000002910e+02 1.329999925855785392e+01 1.993219999999999866e-04 1.990530000000000066e-04 2.678914989899999655e-07
1.034268399999999929e+04 6.718819999999996071e+02 1.335000119081543346e+01 1.990709999999999919e-04 1.987640000000000099e-04 3.068041598399999996e-07
1.034777999999999884e+04 6.769779999999991560e+02 1.340000261975536233e+01 1.988050000000000049e-04 1.984739999999999974e-04 3.305167674599999787e-07
1.035289500000000044e+04 6.820930000000007567e+02 1.345000355099102229e+01 1.985239999999999986e-04 1.981840000000000121e-04 3.387876206400000167e-07
1.035802900000000045e+04 6.872270000000007713e+02 1.350000399005252838e+01 1.982270000000000115e-04 1.978939999999999996e-04 3.320839424599999816e-07
1.036318199999999888e+04 6.923799999999991996e+02 1.355000394238834893e+01 1.979170000000000094e-04 1.976050000000000029e-04 3.114847615000000477e-07
1.036835399999999936e+04 6.975519999999996799e+02 1.360000341336681018e+01 1.975939999999999923e-04 1.973149999999999904e-04 2.785811558999999867e-07
1.037354500000000007e+04 7.027430000000003929e+02 1.365000240827748001e+01 1.972610000000000075e-04 1.970250000000000050e-04 2.353857674999999913e-07
1.037875499999999920e+04 7.079529999999995198e+02 1.370000093233265481e+01 1.969200000000000052e-04 1.967360000000000083e-04 1.842218197759999954e-07
1.038398400000000038e+04 7.131820000000006985e+02 1.374999899066882669e+01 1.965740000000000055e-04 1.964459999999999958e-04 1.276264479419999927e-07
1.038923300000000017e+04 7.184310000000004948e+02 1.380000609806771728e+01 1.962239999999999969e-04 1.961560000000000105e-04 6.824973401600000927e-08
1.039450000000000000e+04 7.236980000000003201e+02 1.385000320574944155e+01 1.958750000000000042e-04 1.958659999999999980e-04 8.747414733200001002e-09
1.039978600000000006e+04 7.289840000000003783e+02 1.389999986292721168e+01 1.955279999999999887e-04 1.955770000000000013e-04 -4.832629439199999877e-08
1.040509200000000055e+04 7.342900000000008731e+02 1.395000548190996170e+01 1.951859999999999977e-04 1.952869999999999888e-04 -1.006226031850000057e-07
1.041041599999999926e+04 7.396139999999995780e+02 1.400000121894674088e+01 1.948510000000000086e-04 1.949970000000000034e-04 -1.460940923639999954e-07
1.041576000000000022e+04 7.449580000000005384e+02 1.405000586055172107e+01 1.945779999999999927e-04 1.947639999999999940e-04 -1.855547790240000055e-07
1.042112199999999939e+04 7.503199999999997090e+02 1.410000069722749849e+01 1.943140000000000102e-04 1.945299999999999959e-04 -2.157279340999999785e-07
1.042650399999999900e+04 7.557019999999993161e+02 1.415000438190493881e+01 1.940610000000000111e-04 1.942970000000000135e-04 -2.354821350900000074e-07
1.043190400000000045e+04 7.611020000000007713e+02 1.419999833743982087e+01 1.938189999999999954e-04 1.940640000000000041e-04 -2.441887905600000269e-07
1.043732400000000052e+04 7.665220000000008440e+02 1.425000108506987928e+01 1.935879999999999903e-04 1.938300000000000060e-04 -2.417428377000000057e-07
1.044276299999999901e+04 7.719609999999993306e+02 1.430000335535745037e+01 1.933679999999999958e-04 1.935969999999999965e-04 -2.285722340200000017e-07
1.044822099999999955e+04 7.774189999999998690e+02 1.435000515329243242e+01 1.931570000000000075e-04 1.933629999999999984e-04 -2.055932097499999999e-07
1.045369800000000032e+04 7.828960000000006403e+02 1.440000648379532677e+01 1.929549999999999983e-04 1.931299999999999890e-04 -1.741700416399999834e-07
1.045919299999999930e+04 7.883909999999996217e+02 1.444999826977243274e+01 1.927599999999999908e-04 1.928970000000000066e-04 -1.360164971250000085e-07
1.046470799999999872e+04 7.939059999999990396e+02 1.449999871121855932e+01 1.925700000000000079e-04 1.926630000000000085e-04 -9.311094529200000198e-08
1.047024200000000019e+04 7.994400000000005093e+02 1.454999869937440948e+01 1.923820000000000022e-04 1.924299999999999991e-04 -4.758620712999999943e-08
1.047579500000000007e+04 8.049930000000003929e+02 1.459999823889704196e+01 1.921950000000000123e-04 1.921960000000000010e-04 -1.616758517880000126e-09
1.048136800000000039e+04 8.105660000000007130e+02 1.465000629234100771e+01 1.920059999999999909e-04 1.919629999999999915e-04 4.268585249500000108e-08
1.048695899999999892e+04 8.161569999999992433e+02 1.470000491784666963e+01 1.918129999999999879e-04 1.917300000000000091e-04 8.337129800999999977e-08
1.049256899999999951e+04 8.217669999999998254e+02 1.475000310851984153e+01 1.916149999999999874e-04 1.914960000000000110e-04 1.187342223600000083e-07
1.049819800000000032e+04 8.273960000000006403e+02 1.480000086876742849e+01 1.914110000000000008e-04 1.912630000000000016e-04 1.473876503260000026e-07
1.050384599999999955e+04 8.330439999999998690e+02 1.484999820293695727e+01 1.911980000000000081e-04 1.910299999999999921e-04 1.683113751899999866e-07
1.050951399999999921e+04 8.387119999999995343e+02 1.490000392297867293e+01 1.909779999999999865e-04 1.907959999999999940e-04 1.808872005359999952e-07
1.051519999999999891e+04 8.443979999999992287e+02 1.495000038834715639e+01 1.907479999999999972e-04 1.905630000000000117e-04 1.849122353610000031e-07
1.052090599999999904e+04 8.501039999999993597e+02 1.500000518947294026e+01 1.905110000000000061e-04 1.903289999999999865e-04 1.805820615809999939e-07
1.052662999999999920e+04 8.558279999999995198e+02 1.505000080352494152e+01 1.902089999999999944e-04 1.900390000000000011e-04 1.696115178509999916e-07
1.053237399999999980e+04 8.615720000000001164e+02 1.510000470376822257e+01 1.899000000000000080e-04 1.897480000000000000e-04 1.517515322440000076e-07
1.053813600000000042e+04 8.673340000000007421e+02 1.514999948352456727e+01 1.895850000000000085e-04 1.894569999999999989e-04 1.279681622790000037e-07
1.054391799999999967e+04 8.731159999999999854e+02 1.520000250044720680e+01 1.892660000000000002e-04 1.891659999999999978e-04 9.943794539000000768e-08
1.054971899999999914e+04 8.789169999999994616e+02 1.525000506799754874e+01 1.889430000000000102e-04 1.888760000000000124e-04 6.750579340799999401e-08
1.055553800000000047e+04 8.847360000000007858e+02 1.529999861318791687e+01 1.886190000000000045e-04 1.885850000000000113e-04 3.363319182500000446e-08
1.056137700000000041e+04 8.905750000000007276e+02 1.535000032309406492e+01 1.882929999999999944e-04 1.882940000000000102e-04 -6.537059286200000826e-10
1.056723500000000058e+04 8.964330000000009022e+02 1.540000159649233424e+01 1.879689999999999887e-04 1.880030000000000091e-04 -3.382982382900000525e-08
1.057311199999999917e+04 9.023099999999994907e+02 1.545000243762076586e+01 1.876480000000000032e-04 1.877129999999999966e-04 -6.444037119599999198e-08
1.057900799999999981e+04 9.082060000000001310e+02 1.550000285066271566e+01 1.873300000000000106e-04 1.874219999999999955e-04 -9.117143189999999996e-08
1.058492299999999886e+04 9.141209999999991851e+02 1.555000283974763242e+01 1.870180000000000041e-04 1.871309999999999944e-04 -1.129191494129999952e-07
1.059085699999999997e+04 9.200550000000002910e+02 1.560000240895206147e+01 1.867109999999999950e-04 1.868399999999999933e-04 -1.288469192399999957e-07
1.059680999999999949e+04 9.260079999999998108e+02 1.565000156230034989e+01 1.864109999999999877e-04 1.865500000000000079e-04 -1.384271889000000017e-07
1.060278199999999924e+04 9.319799999999995634e+02 1.570000030376558620e+01 1.861169999999999936e-04 1.862590000000000068e-04 -1.414575639529999964e-07
1.060877299999999923e+04 9.379709999999995489e+02 1.574999863727037663e+01 1.858300000000000013e-04 1.859680000000000057e-04 -1.380661765919999992e-07
1.061478399999999965e+04 9.439819999999999709e+02 1.580000487264585551e+01 1.855480000000000063e-04 1.856770000000000046e-04 -1.286867870359999998e-07
1.062081300000000010e+04 9.500110000000004220e+02 1.585000237559912861e+01 1.852719999999999975e-04 1.853860000000000035e-04 -1.140222154579999915e-07
1.062686099999999897e+04 9.560589999999992870e+02 1.589999948222973103e+01 1.850010000000000131e-04 1.850959999999999910e-04 -9.499570950399998486e-08
1.063292900000000009e+04 9.621270000000004075e+02 1.595000442411063446e+01 1.847320000000000060e-04 1.848049999999999899e-04 -7.269119869999999440e-08
1.063901499999999942e+04 9.682129999999997381e+02 1.600000072352006342e+01 1.844659999999999920e-04 1.845139999999999888e-04 -4.829469435999999919e-08
1.064512099999999919e+04 9.743189999999995052e+02 1.605000481439090265e+01 1.842109999999999885e-04 1.842339999999999982e-04 -2.362211501200000341e-08
1.065124499999999898e+04 9.804429999999993015e+02 1.610000032175624085e+01 1.839560000000000121e-04 1.839549999999999963e-04 9.512975287999999568e-10
1.065738899999999921e+04 9.865869999999995343e+02 1.615000357724312252e+01 1.836990000000000042e-04 1.836750000000000058e-04 2.439442777499999856e-08
1.066355099999999948e+04 9.927489999999997963e+02 1.619999830736508173e+01 1.834410000000000077e-04 1.833949999999999881e-04 4.578566212000000000e-08
1.066973300000000017e+04 9.989310000000004948e+02 1.625000074271174100e+01 1.831799999999999911e-04 1.831149999999999976e-04 6.434496296499999932e-08
1.067593399999999929e+04 1.005131999999999607e+03 1.630000276120146196e+01 1.829149999999999927e-04 1.828350000000000071e-04 7.945387460999999920e-08
1.068215400000000045e+04 1.011352000000000771e+03 1.635000436665880486e+01 1.826470000000000014e-04 1.825560000000000052e-04 9.066716762400001120e-08
1.068839300000000003e+04 1.017591000000000349e+03 1.640000556286158684e+01 1.823740000000000127e-04 1.822759999999999875e-04 9.771324214799998958e-08
1.069464999999999964e+04 1.023847999999999956e+03 1.644999837578324531e+01 1.820969999999999880e-04 1.819959999999999970e-04 1.004927313200000103e-07
1.070092699999999968e+04 1.030125000000000000e+03 1.649999878880258208e+01 1.818160000000000089e-04 1.817160000000000064e-04 9.906956432399999511e-08
1.070722299999999996e+04 1.036421000000000276e+03 1.654999880348167807e+01 1.815300000000000052e-04 1.814370000000000045e-04 9.366231532500000352e-08
1.071353800000000047e+04 1.042736000000000786e+03 1.659999842341998999e+01 1.812419999999999971e-04 1.811569999999999869e-04 8.463184031799999288e-08
1.071987299999999959e+04 1.049070999999999913e+03 1.665000553410363437e+01 1.809500000000000073e-04 1.808769999999999963e-04 7.247307285200000104e-08
1.072622599999999875e+04 1.055423999999999069e+03 1.670000435158830854e+01 1.806549999999999974e-04 1.805970000000000058e-04 5.779772208900000487e-08
1.073259799999999996e+04 1.061796000000000276e+03 1.675000278501465445e+01 1.803589999999999989e-04 1.803169999999999881e-04 4.131477199099999351e-08
1.073898899999999958e+04 1.068186999999999898e+03 1.680000083781163056e+01 1.800609999999999960e-04 1.800380000000000133e-04 2.380354413199999934e-08
1.074539899999999943e+04 1.074596999999999753e+03 1.684999851336750964e+01 1.797640000000000089e-04 1.797579999999999957e-04 6.077438222000000284e-09
1.075182899999999972e+04 1.081027000000000044e+03 1.690000358036464689e+01 1.794669999999999946e-04 1.794780000000000052e-04 -1.105663450320000144e-08
1.075827700000000004e+04 1.087475000000000364e+03 1.695000048853803776e+01 1.791709999999999961e-04 1.791979999999999875e-04 -2.684457719199999622e-08
1.076474499999999898e+04 1.093942999999999302e+03 1.700000474918686066e+01 1.788779999999999906e-04 1.789179999999999970e-04 -4.062816268600000336e-08
1.077123099999999977e+04 1.100429000000000087e+03 1.705000090359421705e+01 1.785900000000000096e-04 1.786430000000000038e-04 -5.243350692999999606e-08
1.077773699999999917e+04 1.106934999999999491e+03 1.710000437188791622e+01 1.783060000000000103e-04 1.783680000000000107e-04 -6.139801132800001434e-08
1.078426100000000042e+04 1.113459000000000742e+03 1.714999978582681095e+01 1.780250000000000040e-04 1.780920000000000018e-04 -6.725555334000000107e-08
1.079080500000000029e+04 1.120003000000000611e+03 1.720000247543493188e+01 1.777469999999999907e-04 1.778170000000000087e-04 -6.990608629500000105e-08
1.079736800000000039e+04 1.126566000000000713e+03 1.725000476966945584e+01 1.774719999999999976e-04 1.775409999999999998e-04 -6.940379509700000435e-08
1.080394900000000052e+04 1.133147000000000844e+03 1.729999908617111259e+01 1.771999999999999975e-04 1.772660000000000067e-04 -6.594437012800000941e-08
1.081054999999999927e+04 1.139747999999999593e+03 1.735000062176534996e+01 1.769309999999999904e-04 1.769910000000000135e-04 -5.983764825299999622e-08
1.081717000000000007e+04 1.146368000000000393e+03 1.740000177202687226e+01 1.766639999999999877e-04 1.767150000000000047e-04 -5.148591525000000550e-08
1.082380899999999929e+04 1.153006999999999607e+03 1.745000254026803788e+01 1.763980000000000008e-04 1.764400000000000115e-04 -4.136088836000000702e-08
1.083046700000000055e+04 1.159665000000000873e+03 1.750000292976339367e+01 1.761339999999999911e-04 1.761640000000000027e-04 -2.997818020800000123e-08
1.083714400000000023e+04 1.166342000000000553e+03 1.755000294375006575e+01 1.758709999999999972e-04 1.758890000000000095e-04 -1.787999629500000002e-08
1.084384000000000015e+04 1.173038000000000466e+03 1.760000258542844165e+01 1.756080000000000032e-04 1.756130000000000007e-04 -5.613118318999999553e-09
1.085055500000000029e+04 1.179753000000000611e+03 1.765000185796258236e+01 1.753439999999999936e-04 1.753380000000000075e-04 6.288865579800000730e-09
1.085728900000000067e+04 1.186487000000000990e+03 1.770000076448078730e+01 1.750800000000000110e-04 1.750629999999999873e-04 1.732616017299999817e-08
1.086404199999999946e+04 1.193239999999999782e+03 1.774999930807606319e+01 1.748139999999999970e-04 1.747870000000000055e-04 2.705143441600000040e-08
1.087081499999999869e+04 1.200012999999999010e+03 1.780000486451101693e+01 1.745469999999999943e-04 1.745120000000000124e-04 3.508930235200000725e-08
1.087760599999999977e+04 1.206804000000000087e+03 1.785000267075001545e+01 1.742779999999999872e-04 1.742360000000000035e-04 4.115158118800000053e-08
1.088441599999999926e+04 1.213613999999999578e+03 1.790000012325396739e+01 1.740059999999999871e-04 1.739610000000000104e-04 4.505241978000000711e-08
1.089124599999999919e+04 1.220443999999999505e+03 1.795000453607285706e+01 1.737320000000000097e-04 1.736850000000000015e-04 4.671431759999999928e-08
1.089809399999999914e+04 1.227291999999999462e+03 1.800000126963416491e+01 1.734560000000000008e-04 1.734100000000000084e-04 4.617336047000000218e-08
1.090496199999999953e+04 1.234159999999999854e+03 1.805000492893178432e+01 1.731469999999999873e-04 1.731029999999999993e-04 4.413555260100000042e-08
1.091184799999999996e+04 1.241046000000000276e+03 1.810000095556193855e+01 1.728359999999999966e-04 1.727950000000000015e-04 4.023445177499999784e-08
1.091875399999999900e+04 1.247951999999999316e+03 1.815000387366512058e+01 1.725230000000000014e-04 1.724879999999999925e-04 3.472700903999999614e-08
1.092567799999999988e+04 1.254876000000000204e+03 1.819999920511059344e+01 1.722089999999999906e-04 1.721810000000000105e-04 2.794118831800000003e-08
1.093262199999999939e+04 1.261819999999999709e+03 1.825000139407742239e+01 1.718930000000000024e-04 1.718730000000000127e-04 2.025677990700000103e-08
1.093958499999999913e+04 1.268782999999999447e+03 1.830000321309186617e+01 1.715780000000000029e-04 1.715660000000000037e-04 1.208107723900000143e-08
1.094656699999999910e+04 1.275764999999999418e+03 1.835000466517816520e+01 1.712619999999999876e-04 1.712580000000000059e-04 3.823523233799999659e-09
1.095356699999999910e+04 1.282764999999999418e+03 1.839999862103797668e+01 1.709469999999999881e-04 1.709509999999999968e-04 -4.127492229299999637e-09
1.096058699999999953e+04 1.289784999999999854e+03 1.844999936753855607e+01 1.706319999999999885e-04 1.706439999999999878e-04 -1.142637343319999978e-08
1.096762600000000020e+04 1.296824000000000524e+03 1.849999975588350765e+01 1.703189999999999934e-04 1.703359999999999900e-04 -1.778631478399999994e-08
1.097468399999999929e+04 1.303881999999999607e+03 1.854999978896898227e+01 1.700059999999999983e-04 1.700290000000000080e-04 -2.299030120600000366e-08
1.098176100000000042e+04 1.310959000000000742e+03 1.859999946965999484e+01 1.696950000000000075e-04 1.697219999999999989e-04 -2.689448756400000032e-08
1.098885699999999997e+04 1.318055000000000291e+03 1.864999880079077599e+01 1.693850000000000054e-04 1.694140000000000012e-04 -2.942772004199999696e-08
1.099597299999999996e+04 1.325171000000000276e+03 1.870000480303353996e+01 1.690759999999999919e-04 1.691069999999999921e-04 -3.058503023400000038e-08
1.100310699999999997e+04 1.332305000000000291e+03 1.875000342471192383e+01 1.687690000000000099e-04 1.687989999999999944e-04 -3.041842379499999850e-08
1.101026000000000022e+04 1.339458000000000538e+03 1.880000170525213576e+01 1.684629999999999895e-04 1.684920000000000124e-04 -2.902780176000000060e-08
1.101743200000000070e+04 1.346630000000001019e+03 1.884999964736871192e+01 1.681580000000000119e-04 1.681850000000000033e-04 -2.655069321000000029e-08
1.102462399999999980e+04 1.353822000000000116e+03 1.890000419735276793e+01 1.678539999999999958e-04 1.678770000000000056e-04 -2.315326008600000201e-08
1.103183399999999892e+04 1.361031999999999243e+03 1.895000145233121813e+01 1.675509999999999955e-04 1.675699999999999965e-04 -1.902422210000000180e-08
1.103906300000000010e+04 1.368261000000000422e+03 1.899999837695523297e+01 1.672479999999999952e-04 1.672629999999999874e-04 -1.436779134219999835e-08
1.104631199999999990e+04 1.375510000000000218e+03 1.905000186275797347e+01 1.669770000000000108e-04 1.669859999999999899e-04 -9.562219509599998802e-09
1.105357999999999993e+04 1.382778000000000247e+03 1.910000498731364615e+01 1.667050000000000107e-04 1.667100000000000081e-04 -4.545631557000000037e-09
1.106086599999999999e+04 1.390064000000000306e+03 1.915000090049556647e+01 1.664339999999999993e-04 1.664339999999999993e-04 4.818530594399999962e-10
1.106817199999999866e+04 1.397369999999998981e+03 1.920000332886404237e+01 1.661629999999999878e-04 1.661570000000000017e-04 5.318735417099999946e-09
1.107549599999999919e+04 1.404693999999999505e+03 1.924999858693634280e+01 1.658909999999999877e-04 1.658809999999999929e-04 9.769379025899999106e-09
1.108284000000000015e+04 1.412038000000000466e+03 1.930000032983281955e+01 1.656179999999999989e-04 1.656050000000000111e-04 1.365226091350000040e-08
1.109020299999999952e+04 1.419400999999999840e+03 1.935000172515716343e+01 1.653450000000000102e-04 1.653279999999999865e-04 1.680922841599999761e-08
1.109758499999999913e+04 1.426782999999999447e+03 1.940000277559687802e+01 1.650710000000000057e-04 1.650520000000000047e-04 1.911467212000000213e-08
1.110498599999999897e+04 1.434183999999999287e+03 1.945000348381179478e+01 1.647960000000000126e-04 1.647759999999999958e-04 2.048412844000000056e-08
1.111240599999999904e+04 1.441603999999999360e+03 1.950000385243444612e+01 1.645200000000000037e-04 1.644999999999999869e-04 2.088014949999999871e-08
1.111984499999999935e+04 1.449042999999999665e+03 1.955000388407042067e+01 1.642439999999999948e-04 1.642229999999999894e-04 2.031668422199999779e-08
1.112730299999999988e+04 1.456501000000000204e+03 1.960000358129870079e+01 1.639660000000000087e-04 1.639470000000000077e-04 1.885882341000000177e-08
1.113477999999999884e+04 1.463977999999999156e+03 1.965000294667198943e+01 1.636870000000000068e-04 1.636709999999999988e-04 1.661931701099999991e-08
1.114227599999999984e+04 1.471474000000000160e+03 1.970000198271708669e+01 1.634080000000000049e-04 1.633940000000000013e-04 1.375099394899999893e-08
1.114979099999999926e+04 1.478988999999999578e+03 1.975000069193515273e+01 1.631290000000000030e-04 1.631179999999999924e-04 1.043646906980000038e-08
1.115732499999999891e+04 1.486522999999999229e+03 1.979999907680209859e+01 1.628490000000000124e-04 1.628420000000000106e-04 6.873984209200001178e-09
1.116487899999999900e+04 1.494076999999999316e+03 1.985000375106069370e+01 1.625689999999999948e-04 1.625660000000000017e-04 3.263756299000000230e-09
1.117245099999999911e+04 1.501648999999999432e+03 1.990000147794302876e+01 1.622890000000000042e-04 1.622890000000000042e-04 -2.060307541700000082e-10
1.118004199999999946e+04 1.509239999999999782e+03 1.994999888783677733e+01 1.620100000000000023e-04 1.620129999999999953e-04 -3.371101698799999775e-09
1.118765300000000025e+04 1.516851000000000568e+03 2.000000254482677065e+01 1.617310000000000004e-04 1.617369999999999865e-04 -6.100105039400000170e-09
