9.654105736799998340e+03 -1.686326320000090462e+01 -1.583320477985231456e+00 2.769018518099999995e-06 4.020114064400000340e-06 -1.251095546299999922e-06
9.654605736799998340e+03 -1.636326320000090462e+01 -1.541320729160648106e+00 2.895546845499999791e-06 4.254839369700000193e-06 -1.359292524199999978e-06
9.655105736799998340e+03 -1.586326320000090462e+01 -1.498143999845556351e+00 3.033158941699999946e-06 4.516768318799999913e-06 -1.483609377200000041e-06
9.655605736799998340e+03 -1.536326320000090462e+01 -1.453685419341534502e+00 3.183355785700000205e-06 4.810754296799999723e-06 -1.627398511099999942e-06
9.656105736799998340e+03 -1.486326320000090462e+01 -1.407823551635326131e+00 3.347924328500000062e-06 5.142855938399999839e-06 -1.794931610000000063e-06
9.656605736799998340e+03 -1.436326320000090462e+01 -1.360416482799305937e+00 3.529010600599999943e-06 5.520731954799999760e-06 -1.991721354199999816e-06
9.657105736799998340e+03 -1.386326320000090462e+01 -1.311296633414791080e+00 3.729217266999999864e-06 5.954201089699999595e-06 -2.224983822700000154e-06
9.657605736799998340e+03 -1.336326320000090462e+01 -1.260263748164603737e+00 3.951736162800000062e-06 6.456053530399999978e-06 -2.504317367599999916e-06
9.658105736799998340e+03 -1.286326320000090462e+01 -1.207075212681805620e+00 4.200532148799999746e-06 7.043255735400000317e-06 -2.842723586600000148e-06
9.658605736799998340e+03 -1.236326320000090462e+01 -1.151432335486439751e+00 4.480604466800000418e-06 7.738790097800000062e-06 -3.258185630900000205e-06
9.659105736799998340e+03 -1.186326320000090462e+01 -1.092960327430363643e+00 4.798369214299999595e-06 8.574556139200000847e-06 -3.776186924899999982e-06
9.659605736799998340e+03 -1.136326320000090462e+01 -1.031178030928519229e+00 5.162239040599999652e-06 9.596121934000000487e-06 -4.433882893399999988e-06
9.660105736799998340e+03 -1.086326320000090462e+01 -9.654501466168764479e-01 5.583540355500000107e-06 1.087086239000000055e-05 -5.287322034999999752e-06
9.660605736799998340e+03 -1.036326320000090462e+01 -8.949077269391962908e-01 6.078044521700000003e-06 1.250267235500000036e-05 -6.424627833500000086e-06
9.661105736789999355e+03 -9.863263209999889369e+00 -8.183066029874292990e-01 6.668704306399999817e-06 1.466039273399999954e-05 -7.991688427200000275e-06
9.661605736789999355e+03 -9.363263209999889369e+00 -7.337516954840763717e-01 7.390995694900000345e-06 1.763751868899999877e-05 -1.024652299400000026e-05
9.662105736789999355e+03 -8.863263209999889369e+00 -6.380888690133117436e-01 8.304635282300000383e-06 2.199194708999999896e-05 -1.368731180700000039e-05
9.662605736789999355e+03 -8.363263209999889369e+00 -5.252839792832234567e-01 9.523659189900000516e-06 2.892396522300000097e-05 -1.940030603300000144e-05
9.663105736789999355e+03 -7.863263209999888481e+00 -3.803802216526885882e-01 1.131202894800000068e-05 4.152198950600000311e-05 -3.020996055800000073e-05
9.663605736789999355e+03 -7.363263209999888481e+00 -1.159955480071501593e-01 1.447517195900000037e-05 6.997030268499999852e-05 -5.549513072500000121e-05
9.663656999999999243e+03 -7.312000000000000277e+00 0.000000000000000000e+00 1.519141124510491770e-05 7.776900820131394331e-05 -6.257759695459386422e-05
9.663665999999999258e+03 -7.302999999999985725e+00 4.860261953445584038e-02 1.531715743959692185e-05 7.913818406148399073e-05 -6.382102662016391587e-05
9.663694999999999709e+03 -7.273999999999534616e+00 9.986888948025554602e-02 1.572233962184891998e-05 8.354997294425398091e-05 -6.782763332033390612e-05
9.663742999999998574e+03 -7.226000000000669665e+00 1.502407171473840175e-01 1.639298599247292180e-05 9.085224419849398988e-05 -7.445925820337391055e-05
9.663808999999999287e+03 -7.159999999999956621e+00 1.997377789593159370e-01 1.731512475208091836e-05 1.008928671730739582e-04 -8.357774241755388275e-05
9.663894999999998618e+03 -7.074000000000626009e+00 2.499348983886820197e-01 1.851669949944892416e-05 1.139761031702540047e-04 -9.545940366633392908e-05
9.664000000000000000e+03 -6.968999999999243578e+00 3.000443701604951774e-01 1.998373843518891669e-05 1.299498215389039346e-04 -1.099660830979838676e-04
9.664105736789999355e+03 -6.863263209999888481e+00 3.431897124180594005e-01 2.146107165300000064e-05 1.460356282499999903e-04 -1.245745565899999908e-04
9.664123999999999796e+03 -6.844999999999447304e+00 3.501038306559755009e-01 2.172987195616132210e-05 1.493744678681836995e-04 -1.276445959051684714e-04
9.664266999999999825e+03 -6.701999999999418201e+00 4.001320506507538566e-01 2.383456457876531934e-05 1.755174112719036657e-04 -1.516828466874284634e-04
9.664427999999999884e+03 -6.540999999999359993e+00 4.498478108507243944e-01 2.620418354547331323e-05 2.049510748243435899e-04 -1.787468912744483954e-04
9.664605736789999355e+03 -6.363263209999888481e+00 4.990123491224037200e-01 2.882013676699999964e-05 2.374445212699999959e-04 -2.086243845000000088e-04
9.664608999999998559e+03 -6.360000000000684217e+00 4.998697967778416573e-01 2.886100036208323765e-05 2.378262800851604778e-04 -2.089652797200968327e-04
9.664808999999999287e+03 -6.159999999999956621e+00 5.498758696994616724e-01 3.136550329528323892e-05 2.612240274051605025e-04 -2.298585241080968681e-04
9.665028999999998632e+03 -5.940000000000611458e+00 6.000887403201946579e-01 3.412045652180323524e-05 2.869615494571605080e-04 -2.528410929348968257e-04
9.665105736789999355e+03 -5.863263209999888481e+00 6.166420926629394561e-01 3.508139410000000113e-05 2.959388895700000035e-04 -2.608574954700000159e-04
9.665266999999999825e+03 -5.701999999999418201e+00 6.500568818896668155e-01 3.754467224922102339e-05 3.080039057497389898e-04 -2.704592335011630328e-04
9.665523999999999432e+03 -5.444999999999811102e+00 7.000202144707585727e-01 4.147031954564901621e-05 3.272315346564989630e-04 -2.857612151125229994e-04
9.665605736789999355e+03 -5.363263209999888481e+00 7.151794294516575778e-01 4.271884020200000163e-05 3.333467279100000061e-04 -2.906278877100000255e-04
9.665799999999999272e+03 -5.168999999999971173e+00 7.499796991827626380e-01 4.701150136061852238e-05 3.417553987318088654e-04 -2.947438973700821393e-04
9.666094999999999345e+03 -4.873999999999898414e+00 7.999360569744666805e-01 5.353015737269852214e-05 3.545244551704088468e-04 -3.009942977918821485e-04
9.666105736789999355e+03 -4.863263209999888481e+00 8.016955545454071963e-01 5.376740971399999986e-05 3.549891964499999838e-04 -3.012217867300000023e-04
9.666409999999999854e+03 -4.558999999999389097e+00 8.500442383454196449e-01 6.389963574333409467e-05 3.608041854052836247e-04 -2.969045496553410061e-04
9.666605736789999355e+03 -4.363263209999888481e+00 8.797442287647798675e-01 7.041783884299999898e-05 3.645450493500000254e-04 -2.941272105000000106e-04
9.666742999999998574e+03 -4.226000000000669665e+00 8.999873045167785524e-01 7.726461214035836532e-05 3.648282552851432148e-04 -2.875636431391574471e-04
9.667094999999999345e+03 -3.873999999999898414e+00 9.499294642140519995e-01 9.482258853235834011e-05 3.655545131744231797e-04 -2.707319246399575029e-04
9.667105736789999355e+03 -3.863263209999888481e+00 9.514116111925514652e-01 9.535814621800000582e-05 3.655766656700000223e-04 -2.702185194500000159e-04
9.667466999999998734e+03 -3.502000000000509594e+00 1.000002095751271414e+00 1.210501687009068154e-04 3.623631045933856966e-04 -2.413129358846986599e-04
9.667605736789999355e+03 -3.363263209999888481e+00 1.018046266030712577e+00 1.309167386400000128e-04 3.611289929099999901e-04 -2.302122542600000012e-04
9.667856999999999971e+03 -3.111999999999272681e+00 1.049936581553178483e+00 1.542643045003043239e-04 3.572817873005399033e-04 -2.030174827952608803e-04
9.668105736789999355e+03 -2.863263209999888481e+00 1.080579634106688891e+00 1.773771135200000063e-04 3.534732648600000162e-04 -1.760961513400000099e-04
9.668266999999999825e+03 -2.701999999999418201e+00 1.099990374909949997e+00 1.941139931206778337e-04 3.504772288755557408e-04 -1.563632357581031917e-04
9.668605736789999355e+03 -2.363263209999888481e+00 1.139687014716415536e+00 2.292701633999999977e-04 3.441839918000000049e-04 -1.149138284099999969e-04
9.668695999999999913e+03 -2.272999999999330889e+00 1.150033791698531482e+00 2.383524794675552288e-04 3.423921005187985909e-04 -1.040396210596186206e-04
9.669105736789999355e+03 -1.863263209999888481e+00 1.195876514269046176e+00 2.795803399800000206e-04 3.342580691499999999e-04 -5.467772917100000002e-05
9.669143000000000029e+03 -1.825999999999214474e+00 1.199958769480723442e+00 2.830694671560869224e-04 3.335162659979343551e-04 -5.044679884252695635e-05
9.669605736789999355e+03 -1.363263209999888481e+00 1.249541829330796716e+00 3.263976589399999757e-04 3.243045097000000110e-04 2.093149243299999938e-06
9.669609999999998763e+03 -1.359000000000480490e+00 1.249989496233149255e+00 3.267188702677423489e-04 3.242225196201992316e-04 2.496350650823520013e-06
9.670095999999999549e+03 -8.729999999996946869e-01 1.300012819350716997e+00 3.633365140813917872e-04 3.148757647610262041e-04 4.846074932141033380e-05
9.670105736791998424e+03 -8.632632080008191267e-01 1.300995361113603366e+00 3.640701321500000110e-04 3.146885067199999778e-04 4.938162543099999959e-05
9.670600999999998749e+03 -3.680000000004950422e-01 1.350029561825121682e+00 3.848134275869776150e-04 3.056718664611327496e-04 7.914156112486382504e-05
9.670605736791998424e+03 -3.632632080008191267e-01 1.350489939061444877e+00 3.850118204300000233e-04 3.055856295900000164e-04 7.942619083900000654e-05
9.671105736791998424e+03 1.367367919991808733e-01 1.398233607582529237e+00 3.872548802899999812e-04 2.970946971100000135e-04 9.016018317999999481e-05
9.671123999999999796e+03 1.550000000005526957e-01 1.399946689834637992e+00 3.867333262528753002e-04 2.968079098704000038e-04 8.992541638243879947e-05
9.671605736791998424e+03 6.367367919991808733e-01 1.444400002506343039e+00 3.729760625399999949e-04 2.892431947999999785e-04 8.373286773900000257e-05
9.671666999999999462e+03 6.980000000002180016e-01 1.449955522349051007e+00 3.702184537021548506e-04 2.883589044188504188e-04 8.185954928291705988e-05
9.672105736789999355e+03 1.136736790000111519e+00 1.489135827445804416e+00 3.504698233399999733e-04 2.820260541500000219e-04 6.844376919399999327e-05
9.672228999999999360e+03 1.260000000000116138e+00 1.499959398365525276e+00 3.450826571436752780e-04 2.803980720997700099e-04 6.468458504519351707e-05
9.672605736789999355e+03 1.636736790000111519e+00 1.532566363473298443e+00 3.286175358800000031e-04 2.754223722800000062e-04 5.319516359300000143e-05
9.672809999999999491e+03 1.841000000000247105e+00 1.549958797595160975e+00 3.213984070806461847e-04 2.729576808198500362e-04 4.844072625543025575e-05
9.673105736789999355e+03 2.136736790000111519e+00 1.574799607669763013e+00 3.109463928500000220e-04 2.693892460500000143e-04 4.155714679700000001e-05
9.673409999999999854e+03 2.441000000000610903e+00 1.599954139743766879e+00 3.031051024019784093e-04 2.660360392926149368e-04 3.706906311184015614e-05
9.673605736789999355e+03 2.636736790000111519e+00 1.615929438491640502e+00 2.980606902900000219e-04 2.638788743599999810e-04 3.418181593600000216e-05
9.674029999999998836e+03 3.060999999999592269e+00 1.650025330156514647e+00 2.909583356714263254e-04 2.595391624965373133e-04 3.141917317834345632e-05
9.674105736789999355e+03 3.136736790000111519e+00 1.656038072041515097e+00 2.896904681600000241e-04 2.587644645300000014e-04 3.092600363300000336e-05
9.674667999999999665e+03 3.699000000000421728e+00 1.700011282399241486e+00 2.850635614518325675e-04 2.536408716813948888e-04 3.142268976446699764e-05
9.674732512429998678e+03 3.763512429999434694e+00 1.704984113586449856e+00 2.845326837600000011e-04 2.530530056800000269e-04 3.147967807299999904e-05
9.675324999999998909e+03 4.355999999999665029e+00 1.749994293691794933e+00 2.835287286286547123e-04 2.489108240619515165e-04 3.461790456245541364e-05
9.675378337989999636e+03 4.409337990000392615e+00 1.753989612019942079e+00 2.834383487599999979e-04 2.485379290800000091e-04 3.490041967600000111e-05
9.676000999999998385e+03 5.031999999999141160e+00 1.799974609033689665e+00 2.850275212671274242e-04 2.480432954927193063e-04 3.698422577509062988e-05
9.676043213469998591e+03 5.074213469999347303e+00 1.803049719371351056e+00 2.851352594700000105e-04 2.480097617299999754e-04 3.712549774100000157e-05
9.676697000000000116e+03 5.728000000000872838e+00 1.850023384774743596e+00 2.831447026232131224e-04 2.475285246209086242e-04 3.561617800330448501e-05
9.676727138879999984e+03 5.758138880000740478e+00 1.852160096903543884e+00 2.830529400199999907e-04 2.475063400899999832e-04 3.554659993100000101e-05
9.677411000000000058e+03 6.442000000000814630e+00 1.899997074869211211e+00 2.774430812727967537e-04 2.455569837039682361e-04 3.188609756885567694e-05
9.677430114199998570e+03 6.461114199999326679e+00 1.901316847853885106e+00 2.772862834100000185e-04 2.455024983899999872e-04 3.178378501999999743e-05
9.678143999999998414e+03 7.174999999999170264e+00 1.949968754198961873e+00 2.698276305430044640e-04 2.424546028938489054e-04 2.737302764915552810e-05
9.678152139439998791e+03 7.183139439999547626e+00 1.950516466801760718e+00 2.697425899699999979e-04 2.424198520099999981e-04 2.732273795999999979e-05
9.678893214599998828e+03 7.924214599999584330e+00 1.999755789729495081e+00 2.618030811100000238e-04 2.388264936199999979e-04 2.297658748800000158e-05
9.678896999999999025e+03 7.927999999999781444e+00 2.000004191502662287e+00 2.617651891474364408e-04 2.388070034473215627e-04 2.295818569811179083e-05
9.679653339679998680e+03 8.684339679999435901e+00 2.049031954316104187e+00 2.541272751205137610e-04 2.348773240375098858e-04 1.924973235706070861e-05
9.679667999999999665e+03 8.699000000000420840e+00 2.049970687340530340e+00 2.539962531094219159e-04 2.347969687510948389e-04 1.919906299597774817e-05
9.680432514689999152e+03 9.463514689999907858e+00 2.098342365688980582e+00 2.471963441604656795e-04 2.306091590881099009e-04 1.658694719387590486e-05
9.680458999999998923e+03 9.489999999999678693e+00 2.099998151836547589e+00 2.470033682696092859e-04 2.304610811014088474e-04 1.654206068014269548e-05
9.681230739599999652e+03 1.026173960000040708e+01 2.147684663118097248e+00 2.414666206736039520e-04 2.261913433989223518e-04 1.527623824517313617e-05
9.681268999999998414e+03 1.029999999999916938e+01 2.150021291527466349e+00 2.412593710763631747e-04 2.259817940411800743e-04 1.527862781432809739e-05
9.682048014500000136e+03 1.107901450000089127e+01 2.197056703654462151e+00 2.370763157605183910e-04 2.218009099882687902e-04 1.527968255576847396e-05
9.682096999999999753e+03 1.112800000000050815e+01 2.199980749819791637e+00 2.369040749623128265e-04 2.215677938244851105e-04 1.534084724344173710e-05
9.682884339199999886e+03 1.191533920000064128e+01 2.246456515140458077e+00 2.342696979946125237e-04 2.182219995898483905e-04 1.606213199812816302e-05
9.682944999999999709e+03 1.197600000000046450e+01 2.249997424658124245e+00 2.341648239561484304e-04 2.180367085479435816e-04 1.614354352816385686e-05
9.683739713899998605e+03 1.277071389999936102e+01 2.295882316391299138e+00 2.329194935065150560e-04 2.158117986963734676e-04 1.713803072102443607e-05
9.683811999999999898e+03 1.284300000000065367e+01 2.300010526041509351e+00 2.328647444511093177e-04 2.156828921866607855e-04 1.721382816941393256e-05
9.684614138499999171e+03 1.364513849999992701e+01 2.345332458678456522e+00 2.325042820791329147e-04 2.144348822349816574e-04 1.812518289269027754e-05
9.684697999999998501e+03 1.372899999999925669e+01 2.350020282120522275e+00 2.324829435842652215e-04 2.143681668605927442e-04 1.817347539799598724e-05
9.685507612999999765e+03 1.453861300000052026e+01 2.394805434154078316e+00 2.325162396739942415e-04 2.138776981193849587e-04 1.873405981520658746e-05
9.685601999999998952e+03 1.463299999999970780e+01 2.399972221111235982e+00 2.325122847728823983e-04 2.138741034694165665e-04 1.873861483323425412e-05
9.686420137499999328e+03 1.545113750000008324e+01 2.444299861746577651e+00 2.323501523992026424e-04 2.140226722705913462e-04 1.845908651900523458e-05
9.686525999999999840e+03 1.555700000000059546e+01 2.449977012885667271e+00 2.323098935675289313e-04 2.140879994792782158e-04 1.835782492855528899e-05
9.687351711799999975e+03 1.638271180000073102e+01 2.493814453659079611e+00 2.321084340863829626e-04 2.146894693029943106e-04 1.759082760892614623e-05
9.687468999999999141e+03 1.649999999999989697e+01 2.499978992466393990e+00 2.320705052785421705e-04 2.148131623994718590e-04 1.743460186078350747e-05
9.688302336099999593e+03 1.733333610000034852e+01 2.543348042518128072e+00 2.317002998714449979e-04 2.157425230932295346e-04 1.616821690461357200e-05
9.688430999999998676e+03 1.746199999999943131e+01 2.549978325284629754e+00 2.316371785378611224e-04 2.159128841956866002e-04 1.593994437605331446e-05
9.689272010299999238e+03 1.830301029999999329e+01 2.592899534535299200e+00 2.308574281933265557e-04 2.170376490084659498e-04 1.405112390178357262e-05
9.689411999999998443e+03 1.844299999999919848e+01 2.599975164037636954e+00 2.307158049703671534e-04 2.172407371546323661e-04 1.370860514566483854e-05
9.690260734399998910e+03 1.929173439999966533e+01 2.642467922552070636e+00 2.286605247079112309e-04 2.180942497717245731e-04 1.076080407577384932e-05
9.690412999999998647e+03 1.944399999999940221e+01 2.650019172315261073e+00 2.282581004977807877e-04 2.182466696741628407e-04 1.019825375317367193e-05
9.691268508499999371e+03 2.029950850000012608e+01 2.692052278132370358e+00 2.254263181988635319e-04 2.190273048947698881e-04 6.513099028575039468e-06
9.691431999999998880e+03 2.046299999999963504e+01 2.700010519037955525e+00 2.248480829572280411e-04 2.191678633730872268e-04 5.779689235317113815e-06
9.692295332399999097e+03 2.132633239999985264e+01 2.741651725355064073e+00 2.212344118901302147e-04 2.198168251300085469e-04 1.409221199911284973e-06
9.692469999999999345e+03 2.150100000000010070e+01 2.749999798133768714e+00 2.204698100040299339e-04 2.199329537000184204e-04 5.061537281633623608e-07
9.693341206299999612e+03 2.237220630000036792e+01 2.791265469109819097e+00 2.162344531373294612e-04 2.204118944864548772e-04 -4.346977269333922065e-06
9.693527000000000044e+03 2.255800000000079919e+01 2.799987120345187375e+00 2.153083525216029656e-04 2.204944459015223369e-04 -5.385343464301007596e-06
9.694406130100000155e+03 2.343713010000091046e+01 2.840892755747395082e+00 2.112600113237853136e-04 2.209746431827850017e-04 -1.004792782113418102e-05
9.694603999999999360e+03 2.363500000000011525e+01 2.850018635780549481e+00 2.103423467992024192e-04 2.210626405201562882e-04 -1.108417819754310578e-05
9.695490103899999667e+03 2.452110390000042273e+01 2.890532892258530051e+00 2.064572001588272081e-04 2.213637422754465944e-04 -1.539159751125537378e-05
9.695698999999998705e+03 2.472999999999946041e+01 2.900001552369435576e+00 2.055402172912467232e-04 2.214139781058564293e-04 -1.638715850937837358e-05
9.696593127499998445e+03 2.562412749999920081e+01 2.940185218870162043e+00 2.020462315716573540e-04 2.215456760050034607e-04 -2.011134305200086984e-05
9.696813000000000102e+03 2.584400000000085740e+01 2.949982827193631252e+00 2.011836598954318516e-04 2.215587668966776541e-04 -2.101044706117144876e-05
9.697715201099999831e+03 2.674620110000058659e+01 2.989849137039346072e+00 1.982889532595399310e-04 2.215431562872303799e-04 -2.395643194601977687e-05
9.697947000000000116e+03 2.697800000000087195e+01 3.000006287254053383e+00 1.975369999999999893e-04 2.215229999999999999e-04 -2.470424496000000019e-05
9.698856324599999425e+03 2.788732460000018065e+01 3.039524074252003327e+00 1.957751835874999946e-04 2.216279827880208433e-04 -2.658606956236516161e-05
9.699098999999998341e+03 2.812999999999909662e+01 3.049983802521107012e+00 1.953050000000000012e-04 2.216560000000000069e-04 -2.708857975999999957e-05
9.700016497999999046e+03 2.904749799999980198e+01 3.089209498944800458e+00 1.943280055426621275e-04 2.217601188003413002e-04 -2.815734024786378361e-05
9.700270999999998821e+03 2.930199999999957683e+01 3.100002263475568842e+00 1.940570000000000023e-04 2.217889999999999868e-04 -2.845397617699999587e-05
9.701195721299998695e+03 3.022672129999945057e+01 3.138904913101826732e+00 1.939046929623529510e-04 2.218915741273949519e-04 -2.867353057185251667e-05
9.701460999999999331e+03 3.049200000000008615e+01 3.149976396850841187e+00 1.938610000000000062e-04 2.219210000000000052e-04 -2.873655029000000017e-05
9.702393994499998371e+03 3.142499449999912642e+01 3.188609849656979023e+00 1.945410835942148629e-04 2.220235522880165471e-04 -2.810510691603772913e-05
9.702670999999998457e+03 3.170199999999921303e+01 3.199990302128349562e+00 1.947429999999999886e-04 2.220540000000000122e-04 -2.791751709600000182e-05
9.703611317699998835e+03 3.264231769999959454e+01 3.238323874185835560e+00 1.963589080410089679e-04 2.222980694436940457e-04 -2.647597246976987189e-05
9.703899999999999636e+03 3.293100000000039529e+01 3.250001763731375171e+00 1.968550000000000117e-04 2.223729999999999934e-04 -2.603276236400000029e-05
9.704847690799999327e+03 3.387869080000008637e+01 3.288046570476934161e+00 1.991733493689102654e-04 2.226144789057692283e-04 -2.388033546436534033e-05
9.705147999999999229e+03 3.417899999999998784e+01 3.300010892760984582e+00 1.999079999999999976e-04 2.226910000000000131e-04 -2.319727608800000116e-05
9.706103113799999846e+03 3.513411380000060547e+01 3.337777550981942731e+00 2.028819799364928970e-04 2.229316645357029927e-04 -2.038684247025539345e-05
9.706413999999998850e+03 3.544499999999960949e+01 3.349978619286468007e+00 2.038499999999999947e-04 2.230099999999999943e-04 -1.947073548799999976e-05
9.707377586699998574e+03 3.640858669999933284e+01 3.387516450847602112e+00 2.073491834284603376e-04 2.232490234504665746e-04 -1.613642145868669883e-05
9.707699999999998909e+03 3.673099999999966769e+01 3.399983966557281967e+00 2.085199999999999890e-04 2.233290000000000026e-04 -1.501916557769999998e-05
9.708671109599999909e+03 3.770210960000066791e+01 3.437262930100848823e+00 2.124431339549425282e-04 2.236660978151724076e-04 -1.137124970223992521e-05
9.709004999999999200e+03 3.803599999999995873e+01 3.449987259912667525e+00 2.137920000000000022e-04 2.237820000000000065e-04 -1.011445407960000115e-05
9.709983682299998691e+03 3.901468229999944981e+01 3.487016656827297112e+00 2.178442178010573781e-04 2.241168512703172377e-04 -6.346401658600486859e-06
9.710328999999999724e+03 3.936000000000048260e+01 3.499988587383657812e+00 2.192739999999999880e-04 2.242350000000000105e-04 -5.014186105500000254e-06
9.711315305000000080e+03 4.034630500000083941e+01 3.536777332586090949e+00 2.232383145122859315e-04 2.245684195606850449e-04 -1.345862886291165189e-06
9.711671999999998661e+03 4.070299999999942031e+01 3.549988032038209784e+00 2.246720000000000065e-04 2.246890000000000031e-04 -1.653452647649999908e-08
9.712665977599999678e+03 4.169697760000043729e+01 3.586544664479837330e+00 2.283479656176211554e-04 2.250195960740088044e-04 3.350328029154355087e-06
9.713033999999999651e+03 4.206500000000040984e+01 3.599985672326583064e+00 2.297090000000000058e-04 2.251420000000000071e-04 4.599425917999999743e-06
9.714035700099999303e+03 4.306670010000006243e+01 3.636318379217296393e+00 2.329534638286024696e-04 2.255141014853729307e-04 7.480980280927771777e-06
9.714414999999999054e+03 4.344599999999981321e+01 3.649981582397556323e+00 2.341819999999999883e-04 2.256550000000000071e-04 8.574574083000000992e-06
9.715424472599999717e+03 4.445547260000047629e+01 3.686098221794416929e+00 2.368717653217701665e-04 2.260246355773019324e-04 1.089426563642238515e-05
9.715815999999998894e+03 4.484699999999965314e+01 3.700011301139613185e+00 2.379150000000000015e-04 2.261680000000000071e-04 1.179599559119999973e-05
9.716832294999998339e+03 4.586329499999909842e+01 3.735883943741916458e+00 2.400270887632135466e-04 2.265361294080338230e-04 1.353276776095218552e-05
9.717234999999998763e+03 4.626599999999952217e+01 3.750003484602589143e+00 2.408640000000000032e-04 2.266819999999999957e-04 1.422250471219999881e-05
9.718259167199999865e+03 4.729016720000062435e+01 3.785675309633142582e+00 2.424408471354659318e-04 2.270473670191933266e-04 1.542024512225466571e-05
9.718672999999998865e+03 4.770399999999962404e+01 3.799994149738296745e+00 2.430780000000000061e-04 2.271949999999999957e-04 1.590528580400000144e-05
9.719705089499999303e+03 4.873608950000006246e+01 3.835472109926904238e+00 2.441823428486616389e-04 2.275435161523678624e-04 1.665001630992198818e-05
9.720129999999999200e+03 4.916099999999995873e+01 3.849983355691555253e+00 2.446370000000000228e-04 2.276869999999999903e-04 1.695726254940000012e-05
9.721170061599999826e+03 5.020106160000058537e+01 3.885274125535088885e+00 2.454038429806364077e-04 2.280334524761001977e-04 1.736460656687619295e-05
9.721606999999999971e+03 5.063800000000072998e+01 3.900004808457745220e+00 2.457259999999999848e-04 2.281790000000000120e-04 1.753608096170000029e-05
9.722654083599998557e+03 5.168508359999931656e+01 3.935081161779004244e+00 2.462512927759197300e-04 2.285235920610033400e-04 1.770438903004834406e-05
9.723101999999998952e+03 5.213299999999971135e+01 3.949990835702761771e+00 2.464759999999999759e-04 2.286710000000000066e-04 1.777651766640000146e-05
9.724157155599999896e+03 5.318815560000065545e+01 3.984893033693848619e+00 2.468270220609901063e-04 2.290129679205280520e-04 1.777204682206495818e-05
9.724616999999998370e+03 5.364799999999912927e+01 4.000008383005324575e+00 2.469799999999999968e-04 2.291620000000000126e-04 1.777006937939999893e-05
9.725679277499999444e+03 5.471027750000020262e+01 4.034709558925619888e+00 2.471255174657534096e-04 2.294426408268101852e-04 1.762858031862218471e-05
9.726149999999999636e+03 5.518100000000039529e+01 4.049991475959133780e+00 2.471899999999999965e-04 2.295669999999999926e-04 1.756575518230000030e-05
9.727220449299999018e+03 5.625144929999977705e+01 4.084530567213382923e+00 2.471672538139729454e-04 2.298454684592401824e-04 1.725835733075289436e-05
9.727702999999999520e+03 5.673400000000027887e+01 4.100005391753128947e+00 2.471570000000000190e-04 2.299710000000000111e-04 1.711952417910000060e-05
9.728780670999998620e+03 5.781167099999937875e+01 4.134355896488099091e+00 2.469100480203691812e-04 2.302481349993634762e-04 1.659003193863409903e-05
9.729273999999999432e+03 5.830500000000019156e+01 4.149985770905611382e+00 2.467969999999999886e-04 2.303750000000000025e-04 1.634720266249999981e-05
9.730359942699999010e+03 5.939094269999976916e+01 4.184185395523133622e+00 2.462536873732243544e-04 2.306507516346951536e-04 1.552592816425506700e-05
9.730864999999999782e+03 5.989600000000054081e+01 4.199996303673152909e+00 2.460009999999999779e-04 2.307789999999999939e-04 1.514327949989999939e-05
9.731958264199998666e+03 6.098926419999942539e+01 4.234018910899660426e+00 2.450292850495651843e-04 2.309575891208695509e-04 1.399760220984350707e-05
9.732474999999998545e+03 6.150599999999930390e+01 4.250005047121683255e+00 2.445699999999999979e-04 2.310419999999999878e-04 1.345547020439999869e-05
9.733575635699999111e+03 6.260663569999987033e+01 4.283856308579985672e+00 2.432173464263965744e-04 2.312190205975444863e-04 1.193235322064741991e-05
9.734103999999999360e+03 6.313500000000011880e+01 4.300012063680159535e+00 2.425679999999999991e-04 2.313039999999999931e-04 1.120034107040000056e-05
9.735212057099999583e+03 6.424305710000034253e+01 4.333697451596713712e+00 2.408477194871280855e-04 2.314802665210686150e-04 9.313145974379697704e-06
9.735750999999998385e+03 6.478199999999914382e+01 4.349987244151502175e+00 2.400109999999999895e-04 2.315659999999999984e-04 8.394198030200000446e-06
9.736867528499999025e+03 6.589852849999978446e+01 4.383542215189495828e+00 2.379875851238752113e-04 2.317421529667066619e-04 6.208174615017038964e-06
9.737417999999999665e+03 6.644900000000042439e+01 4.399991325741668291e+00 2.369899999999999925e-04 2.318289999999999923e-04 5.129193442099999530e-06
9.738542049699999552e+03 6.757304970000031119e+01 4.433390471319345494e+00 2.346645638472123437e-04 2.318923361337485022e-04 2.755647859875046019e-06
9.739103999999999360e+03 6.813500000000011880e+01 4.449993843418842410e+00 2.335019999999999880e-04 2.319239999999999973e-04 1.568546077559999802e-06
9.740235620899999049e+03 6.926662089999980765e+01 4.483242109342207904e+00 2.311139812327272808e-04 2.319870521909090787e-04 -8.666471178750184052e-07
9.740808999999999287e+03 6.984000000000004604e+01 4.499994849316196088e+00 2.299040000000000133e-04 2.320190000000000024e-04 -2.101036453549999956e-06
9.741948241999998572e+03 7.097924199999933137e+01 4.533097014788442181e+00 2.276017267238979018e-04 2.320811164431554408e-04 -4.450978580172954857e-06
9.742532999999999447e+03 7.156400000000020611e+01 4.549994393273687265e+00 2.264199999999999904e-04 2.321129999999999916e-04 -5.657661529799999485e-06
9.743679912999999942e+03 7.271091300000070135e+01 4.582955081025755995e+00 2.243413435645438651e-04 2.321755110355708403e-04 -7.784424563828481035e-06
9.744275999999999840e+03 7.330700000000059902e+01 4.599992522962911501e+00 2.232609999999999890e-04 2.322079999999999967e-04 -8.890222604800000032e-06
9.745430633899999521e+03 7.446163390000027960e+01 4.632816206005363924e+00 2.213966790888195258e-04 2.321608185920544926e-04 -1.069682222141536701e-05
9.746037999999998647e+03 7.506899999999940576e+01 4.649989284003773982e+00 2.204159999999999984e-04 2.321360000000000014e-04 -1.164684345999999971e-05
9.747200404799999887e+03 7.623140480000064656e+01 4.682680294821526701e+00 2.189638098371701129e-04 2.320890077790005543e-04 -1.304357711243422035e-05
9.747818999999999505e+03 7.685000000000026432e+01 4.699984720073955735e+00 2.181910000000000121e-04 2.320640000000000062e-04 -1.378664376319999961e-05
9.748989225499999520e+03 7.802022550000027934e+01 4.732547248243528237e+00 2.171923122745696773e-04 2.320172169705719053e-04 -1.473384147398585769e-05
9.749619999999998981e+03 7.865099999999974045e+01 4.750006501294677719e+00 2.166539999999999894e-04 2.319920000000000109e-04 -1.524424071839999965e-05
9.750797096199999942e+03 7.982809620000070083e+01 4.782416982150626161e+00 2.161097790521165462e-04 2.319454079568993845e-04 -1.573989843848487671e-05
9.751438999999998487e+03 8.046999999999924569e+01 4.799999123438042581e+00 2.158130000000000020e-04 2.319199999999999886e-04 -1.601011016799999817e-05
9.752624016799998572e+03 8.165501679999933060e+01 4.832289407742281995e+00 2.156021727455930445e-04 2.317865405453754075e-04 -1.608767695376265563e-05
9.753277000000000044e+03 8.230800000000080274e+01 4.849990546920038170e+00 2.154860000000000033e-04 2.317130000000000090e-04 -1.613037609680000088e-05
9.754469987399999809e+03 8.350098740000056807e+01 4.882164445218126758e+00 2.156612882455328237e-04 2.315800891325080712e-04 -1.582468875460548959e-05
9.755134999999998399e+03 8.416599999999915838e+01 4.900007590938541213e+00 2.157589999999999920e-04 2.315060000000000024e-04 -1.565443572000000039e-05
9.756335007799998493e+03 8.536600779999925237e+01 4.932042010018669487e+00 2.162649734380597073e-04 2.313729500946695033e-04 -1.502062425904886770e-05
9.757010999999998603e+03 8.604199999999936210e+01 4.949996455205663004e+00 2.165500000000000053e-04 2.312980000000000071e-04 -1.466389999340000092e-05
9.758219078199999785e+03 8.725007820000054437e+01 4.981922031503924764e+00 2.173273498966244658e-04 2.311661053863924183e-04 -1.376016123193923467e-05
9.758906999999999243e+03 8.793800000000000239e+01 5.000010478756691690e+00 2.177699999999999970e-04 2.310910000000000004e-04 -1.324599746539999978e-05
9.760122198499999286e+03 8.915319850000004465e+01 5.031804434006713400e+00 2.187064774229362436e-04 2.309037045154127457e-04 -1.212792769605757458e-05
9.760820999999999913e+03 8.985200000000067178e+01 5.049996940400661494e+00 2.192449999999999922e-04 2.307959999999999905e-04 -1.148579373599999951e-05
9.762044368699998813e+03 9.107536869999957219e+01 5.081689147410116902e+00 2.203469174123060968e-04 2.306093951569286365e-04 -1.020467551575590079e-05
9.762754999999999200e+03 9.178599999999995873e+01 5.100008115118021657e+00 2.209869999999999901e-04 2.305010000000000077e-04 -9.461443697300000609e-06
9.763985588799998368e+03 9.301658879999912699e+01 5.131576104320448195e+00 2.222018281852458828e-04 2.303150247459016505e-04 -8.067388953957072790e-06
9.764706999999998516e+03 9.373799999999927479e+01 5.149992318415099746e+00 2.229140000000000006e-04 2.302059999999999979e-04 -7.251189732199999457e-06
9.765945858899998711e+03 9.497685889999947051e+01 5.181465242469278643e+00 2.241943217232251432e-04 2.300206737446754439e-04 -5.793167222159910259e-06
9.766679000000000087e+03 9.571000000000084640e+01 5.200000802984041215e+00 2.249519999999999970e-04 2.299109999999999880e-04 -4.931430012300000374e-06
9.767925178800000140e+03 9.695617880000089883e+01 5.231356494434878712e+00 2.262413663124058279e-04 2.297069546515318839e-04 -3.445308687406895285e-06
9.768670000000000073e+03 9.770100000000083185e+01 5.250007878077645351e+00 2.270119999999999875e-04 2.295850000000000050e-04 -2.558334530499999983e-06
9.769923548699998719e+03 9.895454869999947789e+01 5.281249805280141096e+00 2.282811478625186618e-04 2.293815869207565888e-04 -1.093769330164028709e-06
9.770679000000000087e+03 9.971000000000084640e+01 5.299988822438328917e+00 2.290460000000000022e-04 2.292589999999999949e-04 -2.124013564709999941e-07
9.771940968999999313e+03 1.009719690000000725e+02 5.331145127045638255e+00 2.302507481286347930e-04 2.290568610522424704e-04 1.187799286102427075e-06
9.772707999999998719e+03 1.017389999999994785e+02 5.349993428210864543e+00 2.309830000000000075e-04 2.289340000000000006e-04 2.037640803039999941e-06
9.773977437999999893e+03 1.030084380000006519e+02 5.381042362332984830e+00 2.320850804511718861e-04 2.287319312558593759e-04 3.334575447855485694e-06
9.774755999999999403e+03 1.037870000000001625e+02 5.399996735496340072e+00 2.327610000000000031e-04 2.286079999999999905e-04 4.128866227200000537e-06
9.776032957999999780e+03 1.050639580000005395e+02 5.430941513977798785e+00 2.337599555326560336e-04 2.284201938887276220e-04 5.309012953505583156e-06
9.776822999999998501e+03 1.058539999999992602e+02 5.449998780035217649e+00 2.343780000000000115e-04 2.283040000000000015e-04 6.038184191999999465e-06
9.778107527999998638e+03 1.071385279999993969e+02 5.480842505694727862e+00 2.352123889932885865e-04 2.281168012885906240e-04 7.053263022476742958e-06
9.778908999999999651e+03 1.079400000000004098e+02 5.499999596267537427e+00 2.357329999999999875e-04 2.280000000000000126e-04 7.685766000000000505e-06
9.780201146999999764e+03 1.092321470000005235e+02 5.530745263949741641e+00 2.363769250370546338e-04 2.278133906470308865e-04 8.510657152533720644e-06
9.781013999999999214e+03 1.100449999999999733e+02 5.549999217391235362e+00 2.367819999999999972e-04 2.276959999999999965e-04 9.028875027199999097e-06
9.782313815999999861e+03 1.113448160000006197e+02 5.580649764868979013e+00 2.372158839661016902e-04 2.275099623050847451e-04 9.643612228758787549e-06
9.783137999999999010e+03 1.121689999999997696e+02 5.599997675417962562e+00 2.374909999999999933e-04 2.273920000000000075e-04 1.003287612799999992e-05
9.784445535999999265e+03 1.134765360000000243e+02 5.630555985423423060e+00 2.377466498292113797e-04 2.272425150163322378e-04 1.043362158424045729e-05
9.785280999999999040e+03 1.143119999999997987e+02 5.649995001225474489e+00 2.379100000000000041e-04 2.271469999999999989e-04 1.068940153180000085e-05
9.786596304999999120e+03 1.156273049999998790e+02 5.680463834083642638e+00 2.379221674838112740e-04 2.269985566975023163e-04 1.084682400427826165e-05
9.787442999999999302e+03 1.164740000000000606e+02 5.699991224607465767e+00 2.379299999999999937e-04 2.269030000000000059e-04 1.094804705969999964e-05
9.788766123999999763e+03 1.177971240000005224e+02 5.730373291211898312e+00 2.376916921484876382e-04 2.267544365811182533e-04 1.085672910355774660e-05
9.789625000000000000e+03 1.186560000000007591e+02 5.750009197659269766e+00 2.375370000000000129e-04 2.266579999999999973e-04 1.079751113819999964e-05
9.790954992999999376e+03 1.199859930000001356e+02 5.780284315143537910e+00 2.370521570972727377e-04 2.265104916854545562e-04 1.046067580108304423e-05
9.791824999999998909e+03 1.208559999999996677e+02 5.800003104738912008e+00 2.367349999999999891e-04 2.264140000000000044e-04 1.024056937160000151e-05
9.793162911999999778e+03 1.221939120000005374e+02 5.830196865639432069e+00 2.360741836178458799e-04 2.263199421937809751e-04 9.675780676672464923e-06
9.794043999999999869e+03 1.230750000000006281e+02 5.849995996096007289e+00 2.356389999999999982e-04 2.262579999999999876e-04 9.304090972800000027e-06
9.795389880999999150e+03 1.244208809999999090e+02 5.880110903825417346e+00 2.347651996903485187e-04 2.261647866152814820e-04 8.528168630754730774e-06
9.796281999999999243e+03 1.253130000000000024e+02 5.899987897550312610e+00 2.341859999999999970e-04 2.261029999999999865e-04 8.014198224700000501e-06
9.797635899999999310e+03 1.266669000000000693e+02 5.930026392135117064e+00 2.331372971213463126e-04 2.260100617803365833e-04 7.065490541908403704e-06
9.798539999999999054e+03 1.275709999999998132e+02 5.950000890250001007e+00 2.324369999999999973e-04 2.259480000000000125e-04 6.432400638000000435e-06
9.799900968999998440e+03 1.289319689999991851e+02 5.979943294255285480e+00 2.312631941357644826e-04 2.258553153800527331e-04 5.359583503866472653e-06
9.800815999999998894e+03 1.298469999999996389e+02 5.999990702156350331e+00 2.304739999999999892e-04 2.257930000000000115e-04 4.638781709200000562e-06
9.802185087999998359e+03 1.312160879999991039e+02 6.029861575074193070e+00 2.293148070243902336e-04 2.257822667317073331e-04 3.499868018788859964e-06
9.803111999999999171e+03 1.321429999999999154e+02 6.050001291221705380e+00 2.285300000000000092e-04 2.257749999999999991e-04 2.728852114999999871e-06
9.805425999999999476e+03 1.344570000000002210e+02 6.099989118913015318e+00 2.265489999999999887e-04 2.257580000000000025e-04 7.829829259200000281e-07
9.807759999999998399e+03 1.367909999999991442e+02 6.149997418191683884e+00 2.246270000000000027e-04 2.257410000000000059e-04 -1.102049502720000020e-06
9.810112999999999374e+03 1.391440000000001191e+02 6.200004526951174988e+00 2.228549999999999932e-04 2.257240000000000093e-04 -2.838185858800000108e-06
9.812483999999998559e+03 1.415149999999993042e+02 6.249989476304460112e+00 2.213059999999999984e-04 2.257059999999999969e-04 -4.352175944999999901e-06
9.814875000000000000e+03 1.439060000000007449e+02 6.299994455509718705e+00 2.200360000000000055e-04 2.256890000000000003e-04 -5.589549187399999698e-06
9.817284999999999854e+03 1.463160000000005994e+02 6.349998324608631783e+00 2.190799999999999963e-04 2.256720000000000037e-04 -6.515692252800000163e-06
9.819713999999999942e+03 1.487450000000006867e+02 6.400001109621363149e+00 2.184529999999999903e-04 2.256539999999999913e-04 -7.115141404800000300e-06
9.822161999999998443e+03 1.511929999999991878e+02 6.450002835760574982e+00 2.181560000000000031e-04 2.256369999999999947e-04 -7.389070221200000133e-06
9.824628999999998996e+03 1.536599999999997408e+02 6.500003527462714814e+00 2.181739999999999884e-04 2.256199999999999981e-04 -7.352256378000000685e-06
9.827114999999999782e+03 1.561460000000005266e+02 6.550003208417458644e+00 2.184870000000000106e-04 2.256699999999999993e-04 -7.092266491999999841e-06
9.829619999999998981e+03 1.586509999999997262e+02 6.600001901596151299e+00 2.190709999999999901e-04 2.257200000000000005e-04 -6.564073031999999975e-06
9.832143999999998414e+03 1.611749999999991587e+02 6.649999629278909197e+00 2.198909999999999992e-04 2.257700000000000017e-04 -5.803259810999999996e-06
9.834686999999999898e+03 1.637180000000006430e+02 6.699996413080377522e+00 2.209029999999999956e-04 2.258209999999999916e-04 -4.853773991899999827e-06
9.837248999999999796e+03 1.662800000000005411e+02 6.749992273974302570e+00 2.220550000000000009e-04 2.258709999999999928e-04 -3.766195641100000080e-06
9.839831000000000131e+03 1.688620000000008758e+02 6.800006531465275117e+00 2.232910000000000005e-04 2.259209999999999940e-04 -2.595606368999999891e-06
9.842430999999998676e+03 1.714619999999994207e+02 6.850000466166318525e+00 2.245539999999999917e-04 2.259709999999999952e-04 -1.398331145100000100e-06
9.845049999999999272e+03 1.740810000000000173e+02 6.899993539310790958e+00 2.257899999999999914e-04 2.260209999999999964e-04 -2.286044200299999896e-07
9.847688999999998487e+03 1.767199999999992315e+02 6.950004652114762926e+00 2.269480000000000097e-04 2.260709999999999976e-04 8.650719850500000412e-07
9.850345999999999549e+03 1.793770000000002938e+02 6.999995922538436055e+00 2.279899999999999906e-04 2.261219999999999875e-04 1.842871687799999817e-06
9.853022999999999229e+03 1.820539999999999736e+02 7.050005002305099744e+00 2.287789999999999995e-04 2.260359999999999887e-04 2.706532460400000146e-06
9.855717999999998938e+03 1.847489999999996826e+02 7.099994547797226829e+00 2.294019999999999968e-04 2.259510000000000056e-04 3.406618036800000083e-06
9.858432999999999083e+03 1.874639999999998281e+02 7.150001677678725187e+00 2.298470000000000103e-04 2.258650000000000067e-04 3.931699814500000526e-06
9.861165999999999258e+03 1.901970000000000027e+02 7.199989571667311239e+00 2.301140000000000130e-04 2.257799999999999965e-04 4.280495285999999981e-06
9.863918999999999869e+03 1.929500000000006139e+02 7.249994830292107117e+00 2.302080000000000023e-04 2.256939999999999977e-04 4.459171774400000201e-06
9.866690999999998894e+03 1.957219999999996389e+02 7.299999119448512097e+00 2.301419999999999931e-04 2.256089999999999875e-04 4.479038037899999225e-06
9.869481999999999971e+03 1.985130000000007158e+02 7.350002458923351689e+00 2.299280000000000117e-04 2.255229999999999887e-04 4.353834276500000124e-06
9.872291999999999462e+03 2.013230000000002065e+02 7.400004867968136502e+00 2.295830000000000006e-04 2.254380000000000056e-04 4.098327577199999498e-06
9.875120999999999185e+03 2.041519999999999300e+02 7.450006365317275225e+00 2.291209999999999905e-04 2.253520000000000067e-04 3.727254474400000408e-06
9.877968999999999141e+03 2.069999999999998863e+02 7.500006969205210261e+00 2.285579999999999893e-04 2.252669999999999965e-04 3.255446050500000335e-06
9.880835999999999331e+03 2.098670000000000755e+02 7.550006697383025767e+00 2.277149999999999975e-04 2.249949999999999964e-04 2.691052697499999938e-06
9.883721999999999753e+03 2.127530000000004975e+02 7.600005567134368256e+00 2.268059999999999965e-04 2.247240000000000121e-04 2.060550537000000266e-06
9.886626999999998588e+03 2.156579999999993333e+02 7.650003595290709058e+00 2.258510000000000031e-04 2.244530000000000006e-04 1.384735849140000121e-06
9.889550999999999476e+03 2.185820000000002210e+02 7.700000798246167122e+00 2.248730000000000000e-04 2.241810000000000005e-04 6.850119472200000124e-07
9.892493999999998778e+03 2.215249999999995225e+02 7.749997191971426780e+00 2.238929999999999924e-04 2.239099999999999890e-04 -1.681017759599999942e-08
9.895456000000000131e+03 2.244870000000008758e+02 7.799992792027558686e+00 2.229339999999999902e-04 2.236390000000000047e-04 -6.989009480700000097e-07
9.898438000000000102e+03 2.274690000000008467e+02 7.850004331313012784e+00 2.220169999999999989e-04 2.233670000000000046e-04 -1.339862482160000009e-06
9.901438000000000102e+03 2.304690000000008467e+02 7.899998283343832028e+00 2.211620000000000079e-04 2.230959999999999931e-04 -1.919283733199999891e-06
9.904456999999998516e+03 2.334879999999992606e+02 7.949991487390438039e+00 2.203890000000000070e-04 2.228250000000000087e-04 -2.418275159999999886e-06
9.907495999999999185e+03 2.365269999999999300e+02 8.000000361760031709e+00 2.197140000000000041e-04 2.225539999999999973e-04 -2.820003989399999944e-06
9.910552999999999884e+03 2.395840000000006285e+02 8.049992009684984851e+00 2.190969999999999929e-04 2.222310000000000073e-04 -3.113411863799999814e-06
9.913629999999999200e+03 2.426609999999999445e+02 8.099999153682540864e+00 2.186009999999999895e-04 2.219079999999999902e-04 -3.286346525999999776e-06
9.916725999999998749e+03 2.457569999999994934e+02 8.150005406186343393e+00 2.182320000000000071e-04 2.215850000000000003e-04 -3.332638400000000035e-06
9.919840000000000146e+03 2.488710000000008904e+02 8.199994779347552054e+00 2.179930000000000116e-04 2.212620000000000103e-04 -3.250272401400000061e-06
9.922973999999998341e+03 2.520049999999990860e+02 8.249999394401276831e+00 2.178810000000000100e-04 2.209400000000000090e-04 -3.041680980000000071e-06
9.926126999999998588e+03 2.551579999999993333e+02 8.300003164545133316e+00 2.178880000000000118e-04 2.206169999999999919e-04 -2.714206827599999687e-06
9.929298999999999069e+03 2.583299999999998136e+02 8.350006104958250575e+00 2.180019999999999907e-04 2.202940000000000020e-04 -2.280483487999999838e-06
9.932488999999999578e+03 2.615200000000003229e+02 8.399992607346277396e+00 2.182049999999999886e-04 2.199710000000000120e-04 -1.758547160950000127e-06
9.935698999999998705e+03 2.647299999999994498e+02 8.449994024846317231e+00 2.184719999999999913e-04 2.196490000000000107e-04 -1.171552853750000140e-06
9.938927999999999884e+03 2.679590000000006285e+02 8.499994654936456229e+00 2.187769999999999960e-04 2.193259999999999936e-04 -5.470209766000000010e-07
9.942175999999999476e+03 2.712070000000002210e+02 8.549994511431027178e+00 2.191879999999999892e-04 2.191010000000000017e-04 8.644651865100000117e-08
9.945442999999999302e+03 2.744740000000000464e+02 8.599993607822977282e+00 2.195820000000000129e-04 2.188769999999999984e-04 7.024682213400000524e-07
9.948728999999999360e+03 2.777600000000001046e+02 8.649991957293050149e+00 2.199269999999999968e-04 2.186529999999999951e-04 1.269901639519999904e-06
9.952034999999999854e+03 2.810660000000005994e+02 8.700004657108388884e+00 2.201949999999999882e-04 2.184289999999999919e-04 1.759954534569999932e-06
9.955358999999998559e+03 2.843899999999993042e+02 8.750001464881682622e+00 2.203600000000000112e-04 2.182040000000000000e-04 2.148467132559999786e-06
9.958701999999999316e+03 2.877330000000000609e+02 8.799997564471196299e+00 2.204060000000000036e-04 2.179799999999999967e-04 2.417943149999999791e-06
9.962063999999998487e+03 2.910949999999992315e+02 8.849992967879067862e+00 2.203220000000000092e-04 2.177559999999999934e-04 2.558916082799999612e-06
9.965445999999999913e+03 2.944770000000006576e+02 8.900002432255522677e+00 2.201089999999999893e-04 2.175310000000000015e-04 2.570629086299999856e-06
9.968845999999999549e+03 2.978770000000002938e+02 8.949996395867998444e+00 2.197740000000000002e-04 2.173069999999999982e-04 2.460697545200000036e-06
9.972265999999999622e+03 3.012970000000003665e+02 9.000004280209035201e+00 2.193329999999999954e-04 2.170829999999999949e-04 2.243986971000000307e-06
9.975703999999999724e+03 3.047350000000004684e+02 9.049996852527790736e+00 2.189229999999999909e-04 2.169639999999999915e-04 1.953875810919999930e-06
9.979161999999998443e+03 3.081929999999991878e+02 9.100003207888404333e+00 2.184440000000000112e-04 2.168460000000000038e-04 1.594401415740000045e-06
9.982637999999999010e+03 3.116689999999997553e+02 9.149994435279580784e+00 2.179190000000000120e-04 2.167279999999999890e-04 1.188880949520000081e-06
9.986134000000000015e+03 3.151650000000007594e+02 9.199999310519000773e+00 2.173710000000000030e-04 2.166090000000000127e-04 7.601546280600001019e-07
9.989648999999999432e+03 3.186800000000001774e+02 9.250003424809930763e+00 2.168200000000000010e-04 2.164909999999999979e-04 3.290793094599999966e-07
9.993181999999998880e+03 3.222129999999996244e+02 9.299992679227871761e+00 2.162859999999999956e-04 2.163719999999999945e-04 -8.641400024399999877e-08
9.996734999999998763e+03 3.257659999999995080e+02 9.349995383647168978e+00 2.157810000000000132e-04 2.162540000000000068e-04 -4.716132108200000197e-07
1.000030699999999888e+04 3.293379999999996244e+02 9.399997362355891894e+00 2.153190000000000030e-04 2.161359999999999920e-04 -8.148543335999999860e-07
1.000389799999999923e+04 3.329289999999999736e+02 9.449998626873716390e+00 2.149080000000000098e-04 2.160169999999999885e-04 -1.107065523299999944e-06
1.000750799999999981e+04 3.365390000000005557e+02 9.499999188477623591e+00 2.145550000000000083e-04 2.158990000000000008e-04 -1.341289809419999974e-06
1.001113699999999881e+04 3.401679999999995516e+02 9.549999058208248570e+00 2.142420000000000132e-04 2.157659999999999938e-04 -1.522147138920000073e-06
1.001478499999999985e+04 3.438160000000005994e+02 9.599998246876134900e+00 2.139940000000000115e-04 2.156340000000000025e-04 -1.637203301340000063e-06
1.001845199999999932e+04 3.474830000000000609e+02 9.649996765067530902e+00 2.138150000000000120e-04 2.155009999999999955e-04 -1.683773963299999983e-06
1.002213799999999901e+04 3.511689999999997553e+02 9.699994623150352879e+00 2.137060000000000034e-04 2.153690000000000042e-04 -1.661255242569999956e-06
1.002584399999999914e+04 3.548749999999998863e+02 9.750005291194076662e+00 2.136630000000000040e-04 2.152359999999999972e-04 -1.571485387919999906e-06
1.002956799999999930e+04 3.585990000000000464e+02 9.800001790649350397e+00 2.136829999999999936e-04 2.151029999999999902e-04 -1.419131287349999929e-06
1.003331099999999969e+04 3.623420000000004393e+02 9.849997660542436861e+00 2.137580000000000090e-04 2.149709999999999989e-04 -1.211778628739999920e-06
1.003707299999999850e+04 3.661039999999992460e+02 9.899992910411349101e+00 2.138780000000000011e-04 2.148379999999999919e-04 -9.597522425400001083e-07
1.004085499999999956e+04 3.698860000000003083e+02 9.950000738971519709e+00 2.140300000000000091e-04 2.147060000000000006e-04 -6.756819290600000376e-07
1.004465499999999884e+04 3.736859999999995807e+02 9.999994710704767087e+00 2.141989999999999866e-04 2.145729999999999936e-04 -3.737411056699999859e-07
1.004847499999999854e+04 3.775059999999992897e+02 1.005000114868389538e+01 2.142500000000000036e-04 2.143179999999999901e-04 -6.840344742399999777e-08
1.005231300000000010e+04 3.813440000000008467e+02 1.009999388080129812e+01 2.142919999999999873e-04 2.140629999999999866e-04 2.283410020999999954e-07
1.005617099999999846e+04 3.852019999999992024e+02 1.014999896855825234e+01 2.143120000000000040e-04 2.138089999999999988e-04 5.030027772199999793e-07
1.006004799999999886e+04 3.890789999999996098e+02 1.020000336415566800e+01 2.142970000000000118e-04 2.135539999999999953e-04 7.436655008199999664e-07
1.006394299999999930e+04 3.929740000000000464e+02 1.024999427439310828e+01 2.142400000000000088e-04 2.132989999999999919e-04 9.406251271099998588e-07
1.006785800000000017e+04 3.968890000000009195e+02 1.029999737802058313e+01 2.141310000000000002e-04 2.130439999999999884e-04 1.086841835559999894e-06
1.007179199999999946e+04 4.008230000000002065e+02 1.034999981869143859e+01 2.139669999999999929e-04 2.127890000000000120e-04 1.178202053550000024e-06
1.007574499999999898e+04 4.047759999999997262e+02 1.040000160596803624e+01 2.137479999999999871e-04 2.125340000000000085e-04 1.213573390679999899e-06
1.007971699999999873e+04 4.087479999999994789e+02 1.045000274922957395e+01 2.134740000000000097e-04 2.122790000000000050e-04 1.194674370150000178e-06
1.008370799999999872e+04 4.127389999999994643e+02 1.050000325767647524e+01 2.131500000000000040e-04 2.120240000000000015e-04 1.125788073279999998e-06
1.008771799999999894e+04 4.167489999999996826e+02 1.055000314033463127e+01 2.127829999999999988e-04 2.117689999999999980e-04 1.013314665000000047e-06
1.009174699999999939e+04 4.207780000000001337e+02 1.060000240605951660e+01 2.123799999999999961e-04 2.115139999999999946e-04 8.652297441000000716e-07
1.009579500000000007e+04 4.248260000000008176e+02 1.065000106354020559e+01 2.119500000000000019e-04 2.112589999999999911e-04 6.905063792699999585e-07
1.009986199999999917e+04 4.288929999999999154e+02 1.069999912130323594e+01 2.115030000000000111e-04 2.110050000000000033e-04 4.985330732999999933e-07
1.010394799999999850e+04 4.329789999999992460e+02 1.074999658771645983e+01 2.110480000000000027e-04 2.107499999999999998e-04 2.985674175000000083e-07
1.010805299999999988e+04 4.370840000000006285e+02 1.079999347099268014e+01 2.105940000000000101e-04 2.104949999999999963e-04 9.931238297999999950e-08
1.011217799999999988e+04 4.412090000000006285e+02 1.085000187451079867e+01 2.101480000000000080e-04 2.102399999999999929e-04 -9.141193151999999759e-08
1.011632099999999991e+04 4.453520000000006576e+02 1.089999756007047793e+01 2.097179999999999867e-04 2.099849999999999894e-04 -2.668762360500000069e-07
1.012048399999999856e+04 4.495149999999993042e+02 1.095000467159860413e+01 2.093089999999999979e-04 2.097300000000000130e-04 -4.215363269999999654e-07
1.012466499999999905e+04 4.536959999999997990e+02 1.099999919253505354e+01 2.089240000000000075e-04 2.094750000000000095e-04 -5.510554087500000601e-07
1.012886599999999999e+04 4.578970000000007303e+02 1.105000504657564164e+01 2.086040000000000106e-04 2.092619999999999897e-04 -6.581457309600000069e-07
1.013308499999999913e+04 4.621159999999998718e+02 1.109999843478247072e+01 2.083130000000000094e-04 2.090489999999999970e-04 -7.358817468600000454e-07
1.013732399999999870e+04 4.663549999999994498e+02 1.115000306461097779e+01 2.080530000000000085e-04 2.088349999999999885e-04 -7.826947848499999638e-07
1.014158100000000013e+04 4.706120000000008758e+02 1.119999535083594466e+01 2.078240000000000079e-04 2.086219999999999958e-04 -7.979937535399999376e-07
1.014585800000000017e+04 4.748890000000009195e+02 1.124999878855521018e+01 2.076260000000000074e-04 2.084090000000000031e-04 -7.821297997399999467e-07
1.015015399999999863e+04 4.791849999999993770e+02 1.130000161609648579e+01 2.074590000000000071e-04 2.081949999999999946e-04 -7.364002886499998908e-07
1.015446899999999914e+04 4.834999999999998863e+02 1.135000384152428943e+01 2.073189999999999983e-04 2.079820000000000019e-04 -6.630528554600000140e-07
1.015880199999999968e+04 4.878330000000004247e+02 1.139999396099402773e+01 2.072029999999999879e-04 2.077690000000000092e-04 -5.652563414000000155e-07
1.016315499999999884e+04 4.921859999999995807e+02 1.144999505609582258e+01 2.071080000000000100e-04 2.075550000000000008e-04 -4.470838477499999590e-07
1.016752700000000004e+04 4.965580000000007885e+02 1.149999557200265876e+01 2.070279999999999972e-04 2.073420000000000081e-04 -3.134409748200000155e-07
1.017191799999999967e+04 5.009490000000004102e+02 1.154999551623658682e+01 2.069580000000000063e-04 2.071289999999999883e-04 -1.699522443059999932e-07
1.017632799999999952e+04 5.053590000000002647e+02 1.159999489618994417e+01 2.068919999999999971e-04 2.069150000000000069e-04 -2.279665321000000237e-08
1.018075699999999961e+04 5.097880000000003520e+02 1.164999371912806048e+01 2.068240000000000107e-04 2.067019999999999871e-04 1.215283738800000034e-07
1.018520599999999831e+04 5.142369999999990569e+02 1.170000320878794042e+01 2.067460000000000023e-04 2.064889999999999944e-04 2.565130251400000144e-07
1.018967299999999886e+04 5.187039999999996098e+02 1.175000089126910119e+01 2.066520000000000130e-04 2.062750000000000130e-04 3.759980700000000186e-07
1.019415899999999965e+04 5.231900000000003956e+02 1.179999803820086335e+01 2.065369999999999912e-04 2.060619999999999932e-04 4.745669678600000189e-07
1.019866399999999885e+04 5.276949999999995953e+02 1.184999465636193072e+01 2.063979999999999981e-04 2.058490000000000005e-04 5.479206342399999787e-07
1.020318899999999849e+04 5.322199999999992315e+02 1.190000178050000201e+01 2.062300000000000092e-04 2.056349999999999921e-04 5.932014535499999543e-07
1.020773199999999997e+04 5.367630000000007158e+02 1.194999731486378813e+01 2.060329999999999974e-04 2.054219999999999993e-04 6.092077000799999409e-07
1.021229500000000007e+04 5.413260000000008176e+02 1.200000327668433187e+01 2.058069999999999897e-04 2.052090000000000066e-04 5.964461147700000745e-07
1.021687600000000020e+04 5.459070000000009486e+02 1.204999775455866207e+01 2.055530000000000020e-04 2.049879999999999964e-04 5.636657529999999640e-07
1.022147699999999895e+04 5.505079999999996971e+02 1.210000258244341076e+01 2.052749999999999887e-04 2.047680000000000019e-04 5.055844780800000347e-07
1.022609599999999955e+04 5.551270000000002938e+02 1.214999603023216501e+01 2.049739999999999928e-04 2.045480000000000074e-04 4.259078001199999984e-07
1.023073499999999876e+04 5.597659999999995080e+02 1.219999975163982775e+01 2.046569999999999889e-04 2.043269999999999971e-04 3.292995230099999990e-07
1.023539300000000003e+04 5.644240000000007740e+02 1.225000290787352419e+01 2.043280000000000129e-04 2.041070000000000026e-04 2.210703327700000059e-07
1.024006899999999951e+04 5.691000000000002501e+02 1.229999483638340863e+01 2.039940000000000123e-04 2.038859999999999924e-04 1.068344290260000039e-07
1.024476499999999942e+04 5.737960000000001628e+02 1.234999692603370569e+01 2.036580000000000074e-04 2.036659999999999979e-04 -7.788391505999999952e-09
1.024947999999999956e+04 5.785110000000003083e+02 1.239999847050670034e+01 2.033279999999999886e-04 2.034460000000000034e-04 -1.174660583719999957e-07
1.025421399999999994e+04 5.832450000000006867e+02 1.244999947637099247e+01 2.030070000000000030e-04 2.032249999999999931e-04 -2.173877502500000080e-07
1.025896699999999873e+04 5.879979999999994789e+02 1.249999995009000209e+01 2.027010000000000096e-04 2.030049999999999986e-04 -3.034539040499999921e-07
1.026373899999999958e+04 5.927700000000003229e+02 1.254999989802412586e+01 2.024109999999999972e-04 2.027850000000000041e-04 -3.724085689499999972e-07
1.026852999999999884e+04 5.975609999999995807e+02 1.259999932643266618e+01 2.021410000000000015e-04 2.025639999999999938e-04 -4.219104273999999385e-07
1.027334000000000015e+04 6.023710000000008904e+02 1.264999824147597351e+01 2.018920000000000111e-04 2.023439999999999993e-04 -4.505755723199999750e-07
1.027816899999999987e+04 6.072000000000006139e+02 1.269999664921724758e+01 2.016639999999999991e-04 2.021240000000000048e-04 -4.579503255600000130e-07
1.028301699999999983e+04 6.120480000000005703e+02 1.274999455562457662e+01 2.014580000000000082e-04 2.019029999999999946e-04 -4.445035877099999886e-07
1.028788499999999840e+04 6.169159999999991442e+02 1.280000221924268899e+01 2.012700000000000025e-04 2.016830000000000001e-04 -4.115785317600000490e-07
1.029277099999999882e+04 6.218019999999995662e+02 1.284999910062373907e+01 2.011000000000000092e-04 2.014619999999999898e-04 -3.613341847199999790e-07
1.029767599999999948e+04 6.267070000000002210e+02 1.289999549833204462e+01 2.009450000000000082e-04 2.012419999999999953e-04 -2.966830309199999786e-07
1.030260099999999875e+04 6.316319999999994934e+02 1.295000155188320790e+01 2.008000000000000019e-04 2.010220000000000008e-04 -2.211764657200000155e-07
1.030754399999999987e+04 6.365750000000006139e+02 1.299999695999270699e+01 2.006619999999999975e-04 2.008009999999999906e-04 -1.388506786839999899e-07
1.031250699999999961e+04 6.415380000000003520e+02 1.305000195753610193e+01 2.004540000000000022e-04 2.005099999999999895e-04 -5.512641480999999816e-08
1.031748799999999937e+04 6.465190000000001191e+02 1.309999639896224366e+01 2.002460000000000069e-04 2.002179999999999997e-04 2.788235867999999833e-08
1.032248899999999958e+04 6.515200000000003229e+02 1.315000036425042218e+01 2.000329999999999871e-04 1.999260000000000100e-04 1.063428385860000074e-07
1.032750900000000001e+04 6.565400000000007594e+02 1.320000380319232036e+01 1.998120000000000039e-04 1.996350000000000088e-04 1.767514388549999998e-07
1.033254699999999866e+04 6.615779999999994061e+02 1.324999681728444756e+01 1.995800000000000102e-04 1.993429999999999920e-04 2.360898886200000156e-07
1.033760499999999956e+04 6.666360000000003083e+02 1.329999925855785392e+01 1.993340000000000129e-04 1.990510000000000022e-04 2.819816181300000036e-07
1.034268199999999888e+04 6.717129999999996244e+02 1.335000119081543346e+01 1.990729999999999963e-04 1.987600000000000011e-04 3.128104756000000059e-07
1.034777799999999843e+04 6.768089999999991733e+02 1.340000261975536233e+01 1.987969999999999874e-04 1.984680000000000114e-04 3.278016568800000343e-07
1.035289300000000003e+04 6.819240000000007740e+02 1.345000355099102229e+01 1.985040000000000090e-04 1.981759999999999945e-04 3.270577798399999882e-07
1.035802700000000004e+04 6.870580000000007885e+02 1.350000399005252838e+01 1.981969999999999999e-04 1.978849999999999934e-04 3.115224401000000048e-07
1.036317999999999847e+04 6.922109999999992169e+02 1.355000394238834893e+01 1.978759999999999872e-04 1.975930000000000037e-04 2.828464757800000233e-07
1.036835199999999895e+04 6.973829999999996971e+02 1.360000341336681018e+01 1.975450000000000068e-04 1.973009999999999868e-04 2.432524029000000242e-07
1.037354299999999967e+04 7.025740000000004102e+02 1.365000240827748001e+01 1.972049999999999931e-04 1.970100000000000128e-04 1.953261555300000208e-07
1.037875299999999879e+04 7.077839999999995371e+02 1.370000093233265481e+01 1.968600000000000092e-04 1.967179999999999959e-04 1.418263994339999956e-07
1.038398199999999997e+04 7.130130000000007158e+02 1.374999899066882669e+01 1.965120000000000050e-04 1.964260000000000062e-04 8.551896974999999582e-08
1.038922999999999956e+04 7.182610000000003083e+02 1.379999658834792697e+01 1.961640000000000009e-04 1.961350000000000051e-04 2.904445533999999911e-08
1.039449799999999959e+04 7.235290000000003374e+02 1.385000320574944155e+01 1.958180000000000012e-04 1.958429999999999882e-04 -2.517542180699999697e-08
1.039978399999999965e+04 7.288150000000003956e+02 1.389999986292721168e+01 1.954760000000000102e-04 1.955509999999999985e-04 -7.499928392799999585e-08
1.040508899999999994e+04 7.341200000000006867e+02 1.394999607444483125e+01 1.951409999999999939e-04 1.952590000000000087e-04 -1.186178899100000049e-07
1.041041399999999885e+04 7.394449999999995953e+02 1.400000121894674088e+01 1.948130000000000066e-04 1.949680000000000076e-04 -1.545983158560000055e-07
1.041575699999999961e+04 7.447880000000003520e+02 1.404999652004390676e+01 1.945519999999999899e-04 1.947370000000000025e-04 -1.843707600159999825e-07
1.042111999999999898e+04 7.501509999999997262e+02 1.410000069722749849e+01 1.943000000000000066e-04 1.945059999999999975e-04 -2.053283138400000008e-07
1.042650100000000020e+04 7.555320000000009486e+02 1.414999510740684485e+01 1.940570000000000023e-04 1.942749999999999924e-04 -2.169993467499999837e-07
1.043190200000000004e+04 7.609330000000007885e+02 1.419999833743982087e+01 1.938239999999999928e-04 1.940439999999999873e-04 -2.192697199999999677e-07
1.043732200000000012e+04 7.663530000000008613e+02 1.425000108506987928e+01 1.935999999999999895e-04 1.938130000000000094e-04 -2.123628422300000076e-07
1.044276099999999860e+04 7.717919999999993479e+02 1.430000335535745037e+01 1.933849999999999925e-04 1.935820000000000043e-04 -1.968303059599999754e-07
1.044821799999999894e+04 7.772489999999996826e+02 1.434999600805615394e+01 1.931769999999999972e-04 1.933509999999999992e-04 -1.735404498909999841e-07
1.045369499999999971e+04 7.827260000000004538e+02 1.439999737031419258e+01 1.929760000000000037e-04 1.931199999999999941e-04 -1.436490289599999981e-07
1.045919099999999889e+04 7.882219999999996389e+02 1.444999826977243274e+01 1.927800000000000076e-04 1.928889999999999891e-04 -1.085648732040000062e-07
1.046470599999999831e+04 7.937369999999990569e+02 1.449999871121855932e+01 1.925879999999999931e-04 1.926580000000000111e-04 -6.989535911000000995e-08
1.047023999999999978e+04 7.992710000000005266e+02 1.454999869937440948e+01 1.923980000000000102e-04 1.924270000000000060e-04 -2.937840737100000155e-08
1.047579299999999967e+04 8.048240000000004102e+02 1.459999823889704196e+01 1.922080000000000002e-04 1.921960000000000010e-04 1.119466743559999920e-08
1.048136499999999978e+04 8.103960000000005266e+02 1.464999733437993967e+01 1.920160000000000128e-04 1.919649999999999959e-04 5.005852108499999577e-08
1.048695599999999831e+04 8.159869999999990569e+02 1.469999599035402760e+01 1.918199999999999896e-04 1.917350000000000066e-04 8.555196526500000427e-08
1.049256699999999910e+04 8.215979999999998427e+02 1.475000310851984153e+01 1.916200000000000119e-04 1.915040000000000015e-04 1.161885408639999912e-07
1.049819599999999991e+04 8.272270000000006576e+02 1.480000086876742849e+01 1.914139999999999939e-04 1.912729999999999964e-04 1.407262406549999995e-07
1.050384399999999914e+04 8.328749999999998863e+02 1.484999820293695727e+01 1.912000000000000125e-04 1.910419999999999913e-04 1.582234679459999857e-07
1.050951099999999860e+04 8.385419999999993479e+02 1.489999511531759246e+01 1.909790000000000023e-04 1.908110000000000134e-04 1.680880812540000003e-07
1.051519799999999850e+04 8.442289999999992460e+02 1.495000038834715639e+01 1.907500000000000016e-04 1.905800000000000083e-04 1.701073246600000123e-07
1.052090299999999843e+04 8.499339999999991733e+02 1.499999644053035652e+01 1.905139999999999991e-04 1.903490000000000032e-04 1.644567772750000062e-07
1.052662799999999879e+04 8.556589999999995371e+02 1.505000080352494152e+01 1.902089999999999944e-04 1.900559999999999977e-04 1.527945709200000062e-07
1.053237099999999919e+04 8.614019999999999300e+02 1.509999601276538961e+01 1.898989999999999923e-04 1.897629999999999922e-04 1.349199748960000061e-07
1.053813400000000001e+04 8.671650000000007594e+02 1.514999948352456727e+01 1.895830000000000041e-04 1.894710000000000025e-04 1.117753849139999908e-07
1.054391599999999926e+04 8.729470000000000027e+02 1.520000250044720680e+01 1.892630000000000072e-04 1.891779999999999970e-04 8.449275931800000466e-08
1.054971599999999853e+04 8.787469999999992751e+02 1.524999646248021534e+01 1.889399999999999901e-04 1.888849999999999915e-04 5.434183673000000485e-08
1.055553600000000006e+04 8.845670000000008031e+02 1.529999861318791687e+01 1.886149999999999958e-04 1.885930000000000017e-04 2.267623372699999981e-08
1.056137500000000000e+04 8.904060000000007449e+02 1.535000032309406492e+01 1.882909999999999901e-04 1.882999999999999962e-04 -9.117165889999999953e-09
1.056723300000000017e+04 8.962640000000009195e+02 1.540000159649233424e+01 1.879670000000000115e-04 1.880069999999999907e-04 -3.966628088099999667e-08
1.057310999999999876e+04 9.021409999999995080e+02 1.545000243762076586e+01 1.876469999999999874e-04 1.877140000000000124e-04 -6.766376386799999401e-08
1.057900599999999940e+04 9.080370000000001482e+02 1.550000285066271566e+01 1.873300000000000106e-04 1.874219999999999955e-04 -9.191980794600000540e-08
1.058492099999999846e+04 9.139519999999992024e+02 1.555000283974763242e+01 1.870169999999999884e-04 1.871289999999999900e-04 -1.114139867939999991e-07
1.059085499999999956e+04 9.198860000000003083e+02 1.560000240895206147e+01 1.867109999999999950e-04 1.868360000000000116e-04 -1.253495802520000104e-07
1.059680799999999908e+04 9.258389999999998281e+02 1.565000156230034989e+01 1.864099999999999991e-04 1.865439999999999948e-04 -1.331972661440000052e-07
1.060277999999999884e+04 9.318109999999995807e+02 1.570000030376558620e+01 1.861160000000000050e-04 1.862509999999999893e-04 -1.347259646069999962e-07
1.060877099999999882e+04 9.378019999999995662e+02 1.574999863727037663e+01 1.858279999999999969e-04 1.859580000000000109e-04 -1.300233212639999985e-07
1.061478099999999904e+04 9.438119999999997844e+02 1.579999656668763386e+01 1.855460000000000019e-04 1.856650000000000054e-04 -1.194904663649999862e-07
1.062081099999999969e+04 9.498420000000004393e+02 1.585000237559912861e+01 1.852690000000000044e-04 1.853729999999999885e-04 -1.038225976019999971e-07
1.062685899999999856e+04 9.558899999999993042e+02 1.589999948222973103e+01 1.849959999999999886e-04 1.850800000000000101e-04 -8.396820488000001225e-08
1.063292599999999948e+04 9.619570000000002210e+02 1.594999619626465837e+01 1.847259999999999929e-04 1.847870000000000046e-04 -6.107709274900000203e-08
1.063901299999999901e+04 9.680439999999997553e+02 1.600000072352006342e+01 1.844580000000000015e-04 1.844949999999999878e-04 -3.643112067999999788e-08
1.064511799999999857e+04 9.741489999999993188e+02 1.604999663780897734e+01 1.842039999999999867e-04 1.842160000000000130e-04 -1.191897783759999958e-08
1.065124299999999857e+04 9.802739999999993188e+02 1.610000032175624085e+01 1.839490000000000103e-04 1.839370000000000111e-04 1.195936301559999901e-08
1.065738699999999881e+04 9.864179999999995516e+02 1.615000357724312252e+01 1.836920000000000024e-04 1.836580000000000092e-04 3.411373886800000326e-08
1.066354899999999907e+04 9.925799999999998136e+02 1.619999830736508173e+01 1.834329999999999902e-04 1.833790000000000073e-04 5.361708553600000743e-08
1.066973099999999977e+04 9.987620000000005120e+02 1.625000074271174100e+01 1.831699999999999962e-04 1.831009999999999940e-04 6.974591741500000534e-08
1.067593199999999888e+04 1.004962999999999624e+03 1.630000276120146196e+01 1.829040000000000093e-04 1.828219999999999921e-04 8.199987190599999453e-08
1.068215099999999984e+04 1.011182000000000585e+03 1.634999634010571157e+01 1.826329999999999978e-04 1.825429999999999902e-04 9.010468514399998908e-08
1.068838999999999942e+04 1.017421000000000163e+03 1.639999756078028526e+01 1.823580000000000047e-04 1.822639999999999883e-04 9.399719007999999100e-08
1.069464799999999923e+04 1.023678999999999974e+03 1.644999837578324531e+01 1.820790000000000028e-04 1.819850000000000135e-04 9.380034656500000386e-08
1.070092499999999927e+04 1.029956000000000131e+03 1.649999878880258208e+01 1.817959999999999921e-04 1.817060000000000116e-04 8.979220037200000771e-08
1.070722099999999955e+04 1.036252000000000407e+03 1.654999880348167807e+01 1.815099999999999884e-04 1.814279999999999983e-04 8.237502483600000148e-08
1.071353600000000006e+04 1.042567000000000917e+03 1.659999842341998999e+01 1.812209999999999917e-04 1.811489999999999964e-04 7.204404419399999974e-08
1.071986999999999898e+04 1.048900999999999840e+03 1.664999765217370253e+01 1.809299999999999906e-04 1.808699999999999945e-04 5.936587488000000215e-08
1.072622299999999814e+04 1.055253999999998996e+03 1.669999649325642110e+01 1.806359999999999964e-04 1.805909999999999926e-04 4.495469822099999250e-08
1.073259599999999955e+04 1.061627000000000407e+03 1.675000278501465445e+01 1.803420000000000023e-04 1.803119999999999907e-04 2.945612894400000218e-08
1.073898699999999917e+04 1.068018000000000029e+03 1.680000083781163056e+01 1.800469999999999924e-04 1.800340000000000046e-04 1.352941107279999885e-08
1.074539699999999903e+04 1.074427999999999884e+03 1.684999851336750964e+01 1.797529999999999983e-04 1.797550000000000027e-04 -2.171044938999999917e-09
1.075182599999999911e+04 1.080856999999999971e+03 1.689999581503042947e+01 1.794590000000000041e-04 1.794760000000000008e-04 -1.701489912320000057e-08
1.075827499999999964e+04 1.087306000000000495e+03 1.695000048853803776e+01 1.791669999999999873e-04 1.791969999999999989e-04 -3.041958673499999962e-08
1.076474199999999837e+04 1.093772999999999229e+03 1.699999702953162384e+01 1.788760000000000133e-04 1.789179999999999970e-04 -4.187432655600000320e-08
1.077122899999999936e+04 1.100260000000000218e+03 1.705000090359421705e+01 1.785909999999999982e-04 1.786430000000000038e-04 -5.153135977999999590e-08
1.077773399999999856e+04 1.106764999999999418e+03 1.709999669737669947e+01 1.783090000000000033e-04 1.783669999999999950e-04 -5.849135520899999458e-08
1.078425899999999820e+04 1.113289999999999054e+03 1.714999978582679674e+01 1.780290000000000128e-04 1.780920000000000018e-04 -6.252578600399999874e-08
1.079080299999999988e+04 1.119834000000000742e+03 1.720000247543493188e+01 1.777530000000000039e-04 1.778170000000000087e-04 -6.356210918599999996e-08
1.079736499999999978e+04 1.126396000000000640e+03 1.724999716189330812e+01 1.774789999999999994e-04 1.775409999999999998e-04 -6.168768569599999638e-08
1.080394700000000012e+04 1.132978000000000975e+03 1.729999908617111259e+01 1.772090000000000037e-04 1.772660000000000067e-04 -5.714151783400000001e-08
1.081054799999999886e+04 1.139578999999999724e+03 1.735000062176534996e+01 1.769399999999999966e-04 1.769899999999999978e-04 -5.029188549000000134e-08
1.081716799999999967e+04 1.146199000000000524e+03 1.740000177202687226e+01 1.766729999999999939e-04 1.767150000000000047e-04 -4.160913718500000235e-08
1.082380699999999888e+04 1.152837999999999738e+03 1.745000254026803788e+01 1.764079999999999956e-04 1.764400000000000115e-04 -3.162739932000000213e-08
1.083046500000000015e+04 1.159496000000001004e+03 1.750000292976339367e+01 1.761429999999999973e-04 1.761640000000000027e-04 -2.090890516000000235e-08
1.083714199999999983e+04 1.166173000000000684e+03 1.755000294375006575e+01 1.758789999999999876e-04 1.758890000000000095e-04 -1.000595584310000051e-08
1.084383799999999974e+04 1.172869000000000597e+03 1.760000258542844165e+01 1.756139999999999893e-04 1.756130000000000007e-04 5.708528861899999976e-10
1.085055299999999988e+04 1.179584000000000742e+03 1.765000185796258236e+01 1.753480000000000023e-04 1.753380000000000075e-04 1.037750226660000083e-08
1.085728699999999844e+04 1.186317999999999302e+03 1.770000076448077309e+01 1.750819999999999883e-04 1.750619999999999986e-04 1.905287276999999992e-08
1.086403999999999905e+04 1.193070999999999913e+03 1.774999930807606319e+01 1.748130000000000083e-04 1.747870000000000055e-04 2.632676751400000053e-08
1.087081199999999990e+04 1.199843000000000757e+03 1.779999749180669255e+01 1.745440000000000012e-04 1.745120000000000124e-04 3.201876371199999798e-08
1.087760399999999936e+04 1.206635000000000218e+03 1.785000267075001545e+01 1.742720000000000011e-04 1.742360000000000035e-04 3.603270174400000160e-08
1.088441399999999885e+04 1.213444999999999709e+03 1.790000012325396739e+01 1.739990000000000124e-04 1.739610000000000104e-04 3.834604926900000585e-08
1.089124299999999857e+04 1.220273999999999432e+03 1.794999722497873762e+01 1.737239999999999921e-04 1.736850000000000015e-04 3.899836147499999855e-08
1.089809199999999873e+04 1.227122999999999593e+03 1.800000126963416491e+01 1.734480000000000104e-04 1.734100000000000084e-04 3.808187646000000576e-08
1.090495899999999892e+04 1.233989999999999782e+03 1.804999765834250525e+01 1.731380000000000083e-04 1.731020000000000106e-04 3.625915663400000268e-08
1.091184599999999955e+04 1.240877000000000407e+03 1.810000095556193855e+01 1.728260000000000018e-04 1.727929999999999972e-04 3.312407251399999643e-08
1.091875099999999838e+04 1.247781999999999243e+03 1.814999664313376471e+01 1.725139999999999953e-04 1.724849999999999994e-04 2.881120445999999706e-08
1.092567599999999948e+04 1.254707000000000335e+03 1.819999920511059344e+01 1.722000000000000115e-04 1.721770000000000017e-04 2.349096899499999935e-08
1.093261999999999898e+04 1.261650999999999840e+03 1.825000139407742239e+01 1.718860000000000006e-04 1.718679999999999882e-04 1.737293304399999790e-08
1.093958299999999872e+04 1.268613999999999578e+03 1.830000321309186617e+01 1.715710000000000011e-04 1.715599999999999905e-04 1.070457197999999846e-08
1.094656399999999849e+04 1.275594999999999345e+03 1.834999751345401720e+01 1.712550000000000129e-04 1.712510000000000041e-04 3.764456607100000354e-09
1.095356499999999869e+04 1.282595999999999549e+03 1.839999862103797668e+01 1.709400000000000134e-04 1.709430000000000064e-04 -3.146633272500000175e-09
1.096058499999999913e+04 1.289615999999999985e+03 1.844999936753855607e+01 1.706249999999999867e-04 1.706350000000000087e-04 -9.721297775500000940e-09
1.096762399999999980e+04 1.296655000000000655e+03 1.849999975588350765e+01 1.703110000000000030e-04 1.703259999999999952e-04 -1.566311082960000139e-08
1.097468199999999888e+04 1.303712999999999738e+03 1.854999978896898227e+01 1.699969999999999921e-04 1.700179999999999975e-04 -2.070615218400000006e-08
1.098175899999999820e+04 1.310789999999999054e+03 1.859999946965998063e+01 1.696850000000000127e-04 1.697099999999999997e-04 -2.463306707999999983e-08
1.098885499999999956e+04 1.317886000000000422e+03 1.864999880079077599e+01 1.693739999999999948e-04 1.694010000000000134e-04 -2.728897649100000477e-08
1.099596999999999935e+04 1.325001000000000204e+03 1.869999778516526234e+01 1.690639999999999927e-04 1.690929999999999885e-04 -2.859294992799999979e-08
1.100310399999999936e+04 1.332135000000000218e+03 1.874999642555744828e+01 1.687559999999999950e-04 1.687849999999999908e-04 -2.853968686500000031e-08
1.101025799999999981e+04 1.339289000000000669e+03 1.880000170525213576e+01 1.684490000000000130e-04 1.684760000000000044e-04 -2.719809153599999955e-08
1.101742999999999847e+04 1.346460999999999331e+03 1.884999964736870126e+01 1.681429999999999926e-04 1.681680000000000067e-04 -2.470202935200000397e-08
1.102462099999999919e+04 1.353652000000000044e+03 1.889999725374743278e+01 1.678379999999999879e-04 1.678589999999999932e-04 -2.123835997499999819e-08
1.103183199999999852e+04 1.360862999999999374e+03 1.895000145233121813e+01 1.675339999999999989e-04 1.675509999999999955e-04 -1.703172670099999897e-08
1.103906099999999969e+04 1.368092000000000553e+03 1.899999837695523297e+01 1.672300000000000099e-04 1.672429999999999978e-04 -1.232803343189999897e-08
1.104630999999999949e+04 1.375341000000000349e+03 1.905000186275797347e+01 1.669599999999999871e-04 1.669669999999999889e-04 -7.491224905499999598e-09
1.105357699999999932e+04 1.382608000000000175e+03 1.909999811641651135e+01 1.666899999999999914e-04 1.666919999999999958e-04 -2.537002232399999649e-09
1.106086399999999958e+04 1.389895000000000437e+03 1.915000090049556647e+01 1.664190000000000070e-04 1.664170000000000026e-04 2.308786249500000225e-09
1.106816899999999987e+04 1.397200000000000728e+03 1.919999649375225559e+01 1.661479999999999956e-04 1.661420000000000095e-04 6.835796290600000137e-09
1.107549399999999878e+04 1.404524999999999636e+03 1.924999858693634280e+01 1.658770000000000112e-04 1.658660000000000006e-04 1.085647705780000093e-08
1.108283799999999974e+04 1.411869000000000597e+03 1.930000032983281955e+01 1.656050000000000111e-04 1.655910000000000075e-04 1.421242714350000133e-08
1.109020099999999911e+04 1.419231999999999971e+03 1.935000172515716343e+01 1.653319999999999952e-04 1.653159999999999873e-04 1.677907805199999712e-08
1.109758299999999872e+04 1.426613999999999578e+03 1.940000277559687802e+01 1.650590000000000065e-04 1.650400000000000055e-04 1.847045160000000097e-08
1.110498299999999836e+04 1.434013999999999214e+03 1.944999673655497219e+01 1.647840000000000134e-04 1.647650000000000124e-04 1.924290435000000077e-08
1.111240299999999843e+04 1.441433999999999287e+03 1.949999712247841188e+01 1.645089999999999931e-04 1.644899999999999921e-04 1.909679552999999938e-08
1.111984199999999873e+04 1.448872999999999593e+03 1.954999717132657011e+01 1.642319999999999956e-04 1.642140000000000104e-04 1.807864768800000266e-08
1.112729999999999927e+04 1.456331000000000131e+03 1.959999688567909004e+01 1.639549999999999981e-04 1.639389999999999901e-04 1.627874924639999751e-08
1.113477799999999843e+04 1.463808999999999287e+03 1.965000294667198943e+01 1.636780000000000006e-04 1.636639999999999970e-04 1.382734943680000073e-08
1.114227399999999943e+04 1.471305000000000291e+03 1.970000198271708669e+01 1.633989999999999987e-04 1.633879999999999881e-04 1.088691823240000008e-08
1.114978899999999885e+04 1.478819999999999709e+03 1.975000069193515273e+01 1.631210000000000125e-04 1.631129999999999950e-04 7.642268143800000220e-09
1.115732299999999850e+04 1.486353999999999360e+03 1.979999907680209859e+01 1.628420000000000106e-04 1.628380000000000018e-04 4.287361702000000395e-09
1.116487599999999838e+04 1.493906999999999243e+03 1.984999713976885971e+01 1.625630000000000087e-04 1.625619999999999930e-04 1.011941947519999948e-09
1.117244899999999870e+04 1.501479999999999563e+03 1.990000147794302876e+01 1.622849999999999954e-04 1.622869999999999998e-04 -2.012001768600000025e-09
1.118003999999999905e+04 1.509070999999999913e+03 1.994999888783677733e+01 1.620070000000000093e-04 1.620120000000000067e-04 -4.642032628800000272e-09
1.118765099999999984e+04 1.516682000000000698e+03 2.000000254482677065e+01 1.617300000000000118e-04 1.617369999999999865e-04 -6.773820512899999771e-09
