# # Once                                                         FEFF 10.0.0 
# # POT  SCF 100  9.0000   0, NO core-hole, FOLP (folp(0)= 1.150)
# # Abs   Z=30 Rmt= 1.380 Rnm= 1.522 K  shell
# #   RGRID 0.0100
# # Pot 1 Z= 6 Rmt= 0.897 Rnm= 1.121
# # Pot 2 Z= 6 Rmt= 0.925 Rnm= 1.165
# # Pot 3 Z= 1 Rmt= 0.548 Rnm= 0.951
# # Pot 4 Z=16 Rmt= 1.255 Rnm= 1.476
# # Gam_ch=1.897E+00 H-L exch Vi=-5.000E-01 Vr= 0.000E+00
# # Mu=-6.863E+00eV kf=1.334E+00 Vint=-9.067E+00eV Rs_int= 2.719
# FMS rfms= 9.0000
# # PATH  Rmax= 0.100,  Keep_limit= 0.00, Heap_limit 0.00  Pwcrit= 2.50%
#  S02=1.000  Temp=  10.00  Debye_temp= 315.00  Global_sig2= 0.00000
#  Energy zero shift, vr, vi    0.00000E+00   0.00000E+00
#  Curved wave amplitude ratio filter   4.000%
#     file         sig2 tot  cw amp ratio   deg  nlegs   reff  inp sig2
#     0/   0 paths used
#  xsedge+ 50, used to normalize mu           1.0000E+00
#  -----------------------------------------------------------------------
#  omega    e    k    mu    mu0     chi     @#
      9653.6565327906      -16.8632632000       -1.6200872587    2.7690185181E-06    4.0201140644E-06   -1.2510955463E-06
      9654.1565327906      -16.3632632000       -1.5790658039    2.8955468455E-06    4.2548393697E-06   -1.3592925242E-06
      9654.6565327906      -15.8632632000       -1.5369497306    3.0331589417E-06    4.5167683188E-06   -1.4836093772E-06
      9655.1565327906      -15.3632632000       -1.4936466613    3.1833557857E-06    4.8107542968E-06   -1.6273985111E-06
      9655.6565327906      -14.8632632000       -1.4490501841    3.3479243285E-06    5.1428559384E-06   -1.7949316100E-06
      9656.1565327906      -14.3632632000       -1.4030367413    3.5290106006E-06    5.5207319548E-06   -1.9917213542E-06
      9656.6565327906      -13.8632632000       -1.3554622724    3.7292172670E-06    5.9542010897E-06   -2.2249838227E-06
      9657.1565327906      -13.3632632000       -1.3061560932    3.9517361628E-06    6.4560535304E-06   -2.5043173676E-06
      9657.6565327906      -12.8632632000       -1.2549141860    4.2005321488E-06    7.0432557354E-06   -2.8427235866E-06
      9658.1565327906      -12.3632632000       -1.2014889076    4.4806044668E-06    7.7387900978E-06   -3.2581856309E-06
      9658.6565327906      -11.8632632000       -1.1455747332    4.7983692143E-06    8.5745561392E-06   -3.7761869249E-06
      9659.1565327906      -11.3632632000       -1.0867876258    5.1622390406E-06    9.5961219340E-06   -4.4338828934E-06
      9659.6565327906      -10.8632632000       -1.0246331595    5.5835403555E-06    1.0870862390E-05   -5.2873220350E-06
      9660.1565327906      -10.3632632000       -0.9584566200    6.0780445217E-06    1.2502672355E-05   -6.4246278335E-06
      9660.6565327806       -9.8632632100       -0.8873583607    6.6687043064E-06    1.4660392734E-05   -7.9916884272E-06
      9661.1565327806       -9.3632632100       -0.8100436294    7.3909956949E-06    1.7637518689E-05   -1.0246522994E-05
      9661.6565327806       -8.8632632100       -0.7245250921    8.3046352823E-06    2.1991947090E-05   -1.3687311807E-05
      9662.1565327806       -8.3632632100       -0.6274570930    9.5236591899E-06    2.8923965223E-05   -1.9400306033E-05
      9662.6565327806       -7.8632632100       -0.5123165798    1.1312028948E-05    4.1521989506E-05   -3.0209960558E-05
      9663.1565327806       -7.3632632100       -0.3622625460    1.4475171959E-05    6.9970302685E-05   -5.5495130725E-05
      9663.6565327806       -6.8632632100        0.0000000000    2.1461071653E-05    1.4603562825E-04   -1.2457455659E-04
      9664.1565327806       -6.3632632100        0.3622625460    2.8820136767E-05    2.3744452127E-04   -2.0862438450E-04
      9664.6565327806       -5.8632632100        0.5123165798    3.5081394100E-05    2.9593888957E-04   -2.6085749547E-04
      9665.1565327806       -5.3632632100        0.6274570930    4.2718840202E-05    3.3334672791E-04   -2.9062788771E-04
      9665.6565327806       -4.8632632100        0.7245250921    5.3767409714E-05    3.5498919645E-04   -3.0122178673E-04
      9666.1565327806       -4.3632632100        0.8100436294    7.0417838843E-05    3.6454504935E-04   -2.9412721050E-04
      9666.6565327806       -3.8632632100        0.8873583607    9.5358146218E-05    3.6557666567E-04   -2.7021851945E-04
      9667.1565327806       -3.3632632100        0.9584566200    1.3091673864E-04    3.6112899291E-04   -2.3021225426E-04
      9667.6565327806       -2.8632632100        1.0246331595    1.7737711352E-04    3.5347326486E-04   -1.7609615134E-04
      9668.1565327806       -2.3632632100        1.0867876258    2.2927016340E-04    3.4418399180E-04   -1.1491382841E-04
      9668.6565327806       -1.8632632100        1.1455747332    2.7958033998E-04    3.3425806915E-04   -5.4677729171E-05
      9669.1565327806       -1.3632632100        1.2014889076    3.2639765894E-04    3.2430450970E-04    2.0931492433E-06
      9669.6565327826       -0.8632632080        1.2549141860    3.6407013215E-04    3.1468850672E-04    4.9381625431E-05
      9670.1565327826       -0.3632632080        1.3061560932    3.8501182043E-04    3.0558562959E-04    7.9426190839E-05
      9670.6565327826        0.1367367920        1.3554622724    3.8725488029E-04    2.9709469711E-04    9.0160183180E-05
      9671.1565327826        0.6367367920        1.4030367413    3.7297606254E-04    2.8924319480E-04    8.3732867739E-05
      9671.6565327806        1.1367367900        1.4490501841    3.5046982334E-04    2.8202605415E-04    6.8443769194E-05
      9672.1565327806        1.6367367900        1.4936466613    3.2861753588E-04    2.7542237228E-04    5.3195163593E-05
      9672.6565327806        2.1367367900        1.5369497306    3.1094639285E-04    2.6938924605E-04    4.1557146797E-05
      9673.1565327806        2.6367367900        1.5790658039    2.9806069029E-04    2.6387887436E-04    3.4181815936E-05
      9673.6565327806        3.1367367900        1.6200872587    2.8969046816E-04    2.5876446453E-04    3.0926003633E-05
      9674.2833084206        3.7635124300        1.6700872977    2.8453268376E-04    2.5305300568E-04    3.1479678073E-05
      9674.9291339806        4.4093379900        1.7200873036    2.8343834876E-04    2.4853792908E-04    3.4900419676E-05
      9675.5940094606        5.0742134700        1.7700872793    2.8513525947E-04    2.4800976173E-04    3.7125497741E-05
      9676.2779348706        5.7581388800        1.8200872856    2.8305294002E-04    2.4750634009E-04    3.5546599931E-05
      9676.9809101906        6.4611142000        1.8700873770    2.7728628341E-04    2.4550249839E-04    3.1783785020E-05
      9677.7029354306        7.1831394400        1.9200873252    2.6974258997E-04    2.4241985201E-04    2.7322737960E-05
      9678.4440105906        7.9242146000        1.9700873572    2.6180308111E-04    2.3882649362E-04    2.2976587488E-05
      9679.2041356706        8.6843396800        2.0200873613    2.5419420739E-04    2.3491278072E-04    1.9281426668E-05
      9679.9833106806        9.4635146900        2.0700873396    2.4735008624E-04    2.3070245650E-04    1.6647629736E-05
      9680.7815355906       10.2617396000        2.1200873943    2.4159945634E-04    2.2628028393E-04    1.5319172410E-05
      9681.5988104906       11.0790145000        2.1700873240    2.3711502241E-04    2.2173658575E-04    1.5378436662E-05
      9682.4351351906       11.9153392000        2.2200873288    2.3414619642E-04    2.1753533554E-04    1.6610860884E-05
      9683.2905098906       12.7707139000        2.2700873101    2.3264477795E-04    2.1415315503E-04    1.8491622923E-05
      9684.1649344906       13.6451385000        2.3200873610    2.3195365658E-04    2.1151715635E-04    2.0436500238E-05
      9685.0584089906       14.5386130000        2.3700872976    2.3140626063E-04    2.0946900386E-04    2.1937256774E-05
      9685.9709334906       15.4511375000        2.4200873029    2.3057942421E-04    2.0790142141E-04    2.2678002798E-05
      9686.9025077906       16.3827118000        2.4700872865    2.2931197756E-04    2.0674840005E-04    2.2563577501E-05
      9687.8531320906       17.3333361000        2.5200873342    2.2764578022E-04    2.0598654131E-04    2.1659238911E-05
      9688.8228062906       18.3030103000        2.5700872766    2.2560163528E-04    2.0555981212E-04    2.0041823163E-05
      9689.8115303906       19.2917344000        2.6200872821    2.2312451918E-04    2.0542187689E-04    1.7702642283E-05
      9690.8193044906       20.2995085000        2.6700872676    2.2006845174E-04    2.0552845767E-04    1.4539994076E-05
      9691.8461283906       21.3263324000        2.7200873124    2.1629061529E-04    2.0585711995E-04    1.0433495339E-05
      9692.8920022906       22.3722063000        2.7700872596    2.1171348441E-04    2.0638023705E-04    5.3332473586E-06
      9693.9569260906       23.4371301000        2.8200872653    2.0644382395E-04    2.0707115560E-04   -6.2733164980E-07
      9695.0408998906       24.5211039000        2.8700873265    2.0083385320E-04    2.0791453106E-04   -7.0806778677E-06
      9696.1439234906       25.6241275000        2.9200872946    1.9541899486E-04    2.0888482418E-04   -1.3465829320E-05
      9697.2659970906       26.7462011000        2.9700873176    1.9080053556E-04    2.0997405362E-04   -1.9173518058E-05
      9698.4071205906       27.8873246000        3.0200872517    1.8746745857E-04    2.1117143409E-04   -2.3703975517E-05
      9699.5672939906       29.0474980000        3.0700872401    1.8570710945E-04    2.1246283124E-04   -2.6755721787E-05
      9700.7465172906       30.2267213000        3.1200872801    1.8560351614E-04    2.1382253153E-04   -2.8219015392E-05
      9701.9447904906       31.4249945000        3.1700872349    1.8710792735E-04    2.1524678623E-04   -2.8138858881E-05
      9703.1621136906       32.6423177000        3.2200872408    1.9006624678E-04    2.1672844741E-04   -2.6662200626E-05
      9704.3984867906       33.8786908000        3.2700871651    1.9423932907E-04    2.1824017459E-04   -2.4000845528E-05
      9705.6539097906       35.1341138000        3.3200872682    1.9937320571E-04    2.1977757296E-04   -2.0404367253E-05
      9706.9283826906       36.4085867000        3.3700874155    2.0519324468E-04    2.2133329132E-04   -1.6140046640E-05
      9708.2219055906       37.7021096000        3.4200874809    2.1141805873E-04    2.2288380583E-04   -1.1465747105E-05
      9709.5344782906       39.0146823000        3.4700874677    2.1779409831E-04    2.2441626388E-04   -6.6221655698E-06
      9710.8661009906       40.3463050000        3.5200873794    2.2412165989E-04    2.2594020742E-04   -1.8185475260E-06
      9712.2167735906       41.6969776000        3.5700874575    2.3018407853E-04    2.2741457171E-04    2.7695068221E-06
      9713.5864960906       43.0667001000        3.6200873425    2.3584844440E-04    2.2885231089E-04    6.9961335107E-06
      9714.9752685906       44.4554726000        3.6700873901    2.4097346936E-04    2.3023219571E-04    1.0741273656E-05
      9716.3830909906       45.8632950000        3.7200873650    2.4545604029E-04    2.3154270672E-04    1.3913333567E-05
      9717.8099631906       47.2901672000        3.7700873829    2.4921284702E-04    2.3277567143E-04    1.6437175597E-05
      9719.2558854906       48.7360895000        3.8200872194    2.5219942278E-04    2.3393305215E-04    1.8266370628E-05
      9720.7208575906       50.2010616000        3.8700873213    2.5436981608E-04    2.3499495087E-04    1.9374865211E-05
      9722.2048795906       51.6850836000        3.9200871357    2.5572759972E-04    2.3596363880E-04    1.9763960928E-05
      9723.7079515906       53.1881556000        3.9700873166    2.5628040283E-04    2.3682591254E-04    1.9454490286E-05
      9725.2300734906       54.7102775000        4.0200872151    2.5607510372E-04    2.3758623265E-04    1.8488871069E-05
      9726.7712452906       56.2514493000        4.0700872600    2.5517030977E-04    2.3824453038E-04    1.6925779388E-05
      9728.3314669906       57.8116710000        4.1200870326    2.5363634636E-04    2.3879260186E-04    1.4843744504E-05
      9729.9107386906       59.3909427000        4.1700873594    2.5156615290E-04    2.3922389702E-04    1.2342255880E-05
      9731.5090601906       60.9892642000        4.2200870102    2.4908155947E-04    2.3954515277E-04    9.5364067016E-06
      9733.1264316906       62.6066357000        4.2700874045    2.4630837913E-04    2.3976382500E-04    6.5445541273E-06
      9734.7628530906       64.2430571000        4.3200871369    2.4334816538E-04    2.3988096351E-04    3.4672018649E-06
      9736.4183244906       65.8985285000        4.3700873990    2.4027102602E-04    2.3989146377E-04    3.7956225074E-07
      9738.0928456906       67.5730497000        4.4200875951    2.3713578785E-04    2.3980953012E-04   -2.6737422714E-06
      9739.7864168906       69.2666209000        4.4700873463    2.3397653986E-04    2.3963782576E-04   -5.6612858995E-06
      9741.4990379906       70.9792420000        4.5200876093    2.3084194519E-04    2.3938466073E-04   -8.5427155438E-06
      9743.2307089906       72.7109130000        4.5700872495    2.2780986731E-04    2.3905218925E-04   -1.1242321938E-05
      9744.9814298906       74.4616339000        4.6200875770    2.2501327249E-04    2.3865020133E-04   -1.3636928846E-05
      9746.7512007906       76.2314048000        4.6700872937    2.2261897799E-04    2.3818787512E-04   -1.5568897129E-05
      9748.5400214906       78.0202255000        4.7200875012    2.2079874085E-04    2.3767367292E-04   -1.6874932068E-05
      9750.3478921906       79.8280962000        4.7700872916    2.1968173790E-04    2.3711118139E-04   -1.7429443493E-05
      9752.1748127906       81.6550168000        4.8200875611    2.1933436680E-04    2.3651542691E-04   -1.7181060110E-05
      9754.0207833906       83.5009874000        4.8700872460    2.1971815159E-04    2.3588385705E-04   -1.6165705463E-05
      9755.8858037906       85.3660078000        4.9200874025    2.2074077262E-04    2.3523874153E-04   -1.4497968916E-05
      9757.7698741906       87.2500782000        4.9700873309    2.2223732275E-04    2.3458235246E-04   -1.2345029711E-05
      9759.6729944906       89.1531985000        5.0200875471    2.2402316594E-04    2.3391041804E-04   -9.8872521028E-06
      9761.5951646906       91.0753687000        5.0700872027    2.2595261760E-04    2.3324478551E-04   -7.2921679086E-06
      9763.5363847906       93.0165888000        5.1200874783    2.2789829883E-04    2.3258833413E-04   -4.6900353050E-06
      9765.4966548906       94.9768589000        5.1700872031    2.2977452528E-04    2.3194386698E-04   -2.1693417045E-06
      9767.4759747906       96.9561788000        5.2200873716    2.3153840568E-04    2.3131909635E-04    2.1930932691E-07
      9769.4743446906       98.9545487000        5.2700871633    2.3317614635E-04    2.3072172203E-04    2.4544243184E-06
      9771.4917649906      100.9719690000        5.3200873890    2.3467254226E-04    2.3014763250E-04    4.5249097574E-06
      9773.5282339906      103.0084380000        5.3700870854    2.3603186668E-04    2.2961095688E-04    6.4209097998E-06
      9775.5837539906      105.0639580000        5.4200875237    2.3723501558E-04    2.2911457674E-04    8.1204388372E-06
      9777.6583239906      107.1385280000        5.4700872829    2.3824244542E-04    2.2865834729E-04    9.5840981328E-06
      9779.7519429906      109.2321470000        5.5200873067    2.3899976489E-04    2.2824218720E-04    1.0757577682E-05
      9781.8646119906      111.3448160000        5.5700872823    2.3944998866E-04    2.2787404073E-04    1.1575947933E-05
      9783.9963319906      113.4765360000        5.6200875141    2.3952443283E-04    2.2754716737E-04    1.1977265466E-05
      9786.1471009906      115.6273050000        5.6700870942    2.3917701715E-04    2.2726308138E-04    1.1913935773E-05
      9788.3169199906      117.7971240000        5.7200875283    2.3840319034E-04    2.2703513899E-04    1.1368051349E-05
      9790.5057889906      119.9859930000        5.7700870235    2.3721520215E-04    2.2685519873E-04    1.0360003412E-05
      9792.7137079906      122.1939120000        5.8200873593    2.3566173202E-04    2.2671093000E-04    8.9508020278E-06
      9794.9406769906      124.4208810000        5.8700870640    2.3385746981E-04    2.2662173179E-04    7.2357380199E-06
      9797.1866959906      126.6669000000        5.9200873040    2.3190181080E-04    2.2657445318E-04    5.3273576139E-06
      9799.4517649906      128.9319690000        5.9700872103    2.2991671632E-04    2.2656891231E-04    3.3478040065E-06
      9801.7358839906      131.2160880000        6.0200873568    2.2804546311E-04    2.2662694279E-04    1.4185203241E-06
