# # Once                                                         FEFF 10.0.0 
# # POT  SCF 100  9.0000   0, core-hole, FOLP (folp(0)= 1.150)
# # Abs   Z=30 Rmt= 1.383 Rnm= 1.527 K  shell
# #   RGRID 0.0100
# # Pot 1 Z= 6 Rmt= 0.899 Rnm= 1.123
# # Pot 2 Z= 6 Rmt= 0.925 Rnm= 1.164
# # Pot 3 Z= 1 Rmt= 0.547 Rnm= 0.947
# # Pot 4 Z=16 Rmt= 1.258 Rnm= 1.473
# # Gam_ch=1.897E+00 H-L exch Vi= 0.000E+00 Vr= 0.000E+00
# # Mu=-6.902E+00eV kf=1.994E+00 Vint=-1.310E+01eV Rs_int= 1.818
# # PATH  Rmax= 6.000,  Keep_limit= 0.00, Heap_limit 0.00  Pwcrit= 2.50%
#  S02=1.000  Temp=  10.00  Debye_temp= 315.00  Global_sig2= 0.00000
#  Energy zero shift, vr, vi    0.00000E+00   0.00000E+00
#  Curved wave amplitude ratio filter   4.000%
#     file         sig2 tot  cw amp ratio   deg  nlegs   reff  inp sig2
#           1       0.00302    100.00      1.00     2   2.3591
#           2       0.00302     99.83      1.00     2   2.3606
#           3       0.00306     99.36      1.00     2   2.3648
#           4       0.00311     98.81      1.00     2   2.3698
#           5       0.02343     14.10      1.00     2   2.9228
#           6       0.02223     13.06      1.00     2   3.0092
#           7       0.03149     12.98      1.00     2   3.0159
#           8       0.02698     12.43      1.00     2   3.0661
#           9       0.00578     41.73      1.00     2   3.2222
#          10       0.00583     40.70      1.00     2   3.2521
#          11       0.00609     38.63      1.00     2   3.3156
#          12       0.00579     38.18      1.00     2   3.3299
#          13       0.03002      8.91      1.00     2   3.4726
#          14       0.02601      8.50      1.00     2   3.5338
#          15       0.01034     30.81      1.00     2   3.5996
#          16       0.01159     18.28      2.00     3   3.6338
#          17       0.01102     15.29      2.00     3   3.6623
#          18       0.00407     43.50      2.00     3   3.7067
#          19       0.00406     43.31      2.00     3   3.7201
#          20       0.01316     14.91      2.00     3   3.7376
#          21       0.00423     42.35      2.00     3   3.7571
#          22       0.00416     42.75      2.00     3   3.7580
#          23       0.03629      6.93      1.00     2   3.8096
#          24       0.01502      7.73      2.00     3   3.8411
#          25       0.01670     20.26      2.00     3   3.8536
#          26       0.01456      7.54      2.00     3   3.8886
#          27       0.01617      7.44      2.00     3   3.9175
#          28       0.01345      9.22      2.00     3   3.9247
#          29       0.01455      8.16      2.00     3   3.9471
#          30       0.04506      6.24      1.00     2   3.9562
#          31       0.01812      6.02      1.00     2   4.0067
#          32       0.02046      8.90      1.00     4   4.0154
#          33       0.03856      5.84      1.00     2   4.0514
#          35       0.01874      8.06      1.00     4   4.1025
#          36       0.02984      8.65      1.00     4   4.1075
#          37       0.01679      6.68      2.00     3   4.1199
#          39       0.01028     20.67      1.00     2   4.1501
#          41       0.01497      6.53      2.00     3   4.1548
#          42       0.02364      7.73      1.00     4   4.1595
#          43       0.01568      5.38      1.00     2   4.1730
#          44       0.01231     16.52      2.00     3   4.1761
#          46       0.00447     13.79      1.00     4   4.1860
#          47       0.00446     15.09      1.00     4   4.1881
#          48       0.00445     15.51      1.00     4   4.1911
#          49       0.00452     13.93      1.00     4   4.1985
#          50       0.00619     20.93      2.00     3   4.2219
#          51       0.00440      9.00      2.00     3   4.2360
#          52       0.01650      5.59      2.00     3   4.2491
#          53       0.00440      9.19      2.00     3   4.2598
#          54       0.00973     19.11      1.00     2   4.2655
#          55       0.01196     17.91      2.00     3   4.2910
#          56       0.00424      9.95      2.00     3   4.2945
#          57       0.00428      9.64      2.00     3   4.2983
#          58       0.00429     10.04      2.00     3   4.3048
#          59       0.01119      4.90      1.00     2   4.3121
#          61       0.02292      7.54      2.00     3   4.3246
#          63       0.01084     12.57      1.00     4   4.3455
#          64       0.00426     11.20      2.00     3   4.3628
#          65       0.01753      4.31      2.00     4   4.3648
#          66       0.01032     20.50      2.00     3   4.3677
#          69       0.01294      6.91      2.00     3   4.3849
#          70       0.00588     15.09      2.00     3   4.3877
#          71       0.01126     16.51      1.00     4   4.4089
#          72       0.01104      5.45      2.00     4   4.4091
#          73       0.01123     23.37      1.00     4   4.4234
#          74       0.01254      7.91      2.00     3   4.4700
#          75       0.01131      4.42      2.00     4   4.4759
#          76       0.00607     17.54      2.00     3   4.4924
#          78       0.01568      5.53      2.00     4   4.5135
#          79       0.00577     23.23      2.00     3   4.5163
#          80       0.01953      8.53      2.00     3   4.5265
#          81       0.01171      9.82      2.00     3   4.5281
#          83       0.00944     10.52      2.00     4   4.5543
#          84       0.01912      4.06      2.00     4   4.5578
#          85       0.02666      5.22      1.00     4   4.5644
#          86       0.01814      4.15      1.00     2   4.5710
#          87       0.02585      4.22      2.00     4   4.5785
#          88       0.00949     22.25      2.00     4   4.5837
#          89       0.00957     14.76      2.00     4   4.5880
#          90       0.00590     15.28      1.00     2   4.6066
#          91       0.01673      5.97      2.00     4   4.6173
#          92       0.01768      4.82      1.00     4   4.6272
#          93       0.01501     16.96      2.00     3   4.6331
#          94       0.01029     10.72      2.00     4   4.6441
#          95       0.00591     14.87      2.00     3   4.6679
#          96       0.01015      7.04      2.00     3   4.6693
#          97       0.00561     44.89      2.00     3   4.6725
#          99       0.01163      5.89      2.00     3   4.6870
#         101       0.01346     18.89      1.00     4   4.6951
#         102       0.02073      6.16      2.00     3   4.7051
#         104       0.00570     15.51      2.00     3   4.7157
#         105       0.00603      8.25      1.00     4   4.7181
#         107       0.00604      8.22      1.00     4   4.7212
#         111       0.00612      8.15      1.00     4   4.7296
#         112       0.00468      5.27      2.00     4   4.7304
#         114       0.01004     12.26      2.00     4   4.7324
#         117       0.00612     42.92      1.00     4   4.7384
#         118       0.00622      8.06      1.00     4   4.7396
#         120       0.01984      6.87      2.00     4   4.7416
#         121       0.01408      5.45      1.00     4   4.7440
#         123       0.00609     14.45      1.00     4   4.7671
#         126       0.00925     14.37      2.00     4   4.7958
#         127       0.01750      5.89      2.00     4   4.8266
#         128       0.00634      6.93      1.00     4   4.8347
#         129       0.01196      6.10      2.00     4   4.8688
#         130       0.00493     20.01      2.00     3   4.8811
#         131       0.00876      7.04      2.00     3   4.8828
#         134       0.01129      7.14      2.00     4   4.8979
#         135       0.01207      5.92      2.00     4   4.9144
#         136       0.01176      8.59      2.00     4   4.9201
#         137       0.00543      8.20      2.00     4   4.9339
#         138       0.00460     33.96      2.00     4   4.9470
#         139       0.01594      4.37      2.00     4   4.9469
#         140       0.00893     13.46      2.00     4   4.9488
#         141       0.01225      6.97      2.00     4   4.9559
#         142       0.00480     11.98      2.00     4   4.9665
#         143       0.00534     13.10      2.00     4   4.9842
#         146       0.01797      7.66      2.00     3   4.9905
#         147       0.00502      7.52      2.00     4   5.0102
#         148       0.01424      6.11      2.00     4   5.0293
#         150       0.00642      6.07      1.00     4   5.0485
#         152       0.02325      4.80      2.00     3   5.0654
#         153       0.02194      5.20      2.00     3   5.0746
#         154       0.01722      5.21      2.00     3   5.0815
#         155       0.00660      6.05      1.00     4   5.0811
#         156       0.01164      5.74      2.00     4   5.0872
#         157       0.01168      8.98      2.00     4   5.0924
#         158       0.01594      4.47      2.00     3   5.1098
#         159       0.01205      7.89      2.00     4   5.1127
#         160       0.01481     10.31      2.00     3   5.1153
#         161       0.01602      7.49      2.00     3   5.1223
#         163       0.02194      5.88      2.00     3   5.1300
#         164       0.00681      5.95      1.00     4   5.1443
#         165       0.00886      4.18      2.00     3   5.1465
#         166       0.01534      5.38      2.00     3   5.1515
#         167       0.00702      6.03      1.00     4   5.1554
#         168       0.00538      7.89      1.00     4   5.1555
#         169       0.00477     25.92      2.00     4   5.1570
#         173       0.01389      9.14      2.00     3   5.2072
#         174       0.01128     11.09      2.00     4   5.2124
#         175       0.02564      4.37      2.00     4   5.2120
#         176       0.02319      4.12      2.00     3   5.2225
#         177       0.01474      5.31      2.00     3   5.2328
#         178       0.01481      6.06      2.00     3   5.2338
#         180       0.02124      8.25      2.00     3   5.2426
#         181       0.01625      4.39      1.00     4   5.2431
#         182       0.01281      9.08      1.00     4   5.2454
#         184       0.01579      6.59      2.00     3   5.2558
#         185       0.02462      4.42      2.00     4   5.2926
#         187       0.01153      8.22      2.00     4   5.3049
#         189       0.01256      5.89      2.00     4   5.3179
#         191       0.01292      6.14      2.00     4   5.3328
#         192       0.01531      7.60      2.00     3   5.3529
#         193       0.01596      4.56      1.00     4   5.3587
#         194       0.02414      6.46      1.00     4   5.3612
#         195       0.01228      7.43      1.00     4   5.3609
#         196       0.01139      5.25      2.00     4   5.3624
#         197       0.01141      9.58      2.00     4   5.3629
#         198       0.01220      7.47      2.00     4   5.3664
#         200       0.02311      4.16      2.00     4   5.3698
#         202       0.03235      4.27      2.00     3   5.3728
#         203       0.01199      7.07      2.00     4   5.3731
#         205       0.01614      9.24      2.00     4   5.3744
#         206       0.01267      6.28      2.00     4   5.3750
#         207       0.01595      4.21      2.00     4   5.3778
#         208       0.03234      5.22      2.00     4   5.3807
#         209       0.01465      5.86      1.00     4   5.3842
#         210       0.01520      4.18      1.00     4   5.3877
#         211       0.01104      6.70      2.00     4   5.3879
#         212       0.01103     10.06      2.00     4   5.3874
#         213       0.01621      5.15      2.00     4   5.3956
#         214       0.00643      8.81      2.00     3   5.4093
#         215       0.01125      5.35      2.00     3   5.4120
#         221       0.01127      5.84      2.00     4   5.4403
#         222       0.00641      8.51      2.00     3   5.4444
#         224       0.00644      7.08      2.00     3   5.4562
#         225       0.01208      8.10      2.00     4   5.4580
#         226       0.01256      7.68      2.00     4   5.4576
#         227       0.01183      6.36      2.00     4   5.4606
#         228       0.01123      5.87      2.00     4   5.4678
#         229       0.01134      8.18      2.00     4   5.4779
#         230       0.00650      7.90      2.00     3   5.4793
#         232       0.01134      6.94      2.00     3   5.5116
#         234       0.01173      8.14      2.00     4   5.5306
#         237       0.01072     10.84      2.00     4   5.5429
#         238       0.01080      6.61      2.00     4   5.5438
#         239       0.00546      9.60      2.00     4   5.5779
#         240       0.01157      9.07      2.00     4   5.5775
#         241       0.01213      4.70      2.00     4   5.5785
#         242       0.00686      7.14      2.00     4   5.5828
#         243       0.00911      4.76      2.00     4   5.5870
#         245       0.00919      4.70      2.00     4   5.6112
#         246       0.00540      9.01      2.00     4   5.6209
#         247       0.00707      6.81      2.00     4   5.6219
#         248       0.00547      7.88      2.00     4   5.6334
#         249       0.01122      5.41      2.00     4   5.6330
#         250       0.00546      8.81      2.00     4   5.6471
#         251       0.01078      5.54      2.00     4   5.6575
#         252       0.00827      8.38      1.00     4   5.6692
#         253       0.00723      6.13      2.00     4   5.6747
#         254       0.00967      4.49      2.00     4   5.6854
#         255       0.01127      5.31      2.00     4   5.6864
#         256       0.00930      4.51      2.00     4   5.6905
#         257       0.00700      5.10      2.00     4   5.6947
#         260       0.00987      4.98      1.00     4   5.7015
#         262       0.01185      4.15      2.00     4   5.7560
#         263       0.00774      9.27      1.00     4   5.7804
#         264       0.00927      5.36      2.00     4   5.7851
#         265       0.00990      6.97      2.00     4   5.7860
#         266       0.01051      8.72      2.00     3   5.9021
#         268       0.01123      8.46      2.00     4   5.9644
#   211/ 258 paths used
#  xsedge+50, used to normalize mu           1.0000E+00
#  -----------------------------------------------------------------------
#  omega    e    k    mu    mu0     chi     @#
    9923.631     -6.902   0.000 -4.17426E-05  1.43334E-04 -6.45072E-01
    9923.641     -6.893   0.050 -4.78104E-05  1.45184E-04 -6.71826E-01
    9923.670     -6.864   0.100 -5.37660E-05  1.47035E-04 -6.98123E-01
    9923.717     -6.817   0.150 -7.07115E-05  1.52557E-04 -7.73507E-01
    9923.784     -6.750   0.200 -8.65433E-05  1.58080E-04 -8.44518E-01
    9923.870     -6.664   0.250 -1.10027E-04  1.66849E-04 -9.50909E-01
    9923.974     -6.559   0.300 -1.30003E-04  1.75618E-04 -1.04422E+00
    9924.098     -6.436   0.350 -1.52226E-04  1.86245E-04 -1.14958E+00
    9924.241     -6.293   0.400 -1.67073E-04  1.96873E-04 -1.22880E+00
    9924.403     -6.131   0.450 -1.77273E-04  2.07324E-04 -1.29114E+00
    9924.584     -5.950   0.500 -1.75918E-04  2.17774E-04 -1.31419E+00
    9924.784     -5.750   0.550 -1.63321E-04  2.26562E-04 -1.29572E+00
    9925.003     -5.531   0.600 -1.37204E-04  2.35349E-04 -1.23268E+00
    9925.241     -5.293   0.650 -9.71336E-05  2.42026E-04 -1.11954E+00
    9925.498     -5.035   0.700 -4.61897E-05  2.48702E-04 -9.71125E-01
    9925.775     -4.759   0.750  1.49646E-05  2.53378E-04 -7.85338E-01
    9926.070     -4.464   0.800  7.96197E-05  2.58053E-04 -5.87919E-01
    9926.384     -4.150   0.850  1.45524E-04  2.60989E-04 -3.81619E-01
    9926.718     -3.816   0.900  2.05853E-04  2.63924E-04 -1.92526E-01
    9927.070     -3.464   0.950  2.58114E-04  2.65388E-04 -2.42558E-02
    9927.441     -3.092   1.000  2.98499E-04  2.66851E-04  1.06166E-01
    9927.832     -2.702   1.050  3.25908E-04  2.67089E-04  1.98971E-01
    9928.242     -2.292   1.100  3.40673E-04  2.67327E-04  2.50217E-01
    9928.670     -1.864   1.150  3.43785E-04  2.66587E-04  2.66126E-01
    9929.118     -1.416   1.200  3.38695E-04  2.65847E-04  2.53798E-01
    9929.585     -0.949   1.250  3.27720E-04  2.64359E-04  2.23425E-01
    9930.070     -0.463   1.300  3.15029E-04  2.62871E-04  1.86181E-01
    9930.575      0.041   1.350  3.02909E-04  2.60850E-04  1.52122E-01
    9931.099      0.565   1.400  2.93842E-04  2.58828E-04  1.28339E-01
    9931.642      1.108   1.450  2.88938E-04  2.56468E-04  1.20670E-01
    9932.204      1.670   1.500  2.87777E-04  2.54108E-04  1.26892E-01
    9932.785      2.251   1.550  2.89859E-04  2.51563E-04  1.46373E-01
    9933.385      2.851   1.600  2.92652E-04  2.49018E-04  1.69170E-01
    9934.004      3.470   1.650  2.94621E-04  2.46415E-04  1.89519E-01
    9934.642      4.108   1.700  2.93509E-04  2.43811E-04  1.98168E-01
    9935.300      4.766   1.750  2.88468E-04  2.41246E-04  1.90856E-01
    9935.976      5.442   1.800  2.79185E-04  2.38681E-04  1.65960E-01
    9936.671      6.137   1.850  2.67965E-04  2.36220E-04  1.31757E-01
    9937.386      6.852   1.900  2.54139E-04  2.33759E-04  8.56948E-02
    9938.119      7.585   1.950  2.44948E-04  2.31411E-04  5.76053E-02
    9938.871      8.338   2.000  2.34164E-04  2.29063E-04  2.19715E-02
    9939.643      9.109   2.050  2.30246E-04  2.27004E-04  1.41233E-02
    9940.434      9.900   2.100  2.29624E-04  2.24945E-04  2.06220E-02
    9941.243     10.709   2.150  2.31583E-04  2.22886E-04  3.87797E-02
    9942.072     11.538   2.200  2.34547E-04  2.20827E-04  6.19061E-02
    9942.920     12.386   2.250  2.38163E-04  2.20669E-04  7.94034E-02
    9943.786     13.252   2.300  2.40513E-04  2.20512E-04  9.13347E-02
    9944.672     14.138   2.350  2.40936E-04  2.20354E-04  9.45582E-02
    9945.577     15.043   2.400  2.39343E-04  2.20196E-04  8.84975E-02
    9946.501     15.967   2.450  2.36670E-04  2.20390E-04  7.54103E-02
    9947.444     16.910   2.500  2.33602E-04  2.20584E-04  6.04279E-02
    9948.406     17.872   2.550  2.30433E-04  2.20778E-04  4.49153E-02
    9949.387     18.853   2.600  2.27364E-04  2.20972E-04  2.98007E-02
    9950.387     19.853   2.650  2.23310E-04  2.20521E-04  1.30334E-02
    9951.406     20.872   2.700  2.19264E-04  2.20070E-04 -3.77235E-03
    9952.444     21.911   2.750  2.15206E-04  2.19618E-04 -2.07105E-02
    9953.502     22.968   2.800  2.11099E-04  2.19167E-04 -3.79529E-02
    9954.578     24.044   2.850  2.07275E-04  2.18929E-04 -5.47941E-02
    9955.673     25.140   2.900  2.03594E-04  2.18690E-04 -7.09583E-02
    9956.788     26.254   2.950  2.00148E-04  2.18451E-04 -8.60030E-02
    9957.921     27.387   3.000  1.97075E-04  2.18212E-04 -9.92826E-02
    9959.074     28.540   3.050  1.94991E-04  2.18202E-04 -1.08816E-01
    9960.245     29.712   3.100  1.93634E-04  2.18192E-04 -1.14910E-01
    9961.436     30.902   3.150  1.93169E-04  2.18181E-04 -1.16814E-01
    9962.646     32.112   3.200  1.93704E-04  2.18171E-04 -1.14047E-01
    9963.874     33.341   3.250  1.95493E-04  2.18348E-04 -1.06234E-01
    9965.122     34.588   3.300  1.98164E-04  2.18525E-04 -9.43791E-02
    9966.389     35.855   3.350  2.01623E-04  2.18702E-04 -7.89424E-02
    9967.675     37.141   3.400  2.05681E-04  2.18879E-04 -6.08353E-02
    9968.980     38.446   3.450  2.10186E-04  2.19197E-04 -4.14000E-02
    9970.304     39.770   3.500  2.14771E-04  2.19516E-04 -2.17264E-02
    9971.647     41.113   3.550  2.19228E-04  2.19834E-04 -2.76619E-03
    9973.009     42.475   3.600  2.23387E-04  2.20152E-04  1.47198E-02
    9974.390     43.856   3.650  2.27156E-04  2.20551E-04  2.99613E-02
    9975.790     45.256   3.700  2.30446E-04  2.20949E-04  4.29346E-02
    9977.209     46.676   3.750  2.33239E-04  2.21347E-04  5.35900E-02
    9978.648     48.114   3.800  2.35553E-04  2.21746E-04  6.20226E-02
    9980.105     49.571   3.850  2.37426E-04  2.22157E-04  6.83918E-02
    9981.581     51.047   3.900  2.38903E-04  2.22568E-04  7.29519E-02
    9983.077     52.543   3.950  2.40007E-04  2.22980E-04  7.58255E-02
    9984.591     54.057   4.000  2.40743E-04  2.23391E-04  7.70500E-02
    9986.125     55.591   4.050  2.41073E-04  2.23757E-04  7.67210E-02
    9987.677     57.143   4.100  2.41005E-04  2.24122E-04  7.46279E-02
    9989.249     58.715   4.150  2.40499E-04  2.24488E-04  7.06174E-02
    9990.840     60.306   4.200  2.39522E-04  2.24853E-04  6.45496E-02
    9992.449     61.915   4.250  2.37980E-04  2.25119E-04  5.65105E-02
    9994.078     63.544   4.300  2.35961E-04  2.25384E-04  4.64039E-02
    9995.726     65.192   4.350  2.33507E-04  2.25650E-04  3.44185E-02
    9997.393     66.859   4.400  2.30697E-04  2.25916E-04  2.09151E-02
    9999.079     68.545   4.450  2.27527E-04  2.26051E-04  6.45247E-03
   10000.784     70.250   4.500  2.24265E-04  2.26185E-04 -8.38759E-03
   10002.508     71.974   4.550  2.21083E-04  2.26320E-04 -2.28629E-02
   10004.251     73.717   4.600  2.18155E-04  2.26455E-04 -3.62123E-02
   10006.013     75.479   4.650  2.15487E-04  2.26453E-04 -4.78437E-02
   10007.794     77.260   4.700  2.13369E-04  2.26450E-04 -5.70815E-02
   10009.594     79.060   4.750  2.11893E-04  2.26447E-04 -6.35155E-02
   10011.414     80.880   4.800  2.11105E-04  2.26445E-04 -6.69501E-02
   10013.252     82.718   4.850  2.10869E-04  2.26319E-04 -6.74778E-02
   10015.109     84.575   4.900  2.11269E-04  2.26194E-04 -6.52254E-02
   10016.986     86.452   4.950  2.12215E-04  2.26069E-04 -6.05830E-02
   10018.881     88.347   5.000  2.13593E-04  2.25943E-04 -5.40453E-02
   10020.796     90.262   5.050  2.15197E-04  2.25730E-04 -4.61359E-02
   10022.729     92.195   5.100  2.16998E-04  2.25516E-04 -3.73517E-02
   10024.682     94.148   5.150  2.18891E-04  2.25303E-04 -2.81418E-02
   10026.653     96.120   5.200  2.20797E-04  2.25089E-04 -1.88591E-02
   10028.644     98.110   5.250  2.22634E-04  2.24832E-04 -9.66824E-03
   10030.654    100.120   5.300  2.24394E-04  2.24575E-04 -7.96392E-04
   10032.683    102.149   5.350  2.26051E-04  2.24317E-04  7.64381E-03
   10034.731    104.197   5.400  2.27586E-04  2.24060E-04  1.55622E-02
   10036.798    106.264   5.450  2.29002E-04  2.23802E-04  2.29763E-02
   10038.884    108.350   5.500  2.30243E-04  2.23544E-04  2.96319E-02
   10040.989    110.455   5.550  2.31269E-04  2.23286E-04  3.53476E-02
   10043.113    112.579   5.600  2.32033E-04  2.23028E-04  3.99162E-02
   10045.256    114.722   5.650  2.32542E-04  2.22806E-04  4.31928E-02
   10047.418    116.884   5.700  2.32694E-04  2.22584E-04  4.48861E-02
   10049.599    119.065   5.750  2.32459E-04  2.22362E-04  4.48656E-02
   10051.799    121.266   5.800  2.31829E-04  2.22140E-04  4.30898E-02
   10054.019    123.485   5.850  2.30887E-04  2.21978E-04  3.96413E-02
   10056.257    125.723   5.900  2.29597E-04  2.21816E-04  3.46376E-02
   10058.514    127.981   5.950  2.28018E-04  2.21654E-04  2.83439E-02
   10060.791    130.257   6.000  2.26227E-04  2.21492E-04  2.10973E-02
   10063.086    132.553   6.050  2.24411E-04  2.21432E-04  1.32725E-02
   10065.401    134.867   6.100  2.22542E-04  2.21373E-04  5.21283E-03
   10067.735    137.201   6.150  2.20707E-04  2.21313E-04 -2.70026E-03
   10070.087    139.553   6.200  2.18983E-04  2.21253E-04 -1.01187E-02
   10072.459    141.925   6.250  2.17437E-04  2.21193E-04 -1.67431E-02
   10074.850    144.316   6.300  2.16124E-04  2.21133E-04 -2.23315E-02
   10077.260    146.726   6.350  2.15084E-04  2.21073E-04 -2.67040E-02
   10079.688    149.155   6.400  2.14343E-04  2.21013E-04 -2.97447E-02
   10082.136    151.603   6.450  2.13912E-04  2.20953E-04 -3.14014E-02
   10084.603    154.069   6.500  2.13789E-04  2.20893E-04 -3.16851E-02
   10087.089    156.555   6.550  2.13956E-04  2.20889E-04 -3.09253E-02
   10089.594    159.061   6.600  2.14396E-04  2.20885E-04 -2.89431E-02
   10092.119    161.585   6.650  2.15078E-04  2.20881E-04 -2.58854E-02
   10094.662    164.128   6.700  2.15958E-04  2.20878E-04 -2.19463E-02
   10097.224    166.690   6.750  2.16983E-04  2.20874E-04 -1.73555E-02
   10099.805    169.271   6.800  2.18099E-04  2.20870E-04 -1.23622E-02
   10102.405    171.872   6.850  2.19248E-04  2.20866E-04 -7.21737E-03
   10105.025    174.491   6.900  2.20378E-04  2.20862E-04 -2.15586E-03
   10107.663    177.129   6.950  2.21444E-04  2.20858E-04  2.61805E-03
   10110.321    179.787   7.000  2.22409E-04  2.20854E-04  6.94054E-03
   10112.997    182.463   7.050  2.23180E-04  2.20754E-04  1.08336E-02
   10115.693    185.159   7.100  2.23806E-04  2.20654E-04  1.40842E-02
   10118.407    187.874   7.150  2.24273E-04  2.20554E-04  1.66290E-02
   10121.141    190.607   7.200  2.24575E-04  2.20455E-04  1.84399E-02
   10123.894    193.360   7.250  2.24713E-04  2.20355E-04  1.95174E-02
   10126.666    196.132   7.300  2.24691E-04  2.20255E-04  1.98816E-02
   10129.456    198.923   7.350  2.24518E-04  2.20155E-04  1.95667E-02
   10132.266    201.732   7.400  2.24203E-04  2.20055E-04  1.86171E-02
   10135.095    204.561   7.450  2.23759E-04  2.19956E-04  1.70860E-02
   10137.943    207.409   7.500  2.23201E-04  2.19856E-04  1.50371E-02
   10140.810    210.276   7.550  2.22400E-04  2.19617E-04  1.25311E-02
   10143.696    213.162   7.600  2.21523E-04  2.19377E-04  9.67275E-03
   10146.601    216.067   7.650  2.20593E-04  2.19138E-04  6.56971E-03
   10149.525    218.992   7.700  2.19637E-04  2.18899E-04  3.33680E-03
   10152.469    221.935   7.750  2.18680E-04  2.18660E-04  9.24140E-05
   10155.431    224.897   7.800  2.17749E-04  2.18420E-04 -3.04617E-03
   10158.412    227.878   7.850  2.16867E-04  2.18181E-04 -5.96810E-03
   10161.413    230.879   7.900  2.16057E-04  2.17942E-04 -8.57396E-03
   10164.432    233.898   7.950  2.15336E-04  2.17703E-04 -1.07799E-02
   10167.470    236.937   8.000  2.14718E-04  2.17463E-04 -1.25202E-02
   10170.528    239.994   8.050  2.14169E-04  2.17185E-04 -1.37771E-02
   10173.605    243.071   8.100  2.13737E-04  2.16907E-04 -1.45008E-02
   10176.700    246.166   8.150  2.13424E-04  2.16629E-04 -1.46806E-02
   10179.815    249.281   8.200  2.13230E-04  2.16350E-04 -1.43200E-02
   10182.949    252.415   8.250  2.13148E-04  2.16072E-04 -1.34361E-02
   10186.101    255.567   8.300  2.13174E-04  2.15794E-04 -1.20603E-02
   10189.273    258.739   8.350  2.13294E-04  2.15515E-04 -1.02402E-02
   10192.464    261.930   8.400  2.13496E-04  2.15237E-04 -8.04117E-03
   10195.674    265.140   8.450  2.13759E-04  2.14959E-04 -5.54811E-03
   10198.903    268.369   8.500  2.14062E-04  2.14681E-04 -2.86516E-03
   10202.151    271.617   8.550  2.14449E-04  2.14471E-04 -1.03284E-04
   10205.418    274.884   8.600  2.14828E-04  2.14262E-04  2.62771E-03
   10208.704    278.170   8.650  2.15170E-04  2.14052E-04  5.19432E-03
   10212.009    281.475   8.700  2.15447E-04  2.13842E-04  7.46663E-03
   10215.333    284.800   8.750  2.15636E-04  2.13633E-04  9.32873E-03
   10218.677    288.143   8.800  2.15716E-04  2.13423E-04  1.06889E-02
   10222.039    291.505   8.850  2.15675E-04  2.13214E-04  1.14877E-02
   10225.420    294.886   8.900  2.15508E-04  2.13004E-04  1.17033E-02
   10228.821    298.287   8.950  2.15221E-04  2.12795E-04  1.13527E-02
   10232.240    301.706   9.000  2.14824E-04  2.12585E-04  1.04885E-02
   10235.679    305.145   9.050  2.14419E-04  2.12446E-04  9.24978E-03
   10239.136    308.602   9.100  2.13938E-04  2.12307E-04  7.65464E-03
   10242.613    312.079   9.150  2.13405E-04  2.12168E-04  5.81057E-03
   10246.109    315.575   9.200  2.12843E-04  2.12029E-04  3.82828E-03
   10249.623    319.089   9.250  2.12275E-04  2.11890E-04  1.81321E-03
   10253.157    322.623   9.300  2.11721E-04  2.11750E-04 -1.40996E-04
   10256.710    326.176   9.350  2.11196E-04  2.11611E-04 -1.95633E-03
   10260.282    329.748   9.400  2.10715E-04  2.11472E-04 -3.57176E-03
   10263.873    333.339   9.450  2.10286E-04  2.11333E-04 -4.94254E-03
   10267.483    336.949   9.500  2.09916E-04  2.11194E-04 -6.03809E-03
   10271.112    340.578   9.550  2.09583E-04  2.11039E-04 -6.88507E-03
   10274.760    344.226   9.600  2.09314E-04  2.10885E-04 -7.43266E-03
   10278.427    347.893   9.650  2.09109E-04  2.10730E-04 -7.67546E-03
   10282.113    351.579   9.700  2.08969E-04  2.10575E-04 -7.61550E-03
   10285.818    355.284   9.750  2.08890E-04  2.10420E-04 -7.26257E-03
   10289.542    359.009   9.800  2.08869E-04  2.10266E-04 -6.63512E-03
   10293.286    362.752   9.850  2.08899E-04  2.10111E-04 -5.76115E-03
   10297.048    366.514   9.900  2.08973E-04  2.09956E-04 -4.67875E-03
   10300.829    370.296   9.950  2.09080E-04  2.09802E-04 -3.43570E-03
   10304.630    374.096  10.000  2.09209E-04  2.09647E-04 -2.08803E-03
   10308.449    377.916  10.050  2.09259E-04  2.09405E-04 -6.96020E-04
   10312.288    381.754  10.100  2.09307E-04  2.09164E-04  6.87460E-04
   10316.146    385.612  10.150  2.09340E-04  2.08922E-04  1.99956E-03
   10320.022    389.488  10.200  2.09344E-04  2.08680E-04  3.18147E-03
   10323.918    393.384  10.250  2.09311E-04  2.08439E-04  4.18201E-03
   10327.833    397.299  10.300  2.09230E-04  2.08197E-04  4.96071E-03
   10331.767    401.233  10.350  2.09097E-04  2.07956E-04  5.48997E-03
   10335.719    405.186  10.400  2.08910E-04  2.07714E-04  5.75622E-03
   10339.691    409.157  10.450  2.08667E-04  2.07472E-04  5.75991E-03
   10343.682    413.148  10.500  2.08374E-04  2.07231E-04  5.51469E-03
   10347.692    417.158  10.550  2.08033E-04  2.06989E-04  5.04558E-03
   10351.721    421.187  10.600  2.07654E-04  2.06748E-04  4.38671E-03
   10355.769    425.236  10.650  2.07245E-04  2.06506E-04  3.57872E-03
   10359.837    429.303  10.700  2.06814E-04  2.06264E-04  2.66599E-03
   10363.923    433.389  10.750  2.06372E-04  2.06023E-04  1.69413E-03
   10368.028    437.494  10.800  2.05927E-04  2.05781E-04  7.07637E-04
   10372.152    441.618  10.850  2.05488E-04  2.05540E-04 -2.51970E-04
   10376.296    445.762  10.900  2.05062E-04  2.05298E-04 -1.14765E-03
   10380.458    449.924  10.950  2.04657E-04  2.05056E-04 -1.94785E-03
   10384.640    454.106  11.000  2.04277E-04  2.04815E-04 -2.62708E-03
   10388.840    458.306  11.050  2.03959E-04  2.04612E-04 -3.19461E-03
   10393.060    462.526  11.100  2.03670E-04  2.04409E-04 -3.61576E-03
   10397.298    466.764  11.150  2.03414E-04  2.04207E-04 -3.88070E-03
   10401.556    471.022  11.200  2.03191E-04  2.04004E-04 -3.98499E-03
   10405.833    475.299  11.250  2.03000E-04  2.03801E-04 -3.92936E-03
   10410.128    479.595  11.300  2.02841E-04  2.03598E-04 -3.71958E-03
   10414.443    483.909  11.350  2.02711E-04  2.03396E-04 -3.36643E-03
   10418.777    488.243  11.400  2.02606E-04  2.03193E-04 -2.88561E-03
   10423.130    492.596  11.450  2.02524E-04  2.02990E-04 -2.29764E-03
   10427.502    496.968  11.500  2.02457E-04  2.02788E-04 -1.62753E-03
   10431.893    501.359  11.550  2.02402E-04  2.02585E-04 -9.04252E-04
   10436.303    505.769  11.600  2.02350E-04  2.02382E-04 -1.59795E-04
   10440.732    510.198  11.650  2.02295E-04  2.02180E-04  5.72152E-04
   10445.180    514.646  11.700  2.02231E-04  2.01977E-04  1.25788E-03
   10449.647    519.114  11.750  2.02151E-04  2.01774E-04  1.86561E-03
   10454.134    523.600  11.800  2.02050E-04  2.01571E-04  2.36754E-03
   10458.639    528.105  11.850  2.01922E-04  2.01369E-04  2.74172E-03
   10463.163    532.629  11.900  2.01766E-04  2.01166E-04  2.97365E-03
   10467.707    537.173  11.950  2.01579E-04  2.00963E-04  3.05724E-03
   10472.269    541.735  12.000  2.01363E-04  2.00761E-04  2.99513E-03
   10476.851    546.317  12.050  2.01105E-04  2.00537E-04  2.82951E-03
   10481.451    550.917  12.100  2.00822E-04  2.00312E-04  2.53622E-03
   10486.071    555.537  12.150  2.00517E-04  2.00088E-04  2.13517E-03
   10490.710    560.176  12.200  2.00195E-04  1.99864E-04  1.65103E-03
   10495.367    564.833  12.250  1.99863E-04  1.99640E-04  1.11144E-03
   10500.044    569.510  12.300  1.99525E-04  1.99416E-04  5.45021E-04
   10504.740    574.206  12.350  1.99188E-04  1.99192E-04 -2.02839E-05
   10509.455    578.921  12.400  1.98856E-04  1.98968E-04 -5.58666E-04
   10514.189    583.655  12.450  1.98535E-04  1.98744E-04 -1.04755E-03
   10518.942    588.408  12.500  1.98227E-04  1.98520E-04 -1.46832E-03
   10523.714    593.180  12.550  1.97936E-04  1.98295E-04 -1.80677E-03
   10528.505    597.971  12.600  1.97664E-04  1.98071E-04 -2.05316E-03
   10533.315    602.781  12.650  1.97410E-04  1.97847E-04 -2.20210E-03
   10538.144    607.610  12.700  1.97177E-04  1.97623E-04 -2.25220E-03
   10542.992    612.458  12.750  1.96963E-04  1.97399E-04 -2.20567E-03
   10547.859    617.325  12.800  1.96766E-04  1.97175E-04 -2.06798E-03
   10552.746    622.212  12.850  1.96586E-04  1.96951E-04 -1.84750E-03
   10557.651    627.117  12.900  1.96420E-04  1.96727E-04 -1.55536E-03
   10562.575    632.042  12.950  1.96265E-04  1.96503E-04 -1.20533E-03
   10567.519    636.985  13.000  1.96118E-04  1.96278E-04 -8.13623E-04
   10572.481    641.947  13.050  1.95930E-04  1.96009E-04 -4.03838E-04
   10577.463    646.929  13.100  1.95743E-04  1.95740E-04  1.43595E-05
   10582.463    651.930  13.150  1.95554E-04  1.95471E-04  4.21600E-04
   10587.483    656.949  13.200  1.95358E-04  1.95202E-04  7.98913E-04
   10592.522    661.988  13.250  1.95153E-04  1.94933E-04  1.12883E-03
   10597.580    667.046  13.300  1.94936E-04  1.94664E-04  1.39644E-03
   10602.656    672.123  13.350  1.94705E-04  1.94395E-04  1.59037E-03
   10607.752    677.218  13.400  1.94457E-04  1.94126E-04  1.70341E-03
   10612.867    682.333  13.450  1.94193E-04  1.93856E-04  1.73295E-03
   10618.001    687.467  13.500  1.93914E-04  1.93587E-04  1.68098E-03
   10623.154    692.620  13.550  1.93619E-04  1.93318E-04  1.55383E-03
   10628.326    697.792  13.600  1.93313E-04  1.93049E-04  1.36149E-03
   10633.517    702.983  13.650  1.92996E-04  1.92780E-04  1.11687E-03
   10638.727    708.194  13.700  1.92672E-04  1.92511E-04  8.34744E-04
   10643.957    713.423  13.750  1.92344E-04  1.92242E-04  5.30801E-04
   10649.205    718.671  13.800  1.92015E-04  1.91973E-04  2.20624E-04
   10654.472    723.938  13.850  1.91688E-04  1.91704E-04 -8.11440E-05
   10659.759    729.225  13.900  1.91365E-04  1.91434E-04 -3.61493E-04
   10665.064    734.530  13.950  1.91049E-04  1.91165E-04 -6.09532E-04
   10670.388    739.855  14.000  1.90740E-04  1.90896E-04 -8.16772E-04
   10675.732    745.198  14.050  1.90475E-04  1.90664E-04 -9.89771E-04
   10681.094    750.561  14.100  1.90220E-04  1.90433E-04 -1.11429E-03
   10686.476    755.942  14.150  1.89974E-04  1.90201E-04 -1.18736E-03
   10691.877    761.343  14.200  1.89739E-04  1.89969E-04 -1.20812E-03
   10697.296    766.763  14.250  1.89513E-04  1.89737E-04 -1.17768E-03
   10702.735    772.201  14.300  1.89297E-04  1.89505E-04 -1.09896E-03
   10708.193    777.659  14.350  1.89088E-04  1.89274E-04 -9.76504E-04
   10713.670    783.136  14.400  1.88887E-04  1.89042E-04 -8.16360E-04
   10719.166    788.632  14.450  1.88692E-04  1.88810E-04 -6.25865E-04
   10724.681    794.147  14.500  1.88500E-04  1.88578E-04 -4.13460E-04
   10730.215    799.681  14.550  1.88311E-04  1.88346E-04 -1.88444E-04
   10735.768    805.234  14.600  1.88122E-04  1.88115E-04  3.93254E-05
   10741.340    810.806  14.650  1.87932E-04  1.87883E-04  2.59812E-04
   10746.931    816.397  14.700  1.87738E-04  1.87651E-04  4.63234E-04
   10752.541    822.007  14.750  1.87540E-04  1.87419E-04  6.40550E-04
   10758.170    827.637  14.800  1.87335E-04  1.87187E-04  7.83954E-04
   10763.819    833.285  14.850  1.87122E-04  1.86956E-04  8.87338E-04
   10769.486    838.952  14.900  1.86901E-04  1.86724E-04  9.46675E-04
   10775.172    844.639  14.950  1.86672E-04  1.86492E-04  9.60276E-04
   10780.878    850.344  15.000  1.86434E-04  1.86260E-04  9.28888E-04
   10786.602    856.069  15.050  1.86140E-04  1.85979E-04  8.61707E-04
   10792.346    861.812  15.100  1.85839E-04  1.85698E-04  7.57993E-04
   10798.109    867.575  15.150  1.85533E-04  1.85417E-04  6.23843E-04
   10803.890    873.356  15.200  1.85223E-04  1.85136E-04  4.66615E-04
   10809.691    879.157  15.250  1.84909E-04  1.84855E-04  2.94438E-04
   10815.511    884.977  15.300  1.84595E-04  1.84574E-04  1.15727E-04
   10821.349    890.816  15.350  1.84281E-04  1.84293E-04 -6.12812E-05
   10827.207    896.673  15.400  1.83969E-04  1.84011E-04 -2.28907E-04
   10833.084    902.550  15.450  1.83660E-04  1.83730E-04 -3.80334E-04
   10838.980    908.446  15.500  1.83356E-04  1.83449E-04 -5.09823E-04
   10844.895    914.361  15.550  1.83056E-04  1.83168E-04 -6.12842E-04
   10850.829    920.295  15.600  1.82761E-04  1.82887E-04 -6.86148E-04
   10856.782    926.248  15.650  1.82473E-04  1.82606E-04 -7.27809E-04
   10862.754    932.221  15.700  1.82190E-04  1.82325E-04 -7.37206E-04
   10868.746    938.212  15.750  1.81913E-04  1.82044E-04 -7.15003E-04
   10874.756    944.222  15.800  1.81642E-04  1.81763E-04 -6.63101E-04
   10880.785    950.251  15.850  1.81375E-04  1.81482E-04 -5.84551E-04
   10886.834    956.300  15.900  1.81113E-04  1.81200E-04 -4.83454E-04
   10892.901    962.367  15.950  1.80853E-04  1.80919E-04 -3.64802E-04
   10898.987    968.454  16.000  1.80596E-04  1.80638E-04 -2.34292E-04
   10905.093    974.559  16.050  1.80356E-04  1.80375E-04 -1.00553E-04
   10911.217    980.684  16.100  1.80117E-04  1.80111E-04  3.37927E-05
   10917.361    986.827  16.150  1.79876E-04  1.79847E-04  1.62680E-04
   10923.524    992.990  16.200  1.79634E-04  1.79583E-04  2.80359E-04
   10929.705    999.172  16.250  1.79388E-04  1.79319E-04  3.81723E-04
   10935.906   1005.372  16.300  1.79139E-04  1.79056E-04  4.62590E-04
   10942.126   1011.592  16.350  1.78885E-04  1.78792E-04  5.19937E-04
   10948.365   1017.831  16.400  1.78627E-04  1.78528E-04  5.52045E-04
   10954.623   1024.089  16.450  1.78364E-04  1.78264E-04  5.58547E-04
   10960.900   1030.366  16.500  1.78097E-04  1.78001E-04  5.40387E-04
   10967.196   1036.662  16.550  1.77826E-04  1.77737E-04  4.99690E-04
   10973.511   1042.977  16.600  1.77551E-04  1.77473E-04  4.39556E-04
   10979.845   1049.311  16.650  1.77274E-04  1.77209E-04  3.63820E-04
   10986.198   1055.664  16.700  1.76995E-04  1.76945E-04  2.76781E-04
   10992.570   1062.036  16.750  1.76714E-04  1.76682E-04  1.82935E-04
   10998.961   1068.428  16.800  1.76433E-04  1.76418E-04  8.67316E-05
   11005.372   1074.838  16.850  1.76153E-04  1.76154E-04 -7.62760E-06
   11011.801   1081.267  16.900  1.75873E-04  1.75890E-04 -9.63552E-05
   11018.249   1087.716  16.950  1.75596E-04  1.75627E-04 -1.76191E-04
   11024.717   1094.183  17.000  1.75320E-04  1.75363E-04 -2.44472E-04
   11031.203   1100.670  17.050  1.75035E-04  1.75088E-04 -3.02325E-04
   11037.709   1107.175  17.100  1.74753E-04  1.74814E-04 -3.45435E-04
   11044.234   1113.700  17.150  1.74474E-04  1.74539E-04 -3.72643E-04
   11050.777   1120.243  17.200  1.74198E-04  1.74265E-04 -3.83389E-04
   11057.340   1126.806  17.250  1.73925E-04  1.73990E-04 -3.77731E-04
   11063.922   1133.388  17.300  1.73654E-04  1.73716E-04 -3.56348E-04
   11070.522   1139.989  17.350  1.73386E-04  1.73442E-04 -3.20541E-04
   11077.142   1146.608  17.400  1.73120E-04  1.73167E-04 -2.72206E-04
   11083.781   1153.247  17.450  1.72856E-04  1.72893E-04 -2.13779E-04
   11090.439   1159.905  17.500  1.72592E-04  1.72618E-04 -1.48149E-04
   11097.116   1166.582  17.550  1.72330E-04  1.72344E-04 -7.85292E-05
   11103.812   1173.278  17.600  1.72068E-04  1.72069E-04 -8.29524E-06
   11110.527   1179.993  17.650  1.71805E-04  1.71795E-04  5.91955E-05
   11117.261   1186.728  17.700  1.71541E-04  1.71520E-04  1.20799E-04
   11124.015   1193.481  17.750  1.71276E-04  1.71246E-04  1.73767E-04
   11130.787   1200.253  17.800  1.71008E-04  1.70971E-04  2.15912E-04
   11137.578   1207.044  17.850  1.70739E-04  1.70697E-04  2.45721E-04
   11144.389   1213.855  17.900  1.70467E-04  1.70422E-04  2.62426E-04
   11151.218   1220.684  17.950  1.70193E-04  1.70148E-04  2.66017E-04
   11158.066   1227.533  18.000  1.69917E-04  1.69873E-04  2.57195E-04
   11164.934   1234.400  18.050  1.69624E-04  1.69583E-04  2.40450E-04
   11171.820   1241.287  18.100  1.69330E-04  1.69293E-04  2.14068E-04
   11178.726   1248.192  18.150  1.69034E-04  1.69003E-04  1.79827E-04
   11185.651   1255.117  18.200  1.68737E-04  1.68713E-04  1.39745E-04
   11192.594   1262.060  18.250  1.68439E-04  1.68423E-04  9.59404E-05
   11199.557   1269.023  18.300  1.68141E-04  1.68133E-04  5.05227E-05
   11206.539   1276.005  18.350  1.67844E-04  1.67843E-04  5.49020E-06
   11213.540   1283.006  18.400  1.67547E-04  1.67553E-04 -3.73380E-05
   11220.560   1290.026  18.450  1.67250E-04  1.67263E-04 -7.63711E-05
   11227.599   1297.065  18.500  1.66954E-04  1.66973E-04 -1.10276E-04
   11234.657   1304.123  18.550  1.66660E-04  1.66683E-04 -1.37991E-04
   11241.734   1311.200  18.600  1.66366E-04  1.66393E-04 -1.58742E-04
   11248.830   1318.296  18.650  1.66074E-04  1.66103E-04 -1.72038E-04
   11255.945   1325.411  18.700  1.65783E-04  1.65813E-04 -1.77682E-04
   11263.079   1332.545  18.750  1.65493E-04  1.65522E-04 -1.75773E-04
   11270.232   1339.698  18.800  1.65205E-04  1.65232E-04 -1.66698E-04
   11277.405   1346.871  18.850  1.64917E-04  1.64942E-04 -1.51125E-04
   11284.596   1354.062  18.900  1.64631E-04  1.64652E-04 -1.29980E-04
   11291.806   1361.272  18.950  1.64345E-04  1.64362E-04 -1.04410E-04
   11299.036   1368.502  19.000  1.64060E-04  1.64072E-04 -7.57319E-05
   11306.284   1375.750  19.050  1.63794E-04  1.63802E-04 -4.62490E-05
   11313.552   1383.018  19.100  1.63529E-04  1.63532E-04 -1.58012E-05
   11320.838   1390.305  19.150  1.63264E-04  1.63261E-04  1.42774E-05
   11328.144   1397.610  19.200  1.62998E-04  1.62991E-04  4.26863E-05
   11335.469   1404.935  19.250  1.62732E-04  1.62721E-04  6.82210E-05
   11342.812   1412.279  19.300  1.62465E-04  1.62451E-04  8.98317E-05
   11350.175   1419.641  19.350  1.62198E-04  1.62181E-04  1.06674E-04
   11357.557   1427.023  19.400  1.61929E-04  1.61910E-04  1.18149E-04
   11364.958   1434.424  19.450  1.61660E-04  1.61640E-04  1.23930E-04
   11372.378   1441.844  19.500  1.61390E-04  1.61370E-04  1.23977E-04
   11379.817   1449.283  19.550  1.61119E-04  1.61100E-04  1.18528E-04
   11387.275   1456.741  19.600  1.60847E-04  1.60829E-04  1.08088E-04
   11394.752   1464.218  19.650  1.60574E-04  1.60559E-04  9.33915E-05
   11402.248   1471.714  19.700  1.60301E-04  1.60289E-04  7.53590E-05
   11409.763   1479.230  19.750  1.60027E-04  1.60019E-04  5.50423E-05
   11417.298   1486.764  19.800  1.59754E-04  1.59748E-04  3.35613E-05
   11424.851   1494.317  19.850  1.59480E-04  1.59478E-04  1.20389E-05
   11432.423   1501.889  19.900  1.59207E-04  1.59208E-04 -8.46390E-06
   11440.015   1509.481  19.950  1.58933E-04  1.58938E-04 -2.70069E-05
   11447.625   1517.091  20.000  1.58661E-04  1.58667E-04 -4.28202E-05
