# # Once                                                         FEFF 10.0.0 
# # POT  SCF 100  9.0000   0, NO core-hole, FOLP (folp(0)= 1.150)
# # Abs   Z=30 Rmt= 1.377 Rnm= 1.521 K  shell
# #   RGRID 0.0100
# # Pot 1 Z= 6 Rmt= 0.899 Rnm= 1.122
# # Pot 2 Z= 6 Rmt= 0.925 Rnm= 1.164
# # Pot 3 Z= 1 Rmt= 0.547 Rnm= 0.946
# # Pot 4 Z=16 Rmt= 1.262 Rnm= 1.481
# # Gam_ch=1.897E+00 H-L exch Vi=-5.000E-01 Vr= 0.000E+00
# # Mu=-6.845E+00eV kf=1.321E+00 Vint=-9.140E+00eV Rs_int= 2.745
# FMS rfms= 9.0000
# # PATH  Rmax= 0.100,  Keep_limit= 0.00, Heap_limit 0.00  Pwcrit= 2.50%
#  S02=1.000  Temp=  10.00  Debye_temp= 315.00  Global_sig2= 0.00000
#  Energy zero shift, vr, vi    0.00000E+00   0.00000E+00
#  Curved wave amplitude ratio filter   4.000%
#     file         sig2 tot  cw amp ratio   deg  nlegs   reff  inp sig2
#     0/   0 paths used
#  xsedge+ 50, used to normalize mu           1.0000E+00
#  -----------------------------------------------------------------------
#  omega    e    k    mu    mu0     chi     @#
      9653.6592543418      -16.8445223000       -1.6200872587    2.7720707636E-06    4.0222221409E-06   -1.2501513773E-06
      9654.1592543418      -16.3445223000       -1.5790658039    2.8988743124E-06    4.2568625814E-06   -1.3579882691E-06
      9654.6592543418      -15.8445223000       -1.5369497306    3.0367833169E-06    4.5187291519E-06   -1.4819458350E-06
      9655.1592543418      -15.3445223000       -1.4936466613    3.1872995809E-06    4.8126873008E-06   -1.6253877198E-06
      9655.6592543418      -14.8445223000       -1.4490501841    3.3522102880E-06    5.1448129906E-06   -1.7926027027E-06
      9656.1592543418      -14.3445223000       -1.4030367413    3.5336606975E-06    5.5227900378E-06   -1.9891293404E-06
      9656.6592543418      -13.8445223000       -1.3554622724    3.7342510537E-06    5.9564739709E-06   -2.2222229173E-06
      9657.1592543418      -13.3445223000       -1.3061560932    3.9571681080E-06    6.4587096379E-06   -2.5015415299E-06
      9657.6592543418      -12.8445223000       -1.2549141860    4.2063673687E-06    7.0465461226E-06   -2.8401787539E-06
      9658.1592543418      -12.3445223000       -1.2014889076    4.4868318868E-06    7.7430933219E-06   -3.2562614351E-06
      9658.6592543418      -11.8445223000       -1.1455747332    4.8049505674E-06    8.5804524691E-06   -3.7755019017E-06
      9659.1592543418      -11.3445223000       -1.0867876258    5.1690910106E-06    9.6045204700E-06   -4.4354294594E-06
      9659.6592543418      -10.8445223000       -1.0246331595    5.5905052224E-06    1.0883228229E-05   -5.2927230071E-06
      9660.1592543418      -10.3445223000       -0.9584566200    6.0848411036E-06    1.2521453922E-05   -6.4366128183E-06
      9660.6592543518       -9.8445222900       -0.8873583607    6.6748443398E-06    1.4689878442E-05   -8.0150341023E-06
      9661.1592543518       -9.3445222900       -0.8100436294    7.3956378302E-06    1.7685697254E-05   -1.0290059424E-05
      9661.6592543518       -8.8445222900       -0.7245250921    8.3063245002E-06    2.2074994867E-05   -1.3768670367E-05
      9662.1592543518       -8.3445222900       -0.6274570930    9.5198543381E-06    2.9078702532E-05   -1.9558848194E-05
      9662.6592543518       -7.8445222900       -0.5123165798    1.1298276388E-05    4.1847836351E-05   -3.0549559963E-05
      9663.1592543518       -7.3445222900       -0.3622625460    1.4444104411E-05    7.0807159233E-05   -5.6363054822E-05
      9663.6592543518       -6.8445222900        0.0000000000    2.1401325016E-05    1.4839426505E-04   -1.2699294004E-04
      9664.1592543518       -6.3445222900        0.3622625460    2.8714110848E-05    2.4044548408E-04   -2.1173137323E-04
      9664.6592543518       -5.8445222900        0.5123165798    3.4712966284E-05    2.9748392524E-04   -2.6277095895E-04
      9665.1592543518       -5.3445222900        0.6274570930    4.1696826702E-05    3.3304337851E-04   -2.9134655181E-04
      9665.6592543518       -4.8445222900        0.7245250921    5.1469260437E-05    3.5321106204E-04   -3.0174180160E-04
      9666.1592543518       -4.3445222900        0.8100436294    6.6113277603E-05    3.6185966732E-04   -2.9574638972E-04
      9666.6592543518       -3.8445222900        0.8873583607    8.9027116263E-05    3.6247602867E-04   -2.7344891241E-04
      9667.1592543518       -3.3445222900        0.9584566200    1.2505066485E-04    3.5795841887E-04   -2.3290775402E-04
      9667.6592543518       -2.8445222900        1.0246331595    1.7795815598E-04    3.5044697039E-04   -1.7248881441E-04
      9668.1592543518       -2.3445222900        1.0867876258    2.4446992014E-04    3.4139730846E-04   -9.6927388317E-05
      9668.6592543518       -1.8445222900        1.1455747332    3.0999667720E-04    3.3175585977E-04   -2.1759182571E-05
      9669.1592543518       -1.3445222900        1.2014889076    3.5475673948E-04    3.2209852516E-04    3.2658214313E-05
      9669.6592543488       -0.8445222930        1.2549141860    3.7591378932E-04    3.1276111118E-04    6.3152678140E-05
      9670.1592543488       -0.3445222930        1.3061560932    3.8469714327E-04    3.0391512605E-04    8.0782017223E-05
      9670.6592543488        0.1554777070        1.3554622724    3.8023112451E-04    2.9565765900E-04    8.4573465512E-05
      9671.1592543488        0.6554777070        1.4030367413    3.6035385414E-04    2.8801119855E-04    7.2342655589E-05
      9671.6592543518        1.1554777100        1.4490501841    3.3462984979E-04    2.8097615996E-04    5.3653689826E-05
      9672.1592543518        1.6554777100        1.4936466613    3.1257363234E-04    2.7452274370E-04    3.8050888640E-05
      9672.6592543518        2.1554777100        1.5369497306    2.9747097167E-04    2.6862789749E-04    2.8843074177E-05
      9673.1592543518        2.6554777100        1.5790658039    2.8906868558E-04    2.6321935607E-04    2.5849329509E-05
      9673.6592543518        3.1554777100        1.6200872587    2.8592583478E-04    2.5818035383E-04    2.7745480956E-05
      9674.2860299918        3.7822533500        1.6700872977    2.8655021601E-04    2.5266225557E-04    3.3887960433E-05
      9674.9318555518        4.4280789100        1.7200873036    2.8814666680E-04    2.4853720122E-04    3.9609465583E-05
      9675.5967310318        5.0929543900        1.7700872793    2.8937031898E-04    2.4887298479E-04    4.0497334188E-05
      9676.2806564318        5.7768797900        1.8200872856    2.8563314298E-04    2.4810751959E-04    3.7525623392E-05
      9676.9836317518        6.4798551100        1.8700873770    2.7900760026E-04    2.4581787552E-04    3.3189724738E-05
      9677.7056570018        7.2018803600        1.9200873252    2.7096504085E-04    2.4261030063E-04    2.8354740221E-05
      9678.4467321618        7.9429555200        1.9700873572    2.6234003132E-04    2.3897374467E-04    2.3366286650E-05
      9679.2068572418        8.7030806000        2.0200873613    2.5386475303E-04    2.3501792737E-04    1.8846825660E-05
      9679.9860322418        9.4822556000        2.0700873396    2.4641071765E-04    2.3079704522E-04    1.5613672434E-05
      9680.7842571418       10.2804805000        2.1200873943    2.4059631674E-04    2.2638449415E-04    1.4211822589E-05
      9681.6015320418       11.0977554000        2.1700873240    2.3653901959E-04    2.2184839211E-04    1.4690627478E-05
      9682.4378567418       11.9340801000        2.2200873288    2.3419559932E-04    2.1763200325E-04    1.6563596070E-05
      9683.2932314418       12.7894548000        2.2700873101    2.3323759367E-04    2.1422886656E-04    1.9008727110E-05
      9684.1676560418       13.6638794000        2.3200873610    2.3283842381E-04    2.1158505364E-04    2.1253370171E-05
      9685.0611305418       14.5573539000        2.3700872976    2.3228115559E-04    2.0952936226E-04    2.2751793322E-05
      9685.9736550418       15.4698784000        2.4200873029    2.3123130044E-04    2.0795488608E-04    2.3276414369E-05
      9686.9052293418       16.4014527000        2.4700872865    2.2968479520E-04    2.0680896474E-04    2.2875830455E-05
      9687.8558536418       17.3520770000        2.5200873342    2.2775730807E-04    2.0604471992E-04    2.1712588155E-05
      9688.8255278418       18.3217512000        2.5700872766    2.2552731055E-04    2.0562604008E-04    1.9901270474E-05
      9689.8142520418       19.3104754000        2.6200872821    2.2293367166E-04    2.0549845100E-04    1.7435220659E-05
      9690.8220260418       20.3182494000        2.6700872676    2.1982511064E-04    2.0561450338E-04    1.4210607260E-05
      9691.8488500418       21.3450734000        2.7200873124    2.1604635066E-04    2.0594628596E-04    1.0100064707E-05
      9692.8947238418       22.3909472000        2.7700872596    2.1151835659E-04    2.0647272795E-04    5.0456286413E-06
      9693.9596477418       23.4558711000        2.8200872653    2.0634647292E-04    2.0717837005E-04   -8.3189713587E-07
      9695.0436214418       24.5398448000        2.8700873265    2.0083885783E-04    2.0802559478E-04   -7.1867369546E-06
      9696.1466450418       25.6428684000        2.9200872946    1.9551595679E-04    2.0900477649E-04   -1.3488819700E-05
      9697.2687186418       26.7649420000        2.9700873176    1.9095495103E-04    2.1010236577E-04   -1.9147414742E-05
      9698.4098421418       27.9060655000        3.0200872517    1.8764627348E-04    2.1130266299E-04   -2.3656389510E-05
      9699.5700155418       29.0662389000        3.0700872401    1.8590569824E-04    2.1260278524E-04   -2.6697086991E-05
      9700.7492388418       30.2454622000        3.1200872801    1.8583139439E-04    2.1397044611E-04   -2.8139051717E-05
      9701.9475120418       31.4437354000        3.1700872349    1.8737814205E-04    2.1539603921E-04   -2.8017897158E-05
      9703.1648352418       32.6610586000        3.2200872408    1.9039529877E-04    2.1687838965E-04   -2.6483090883E-05
      9704.4012083418       33.8974317000        3.2700871651    1.9463087333E-04    2.1839031766E-04   -2.3759444326E-05
      9705.6566313418       35.1528547000        3.3200872682    1.9980405588E-04    2.1992733863E-04   -2.0123282750E-05
      9706.9311042418       36.4273276000        3.3700874155    2.0561436262E-04    2.2148199976E-04   -1.5867637135E-05
      9708.2246271418       37.7208505000        3.4200874809    2.1175693869E-04    2.2302510330E-04   -1.1268164606E-05
      9709.5371998418       39.0334232000        3.4700874677    2.1799102424E-04    2.2455532568E-04   -6.5643014340E-06
      9710.8688225418       40.3650459000        3.5200873794    2.2412771593E-04    2.2607130378E-04   -1.9435878491E-06
      9712.2194951418       41.7157185000        3.5700874575    2.2999145581E-04    2.2754272580E-04    2.4487300094E-06
      9713.5892177418       43.0854411000        3.6200873425    2.3546616843E-04    2.2897073231E-04    6.4954361207E-06
      9714.9779901418       44.4742135000        3.6700873901    2.4043038624E-04    2.3033453623E-04    1.0095850005E-05
      9716.3858125418       45.8820359000        3.7200873650    2.4480834199E-04    2.3164020742E-04    1.3168134565E-05
      9717.8126848418       47.3089082000        3.7700873829    2.4850211626E-04    2.3285632480E-04    1.5645791465E-05
      9719.2586070418       48.7548304000        3.8200872194    2.5149461145E-04    2.3400188101E-04    1.7492730438E-05
      9720.7235791418       50.2198025000        3.8700873213    2.5374099499E-04    2.3504630239E-04    1.8694692599E-05
      9722.2076011418       51.7038245000        3.9200871357    2.5526613035E-04    2.3600367724E-04    1.9262453110E-05
      9723.7106731418       53.2068965000        3.9700873166    2.5606849596E-04    2.3685522554E-04    1.9213270418E-05
      9725.2327950418       54.7290184000        4.0200872151    2.5617446496E-04    2.3760420642E-04    1.8570258540E-05
      9726.7739668418       56.2701902000        4.0700872600    2.5560079730E-04    2.3824417664E-04    1.7356620658E-05
      9728.3341885418       57.8304119000        4.1200870326    2.5438408819E-04    2.3877391430E-04    1.5610173888E-05
      9729.9134602418       59.4096836000        4.1700873594    2.5257905997E-04    2.3919384076E-04    1.3385219205E-05
      9731.5117818418       61.0080052000        4.2200870102    2.5026340344E-04    2.3950455615E-04    1.0758847286E-05
      9733.1291532418       62.6253766000        4.2700874045    2.4753264429E-04    2.3971249563E-04    7.8201486647E-06
      9734.7655747418       64.2617981000        4.3200871369    2.4446707107E-04    2.3981315401E-04    4.6539170615E-06
      9736.4210460418       65.9172694000        4.3700873990    2.4115834437E-04    2.3981985723E-04    1.3384871372E-06
      9738.0955672418       67.5917906000        4.4200875951    2.3767097984E-04    2.3972888439E-04   -2.0579045558E-06
      9739.7891384418       69.2853618000        4.4700873463    2.3408846091E-04    2.3954777729E-04   -5.4593163823E-06
      9741.5017595418       70.9979829000        4.5200876093    2.3051922239E-04    2.3928589537E-04   -8.7666729744E-06
      9743.2334305418       72.7296539000        4.5700872495    2.2710941517E-04    2.3895211131E-04   -1.1842696133E-05
      9744.9841514418       74.4803748000        4.6200875770    2.2403449119E-04    2.3854970039E-04   -1.4515209196E-05
      9746.7539223418       76.2501457000        4.6700872937    2.2148587669E-04    2.3808720421E-04   -1.6601327512E-05
      9748.5427431418       78.0389665000        4.7200875012    2.1963214565E-04    2.3757298928E-04   -1.7940843628E-05
      9750.3506137418       79.8468371000        4.7700872916    2.1857624230E-04    2.3701077455E-04   -1.8434532243E-05
      9752.1775344418       81.6737578000        4.8200875611    2.1835309385E-04    2.3641600658E-04   -1.8062912727E-05
      9754.0235049418       83.5197283000        4.8700872460    2.1890379505E-04    2.3579190095E-04   -1.6888105906E-05
      9755.8885253418       85.3847487000        4.9200874025    2.2011297750E-04    2.3514816682E-04   -1.5035189324E-05
      9757.7725957418       87.2688191000        4.9700873309    2.2182219515E-04    2.3449340384E-04   -1.2671208697E-05
      9759.6757160418       89.1719394000        5.0200875471    2.2385559066E-04    2.3382994298E-04   -9.9743523205E-06
      9761.5978862418       91.0941096000        5.0700872027    2.2605563225E-04    2.3317303751E-04   -7.1174052566E-06
      9763.5391063418       93.0353297000        5.1200874783    2.2827165952E-04    2.3251911039E-04   -4.2474508696E-06
      9765.4993764418       94.9955998000        5.1700872031    2.3040302801E-04    2.3188361707E-04   -1.4805890590E-06
      9767.4786964418       96.9749198000        5.2200873716    2.3236793652E-04    2.3126787254E-04    1.1000639870E-06
      9769.4770663418       98.9732897000        5.2700871633    2.3411568213E-04    2.3067374979E-04    3.4419323400E-06
      9771.4944856418      100.9907090000        5.3200873890    2.3562798150E-04    2.3011613980E-04    5.5118416980E-06
      9773.5309556418      103.0271790000        5.3700870854    2.3688176611E-04    2.2958919239E-04    7.2925737139E-06
      9775.5864756418      105.0826990000        5.4200875237    2.3786779668E-04    2.2909542631E-04    8.7723703665E-06
      9777.6610446418      107.1572680000        5.4700872829    2.3858868901E-04    2.2864822580E-04    9.9404632124E-06
      9779.7546646418      109.2508880000        5.5200873067    2.3902398130E-04    2.2824124874E-04    1.0782732563E-05
      9781.8673336418      111.3635570000        5.5700872823    2.3915925386E-04    2.2787627090E-04    1.1282982963E-05
      9783.9990536418      113.4952770000        5.6200875141    2.3899103603E-04    2.2756580340E-04    1.1425232635E-05
      9786.1498226418      115.6460460000        5.6700870942    2.3848796546E-04    2.2729141845E-04    1.1196547010E-05
      9788.3196416418      117.8158650000        5.7200875283    2.3766052039E-04    2.2706521266E-04    1.0595307723E-05
      9790.5085106418      120.0047340000        5.7700870235    2.3652303256E-04    2.2688746183E-04    9.6355707295E-06
      9792.7164296418      122.2126530000        5.8200873593    2.3511197485E-04    2.2675889387E-04    8.3530809775E-06
      9794.9433986418      124.4396220000        5.8700870640    2.3347900947E-04    2.2667157916E-04    6.8074303085E-06
      9797.1894176418      126.6856410000        5.9200873040    2.3170365939E-04    2.2662535217E-04    5.0783072148E-06
      9799.4544866418      128.9507100000        5.9700872103    2.2989022413E-04    2.2662795527E-04    3.2622688659E-06
      9801.7386046418      131.2348280000        6.0200873568    2.2815066746E-04    2.2668650738E-04    1.4641600780E-06
