# # Once                                                         FEFF 10.0.0 
# # POT  SCF 100  9.0000   0, NO core-hole, FOLP (folp(0)= 1.150)
# # Abs   Z=30 Rmt= 1.377 Rnm= 1.521 K  shell
# #   RGRID 0.0100
# # Pot 1 Z= 6 Rmt= 0.896 Rnm= 1.122
# # Pot 2 Z= 6 Rmt= 0.924 Rnm= 1.165
# # Pot 3 Z= 1 Rmt= 0.551 Rnm= 0.957
# # Pot 4 Z=16 Rmt= 1.258 Rnm= 1.479
# # Gam_ch=1.897E+00 H-L exch Vi=-5.000E-01 Vr= 0.000E+00
# # Mu=-7.003E+00eV kf=1.326E+00 Vint=-8.967E+00eV Rs_int= 2.735
# FMS rfms= 9.0000
# # PATH  Rmax= 0.100,  Keep_limit= 0.00, Heap_limit 0.00  Pwcrit= 2.50%
#  S02=1.000  Temp=  10.00  Debye_temp= 315.00  Global_sig2= 0.00000
#  Energy zero shift, vr, vi    0.00000E+00   0.00000E+00
#  Curved wave amplitude ratio filter   4.000%
#     file         sig2 tot  cw amp ratio   deg  nlegs   reff  inp sig2
#     0/   0 paths used
#  xsedge+ 50, used to normalize mu           1.0000E+00
#  -----------------------------------------------------------------------
#  omega    e    k    mu    mu0     chi     @#
      9653.6592522518      -17.0027641000       -1.6200872587    2.7166293080E-06    3.9751754260E-06   -1.2585461180E-06
      9654.1592522518      -16.5027641000       -1.5790658039    2.8386006709E-06    4.2069502390E-06   -1.3683495680E-06
      9654.6592522518      -16.0027641000       -1.5369497306    2.9710750509E-06    4.4654002996E-06   -1.4943252488E-06
      9655.1592522518      -15.5027641000       -1.4936466613    3.1154508277E-06    4.7552487477E-06   -1.6397979200E-06
      9655.6592522518      -15.0027641000       -1.4490501841    3.2733885708E-06    5.0823826071E-06   -1.8089940363E-06
      9656.1592522518      -14.5027641000       -1.4030367413    3.4468771512E-06    5.4542311383E-06   -2.0073539871E-06
      9656.6592522518      -14.0027641000       -1.3554622724    3.6383217428E-06    5.8803012361E-06   -2.2419794933E-06
      9657.1592522518      -13.5027641000       -1.3061560932    3.8506631018E-06    6.3729513673E-06   -2.5222882655E-06
      9657.6592522518      -13.0027641000       -1.2549141860    4.0875426903E-06    6.9485376894E-06   -2.8609949991E-06
      9658.1592522518      -12.5027641000       -1.2014889076    4.3535370128E-06    7.6291589307E-06   -3.2756219179E-06
      9658.6592522518      -12.0027641000       -1.1455747332    4.6545001917E-06    8.4453991694E-06   -3.7908989777E-06
      9659.1592522518      -11.5027641000       -1.0867876258    4.9980831004E-06    9.4408036041E-06   -4.4427205037E-06
      9659.6592522518      -11.0027641000       -1.0246331595    5.3945556071E-06    1.0679513804E-05   -5.2849581969E-06
      9660.1592522518      -10.5027641000       -0.9584566200    5.8581828736E-06    1.2260008950E-05   -6.4018260769E-06
      9660.6592522518      -10.0027641000       -0.8873583607    6.4096964588E-06    1.4341518738E-05   -7.9318222795E-06
      9661.1592522118       -9.5027641400       -0.8100436294    7.0811515172E-06    1.7199180434E-05   -1.0118028917E-05
      9661.6592522118       -9.0027641400       -0.7245250921    7.9266793752E-06    2.1352281009E-05   -1.3425601634E-05
      9662.1592522118       -8.5027641400       -0.6274570930    9.0503823121E-06    2.7908491442E-05   -1.8858109130E-05
      9662.6592522118       -8.0027641400       -0.5123165798    1.0695913302E-05    3.9688703321E-05   -2.8992790019E-05
      9663.1592522118       -7.5027641400       -0.3622625460    1.3616301653E-05    6.5892027834E-05   -5.2275726181E-05
      9663.6592522118       -7.0027641400        0.0000000000    2.0205361982E-05    1.3540802473E-04   -1.1520266275E-04
      9664.1592522118       -6.5027641400        0.3622625460    2.6589445433E-05    2.2233990930E-04   -1.9575046386E-04
      9664.6592522118       -6.0027641400        0.5123165798    3.1350718326E-05    2.8366554967E-04   -2.5231483135E-04
      9665.1592522118       -5.5027641400        0.6274570930    3.7380609532E-05    3.2624881233E-04   -2.8886820280E-04
      9665.6592522118       -5.0027641400        0.7245250921    4.5668301245E-05    3.5279768615E-04   -3.0712938490E-04
      9666.1592522118       -4.5027641400        0.8100436294    5.7930694079E-05    3.6598176725E-04   -3.0805107318E-04
      9666.6592522118       -4.0027641400        0.8873583607    7.6885837907E-05    3.6925189645E-04   -2.9236605854E-04
      9667.1592522118       -3.5027641400        0.9584566200    1.0689871249E-04    3.6594227615E-04   -2.5904356366E-04
      9667.6592522118       -3.0027641400        1.0246331595    1.5354404941E-04    3.5867841439E-04   -2.0513436498E-04
      9668.1592522118       -2.5027641400        1.0867876258    2.1790473761E-04    3.4932128174E-04   -1.3141654413E-04
      9668.6592522118       -2.0027641400        1.1455747332    2.8248245861E-04    3.3908347656E-04   -5.6601017957E-05
      9669.1592522118       -1.5027641400        1.2014889076    3.2203595648E-04    3.2870259131E-04   -6.6666348307E-06
      9669.6592522118       -1.0027641400        1.2549141860    3.4261332206E-04    3.1861681215E-04    2.3996509908E-05
      9670.1592522118       -0.5027641400        1.3061560932    3.5964409198E-04    3.0905276572E-04    5.0591326262E-05
      9670.6592522122       -0.0027641396        1.3554622724    3.6949829389E-04    3.0011992711E-04    6.9378366780E-05
      9671.1592522118        0.4972358600        1.4030367413    3.6566493182E-04    2.9186556678E-04    7.3799365036E-05
      9671.6592522118        0.9972358600        1.4490501841    3.5142465529E-04    2.8428555742E-04    6.7139097864E-05
      9672.1592522118        1.4972358600        1.4936466613    3.3418648818E-04    2.7734824779E-04    5.6838240394E-05
      9672.6592522118        1.9972358600        1.5369497306    3.1963747164E-04    2.7102324666E-04    4.8614224978E-05
      9673.1592522118        2.4972358600        1.5790658039    3.1008380948E-04    2.6523630949E-04    4.4847499984E-05
      9673.6592522118        2.9972358600        1.6200872587    3.0506971881E-04    2.5986402550E-04    4.5205693304E-05
      9674.2860278518        3.6240115000        1.6700872977    3.0182510981E-04    2.5391986810E-04    4.7905241715E-05
      9674.9318534118        4.2698370600        1.7200873036    2.9708678998E-04    2.4929515802E-04    4.7791631959E-05
      9675.5967288918        4.9347125400        1.7700872793    2.9195885985E-04    2.4919999606E-04    4.2758863792E-05
      9676.2806543018        5.6186379500        1.8200872856    2.8425387330E-04    2.4844364415E-04    3.5810229150E-05
      9676.9836296218        6.3216132700        1.8700873770    2.7526546884E-04    2.4616410798E-04    2.9101360862E-05
      9677.7056548618        7.0436385100        1.9200873252    2.6641882541E-04    2.4289947355E-04    2.3519351854E-05
      9678.4467300218        7.7847136700        1.9700873572    2.5833752214E-04    2.3917166195E-04    1.9165860191E-05
      9679.2068551018        8.5448387500        2.0200873613    2.5111949013E-04    2.3513562932E-04    1.5983860819E-05
      9679.9860301018        9.3240137500        2.0700873396    2.4491591981E-04    2.3081823810E-04    1.4097681714E-05
      9680.7842550518       10.1222387000        2.1200873943    2.3995704967E-04    2.2630842322E-04    1.3648626451E-05
      9681.6015298518       10.9395135000        2.1700873240    2.3629230055E-04    2.2167604004E-04    1.4616260507E-05
      9682.4378546518       11.7758383000        2.2200873288    2.3400863742E-04    2.1736305774E-04    1.6645579686E-05
      9683.2932293518       12.6312130000        2.2700873101    2.3293026957E-04    2.1386772017E-04    1.9062549405E-05
      9684.1676539518       13.5056376000        2.3200873610    2.3236131052E-04    2.1114371566E-04    2.1217594867E-05
      9685.0611284518       14.3991121000        2.3700872976    2.3168290324E-04    2.0901870742E-04    2.2664195814E-05
      9685.9736528518       15.3116365000        2.4200873029    2.3059126690E-04    2.0739072976E-04    2.3200537133E-05
      9686.9052272518       16.2432109000        2.4700872865    2.2904237356E-04    2.0620076675E-04    2.2841606805E-05
      9687.8558515518       17.1938352000        2.5200873342    2.2712212332E-04    2.0539599419E-04    2.1726129132E-05
      9688.8255257518       18.1635094000        2.5700872766    2.2491783238E-04    2.0494555564E-04    1.9972276747E-05
      9689.8142498518       19.1522335000        2.6200872821    2.2238402934E-04    2.0479493430E-04    1.7589095042E-05
      9690.8220239518       20.1600076000        2.6700872676    2.1938022320E-04    2.0489077141E-04    1.4489451792E-05
      9691.8488478518       21.1868315000        2.7200873124    2.1578053544E-04    2.0520997968E-04    1.0570555759E-05
      9692.8947217518       22.2327054000        2.7700872596    2.1151090024E-04    2.0572597028E-04    5.7849299590E-06
      9693.9596455518       23.2976292000        2.8200872653    2.0664985532E-04    2.0642304973E-04    2.2680558813E-07
      9695.0436192518       24.3816029000        2.8700873265    2.0144620484E-04    2.0726968370E-04   -5.8234788535E-06
      9696.1466429518       25.4846266000        2.9200872946    1.9634401118E-04    2.0825636183E-04   -1.1912350647E-05
      9697.2687164518       26.6067001000        2.9700873176    1.9186142122E-04    2.0936329173E-04   -1.7501870509E-05
      9698.4098399518       27.7478236000        3.0200872517    1.8847876858E-04    2.1057426729E-04   -2.2095498709E-05
      9699.5700133518       28.9079970000        3.0700872401    1.8654366876E-04    2.1189194033E-04   -2.5348271579E-05
      9700.7492367518       30.0872204000        3.1200872801    1.8618054399E-04    2.1327335494E-04   -2.7092810949E-05
      9701.9475099518       31.2854936000        3.1700872349    1.8738798246E-04    2.1472550410E-04   -2.7337521645E-05
      9703.1648331518       32.5028168000        3.2200872408    1.9001811991E-04    2.1623093415E-04   -2.6212814240E-05
      9704.4012062518       33.7391899000        3.2700871651    1.9385103314E-04    2.1777850796E-04   -2.3927474818E-05
      9705.6566292518       34.9946129000        3.3200872682    1.9861855504E-04    2.1934659105E-04   -2.0728036016E-05
      9706.9311021518       36.2690858000        3.3700874155    2.0406379320E-04    2.2093296646E-04   -1.6869173263E-05
      9708.2246249518       37.5626086000        3.4200874809    2.0993124493E-04    2.2251481447E-04   -1.2583569536E-05
      9709.5371977518       38.8751814000        3.4700874677    2.1601195255E-04    2.2408483832E-04   -8.0728857742E-06
      9710.8688204518       40.2068041000        3.5200873794    2.2213827013E-04    2.2564128687E-04   -3.5030167421E-06
      9712.2194930518       41.5574767000        3.5700874575    2.2813972636E-04    2.2715424318E-04    9.8548318414E-07
      9713.5892155518       42.9271992000        3.6200873425    2.3389107440E-04    2.2863048422E-04    5.2605901810E-06
      9714.9779880518       44.3159717000        3.6700873901    2.3923307771E-04    2.3004267127E-04    9.1904064341E-06
      9716.3858103518       45.7237940000        3.7200873650    2.4404272788E-04    2.3139090285E-04    1.2651825034E-05
      9717.8126826518       47.1506663000        3.7700873829    2.4818793582E-04    2.3265548713E-04    1.5532448690E-05
      9719.2586048518       48.5965885000        3.8200872194    2.5159654228E-04    2.3384412275E-04    1.7752419525E-05
      9720.7235770518       50.0615607000        3.8700873213    2.5419980761E-04    2.3494239146E-04    1.9257416150E-05
      9722.2075990518       51.5455827000        3.9200871357    2.5595867716E-04    2.3593545512E-04    2.0023222046E-05
      9723.7106710518       53.0486547000        3.9700873166    2.5688099549E-04    2.3683296579E-04    2.0048029700E-05
      9725.2327929518       54.5707766000        4.0200872151    2.5697070014E-04    2.3761573658E-04    1.9354963557E-05
      9726.7739647518       56.1119484000        4.0700872600    2.5628581420E-04    2.3829476255E-04    1.7991051658E-05
      9728.3341864518       57.6721701000        4.1200870326    2.5489509896E-04    2.3886298349E-04    1.6032115469E-05
      9729.9134580518       59.2514417000        4.1700873594    2.5289153170E-04    2.3931419944E-04    1.3577332257E-05
      9731.5117796518       60.8497633000        4.2200870102    2.5039856119E-04    2.3965488688E-04    1.0743674317E-05
      9733.1291511518       62.4671348000        4.2700874045    2.4754400100E-04    2.3989108398E-04    7.6529170211E-06
      9734.7655725518       64.1035562000        4.3200871369    2.4442340563E-04    2.4001216341E-04    4.4112422113E-06
      9736.4210438518       65.7590275000        4.3700873990    2.4113601241E-04    2.4003175769E-04    1.1042547230E-06
      9738.0955651518       67.4335488000        4.4200875951    2.3775243826E-04    2.3995843880E-04   -2.2060005367E-06
      9739.7891363518       69.1271200000        4.4700873463    2.3432628204E-04    2.3978806902E-04   -5.4617869771E-06
      9741.5017573518       70.8397410000        4.5200876093    2.3094607109E-04    2.3953528039E-04   -8.5892092915E-06
      9743.2334284518       72.5714121000        4.5700872495    2.2772469975E-04    2.3920345553E-04   -1.1478755788E-05
      9744.9841493518       74.3221330000        4.6200875770    2.2482370165E-04    2.3880745477E-04   -1.3983753118E-05
      9746.7539201518       76.0919038000        4.6700872937    2.2239510198E-04    2.3833742830E-04   -1.5942326315E-05
      9748.5427409518       77.8807246000        4.7200875012    2.2060553985E-04    2.3781391207E-04   -1.7208372225E-05
      9750.3506116518       79.6885953000        4.7700872916    2.1955126195E-04    2.3724183382E-04   -1.7690571869E-05
      9752.1775322518       81.5155159000        4.8200875611    2.1926355863E-04    2.3663694351E-04   -1.7373384888E-05
      9754.0235027518       83.3614864000        4.8700872460    2.1967974722E-04    2.3600253338E-04   -1.6322786165E-05
      9755.8885232518       85.2265069000        4.9200874025    2.2068215355E-04    2.3534768063E-04   -1.4665527077E-05
      9757.7725936518       87.1105773000        4.9700873309    2.2210992012E-04    2.3467471402E-04   -1.2564793904E-05
      9759.6757139518       89.0136976000        5.0200875471    2.2381230697E-04    2.3399824996E-04   -1.0185942986E-05
      9761.5978841518       90.9358678000        5.0700872027    2.2563772493E-04    2.3331589636E-04   -7.6781714254E-06
      9763.5391042518       92.8770879000        5.1200874783    2.2749327251E-04    2.3264861379E-04   -5.1553412800E-06
      9765.4993742518       94.8373579000        5.1700872031    2.2930003690E-04    2.3199386139E-04   -2.6938244933E-06
      9767.4786942518       96.8166779000        5.2200873716    2.3102150484E-04    2.3135889323E-04   -3.3738838661E-07
      9769.4770641518       98.8150478000        5.2700871633    2.3264745480E-04    2.3075135461E-04    1.8961001897E-06
      9771.4944843518      100.8324680000        5.3200873890    2.3416437525E-04    2.3016729013E-04    3.9970851277E-06
      9773.5309533518      102.8689370000        5.3700870854    2.3557649332E-04    2.2962057139E-04    5.9559219321E-06
      9775.5864733518      104.9244570000        5.4200875237    2.3686472087E-04    2.2911415957E-04    7.7505612980E-06
      9777.6610433518      106.9990270000        5.4700872829    2.3798921105E-04    2.2864784801E-04    9.3413630376E-06
      9779.7546623518      109.0926460000        5.5200873067    2.3889287890E-04    2.2822182836E-04    1.0671050543E-05
      9781.8673313518      111.2053150000        5.5700872823    2.3951353908E-04    2.2784397416E-04    1.1669564925E-05
      9783.9990513518      113.3370350000        5.6200875141    2.3977138306E-04    2.2750813073E-04    1.2263252330E-05
      9786.1498203518      115.4878040000        5.6700870942    2.3961108604E-04    2.2722243458E-04    1.2388651457E-05
      9788.3196393518      117.6576230000        5.7200875283    2.3900012738E-04    2.2699243998E-04    1.2007687399E-05
      9790.5085083518      119.8464920000        5.7700870235    2.3791618205E-04    2.2679771564E-04    1.1118466409E-05
      9792.7164273518      122.0544110000        5.8200873593    2.3642103888E-04    2.2665862877E-04    9.7624101141E-06
      9794.9433963518      124.2813800000        5.8700870640    2.3458213377E-04    2.2656212891E-04    8.0200048614E-06
      9797.1894153518      126.5273990000        5.9200873040    2.3251546023E-04    2.2651379053E-04    6.0016696998E-06
      9799.4544843518      128.7924680000        5.9700872103    2.3035088735E-04    2.2650816710E-04    3.8427202566E-06
      9801.7386033518      131.0765870000        6.0200873568    2.2825913433E-04    2.2656683879E-04    1.6922955408E-06
