9.654079693099998622e+03 -1.691130690000062131e+01 -1.585477650885291911e+00 2.741659689199999869e-06 4.017305979199999981e-06 -1.275646289999999900e-06
9.654579693099998622e+03 -1.641130690000062131e+01 -1.543536600016233606e+00 2.865560879700000102e-06 4.252433298399999896e-06 -1.386872418700000005e-06
9.655079693099998622e+03 -1.591130690000062131e+01 -1.500423636751502698e+00 3.000179480899999805e-06 4.514729611099999969e-06 -1.514550130300000026e-06
9.655579693099998622e+03 -1.541130690000062131e+01 -1.456034664372910958e+00 3.146946803099999805e-06 4.809021460800000127e-06 -1.662074657699999898e-06
9.656079693099998622e+03 -1.491130690000062131e+01 -1.410249197123850884e+00 3.307562916399999923e-06 5.141328110099999777e-06 -1.833765193700000066e-06
9.656579693099998622e+03 -1.441130690000062131e+01 -1.362926502831828035e+00 3.484064382500000153e-06 5.519250213200000107e-06 -2.035185830699999955e-06
9.657079693099998622e+03 -1.391130690000062131e+01 -1.313900493284908988e+00 3.678914345599999909e-06 5.952520159899999759e-06 -2.273605814299999850e-06
9.657579693099998622e+03 -1.341130690000062131e+01 -1.262972826464313858e+00 3.895124518499999722e-06 6.453798145600000329e-06 -2.558673626999999897e-06
9.658079693099998622e+03 -1.291130690000062131e+01 -1.209903390573060955e+00 4.136423818300000128e-06 7.039851892800000289e-06 -2.903428074500000162e-06
9.658579693099998622e+03 -1.241130690000062131e+01 -1.154396841927904260e+00 4.407497245599999817e-06 7.733354026599999421e-06 -3.325856781000000027e-06
9.659079693099998622e+03 -1.191130690000062131e+01 -1.096082990829640336e+00 4.714334258600000324e-06 8.565709613000000035e-06 -3.851375354399999711e-06
9.659579693099998622e+03 -1.141130690000062131e+01 -1.034487204811630479e+00 5.064755048699999648e-06 9.581674141000000208e-06 -4.516919092299999712e-06
9.660079693099998622e+03 -1.091130690000062131e+01 -9.689838136170856320e-01 5.469240801600000200e-06 1.084723848500000068e-05 -5.377997682900000317e-06
9.660579693099998622e+03 -1.041130690000062131e+01 -8.987188020648291253e-01 5.942316584400000157e-06 1.246383324600000053e-05 -6.521516661899999960e-06
9.661079693109999425e+03 -9.911306889999817571e+00 -8.224726966245616833e-01 6.505019528799999835e-06 1.459566006699999996e-05 -8.090640537700000807e-06
9.661579693109999425e+03 -9.411306889999817571e+00 -7.383950100222839152e-01 7.189716672999999772e-06 1.752682963599999999e-05 -1.033711296300000022e-05
9.662079693109999425e+03 -8.911306889999817571e+00 -6.434229129886031018e-01 8.050688578500000714e-06 2.179436540799999911e-05 -1.374367682899999993e-05
9.662579693109999425e+03 -8.411306889999817571e+00 -5.317507866394464155e-01 9.191370379600000037e-06 2.854566876300000043e-05 -1.935429838400000126e-05
9.663079693109999425e+03 -7.911306889999817571e+00 -3.892618055044709813e-01 1.085119380699999963e-05 4.070809079600000170e-05 -2.985689698900000037e-05
9.663579693109999425e+03 -7.411306889999817571e+00 -1.424451029608641839e-01 1.376211091899999940e-05 6.784502127300000220e-05 -5.408291035300000248e-05
9.663656999999999243e+03 -7.333999999999999631e+00 0.000000000000000000e+00 1.476268076334041059e-05 7.900029209805922346e-05 -6.423761133418265964e-05
9.663666999999999462e+03 -7.323999999999781352e+00 5.123165932700871755e-02 1.489210905160040746e-05 8.044327742899919575e-05 -6.555116837692263041e-05
9.663694999999999709e+03 -7.295999999999533969e+00 9.986888948025554602e-02 1.525450825872840208e-05 8.448363635563113714e-05 -6.922912809659456754e-05
9.663742999999998574e+03 -7.248000000000669019e+00 1.502407171473840175e-01 1.587576404237640398e-05 9.140996594414314510e-05 -7.553420190174658174e-05
9.663808999999999287e+03 -7.181999999999955975e+00 1.997377789593159370e-01 1.672999074489240194e-05 1.009336691283471222e-04 -8.420367838383056229e-05
9.663894999999998618e+03 -7.096000000000625363e+00 2.499348983886820197e-01 1.784307402392840380e-05 1.133433429744311658e-04 -9.550026895139459280e-05
9.664000000000000000e+03 -6.990999999999242931e+00 3.000443701604951774e-01 1.920207105065840903e-05 1.284946889493012204e-04 -1.092926179001646518e-04
9.664079693109999425e+03 -6.911306889999817571e+00 3.330818795874945781e-01 2.023352533199999863e-05 1.399942878200000128e-04 -1.197607624900000046e-04
9.664123999999999796e+03 -6.866999999999446658e+00 3.501038306559755009e-01 2.080348340151974470e-05 1.479521019500244815e-04 -1.271486185505047307e-04
9.664266999999999825e+03 -6.723999999999417554e+00 4.001320506507538566e-01 2.264301680007973952e-05 1.736358595009044497e-04 -1.509928427028246973e-04
9.664429000000000087e+03 -6.561999999999155619e+00 4.501394464151933228e-01 2.472696372711974080e-05 2.027321442788244390e-04 -1.780051805537047056e-04
9.664579693109999425e+03 -6.411306889999817571e+00 4.921155193413509488e-01 2.666546029200000028e-05 2.297976359000000106e-04 -2.031321756100000042e-04
9.664608999999998559e+03 -6.382000000000683571e+00 4.998697967778416573e-01 2.696196941000340353e-05 2.334572688716441172e-04 -2.064952994630545676e-04
9.664809999999999491e+03 -6.180999999999752248e+00 5.501144793309180603e-01 2.899556399198339782e-05 2.585566986405640299e-04 -2.295611346459745252e-04
9.665028999999998632e+03 -5.962000000000610811e+00 6.000887403201946579e-01 3.121127152160340170e-05 2.859038385380440720e-04 -2.546925670094545187e-04
9.665079693109999425e+03 -5.911306889999817571e+00 6.110743246477281509e-01 3.172415328199999746e-05 2.922340283599999980e-04 -2.605098750699999912e-04
9.665266999999999825e+03 -5.723999999999417554e+00 6.500568818896668155e-01 3.417723682756497287e-05 3.081283063856735203e-04 -2.739510695527307962e-04
9.665523999999999432e+03 -5.466999999999810456e+00 7.000202144707585727e-01 3.754306320592298130e-05 3.299365241858735471e-04 -2.923934609781708412e-04
9.665579693109999425e+03 -5.411306889999817571e+00 7.103843861676201188e-01 3.827245362900000015e-05 3.346624676599999743e-04 -2.963900140299999806e-04
9.665799999999999272e+03 -5.190999999999970527e+00 7.499796991827626380e-01 4.231477323195929798e-05 3.459510676299732855e-04 -3.036362943952515352e-04
9.666079693109999425e+03 -4.911306889999817571e+00 7.974209189492184047e-01 4.744674591499999989e-05 3.602826377100000043e-04 -3.128358917899999960e-04
9.666094999999999345e+03 -4.895999999999897767e+00 7.999360569744666805e-01 4.786928771601054047e-05 3.606475313189132551e-04 -3.127782435980557820e-04
9.666409999999999854e+03 -4.580999999999388450e+00 8.500442383454196449e-01 5.656476193176051886e-05 3.681566652323132625e-04 -3.115919032988558046e-04
9.666579693109999425e+03 -4.411306889999817571e+00 8.758505967600211939e-01 6.124908593999999883e-05 3.722018978899999911e-04 -3.109528119499999923e-04
9.666742999999998574e+03 -4.248000000000669019e+00 8.999873045167785524e-01 6.832201192534604673e-05 3.728515013892230528e-04 -3.045294894615907218e-04
9.667079693109999425e+03 -3.911306889999817571e+00 9.478124359344282102e-01 8.290440613299999702e-05 3.741908020300000240e-04 -2.912863958900000112e-04
9.667095999999999549e+03 -3.894999999999694040e+00 9.500676056332958419e-01 8.402205888134728351e-05 3.740457143406933013e-04 -2.900236554525743079e-04
9.667466999999998734e+03 -3.524000000000508948e+00 1.000002095751271414e+00 1.094499099085412833e-04 3.707448070105532722e-04 -2.612948971004343257e-04
9.667579693109999425e+03 -3.411306889999817571e+00 1.014683477533276923e+00 1.171737471399999988e-04 3.697421398599999901e-04 -2.525683927200000184e-04
9.667857999999998356e+03 -3.133000000000887297e+00 1.050061566564020055e+00 1.453576970201121850e-04 3.651807947321425050e-04 -2.198230977120303200e-04
9.668079693109999425e+03 -2.911306889999817571e+00 1.077412040700350460e+00 1.678084078199999958e-04 3.615473281400000214e-04 -1.937389203199999985e-04
9.668266999999999825e+03 -2.723999999999417554e+00 1.099990374909949997e+00 1.908301686753909705e-04 3.577671133502572320e-04 -1.669369446748662344e-04
9.668579693109999425e+03 -2.411306889999817571e+00 1.136684147559542168e+00 2.292630634799999875e-04 3.514563624799999994e-04 -1.221932990000000119e-04
9.668695999999999913e+03 -2.294999999999330242e+00 1.150033791698531482e+00 2.416990369968051737e-04 3.489434794157869049e-04 -1.072444424201448091e-04
9.669079693109999425e+03 -1.911306889999817571e+00 1.193015086736220809e+00 2.827249586300000189e-04 3.406535499200000054e-04 -5.792859129500000162e-05
9.669143000000000029e+03 -1.847999999999213827e+00 1.199958769480723442e+00 2.870885807324531874e-04 3.392857027526756473e-04 -5.219712202547571077e-05
9.669579693109999425e+03 -1.411306889999817571e+00 1.246803570353927748e+00 3.171889964500000268e-04 3.298502458299999870e-04 -1.266124938699999969e-05
9.669609999999998763e+03 -1.381000000000479844e+00 1.249989496233149255e+00 3.185844317324281936e-04 3.292191760702215062e-04 -1.063474434412658816e-05
9.670079693114999827e+03 -9.113068849994157006e-01 1.298365622706800560e+00 3.402107465599999879e-04 3.194389207800000033e-04 2.077182578399999942e-05
9.670095999999999549e+03 -8.949999999996940403e-01 1.300012819350716997e+00 3.408039690604894962e-04 3.191189748270641395e-04 2.168499423713183397e-05
9.670579693114999827e+03 -4.113068849994157006e-01 1.347956763436382488e+00 3.584000727399999880e-04 3.096287714799999982e-04 4.877130125500000178e-05
9.670600999999998749e+03 -3.900000000004943956e-01 1.350029561825121682e+00 3.588773782703015970e-04 3.092403785159030969e-04 4.963699974965419398e-05
9.671079693114899783e+03 8.869311490053988223e-02 1.395787083309878662e+00 3.696008073900000027e-04 3.005145118400000064e-04 6.908629555099999665e-05
9.671125000000000000e+03 1.340000000007570691e-01 1.400040428941517145e+00 3.697001969180657710e-04 2.997539841683003370e-04 6.994621275103725735e-05
9.671579693114999827e+03 5.886931150005842994e-01 1.442031805414855095e+00 3.706976553400000043e-04 2.921214423299999972e-04 7.857621301399999485e-05
9.671666999999999462e+03 6.760000000002186482e-01 1.449955522349051007e+00 3.692966995989220027e-04 2.907792696481557079e-04 7.851742995459165824e-05
9.672079693109999425e+03 1.088693110000182429e+00 1.486838885818718703e+00 3.626744866800000154e-04 2.844349198500000105e-04 7.823956683300000586e-05
9.672228999999999360e+03 1.238000000000116785e+00 1.499959398365525276e+00 3.586701175886282400e-04 2.823399548561912348e-04 7.633016273424258124e-05
9.672579693109999425e+03 1.588693110000182429e+00 1.530334609897364473e+00 3.492646263199999956e-04 2.774192858300000169e-04 7.184534048900000547e-05
9.672809999999999491e+03 1.819000000000247752e+00 1.549958797595160975e+00 3.424573270747689659e-04 2.744790986210639511e-04 6.797822845592933695e-05
9.673079693109999425e+03 2.088693110000182429e+00 1.572627789439315471e+00 3.344858690599999962e-04 2.710360916300000268e-04 6.344977743599999843e-05
9.673411000000000058e+03 2.420000000000815277e+00 1.600036161333550533e+00 3.254963616109424586e-04 2.671767347018741997e-04 5.831962691639349468e-05
9.673579693109999425e+03 2.588693110000182429e+00 1.613812972430156423e+00 3.209191312100000268e-04 2.652116475200000270e-04 5.570748369800000233e-05
9.674029999999998836e+03 3.038999999999592916e+00 1.650025330156514647e+00 3.107461204609146088e-04 2.603410251315189700e-04 5.040509532748884569e-05
9.674079693109999425e+03 3.088693110000182429e+00 1.653972930809608721e+00 3.096234893099999888e-04 2.598035330799999755e-04 4.981995622699999875e-05
9.674667999999999665e+03 3.677000000000422375e+00 1.700011282399241486e+00 2.999975629095134161e-04 2.542206784116273735e-04 4.577688449207019920e-05
9.674706468759999552e+03 3.715468760000309345e+00 1.702978329282852199e+00 2.993681338499999830e-04 2.538556214999999981e-04 4.551251234400000332e-05
9.675324999999998909e+03 4.333999999999665675e+00 1.749994293691794933e+00 2.933928198572060631e-04 2.494624469379214506e-04 4.393037291711560506e-05
9.675352294319998691e+03 4.361294319999448277e+00 1.752039931479368873e+00 2.931291433900000062e-04 2.492685865400000268e-04 4.386055684799999914e-05
9.676000999999998385e+03 5.009999999999141806e+00 1.799974609033689665e+00 2.920843291412388585e-04 2.492641134474241613e-04 4.282021569474180517e-05
9.676017169799999465e+03 5.026169800000221954e+00 1.801153145334940975e+00 2.920582858399999862e-04 2.492640019500000207e-04 4.279428389099999966e-05
9.676697000000000116e+03 5.706000000000873484e+00 1.850023384774743596e+00 2.878979750975445501e-04 2.484251947745874439e-04 3.947278031699898160e-05
9.676701095200000054e+03 5.710095200000811388e+00 1.850313861041334995e+00 2.878729139800000254e-04 2.484201419200000134e-04 3.945277205400000330e-05
9.677404070519998641e+03 6.413070519999397590e+00 1.899518390469800533e+00 2.803277283699999759e-04 2.460413958299999737e-04 3.428633254399999678e-05
9.677411000000000058e+03 6.420000000000815277e+00 1.899997074869211211e+00 2.802354812203162429e-04 2.460093121007505667e-04 3.422616912352728321e-05
9.678126095759998861e+03 7.135095759999618537e+00 1.948763414851780063e+00 2.707159291600000112e-04 2.426983942899999956e-04 2.801753486999999864e-05
9.678143999999998414e+03 7.152999999999170910e+00 1.949968754198961873e+00 2.704657909335270128e-04 2.426070005285666550e-04 2.785879040498450164e-05
9.678867170919998898e+03 7.876170919999655240e+00 1.998045940001526688e+00 2.603624471799999914e-04 2.389155112200000062e-04 2.144693596099999907e-05
9.678896999999999025e+03 7.905999999999782091e+00 2.000004191502662287e+00 2.599754968948590978e-04 2.387548784930833029e-04 2.122061840289202162e-05
9.679627296009999554e+03 8.636296010000311441e+00 2.047363258494524274e+00 2.504122787430439331e-04 2.347876724668325173e-04 1.562453179157343526e-05
9.679667999999999665e+03 8.677000000000422375e+00 2.049970687340530340e+00 2.499712198732395520e-04 2.345567348468919093e-04 1.541441976356263907e-05
9.680406471009999223e+03 9.415471009999979657e+00 2.096712913931035871e+00 2.419921462599788019e-04 2.303696648478744432e-04 1.162245202517321912e-05
9.680458999999998923e+03 9.467999999999680227e+00 2.099998151836547589e+00 2.415831437518222889e-04 2.300676956387890900e-04 1.151543782819937409e-05
9.681204695899999933e+03 1.021369590000069039e+01 2.146092674313794024e+00 2.358995417738013033e-04 2.258260432104547345e-04 1.007416070853443906e-05
9.681268999999998414e+03 1.027799999999917091e+01 2.150021291527466349e+00 2.355918818376198003e-04 2.254656648822964604e-04 1.012691823514029889e-05
9.682021970799998599e+03 1.103097079999935559e+01 2.195500515514212214e+00 2.321094181469249187e-04 2.213310614648077298e-04 1.078135892492472481e-05
9.682096999999999753e+03 1.110600000000050969e+01 2.199980749819791637e+00 2.319310703134130501e-04 2.209682984656300754e-04 1.096594236696636301e-05
9.682858295499998349e+03 1.186729549999910560e+01 2.244934571199608708e+00 2.302885420534002544e-04 2.176818024472758145e-04 1.261712323911016510e-05
9.682944999999999709e+03 1.195400000000046603e+01 2.249997424658124245e+00 2.302202658921631063e-04 2.174135983195134411e-04 1.281813973512802815e-05
9.683713670199998887e+03 1.272267019999964432e+01 2.294393158390452214e+00 2.297322415148294727e-04 2.152359663069380934e-04 1.452079320463434326e-05
9.683811999999999898e+03 1.282100000000065521e+01 2.300010526041509351e+00 2.297028296284265626e-04 2.150584536596338524e-04 1.467095616496685468e-05
9.684588094799999453e+03 1.359709480000021031e+01 2.343874718555019498e+00 2.296393140656731143e-04 2.138387178855585293e-04 1.584974625443525754e-05
9.684697999999998501e+03 1.370699999999925822e+01 2.350020282120522275e+00 2.296171363803642981e-04 2.137515621971814209e-04 1.591852875886981100e-05
9.685481569300000046e+03 1.449056930000080357e+01 2.393377826838992917e+00 2.297080054261408906e-04 2.132835615843662604e-04 1.651456741254570202e-05
9.685602999999999156e+03 1.461199999999991306e+01 2.400026902015347741e+00 2.297136737941266548e-04 2.132816341060552140e-04 1.652884302112139775e-05
9.686394093799999609e+03 1.540309380000036654e+01 2.442901178657248984e+00 2.297543051963641487e-04 2.133980232467296879e-04 1.649067887233195216e-05
9.686525999999999840e+03 1.553500000000059700e+01 2.449977012885667271e+00 2.297765058570550869e-04 2.134747709539434359e-04 1.644305248266255548e-05
9.687325668199999200e+03 1.633466819999995678e+01 2.492443562064369456e+00 2.300969611736355567e-04 2.140237504059732884e-04 1.626212525669479470e-05
9.687468999999999141e+03 1.647799999999989851e+01 2.499978992466393990e+00 2.301969738079222695e-04 2.141680793375178786e-04 1.622708474725523630e-05
9.688276292399999875e+03 1.728529240000063183e+01 2.542003859149594369e+00 2.306909857130058769e-04 2.150253613003201016e-04 1.591530246487606113e-05
9.688430999999998676e+03 1.743999999999943284e+01 2.549978325284629754e+00 2.308242043891466642e-04 2.152213510465061323e-04 1.586300222599486086e-05
9.689245966599999520e+03 1.825496660000027660e+01 2.591581052319993805e+00 2.311062340492635509e-04 2.162594839555021691e-04 1.514677910030469424e-05
9.689411999999998443e+03 1.842099999999920001e+01 2.599975164037636954e+00 2.311726141542018616e-04 2.164886941108169240e-04 1.499213982802076930e-05
9.690234690799999953e+03 1.924369080000071008e+01 2.641174190112103304e+00 2.302310115753479513e-04 2.173196786682703152e-04 1.320252667401721700e-05
9.690412999999998647e+03 1.942199999999940374e+01 2.650019172315261073e+00 2.299872649635337988e-04 2.174995076694763484e-04 1.277449532262252434e-05
9.691242464799999652e+03 2.025146480000040938e+01 2.690782381157629910e+00 2.280545774068473740e-04 2.182621535549094478e-04 1.002471771157782418e-05
9.691431999999998880e+03 2.044099999999963657e+01 2.700010519037955525e+00 2.275498243825078547e-04 2.184265217555288630e-04 9.342256509629663118e-06
9.692269288800000140e+03 2.127828880000089740e+01 2.740404817529714432e+00 2.244823662570190944e-04 2.190628680518739361e-04 5.542345879519676261e-06
9.692469999999999345e+03 2.147900000000010223e+01 2.749999798133768714e+00 2.236796941687820104e-04 2.191980608908658469e-04 4.580666992546695971e-06
9.693315162699998837e+03 2.232416269999959368e+01 2.790040734441353365e+00 2.195894656262519255e-04 2.196692737366279019e-04 -1.166733968965284001e-07
9.693527000000000044e+03 2.253600000000080072e+01 2.799987120345187375e+00 2.185121173455422978e-04 2.197651915137709545e-04 -1.324346001283033170e-06
9.694380086499999379e+03 2.338908650000013623e+01 2.839689424999716216e+00 2.142672087027675519e-04 2.202631478498756818e-04 -6.211191983873499511e-06
9.694603999999999360e+03 2.361300000000011678e+01 2.850018635780549481e+00 2.131292397162408338e-04 2.203713196078261477e-04 -7.496117663320260952e-06
9.695464060199999949e+03 2.447306020000070603e+01 2.889350230723008117e+00 2.087657715549534154e-04 2.206967981145663683e-04 -1.232530178190051966e-05
9.695698999999998705e+03 2.470799999999946195e+01 2.900001552369435576e+00 2.075659458352419919e-04 2.207626260946805473e-04 -1.362948818701243967e-05
9.696567083799998727e+03 2.557608379999948411e+01 2.939022537479632824e+00 2.034509069000068726e-04 2.209237526289497893e-04 -1.802617273306224546e-05
9.696813000000000102e+03 2.582200000000085893e+01 2.949982827193631252e+00 2.022810537730991294e-04 2.209478592193173964e-04 -1.925372879930602025e-05
9.697689157400000113e+03 2.669815740000086990e+01 2.988705776219124477e+00 1.987357510096657385e-04 2.209672667400181488e-04 -2.290649139710270699e-05
9.697947000000000116e+03 2.695600000000087348e+01 3.000006287254053383e+00 1.976860000000000043e-04 2.209550000000000012e-04 -2.396875649000000116e-05
9.698830280899999707e+03 2.783928090000046396e+01 3.038399406350016818e+00 1.953045152123264005e-04 2.210899456930555732e-04 -2.651955120238815367e-05
9.699098999999998341e+03 2.810799999999909815e+01 3.049983802521107012e+00 1.945799999999999971e-04 2.211310000000000077e-04 -2.729618950899999875e-05
9.699990454299999328e+03 2.899945430000008528e+01 3.088102926218849298e+00 1.931218789308020644e-04 2.212641096437713447e-04 -2.888857557389970068e-05
9.700270999999998821e+03 2.927999999999957836e+01 3.100002263475568842e+00 1.926630000000000085e-04 2.213059999999999984e-04 -2.939010071800000201e-05
9.701169677599998977e+03 3.017867759999973387e+01 3.137815865860427600e+00 1.922163021501259548e-04 2.214380475062972255e-04 -2.994031250988415230e-05
9.701461999999999534e+03 3.047100000000029141e+01 3.150018058521124598e+00 1.920710000000000115e-04 2.214809999999999891e-04 -3.011942267099999721e-05
9.702367950899999414e+03 3.137695090000017117e+01 3.187537788658695526e+00 1.926464923831265521e-04 2.216121343320926417e-04 -2.962212949996615889e-05
9.702670999999998457e+03 3.167999999999921457e+01 3.199990302128349562e+00 1.928389999999999879e-04 2.216560000000000069e-04 -2.945564418400000155e-05
9.703585273999999117e+03 3.259427399999987074e+01 3.237268272583011974e+00 1.945016545077298605e-04 2.219267857900732307e-04 -2.799206975301207436e-05
9.703899999999999636e+03 3.290900000000038972e+01 3.250001763731375171e+00 1.950739999999999961e-04 2.220199999999999919e-04 -2.748740812000000027e-05
9.704821647099999609e+03 3.383064710000036257e+01 3.287006937044059551e+00 1.975265561050480842e-04 2.222880752382211541e-04 -2.522400487314243497e-05
9.705147999999999229e+03 3.415699999999998226e+01 3.300010892760984582e+00 1.983950000000000004e-04 2.223829999999999882e-04 -2.442121152799999953e-05
9.706077070100000128e+03 3.508607010000088167e+01 3.336753412284110265e+00 2.015136544082872776e-04 2.226491818834254238e-04 -2.148858770747826271e-05
9.706414999999999054e+03 3.542399999999980764e+01 3.350017793679349598e+00 2.026479999999999883e-04 2.227460000000000117e-04 -2.042015045160000140e-05
9.707351542999998856e+03 3.636054299999960904e+01 3.386507354091198962e+00 2.062447624163423930e-04 2.230112931143968865e-04 -1.701384137384159129e-05
9.707699999999998909e+03 3.670899999999966212e+01 3.399983966557281967e+00 2.075830000000000080e-04 2.231099999999999967e-04 -1.574438185800000045e-05
9.708645065899998372e+03 3.765406589999912512e+01 3.436268441957879727e+00 2.114733402412260349e-04 2.234684732724137948e-04 -1.215113487886798188e-05
9.709004999999999200e+03 3.801399999999995316e+01 3.449987259912667525e+00 2.129549999999999965e-04 2.236050000000000114e-04 -1.077957220049999936e-05
9.709957638699999734e+03 3.896663870000048746e+01 3.486036366102437611e+00 2.168598113481117612e-04 2.239611602390483274e-04 -7.182823814856717351e-06
9.710328999999999724e+03 3.933800000000047703e+01 3.499988587383657812e+00 2.183820000000000108e-04 2.240999999999999991e-04 -5.777611740000000196e-06
9.711289261299998543e+03 4.029826129999929663e+01 3.535810834143272796e+00 2.221215134765450660e-04 2.244539310078183113e-04 -2.357551800275311704e-06
9.711671999999998661e+03 4.068099999999941474e+01 3.549988032038209784e+00 2.236120000000000132e-04 2.245949999999999867e-04 -9.913780516500000057e-07
9.712639933899999960e+03 4.164893390000071349e+01 3.585591580877474538e+00 2.270424089099119249e-04 2.249467821442731330e-04 2.107050717723336032e-06
9.713033999999999651e+03 4.204300000000040427e+01 3.599985672326583064e+00 2.284390000000000129e-04 2.250900000000000015e-04 3.371262965999999933e-06
9.714009656499998528e+03 4.301865649999928110e+01 3.635378348374580515e+00 2.314492744688856883e-04 2.254740500260491972e-04 6.006411489601477524e-06
9.714415999999999258e+03 4.342500000000001137e+01 3.650017536962412823e+00 2.327030000000000114e-04 2.256340000000000017e-04 7.106545900599999721e-06
9.715398428899999999e+03 4.440742890000075249e+01 3.685170885490467896e+00 2.352811741275714105e-04 2.260157438011428665e-04 9.302486947274816938e-06
9.715815999999998894e+03 4.482499999999964757e+01 3.700011301139613185e+00 2.363769999999999901e-04 2.261780000000000019e-04 1.023808287680000102e-05
9.716806251299998621e+03 4.581525129999937462e+01 3.734968968500179454e+00 2.385424332515151565e-04 2.265576312242424239e-04 1.201733158035455180e-05
9.717234999999998763e+03 4.624399999999951660e+01 3.750003484602589143e+00 2.394800000000000043e-04 2.267220000000000021e-04 1.278952405319999889e-05
9.718233123599999089e+03 4.724212359999984301e+01 3.784772375026426161e+00 2.412832858920723183e-04 2.270995933507649535e-04 1.420295878644564055e-05
9.718672999999998865e+03 4.768199999999961847e+01 3.799994149738296745e+00 2.420780000000000089e-04 2.272660000000000023e-04 1.482733382520000025e-05
9.719679045799999585e+03 4.868804580000033866e+01 3.834580897644197073e+00 2.435432225035003614e-04 2.276222935022649151e-04 1.592476582903734061e-05
9.720129999999999200e+03 4.913899999999995316e+01 3.849983355691555253e+00 2.442000000000000269e-04 2.277819999999999953e-04 1.641777487939999669e-05
9.721144017900000108e+03 5.015301790000086157e+01 3.884394339546783037e+00 2.454247853308057030e-04 2.281362540530805603e-04 1.727476465552570039e-05
9.721606999999999971e+03 5.061600000000072441e+01 3.900004808457745220e+00 2.459839999999999813e-04 2.282979999999999884e-04 1.766690921939999848e-05
9.722628039999999601e+03 5.163704000000035421e+01 3.934212517211756133e+00 2.469906976321070225e-04 2.286510954381270905e-04 1.830715312628747730e-05
9.723101999999998952e+03 5.211099999999970578e+01 3.949990835702761771e+00 2.474579999999999879e-04 2.288149999999999971e-04 1.860499341300000031e-05
9.724131111899998359e+03 5.314011189999911267e+01 3.984035246396789187e+00 2.482350983588118968e-04 2.291655093996039657e-04 1.901705924507754065e-05
9.724616999999998370e+03 5.362599999999912370e+01 4.000008383005324575e+00 2.486020000000000027e-04 2.293309999999999902e-04 1.921202106019999611e-05
9.725653233799999725e+03 5.466223380000047882e+01 4.033862364959469815e+00 2.490596192319634371e-04 2.296108439616438351e-04 1.938038043548267437e-05
9.726149999999999636e+03 5.515900000000038972e+01 4.049991475959133780e+00 2.492789999999999828e-04 2.297450000000000035e-04 1.946121648549999983e-05
9.727194405599999300e+03 5.620340560000005325e+01 4.083693709015298268e+00 2.494188817545396120e-04 2.300240910006439289e-04 1.931447867200656454e-05
9.727702999999999520e+03 5.671200000000027330e+01 4.100005391753128947e+00 2.494870000000000052e-04 2.301600000000000054e-04 1.924287204000000109e-05
9.728754627299998901e+03 5.776362729999965495e+01 4.133529125744313859e+00 2.492419996232972585e-04 2.304378009735837129e-04 1.871512982199570951e-05
9.729273999999999432e+03 5.828300000000018599e+01 4.149985770905611382e+00 2.491209999999999887e-04 2.305750000000000074e-04 1.845400095250000091e-05
9.730333898999999292e+03 5.934289900000004536e+01 4.183368472733392629e+00 2.484388274192331951e-04 2.308508002426147142e-04 1.749371561009650965e-05
9.730864999999999782e+03 5.987400000000053524e+01 4.199996303673152909e+00 2.480970000000000202e-04 2.309889999999999936e-04 1.701164688299999981e-05
9.731932220599999710e+03 6.094122060000046304e+01 4.233211608064686438e+00 2.468872623633540744e-04 2.311646605335403648e-04 1.563220959335379675e-05
9.732474999999998545e+03 6.148399999999929832e+01 4.250005047121683255e+00 2.462720000000000165e-04 2.312539999999999919e-04 1.492982761619999887e-05
9.733549592100000154e+03 6.255859210000090798e+01 4.283058399480236034e+00 2.446281181625537329e-04 2.314281512058931779e-04 1.312089496340321105e-05
9.734103999999999360e+03 6.311300000000011323e+01 4.300012063680159535e+00 2.437800000000000004e-04 2.315180000000000016e-04 1.218655187679999959e-05
9.735186013499998808e+03 6.419501349999956119e+01 4.332908720798655189e+00 2.417637890519125767e-04 2.316920944611414678e-04 1.000941166495332987e-05
9.735750999999998385e+03 6.475999999999913825e+01 4.349987244151502175e+00 2.407110000000000066e-04 2.317829999999999999e-04 8.871285720299999545e-06
9.736841484799999307e+03 6.585048480000006066e+01 4.382762451570820339e+00 2.384279814325135046e-04 2.319556982526694677e-04 6.430710125608078488e-06
9.737417999999999665e+03 6.642700000000041882e+01 4.399991325741668291e+00 2.372209999999999976e-04 2.320470000000000095e-04 5.138959271400000731e-06
9.738516005999999834e+03 6.752500600000058739e+01 4.432619476758161703e+00 2.346993634448398403e-04 2.321030074234875485e-04 2.579447945130089427e-06
9.739103999999999360e+03 6.811300000000011323e+01 4.449993843418842410e+00 2.333489999999999913e-04 2.321330000000000084e-04 1.208294048940000050e-06
9.740209577199999330e+03 6.921857720000008385e+01 4.482479689360545194e+00 2.308317855188269589e-04 2.321881167519061642e-04 -1.346616101269856453e-06
9.740808999999999287e+03 6.981800000000004047e+01 4.499994849316196088e+00 2.294669999999999902e-04 2.322179999999999915e-04 -2.732346653400000100e-06
9.741922198299998854e+03 7.093119829999960757e+01 4.532342981288433492e+00 2.270972565191415108e-04 2.322728850669953618e-04 -5.140713804021619101e-06
9.742532999999999447e+03 7.154200000000020054e+01 4.549994393273687265e+00 2.257969999999999932e-04 2.323030000000000017e-04 -6.462646229700000365e-06
9.743653869299998405e+03 7.266286929999915856e+01 4.582209252014791012e+00 2.237050964814113615e-04 2.323576608666093053e-04 -8.594835141929472715e-06
9.744275999999999840e+03 7.328500000000059345e+01 4.599992522962911501e+00 2.225440000000000024e-04 2.323880000000000119e-04 -9.778724368399999828e-06
9.745404590199999802e+03 7.441359020000055580e+01 4.632078405335620097e+00 2.206993122724177042e-04 2.323329155748013832e-04 -1.155658295572285932e-05
9.746037999999998647e+03 7.504699999999940019e+01 4.649989284003773982e+00 2.196640000000000029e-04 2.323020000000000130e-04 -1.255401822360000101e-05
9.747174361099998350e+03 7.618336109999910377e+01 4.681950351943085842e+00 2.182457805351290653e-04 2.322465210910774317e-04 -1.390904661381937705e-05
9.747819999999999709e+03 7.682900000000046248e+01 4.700012642240491978e+00 2.174400000000000052e-04 2.322149999999999985e-04 -1.467863525100000045e-05
9.748963181899998744e+03 7.797218189999949800e+01 4.731825000742798437e+00 2.164721059913333285e-04 2.321597462081666664e-04 -1.558620461778630669e-05
9.749619999999998981e+03 7.862899999999973488e+01 4.750006501294677719e+00 2.159159999999999975e-04 2.321280000000000110e-04 -1.610745477120000045e-05
9.750771052599999166e+03 7.978005259999991949e+01 4.781702267180580002e+00 2.153958431901044693e-04 2.320729469069818577e-04 -1.657086660090248395e-05
9.751438999999998487e+03 8.044799999999924012e+01 4.799999123438042581e+00 2.150940000000000111e-04 2.320409999999999964e-04 -1.683967945199999947e-05
9.752597973199999615e+03 8.160697320000036825e+01 4.831582070189423206e+00 2.149029396737758531e-04 2.319003846443960857e-04 -1.689163606765245831e-05
9.753277000000000044e+03 8.228600000000079717e+01 4.849990546920038170e+00 2.147910000000000108e-04 2.318180000000000089e-04 -1.692204172779999911e-05
9.754443943700000091e+03 8.345294370000084427e+01 4.881464332011723251e+00 2.149863280358988099e-04 2.316785696978471653e-04 -1.659018682466494591e-05
9.755134999999998399e+03 8.414399999999915281e+01 4.900007590938541213e+00 2.151020000000000015e-04 2.315960000000000100e-04 -1.639384709439999988e-05
9.756308964099998775e+03 8.531796409999952857e+01 4.931348978032240815e+00 2.156395453954690756e-04 2.314570767429637531e-04 -1.572250846726956330e-05
9.757010999999998603e+03 8.601999999999935653e+01 4.949996455205663004e+00 2.159610000000000013e-04 2.313740000000000111e-04 -1.532142431819999960e-05
9.758193034500000067e+03 8.720203450000082057e+01 4.981235939255922673e+00 2.167914166424050708e-04 2.312349737903481104e-04 -1.435865611974666041e-05
9.758906999999999243e+03 8.791599999999999682e+01 5.000010478756691690e+00 2.172929999999999946e-04 2.311509999999999964e-04 -1.377768600969999967e-05
9.760096154799999567e+03 8.910515480000032085e+01 5.031125144203855371e+00 2.183100566392894384e-04 2.309583991703239312e-04 -1.257477072466294767e-05
9.760820999999999913e+03 8.983000000000066620e+01 5.049996940400661494e+00 2.189299999999999927e-04 2.308409999999999943e-04 -1.184251264559999974e-05
9.762018324999999095e+03 9.102732499999984839e+01 5.081016526784419618e+00 2.201378495734229745e-04 2.306490813081695955e-04 -1.045032946677351946e-05
9.762754999999999200e+03 9.176399999999995316e+01 5.100008115118021657e+00 2.208810000000000016e-04 2.305309999999999922e-04 -9.594907697900000986e-06
9.763959545099998650e+03 9.296854509999940319e+01 5.130910023473736814e+00 2.222219203392930423e-04 2.303397044154712977e-04 -8.070852771874595377e-06
9.764706999999998516e+03 9.371599999999926922e+01 5.149992318415099746e+00 2.230540000000000094e-04 2.302209999999999901e-04 -7.126398966599999099e-06
9.765919815199998993e+03 9.492881519999974671e+01 5.180805575725444534e+00 2.244654659655172290e-04 2.300303444665314351e-04 -5.532536217920349105e-06
9.766679000000000087e+03 9.568800000000084083e+01 5.200000802984041215e+00 2.253489999999999866e-04 2.299109999999999880e-04 -4.536167021100000273e-06
9.767899135199999364e+03 9.690813520000011749e+01 5.230703122206723954e+00 2.267591110473129079e-04 2.297020265679557930e-04 -2.925519795911837855e-06
9.768670000000000073e+03 9.767900000000082628e+01 5.250007878077645351e+00 2.276500000000000040e-04 2.295700000000000128e-04 -1.909441587900000105e-06
9.769897505099999762e+03 9.890650510000051554e+01 5.280602606385865094e+00 2.290088707528123565e-04 2.293622589676456037e-04 -3.505604033328560655e-07
9.770679000000000087e+03 9.968800000000084083e+01 5.299988822438328917e+00 2.298740000000000017e-04 2.292299999999999991e-04 6.404365278000000507e-07
9.771914924999999130e+03 1.009239249999998833e+02 5.330503976307726433e+00 2.311233258624938516e-04 2.290228957614588539e-04 2.089624672296924435e-06
9.772707999999998719e+03 1.017169999999994729e+02 5.349993428210864543e+00 2.319250000000000131e-04 2.288900000000000125e-04 3.018166428999999838e-06
9.773951395000000048e+03 1.029603950000008012e+02 5.380407181942697292e+00 2.330160062573242280e-04 2.286829698754882882e-04 4.308962320997876238e-06
9.774755999999999403e+03 1.037650000000001569e+02 5.399996735496340072e+00 2.337220000000000096e-04 2.285490000000000102e-04 5.142992437199999854e-06
9.776006913999999597e+03 1.050159140000003504e+02 5.430312146097818982e+00 2.346545875539429108e-04 2.283601827924528480e-04 6.257664237516153082e-06
9.776822999999998501e+03 1.058319999999992547e+02 5.449998780035217649e+00 2.352629999999999869e-04 2.282370000000000037e-04 6.983869610400000129e-06
9.778081483999998454e+03 1.070904839999992078e+02 5.480218868625604145e+00 2.359767040134228000e-04 2.280493736701821698e-04 7.879828434373569425e-06
9.778908999999999651e+03 1.079180000000004043e+02 5.499999596267537427e+00 2.364459999999999923e-04 2.279260000000000129e-04 8.468157470600001473e-06
9.780175102999999581e+03 1.091841030000003343e+02 5.530127254459206831e+00 2.369271792874109300e-04 2.277383400779097421e-04 9.132011184910795786e-06
9.781013999999999214e+03 1.100229999999999677e+02 5.549999217391235362e+00 2.372460000000000118e-04 2.276140000000000064e-04 9.571259745600000168e-06
9.782287773000000016e+03 1.112967730000007691e+02 5.580037306005275255e+00 2.374912792641242971e-04 2.274268921016949256e-04 9.999809303773809417e-06
9.783137999999999010e+03 1.121469999999997640e+02 5.599997675417962562e+00 2.376550000000000006e-04 2.273019999999999999e-04 1.028546096040000017e-05
9.784419491999999082e+03 1.134284919999998351e+02 5.629948932343664225e+00 2.377177889220718500e-04 2.271542965356976090e-04 1.049292270435770215e-05
9.785280999999999040e+03 1.142899999999997931e+02 5.649995001225474489e+00 2.377600000000000004e-04 2.270549999999999869e-04 1.063223636849999956e-05
9.786570260999998936e+03 1.155792609999996898e+02 5.679862115064261197e+00 2.375942208334874987e-04 2.269077069995374609e-04 1.061203801226084086e-05
9.787442999999999302e+03 1.164520000000000550e+02 5.699991224607465767e+00 2.374819999999999872e-04 2.268080000000000009e-04 1.059837494720000131e-05
9.788740079999999580e+03 1.177490800000003333e+02 5.729776813493236531e+00 2.370997715673693769e-04 2.266611719706691135e-04 1.036298528637422585e-05
9.789625000000000000e+03 1.186340000000007535e+02 5.750009197659269766e+00 2.368390000000000003e-04 2.265609999999999879e-04 1.020256292029999843e-05
9.790928949999999531e+03 1.199379500000002849e+02 5.779693011066660446e+00 2.362569641363636373e-04 2.264146019772727214e-04 9.768512691990775419e-06
9.791824999999998909e+03 1.208339999999996621e+02 5.800003104738912008e+00 2.358569999999999883e-04 2.263140000000000019e-04 9.470561957999999866e-06
9.793136868999999933e+03 1.221458690000006868e+02 5.829610624251867712e+00 2.351593860207300594e-04 2.262241378602974180e-04 8.865424645629031442e-06
9.794043999999999869e+03 1.230530000000006225e+02 5.849995996096007289e+00 2.346770000000000030e-04 2.261619999999999939e-04 8.447263781000000221e-06
9.795363837999999305e+03 1.243728380000000584e+02 5.879529639313418876e+00 2.338228484761054136e-04 2.260718100875390663e-04 7.687635092459985179e-06
9.796282999999999447e+03 1.252920000000002005e+02 5.900010140629586175e+00 2.332280000000000106e-04 2.260089999999999972e-04 7.158970680399999377e-06
9.797609855999999127e+03 1.266188559999998802e+02 5.929449998712279957e+00 2.322509354576872040e-04 2.259190536251661462e-04 6.277859935643152643e-06
9.798539999999999054e+03 1.275489999999998076e+02 5.950000890250001007e+00 2.315659999999999984e-04 2.258560000000000006e-04 5.660606342399999439e-06
9.799874925000000076e+03 1.288839250000008292e+02 5.979371712673436257e+00 2.305049809644112374e-04 2.257662620716168692e-04 4.696665751622940455e-06
9.800815999999998894e+03 1.298249999999996476e+02 5.999990702156350331e+00 2.297570000000000027e-04 2.257030000000000039e-04 4.017581110900000204e-06
9.802159043999999994e+03 1.311680440000007479e+02 6.029294725783997499e+00 2.287403578083623478e-04 2.256971505052264907e-04 3.015170289848347604e-06
9.803111999999999171e+03 1.321209999999999241e+02 6.050001291221705380e+00 2.280189999999999865e-04 2.256930000000000091e-04 2.303941851899999996e-06
9.805426999999999680e+03 1.344360000000004334e+02 6.100010632707862257e+00 2.262649999999999894e-04 2.256829999999999871e-04 5.770939993000000006e-07
9.807759999999998399e+03 1.367689999999991528e+02 6.149997418191683884e+00 2.245740000000000084e-04 2.256720000000000037e-04 -1.087745810160000001e-06
9.810112999999999374e+03 1.391220000000001278e+02 6.200004526951174988e+00 2.230129999999999873e-04 2.256620000000000088e-04 -2.621447755400000424e-06
9.812484999999998763e+03 1.414939999999995166e+02 6.250010473767886765e+00 2.216429999999999919e-04 2.256519999999999869e-04 -3.965608247999999202e-06
9.814875000000000000e+03 1.438840000000007535e+02 6.299994455509718705e+00 2.205080000000000104e-04 2.256410000000000035e-04 -5.075726602699999990e-06
9.817284999999999854e+03 1.462940000000006080e+02 6.349998324608631783e+00 2.196400000000000045e-04 2.256310000000000086e-04 -5.922249672500000587e-06
9.819713999999999942e+03 1.487230000000006953e+02 6.400001109621363149e+00 2.190519999999999891e-04 2.256209999999999867e-04 -6.490303934399999887e-06
9.822161999999998443e+03 1.511709999999991965e+02 6.450002835760574982e+00 2.187480000000000002e-04 2.256100000000000032e-04 -6.777956108000000605e-06
9.824628999999998996e+03 1.536379999999997494e+02 6.500003527462714814e+00 2.187190000000000043e-04 2.256000000000000084e-04 -6.794688480000000069e-06
9.827114999999999782e+03 1.561240000000005352e+02 6.550003208417458644e+00 2.189550000000000068e-04 2.256570000000000114e-04 -6.617165868000000211e-06
9.829619999999998981e+03 1.586289999999997349e+02 6.600001901596151299e+00 2.194320000000000092e-04 2.257139999999999873e-04 -6.201875863799999828e-06
9.832143999999998414e+03 1.611529999999991674e+02 6.649999629278909197e+00 2.201209999999999885e-04 2.257709999999999904e-04 -5.577762863399999294e-06
9.834686999999999898e+03 1.636960000000006517e+02 6.699996413080377522e+00 2.209839999999999971e-04 2.258279999999999934e-04 -4.781207833199999723e-06
9.837248999999999796e+03 1.662580000000005498e+02 6.749992273974302570e+00 2.219800000000000126e-04 2.258849999999999964e-04 -3.854275754999999921e-06
9.839831000000000131e+03 1.688400000000008845e+02 6.800006531465275117e+00 2.230619999999999999e-04 2.259419999999999994e-04 -2.842214794799999918e-06
9.842430999999998676e+03 1.714399999999994293e+02 6.850000466166318525e+00 2.241850000000000093e-04 2.259990000000000024e-04 -1.790402497829999852e-06
9.845049999999999272e+03 1.740590000000000259e+02 6.899993539310790958e+00 2.253049999999999985e-04 2.260560000000000054e-04 -7.412421451200000950e-07
9.847688999999998487e+03 1.766979999999992401e+02 6.950004652114762926e+00 2.263859999999999972e-04 2.261130000000000084e-04 2.685317988000000074e-07
9.850345999999999549e+03 1.793550000000003024e+02 6.999995922538436055e+00 2.273959999999999892e-04 2.261700000000000114e-04 1.209328728300000046e-06
9.853022999999999229e+03 1.820319999999999823e+02 7.050005002305099744e+00 2.281919999999999999e-04 2.260850000000000012e-04 2.078874183499999909e-06
9.855717999999998938e+03 1.847269999999996912e+02 7.099994547797226829e+00 2.288799999999999906e-04 2.259999999999999910e-04 2.843215599999999992e-06
9.858432999999999083e+03 1.874419999999998367e+02 7.150001677678725187e+00 2.294479999999999892e-04 2.259139999999999922e-04 3.488789901999999957e-06
9.861166999999999462e+03 1.901760000000002151e+02 7.200007798635347456e+00 2.298839999999999965e-04 2.258290000000000091e-04 4.004919234700000388e-06
9.863918999999999869e+03 1.929280000000006225e+02 7.249994830292107117e+00 2.301790000000000064e-04 2.257430000000000103e-04 4.381694204300000071e-06
9.866690999999998894e+03 1.956999999999996476e+02 7.299999119448512097e+00 2.303229999999999969e-04 2.256580000000000001e-04 4.609267742199999879e-06
9.869481999999999971e+03 1.984910000000007244e+02 7.350002458923351689e+00 2.303060000000000003e-04 2.255720000000000012e-04 4.678137708000000143e-06
9.872291999999999462e+03 2.013010000000002151e+02 7.400004867968136502e+00 2.301209999999999877e-04 2.254869999999999910e-04 4.580858599799999649e-06
9.875120999999999185e+03 2.041299999999999386e+02 7.450006365317275225e+00 2.297649999999999931e-04 2.254009999999999922e-04 4.314625941999999610e-06
9.877968999999999141e+03 2.069779999999998950e+02 7.500006969205210261e+00 2.292429999999999869e-04 2.253160000000000091e-04 3.883952144800000215e-06
9.880835999999999331e+03 2.098450000000000841e+02 7.550006697383025767e+00 2.283800000000000055e-04 2.250390000000000116e-04 3.306092956800000023e-06
9.883721999999999753e+03 2.127310000000005061e+02 7.600005567134368256e+00 2.273909999999999918e-04 2.247609999999999983e-04 2.602485142899999783e-06
9.886626999999998588e+03 2.156359999999993420e+02 7.650003595290709058e+00 2.263070000000000001e-04 2.244840000000000008e-04 1.804359740039999968e-06
9.889550999999999476e+03 2.185600000000002296e+02 7.700000798246167122e+00 2.251649999999999897e-04 2.242070000000000033e-04 9.492049972699999816e-07
9.892493999999998778e+03 2.215029999999995312e+02 7.749997191971426780e+00 2.240090000000000028e-04 2.239300000000000058e-04 7.826196748999999934e-08
9.895456000000000131e+03 2.244650000000008845e+02 7.799992792027558686e+00 2.228789999999999916e-04 2.236530000000000083e-04 -7.667876009100000284e-07
9.898438000000000102e+03 2.274470000000008554e+02 7.850004331313012784e+00 2.218160000000000054e-04 2.233760000000000107e-04 -1.547091007200000008e-06
9.901438000000000102e+03 2.304470000000008554e+02 7.899998283343832028e+00 2.208509999999999900e-04 2.230979999999999975e-04 -2.229436161840000014e-06
9.904457999999998719e+03 2.334669999999994729e+02 7.950007994830712299e+00 2.200120000000000070e-04 2.228210000000000000e-04 -2.788181455099999870e-06
9.907495999999999185e+03 2.365049999999999386e+02 8.000000361760031709e+00 2.193150000000000102e-04 2.225440000000000024e-04 -3.206080136000000043e-06
9.910552999999999884e+03 2.395620000000006371e+02 8.049992009684984851e+00 2.187090000000000095e-04 2.222179999999999924e-04 -3.485555995399999731e-06
9.913629999999999200e+03 2.426389999999999532e+02 8.099999153682540864e+00 2.182530000000000125e-04 2.218929999999999980e-04 -3.616101463800000067e-06
9.916725999999998749e+03 2.457349999999995021e+02 8.150005406186343393e+00 2.179449999999999877e-04 2.215669999999999879e-04 -3.599400228400000070e-06
9.919840000000000146e+03 2.488490000000008990e+02 8.199994779347552054e+00 2.177790000000000032e-04 2.212410000000000049e-04 -3.441448003200000100e-06
9.922973999999998341e+03 2.519829999999990946e+02 8.249999394401276831e+00 2.177459999999999986e-04 2.209149999999999948e-04 -3.152059403000000081e-06
9.926126999999998588e+03 2.551359999999993420e+02 8.300003164545133316e+00 2.178299999999999930e-04 2.205900000000000005e-04 -2.744999901000000358e-06
9.929298999999999069e+03 2.583079999999998222e+02 8.350006104958250575e+00 2.180139999999999899e-04 2.202639999999999904e-04 -2.238212636000000115e-06
9.932488999999999578e+03 2.614980000000003315e+02 8.399992607346277396e+00 2.182759999999999952e-04 2.199380000000000074e-04 -1.654270265140000158e-06
9.935698999999998705e+03 2.647079999999994584e+02 8.449994024846317231e+00 2.185880000000000017e-04 2.196119999999999973e-04 -1.020062602079999991e-06
9.938927999999999884e+03 2.679370000000006371e+02 8.499994654936456229e+00 2.189190000000000092e-04 2.192859999999999872e-04 -3.660409626399999992e-07
9.942175999999999476e+03 2.711850000000002296e+02 8.549994511431027178e+00 2.193460000000000104e-04 2.190639999999999883e-04 2.805355490399999630e-07
9.945442999999999302e+03 2.744520000000000550e+02 8.599993607822977282e+00 2.197369999999999868e-04 2.188419999999999894e-04 8.921575582399999022e-07
9.948729999999999563e+03 2.777390000000003170e+02 8.650007128871411766e+00 2.200629999999999969e-04 2.186190000000000019e-04 1.438419013830000073e-06
9.952034999999999854e+03 2.810440000000006080e+02 8.700004657108388884e+00 2.202960000000000064e-04 2.183970000000000030e-04 1.892912318099999775e-06
9.955358999999998559e+03 2.843679999999993129e+02 8.750001464881682622e+00 2.204180000000000028e-04 2.181750000000000041e-04 2.235486502500000139e-06
9.958701999999999316e+03 2.877110000000000696e+02 8.799997564471196299e+00 2.204139999999999940e-04 2.179519999999999895e-04 2.453943363199999923e-06
9.962063999999998487e+03 2.910729999999992401e+02 8.849992967879067862e+00 2.202820000000000028e-04 2.177299999999999906e-04 2.544719375000000048e-06
9.965445999999999913e+03 2.944550000000006662e+02 8.900002432255522677e+00 2.200269999999999993e-04 2.175079999999999917e-04 2.512652415999999860e-06
9.968845999999999549e+03 2.978550000000003024e+02 8.949996395867998444e+00 2.196619999999999985e-04 2.172850000000000042e-04 2.369862309500000086e-06
9.972265999999999622e+03 3.012750000000003752e+02 9.000004280209035201e+00 2.192019999999999928e-04 2.170630000000000053e-04 2.133909452290000363e-06
9.975703999999999724e+03 3.047130000000004770e+02 9.049996852527790736e+00 2.187930000000000040e-04 2.169480000000000106e-04 1.839699514680000035e-06
9.979161999999998443e+03 3.081709999999991965e+02 9.100003207888404333e+00 2.183259999999999964e-04 2.168340000000000046e-04 1.488073196820000059e-06
9.982637999999999010e+03 3.116469999999997640e+02 9.149994435279580784e+00 2.178209999999999869e-04 2.167199999999999986e-04 1.099420560000000053e-06
9.986134000000000015e+03 3.151430000000007681e+02 9.199999310519000773e+00 2.172999999999999964e-04 2.166050000000000039e-04 6.932031475500000596e-07
9.989648999999999432e+03 3.186580000000001860e+02 9.250003424809930763e+00 2.167779999999999902e-04 2.164909999999999979e-04 2.871493325800000262e-07
9.993182999999999083e+03 3.221919999999998367e+02 9.300006790426756709e+00 2.162730000000000078e-04 2.163760000000000032e-04 -1.031665621679999979e-07
9.996734999999998763e+03 3.257439999999995166e+02 9.349995383647168978e+00 2.157960000000000054e-04 2.162619999999999972e-04 -4.644269702400000132e-07
1.000030699999999888e+04 3.293159999999996330e+02 9.399997362355891894e+00 2.153599999999999980e-04 2.161470000000000025e-04 -7.855473650399999798e-07
1.000389799999999923e+04 3.329069999999999823e+02 9.449998626873716390e+00 2.149739999999999919e-04 2.160329999999999965e-04 -1.057626277110000115e-06
1.000750799999999981e+04 3.365170000000005643e+02 9.499999188477623591e+00 2.146430000000000115e-04 2.159180000000000019e-04 -1.273901085739999969e-06
1.001113699999999881e+04 3.401459999999995603e+02 9.549999058208248570e+00 2.143430000000000042e-04 2.157869999999999992e-04 -1.441334161409999955e-06
1.001478499999999985e+04 3.437940000000006080e+02 9.599998246876134900e+00 2.141070000000000017e-04 2.156550000000000079e-04 -1.546710008250000120e-06
1.001845199999999932e+04 3.474610000000000696e+02 9.649996765067530902e+00 2.139329999999999997e-04 2.155240000000000053e-04 -1.588735166000000012e-06
1.002213799999999901e+04 3.511469999999997640e+02 9.699994623150352879e+00 2.138219999999999867e-04 2.153919999999999869e-04 -1.568475928319999756e-06
1.002584399999999914e+04 3.548529999999998950e+02 9.750005291194076662e+00 2.137700000000000082e-04 2.152610000000000114e-04 -1.489337043750000123e-06
1.002956799999999930e+04 3.585770000000000550e+02 9.800001790649350397e+00 2.137709999999999968e-04 2.151289999999999930e-04 -1.356790636229999931e-06
1.003331099999999969e+04 3.623200000000004479e+02 9.849997660542436861e+00 2.138180000000000050e-04 2.149970000000000017e-04 -1.178058861739999905e-06
1.003707399999999870e+04 3.660829999999994584e+02 9.900006166386301487e+00 2.139040000000000039e-04 2.148659999999999991e-04 -9.616779048599998963e-07
1.004085499999999956e+04 3.698640000000003170e+02 9.950000738971519709e+00 2.140169999999999941e-04 2.147340000000000078e-04 -7.170247414200000595e-07
1.004465499999999884e+04 3.736639999999995894e+02 9.999994710704767087e+00 2.141490000000000125e-04 2.146030000000000051e-04 -4.539690401699999820e-07
1.004847499999999854e+04 3.774839999999992983e+02 1.005000114868389538e+01 2.141640000000000048e-04 2.143450000000000086e-04 -1.812413438550000084e-07
1.005231300000000010e+04 3.813220000000008554e+02 1.009999388080129812e+01 2.141789999999999970e-04 2.140880000000000007e-04 9.138067965600000828e-08
1.005617099999999846e+04 3.851799999999992110e+02 1.014999896855825234e+01 2.141850000000000101e-04 2.138309999999999929e-04 3.538325706300000158e-07
1.006004799999999886e+04 3.890569999999996185e+02 1.020000336415566800e+01 2.141699999999999908e-04 2.135729999999999964e-04 5.964218240700000622e-07
1.006394299999999930e+04 3.929520000000000550e+02 1.024999427439310828e+01 2.141260000000000027e-04 2.133159999999999885e-04 8.100696431599999468e-07
1.006785800000000017e+04 3.968670000000009281e+02 1.029999737802058313e+01 2.140450000000000013e-04 2.130590000000000077e-04 9.865526547800000258e-07
1.007179199999999946e+04 4.008010000000002151e+02 1.034999981869143859e+01 2.139200000000000118e-04 2.128010000000000112e-04 1.118862969790000126e-06
1.007574499999999898e+04 4.047539999999997349e+02 1.040000160596803624e+01 2.137460000000000098e-04 2.125440000000000033e-04 1.201621754880000097e-06
1.007971699999999873e+04 4.087259999999994875e+02 1.045000274922957395e+01 2.135179999999999977e-04 2.122869999999999955e-04 1.231474764129999995e-06
1.008370799999999872e+04 4.127169999999994729e+02 1.050000325767647524e+01 2.132369999999999914e-04 2.120289999999999989e-04 1.207471230359999922e-06
1.008771799999999894e+04 4.167269999999996912e+02 1.055000314033463127e+01 2.129029999999999909e-04 2.117719999999999911e-04 1.131343202439999827e-06
1.009174699999999939e+04 4.207560000000001423e+02 1.060000240605951660e+01 2.125220000000000093e-04 2.115150000000000103e-04 1.007511514650000100e-06
1.009579500000000007e+04 4.248040000000008263e+02 1.065000106354020559e+01 2.121000000000000055e-04 2.112569999999999867e-04 8.429344431299999846e-07
1.009986199999999917e+04 4.288709999999999241e+02 1.069999912130323594e+01 2.116460000000000129e-04 2.110000000000000059e-04 6.467023400000000054e-07
1.010394799999999850e+04 4.329569999999992547e+02 1.074999658771645983e+01 2.111720000000000036e-04 2.107420000000000094e-04 4.293973621000000015e-07
1.010805400000000009e+04 4.370630000000008408e+02 1.080000562230299543e+01 2.106870000000000108e-04 2.104850000000000015e-04 2.023950090249999786e-07
1.011217799999999988e+04 4.411870000000006371e+02 1.085000187451079867e+01 2.102050000000000110e-04 2.102279999999999937e-04 -2.293356229199999867e-08
1.011632099999999991e+04 4.453300000000006662e+02 1.089999756007047793e+01 2.097350000000000104e-04 2.099699999999999971e-04 -2.359201923000000043e-07
1.012048399999999856e+04 4.494929999999993129e+02 1.095000467159860413e+01 2.092859999999999881e-04 2.097129999999999893e-04 -4.272021580400000260e-07
1.012466499999999905e+04 4.536739999999998076e+02 1.099999919253505354e+01 2.088670000000000045e-04 2.094560000000000085e-04 -5.891494585600000015e-07
1.012886599999999999e+04 4.578750000000007390e+02 1.105000504657564164e+01 2.085199999999999890e-04 2.092429999999999887e-04 -7.239263768200000305e-07
1.013308499999999913e+04 4.620939999999998804e+02 1.109999843478247072e+01 2.082089999999999982e-04 2.090310000000000117e-04 -8.220541233900000746e-07
1.013732399999999870e+04 4.663329999999994584e+02 1.115000306461097779e+01 2.079379999999999868e-04 2.088190000000000076e-04 -8.808215120900000043e-07
1.014158099999999831e+04 4.705899999999990655e+02 1.119999535083592512e+01 2.077070000000000088e-04 2.086059999999999878e-04 -8.993359290199998319e-07
1.014585800000000017e+04 4.748670000000009281e+02 1.124999878855521018e+01 2.075149999999999944e-04 2.083940000000000109e-04 -8.784515639600000240e-07
1.015015399999999863e+04 4.791629999999993856e+02 1.130000161609648579e+01 2.073610000000000091e-04 2.081820000000000068e-04 -8.205972348600000169e-07
1.015446899999999914e+04 4.834779999999998950e+02 1.135000384152428943e+01 2.072390000000000126e-04 2.079689999999999870e-04 -7.296280411499999432e-07
1.015880299999999988e+04 4.878120000000006371e+02 1.140000547276149589e+01 2.071460000000000120e-04 2.077570000000000100e-04 -6.106476846800000568e-07
1.016315499999999884e+04 4.921639999999995894e+02 1.144999505609582258e+01 2.070739999999999896e-04 2.075450000000000060e-04 -4.697843338500000608e-07
1.016752700000000004e+04 4.965360000000007972e+02 1.149999557200265876e+01 2.070180000000000024e-04 2.073320000000000132e-04 -3.139732142000000006e-07
1.017191799999999967e+04 5.009270000000004188e+02 1.154999551623658682e+01 2.069689999999999898e-04 2.071200000000000092e-04 -1.506750362400000250e-07
1.017632799999999952e+04 5.053370000000002733e+02 1.159999489618994417e+01 2.069200000000000043e-04 2.069069999999999894e-04 1.245215983679999912e-08
1.018075799999999981e+04 5.097670000000005643e+02 1.165000498386224237e+01 2.068630000000000013e-04 2.066950000000000124e-04 1.679055828249999930e-07
1.018520599999999831e+04 5.142149999999991223e+02 1.170000320878794042e+01 2.067919999999999947e-04 2.064830000000000083e-04 3.087333815999999918e-07
1.018967299999999886e+04 5.186819999999996753e+02 1.175000089126910119e+01 2.067000000000000098e-04 2.062699999999999885e-04 4.289095872000000212e-07
1.019415899999999965e+04 5.231680000000004611e+02 1.179999803820086335e+01 2.065830000000000108e-04 2.060580000000000116e-04 5.236840435199999749e-07
1.019866399999999885e+04 5.276729999999996608e+02 1.184999465636193072e+01 2.064369999999999888e-04 2.058460000000000075e-04 5.898249530199999740e-07
1.020318899999999849e+04 5.321979999999992970e+02 1.190000178050000201e+01 2.062599999999999937e-04 2.056329999999999877e-04 6.257617822999999772e-07
1.020773199999999997e+04 5.367410000000007813e+02 1.194999731486378813e+01 2.060540000000000028e-04 2.054210000000000107e-04 6.316058944900001001e-07
1.021229499999999825e+04 5.413039999999990641e+02 1.200000327668431055e+01 2.058189999999999889e-04 2.052090000000000066e-04 6.090254264699999734e-07
1.021687599999999838e+04 5.458849999999991951e+02 1.204999775455864253e+01 2.055570000000000108e-04 2.049890000000000121e-04 5.667966348900000556e-07
1.022147699999999895e+04 5.504859999999997626e+02 1.210000258244341076e+01 2.052710000000000071e-04 2.047689999999999905e-04 5.006110604399999609e-07
1.022609599999999955e+04 5.551050000000003593e+02 1.214999603023216501e+01 2.049649999999999866e-04 2.045489999999999960e-04 4.147783257299999645e-07
1.023073499999999876e+04 5.597439999999995734e+02 1.219999975163982775e+01 2.046440000000000010e-04 2.043290000000000015e-04 3.143009110899999749e-07
1.023539300000000003e+04 5.644020000000008395e+02 1.225000290787352419e+01 2.043140000000000093e-04 2.041090000000000070e-04 2.045498754400000112e-07
1.024006899999999951e+04 5.690780000000003156e+02 1.229999483638340863e+01 2.039809999999999974e-04 2.038890000000000125e-04 9.095631012300000698e-08
1.024476499999999942e+04 5.737740000000002283e+02 1.234999692603370569e+01 2.036480000000000126e-04 2.036700000000000066e-04 -2.125581588000000141e-08
1.024947999999999956e+04 5.784890000000003738e+02 1.239999847050670034e+01 2.033220000000000025e-04 2.034500000000000121e-04 -1.272886959499999941e-07
1.025421399999999994e+04 5.832230000000007522e+02 1.244999947637099247e+01 2.030059999999999872e-04 2.032299999999999905e-04 -2.229351807999999823e-07
1.025896699999999873e+04 5.879759999999995443e+02 1.249999995009000209e+01 2.027040000000000027e-04 2.030099999999999960e-04 -3.046936488000000223e-07
1.026373899999999958e+04 5.927480000000003884e+02 1.254999989802412586e+01 2.024189999999999876e-04 2.027900000000000015e-04 -3.698321787999999967e-07
1.026852999999999884e+04 5.975389999999996462e+02 1.259999932643266618e+01 2.021530000000000007e-04 2.025700000000000070e-04 -4.164332775000000081e-07
1.027334000000000015e+04 6.023490000000009559e+02 1.264999824147597351e+01 2.019059999999999876e-04 2.023500000000000125e-04 -4.433953905000000741e-07
1.027816899999999987e+04 6.071780000000006794e+02 1.269999664921724758e+01 2.016789999999999913e-04 2.021299999999999909e-04 -4.504305345999999924e-07
1.028301800000000003e+04 6.120270000000008395e+02 1.275000484849900495e+01 2.014709999999999960e-04 2.019110000000000121e-04 -4.380459145000000377e-07
1.028788499999999840e+04 6.168939999999992096e+02 1.280000221924268899e+01 2.012820000000000017e-04 2.016909999999999905e-04 -4.074985133099999456e-07
1.029277099999999882e+04 6.217799999999996317e+02 1.284999910062373907e+01 2.011089999999999883e-04 2.014709999999999960e-04 -3.607620314400000174e-07
1.029767599999999948e+04 6.266850000000002865e+02 1.289999549833204462e+01 2.009500000000000056e-04 2.012510000000000015e-04 -3.004254802900000062e-07
1.030260099999999875e+04 6.316099999999995589e+02 1.295000155188320790e+01 2.008009999999999906e-04 2.010310000000000070e-04 -2.295954947899999996e-07
1.030754399999999987e+04 6.365530000000006794e+02 1.299999695999270699e+01 2.006590000000000045e-04 2.008110000000000125e-04 -1.517544791880000089e-07
1.031250699999999961e+04 6.415160000000004175e+02 1.305000195753610193e+01 2.004470000000000004e-04 2.005189999999999956e-04 -7.131097300799999170e-08
1.031748799999999937e+04 6.464970000000001846e+02 1.309999639896224366e+01 2.002349999999999963e-04 2.002259999999999901e-04 9.557667974399999493e-09
1.032248899999999958e+04 6.514980000000003884e+02 1.315000036425042218e+01 2.000209999999999879e-04 1.999330000000000118e-04 8.727215403100000794e-08
1.032750900000000001e+04 6.565180000000008249e+02 1.320000380319232036e+01 1.997989999999999890e-04 1.996409999999999949e-04 1.584929934899999999e-07
1.033254699999999866e+04 6.615559999999994716e+02 1.324999681728444756e+01 1.995689999999999997e-04 1.993479999999999894e-04 2.202675791199999837e-07
1.033760499999999956e+04 6.666140000000003738e+02 1.329999925855785392e+01 1.993259999999999954e-04 1.990550000000000110e-04 2.701693893000000616e-07
1.034268199999999888e+04 6.716909999999996899e+02 1.335000119081543346e+01 1.990700000000000032e-04 1.987629999999999942e-04 3.063852139799999993e-07
1.034777799999999843e+04 6.767869999999992388e+02 1.340000261975536233e+01 1.987989999999999918e-04 1.984699999999999887e-04 3.277990060999999731e-07
1.035289300000000003e+04 6.819020000000008395e+02 1.345000355099102229e+01 1.985119999999999994e-04 1.981770000000000103e-04 3.340154428800000573e-07
1.035802699999999822e+04 6.870359999999990350e+02 1.350000399005251062e+01 1.982110000000000035e-04 1.978849999999999934e-04 3.253605381499999951e-07
1.036317999999999847e+04 6.921889999999992824e+02 1.355000394238834893e+01 1.978960000000000040e-04 1.975919999999999879e-04 3.028354269599999927e-07
1.036835199999999895e+04 6.973609999999997626e+02 1.360000341336681018e+01 1.975679999999999895e-04 1.972990000000000095e-04 2.680425294400000248e-07
1.037354299999999967e+04 7.025520000000004757e+02 1.365000240827748001e+01 1.972300000000000073e-04 1.970069999999999927e-04 2.230749662399999959e-07
1.037875299999999879e+04 7.077619999999996026e+02 1.370000093233265481e+01 1.968849999999999962e-04 1.967139999999999872e-04 1.703934700859999898e-07
1.038398199999999997e+04 7.129910000000007813e+02 1.374999899066882669e+01 1.965339999999999991e-04 1.964210000000000088e-04 1.126892811730000053e-07
1.038922999999999956e+04 7.182390000000003738e+02 1.379999658834792697e+01 1.961820000000000133e-04 1.961289999999999919e-04 5.274301068000000327e-08
1.039449799999999959e+04 7.235070000000004029e+02 1.385000320574944155e+01 1.958290000000000117e-04 1.958360000000000135e-04 -6.705992564400000067e-09
1.039978399999999965e+04 7.287930000000004611e+02 1.389999986292721168e+01 1.954799999999999919e-04 1.955430000000000080e-04 -6.307493670900000168e-08
1.040508899999999994e+04 7.340980000000007522e+02 1.394999607444483125e+01 1.951359999999999965e-04 1.952509999999999912e-04 -1.140402515700000004e-07
1.041041399999999885e+04 7.394229999999996608e+02 1.400000121894674088e+01 1.947999999999999916e-04 1.949580000000000128e-04 -1.576171093860000074e-07
1.041575699999999961e+04 7.447660000000004175e+02 1.404999652004390676e+01 1.945329999999999889e-04 1.947279999999999964e-04 -1.946240152480000083e-07
1.042111999999999898e+04 7.501289999999997917e+02 1.410000069722749849e+01 1.942760000000000081e-04 1.944980000000000070e-04 -2.219669525400000239e-07
1.042650199999999859e+04 7.555109999999993988e+02 1.415000438190493881e+01 1.940289999999999951e-04 1.942679999999999906e-04 -2.387223464399999958e-07
1.043190199999999822e+04 7.609109999999990350e+02 1.419999833743980311e+01 1.937929999999999926e-04 1.940380000000000013e-04 -2.444413108799999703e-07
1.043732200000000012e+04 7.663310000000009268e+02 1.425000108506987928e+01 1.935680000000000007e-04 1.938080000000000119e-04 -2.391571339199999733e-07
1.044276099999999860e+04 7.717699999999994134e+02 1.430000335535745037e+01 1.933539999999999922e-04 1.935779999999999955e-04 -2.233735257599999642e-07
1.044821799999999894e+04 7.772269999999997481e+02 1.434999600805615394e+01 1.931500000000000057e-04 1.933480000000000062e-04 -1.980366889999999986e-07
1.045369499999999971e+04 7.827040000000005193e+02 1.439999737031419258e+01 1.929529999999999939e-04 1.931179999999999898e-04 -1.644938569219999929e-07
1.045919099999999889e+04 7.881999999999997044e+02 1.444999826977243274e+01 1.927639999999999996e-04 1.928880000000000004e-04 -1.244459367359999850e-07
1.046470599999999831e+04 7.937149999999991223e+02 1.449999871121855932e+01 1.925779999999999983e-04 1.926580000000000111e-04 -7.987562148400000769e-08
1.047023999999999978e+04 7.992490000000005921e+02 1.454999869937440948e+01 1.923949999999999901e-04 1.924279999999999947e-04 -3.296099211999999531e-08
1.047579299999999967e+04 8.048020000000004757e+02 1.459999823889704196e+01 1.922120000000000089e-04 1.921980000000000053e-04 1.402595656680000139e-08
1.048136499999999978e+04 8.103740000000005921e+02 1.464999733437993967e+01 1.920269999999999963e-04 1.919679999999999889e-04 5.883627231999999373e-08
1.048695599999999831e+04 8.159649999999991223e+02 1.469999599035402760e+01 1.918380000000000020e-04 1.917379999999999996e-04 9.936380852600000296e-08
1.049256699999999910e+04 8.215759999999999081e+02 1.475000310851984153e+01 1.916429999999999946e-04 1.915080000000000103e-04 1.337639333160000151e-07
1.049819599999999991e+04 8.272050000000007230e+02 1.480000086876742849e+01 1.914399999999999967e-04 1.912790000000000096e-04 1.605578710890000110e-07
1.050384399999999914e+04 8.328529999999999518e+02 1.484999820293695727e+01 1.912279999999999926e-04 1.910489999999999931e-04 1.787104824330000050e-07
1.050951199999999881e+04 8.385209999999996171e+02 1.490000392297867293e+01 1.910070000000000095e-04 1.908190000000000038e-04 1.876832713730000152e-07
1.051519799999999850e+04 8.442069999999993115e+02 1.495000038834715639e+01 1.907769999999999930e-04 1.905889999999999874e-04 1.874452344449999792e-07
1.052090299999999843e+04 8.499119999999992388e+02 1.499999644053035652e+01 1.905379999999999975e-04 1.903589999999999980e-04 1.784510927549999891e-07
1.052662799999999879e+04 8.556369999999996026e+02 1.505000080352494152e+01 1.902290000000000111e-04 1.900650000000000039e-04 1.627182577349999963e-07
1.053237099999999919e+04 8.613799999999999955e+02 1.509999601276538961e+01 1.899129999999999959e-04 1.897719999999999984e-04 1.403498678119999856e-07
1.053813400000000001e+04 8.671430000000008249e+02 1.514999948352456727e+01 1.895920000000000103e-04 1.894789999999999929e-04 1.126971827459999873e-07
1.054391599999999926e+04 8.729250000000000682e+02 1.520000250044720680e+01 1.892669999999999888e-04 1.891859999999999874e-04 8.129265664199998820e-08
1.054971599999999853e+04 8.787249999999993406e+02 1.524999646248021534e+01 1.889410000000000059e-04 1.888930000000000090e-04 4.775498379500000216e-08
1.055553600000000006e+04 8.845450000000008686e+02 1.529999861318791687e+01 1.886129999999999914e-04 1.885989999999999878e-04 1.370237744649999990e-08
1.056137500000000000e+04 8.903840000000008104e+02 1.535000032309406492e+01 1.882870000000000084e-04 1.883060000000000094e-04 -1.932753953400000164e-08
1.056723299999999836e+04 8.962419999999991660e+02 1.540000159649231826e+01 1.879630000000000027e-04 1.880130000000000039e-04 -4.994621748900000420e-08
1.057310999999999876e+04 9.021189999999995734e+02 1.545000243762076586e+01 1.876430000000000058e-04 1.877199999999999984e-04 -7.696557544000000871e-08
1.057900599999999940e+04 9.080150000000002137e+02 1.550000285066271566e+01 1.873269999999999905e-04 1.874269999999999929e-04 -9.943433432099999277e-08
1.058492099999999846e+04 9.139299999999992679e+02 1.555000283974763242e+01 1.870169999999999884e-04 1.871329999999999988e-04 -1.166570280030000113e-07
1.059085499999999956e+04 9.198640000000003738e+02 1.560000240895206147e+01 1.867120000000000108e-04 1.868399999999999933e-04 -1.282008265199999867e-07
1.059680799999999908e+04 9.258169999999998936e+02 1.565000156230034989e+01 1.864129999999999921e-04 1.865469999999999878e-04 -1.338853415410000000e-07
1.060277999999999884e+04 9.317889999999996462e+02 1.570000030376558620e+01 1.861199999999999866e-04 1.862540000000000094e-04 -1.337713478800000009e-07
1.060877099999999882e+04 9.377799999999996317e+02 1.574999863727037663e+01 1.858320000000000056e-04 1.859610000000000039e-04 -1.281408901140000009e-07
1.061478099999999904e+04 9.437899999999998499e+02 1.579999656668763386e+01 1.855500000000000107e-04 1.856670000000000098e-04 -1.174748529060000100e-07
1.062081099999999969e+04 9.498200000000005048e+02 1.585000237559912861e+01 1.852719999999999975e-04 1.853740000000000043e-04 -1.024302574400000033e-07
1.062685899999999856e+04 9.558679999999993697e+02 1.589999948222973103e+01 1.849970000000000043e-04 1.850809999999999988e-04 -8.380837842000000294e-08
1.063292599999999948e+04 9.619350000000002865e+02 1.594999619626465837e+01 1.847250000000000042e-04 1.847879999999999933e-04 -6.252320458799999735e-08
1.063901299999999901e+04 9.680219999999998208e+02 1.600000072352006342e+01 1.844550000000000085e-04 1.844949999999999878e-04 -3.956292330499999446e-08
1.064511799999999857e+04 9.741269999999993843e+02 1.604999663780897734e+01 1.841989999999999893e-04 1.842160000000000130e-04 -1.646139438719999970e-08
1.065124299999999857e+04 9.802519999999993843e+02 1.610000032175624085e+01 1.839440000000000129e-04 1.839370000000000111e-04 6.511075500800000731e-09
1.065738699999999881e+04 9.863959999999996171e+02 1.615000357724312252e+01 1.836870000000000050e-04 1.836580000000000092e-04 2.845009346399999960e-08
1.066354899999999907e+04 9.925579999999998790e+02 1.619999830736508173e+01 1.834279999999999927e-04 1.833790000000000073e-04 4.850979700700000643e-08
1.066973099999999977e+04 9.987400000000005775e+02 1.625000074271174100e+01 1.831670000000000032e-04 1.831009999999999940e-04 6.593375459499999547e-08
1.067593199999999888e+04 1.004940999999999690e+03 1.630000276120146196e+01 1.829020000000000049e-04 1.828219999999999921e-04 8.008042372800000167e-08
1.068215099999999984e+04 1.011160000000000650e+03 1.634999634010571157e+01 1.826339999999999865e-04 1.825429999999999902e-04 9.045151684399998645e-08
1.068838999999999942e+04 1.017399000000000228e+03 1.639999756078028526e+01 1.823609999999999977e-04 1.822639999999999883e-04 9.671274141599998334e-08
1.069464799999999923e+04 1.023657000000000039e+03 1.644999837578324531e+01 1.820840000000000002e-04 1.819850000000000135e-04 9.871102980500001152e-08
1.070092499999999927e+04 1.029933999999999969e+03 1.649999878880258208e+01 1.818029999999999939e-04 1.817070000000000002e-04 9.648441822300000498e-08
1.070722099999999955e+04 1.036230000000000246e+03 1.654999880348167807e+01 1.815180000000000060e-04 1.814279999999999983e-04 9.026115571199999688e-08
1.071353600000000006e+04 1.042545000000000755e+03 1.659999842341998999e+01 1.812299999999999979e-04 1.811489999999999964e-04 8.045189387999999267e-08
1.071986999999999898e+04 1.048878999999999678e+03 1.664999765217370253e+01 1.809380000000000081e-04 1.808699999999999945e-04 6.762729299999999149e-08
1.072622299999999996e+04 1.055232000000000653e+03 1.669999649325643176e+01 1.806439999999999869e-04 1.805909999999999926e-04 5.248570410299999640e-08
1.073259599999999955e+04 1.061605000000000246e+03 1.675000278501465445e+01 1.803479999999999884e-04 1.803119999999999907e-04 3.581284819199999787e-08
1.073898699999999917e+04 1.067995999999999867e+03 1.680000083781163056e+01 1.800519999999999898e-04 1.800340000000000046e-04 1.843656180399999815e-08
1.074539699999999903e+04 1.074405999999999722e+03 1.684999851336750964e+01 1.797559999999999913e-04 1.797550000000000027e-04 1.176811046249999974e-09
1.075182699999999932e+04 1.080836000000000013e+03 1.690000358036464689e+01 1.794610000000000085e-04 1.794760000000000008e-04 -1.519693287640000159e-08
1.075827499999999964e+04 1.087284000000000333e+03 1.695000048853803776e+01 1.791669999999999873e-04 1.791969999999999989e-04 -3.000653765000000097e-08
1.076474199999999837e+04 1.093750999999999067e+03 1.699999702953162384e+01 1.788760000000000133e-04 1.789179999999999970e-04 -4.269394991399999937e-08
1.077122899999999936e+04 1.100238000000000056e+03 1.705000090359421705e+01 1.785900000000000096e-04 1.786430000000000038e-04 -5.340764720900000720e-08
1.077773399999999856e+04 1.106742999999999256e+03 1.709999669737669947e+01 1.783069999999999989e-04 1.783689999999999993e-04 -6.135519025099999957e-08
1.078425900000000001e+04 1.113268000000000711e+03 1.714999978582681095e+01 1.780270000000000084e-04 1.780940000000000062e-04 -6.634161784600000356e-08
1.079080299999999988e+04 1.119812000000000580e+03 1.720000247543493188e+01 1.777500000000000109e-04 1.778190000000000131e-04 -6.830490119400000584e-08
1.079736499999999978e+04 1.126374000000000478e+03 1.724999716189330812e+01 1.774760000000000064e-04 1.775439999999999928e-04 -6.730462232799999412e-08
1.080394700000000012e+04 1.132956000000000813e+03 1.729999908617111259e+01 1.772049999999999949e-04 1.772689999999999997e-04 -6.351176005099999551e-08
1.081054799999999886e+04 1.139556999999999562e+03 1.735000062176534996e+01 1.769370000000000036e-04 1.769940000000000066e-04 -5.719844300399999992e-08
1.081716799999999967e+04 1.146177000000000362e+03 1.740000177202687226e+01 1.766700000000000009e-04 1.767190000000000134e-04 -4.872460924200000532e-08
1.082380699999999888e+04 1.152815999999999576e+03 1.745000254026803788e+01 1.764050000000000026e-04 1.764439999999999932e-04 -3.852707673199999927e-08
1.083046500000000015e+04 1.159474000000000842e+03 1.750000292976339367e+01 1.761420000000000086e-04 1.761690000000000001e-04 -2.710360064999999831e-08
1.083714199999999983e+04 1.166151000000000522e+03 1.755000294375006575e+01 1.758789999999999876e-04 1.758940000000000069e-04 -1.499526251979999955e-08
1.084383799999999974e+04 1.172847000000000435e+03 1.760000258542844165e+01 1.756159999999999937e-04 1.756189999999999867e-04 -2.764664545599999723e-09
1.085055299999999988e+04 1.179562000000000580e+03 1.765000185796258236e+01 1.753529999999999998e-04 1.753439999999999936e-04 9.029321745599999819e-09
1.085728700000000026e+04 1.186296000000000959e+03 1.770000076448078730e+01 1.750889999999999901e-04 1.750690000000000004e-04 1.985930215300000099e-08
1.086403999999999905e+04 1.193048999999999751e+03 1.774999930807606319e+01 1.748239999999999918e-04 1.747940000000000073e-04 2.925719451400000142e-08
1.087081199999999990e+04 1.199821000000000595e+03 1.779999749180669255e+01 1.745560000000000004e-04 1.745200000000000028e-04 3.683960132000000096e-08
1.087760399999999936e+04 1.206613000000000056e+03 1.785000267075001545e+01 1.742869999999999934e-04 1.742450000000000097e-04 4.232829238000000444e-08
1.088441399999999885e+04 1.213422999999999547e+03 1.790000012325396739e+01 1.740149999999999933e-04 1.739699999999999894e-04 4.556465666999999168e-08
1.089124299999999857e+04 1.220251999999999271e+03 1.794999722497873762e+01 1.737409999999999888e-04 1.736949999999999963e-04 4.651378405000000360e-08
1.089809199999999873e+04 1.227100999999999431e+03 1.800000126963416491e+01 1.734650000000000070e-04 1.734200000000000032e-04 4.526296683999999511e-08
1.090495899999999892e+04 1.233967999999999620e+03 1.804999765834250525e+01 1.731539999999999891e-04 1.731109999999999897e-04 4.257959333699999312e-08
1.091184599999999955e+04 1.240855000000000246e+03 1.810000095556193855e+01 1.728400000000000054e-04 1.728020000000000033e-04 3.810405061399999996e-08
1.091875100000000020e+04 1.247760000000000900e+03 1.814999664313377892e+01 1.725250000000000058e-04 1.724929999999999899e-04 3.213199603999999755e-08
1.092567599999999948e+04 1.254685000000000173e+03 1.819999920511059344e+01 1.722100000000000063e-04 1.721840000000000035e-04 2.501988485599999980e-08
1.093261999999999898e+04 1.261628999999999678e+03 1.825000139407742239e+01 1.718930000000000024e-04 1.718760000000000058e-04 1.716181860000000016e-08
1.093958299999999872e+04 1.268591999999999416e+03 1.830000321309186617e+01 1.715759999999999985e-04 1.715669999999999923e-04 8.966160046800000100e-09
1.094656399999999849e+04 1.275572999999999183e+03 1.834999751345401720e+01 1.712589999999999946e-04 1.712580000000000059e-04 8.338038245999999967e-10
1.095356499999999869e+04 1.282573999999999387e+03 1.839999862103797668e+01 1.709419999999999907e-04 1.709489999999999925e-04 -6.862662130500000214e-09
1.096058499999999913e+04 1.289593999999999824e+03 1.844999936753855607e+01 1.706260000000000025e-04 1.706400000000000061e-04 -1.379603923200000065e-08
1.096762399999999980e+04 1.296633000000000493e+03 1.849999975588350765e+01 1.703119999999999916e-04 1.703309999999999926e-04 -1.969809882599999775e-08
1.097468199999999888e+04 1.303690999999999576e+03 1.854999978896898227e+01 1.699980000000000078e-04 1.700229999999999949e-04 -2.436956661299999697e-08
1.098175900000000001e+04 1.310768000000000711e+03 1.859999946965999484e+01 1.696860000000000013e-04 1.697140000000000085e-04 -2.768357796600000427e-08
1.098885499999999956e+04 1.317864000000000260e+03 1.864999880079077599e+01 1.693750000000000106e-04 1.694049999999999950e-04 -2.958827730000000070e-08
1.099596999999999935e+04 1.324979000000000042e+03 1.869999778516526234e+01 1.690659999999999971e-04 1.690960000000000087e-04 -3.010196263200000326e-08
1.100310499999999956e+04 1.332114000000000260e+03 1.875000342471192383e+01 1.687579999999999994e-04 1.687869999999999952e-04 -2.930547408799999882e-08
1.101025799999999981e+04 1.339267000000000507e+03 1.880000170525213576e+01 1.684509999999999903e-04 1.684780000000000088e-04 -2.733285985200000341e-08
1.101743000000000029e+04 1.346439000000000988e+03 1.884999964736871192e+01 1.681449999999999969e-04 1.681689999999999954e-04 -2.435860697399999652e-08
1.102462099999999919e+04 1.353629999999999882e+03 1.889999725374743278e+01 1.678399999999999922e-04 1.678609999999999976e-04 -2.058563373500000080e-08
1.103183199999999852e+04 1.360840999999999212e+03 1.895000145233121813e+01 1.675349999999999875e-04 1.675520000000000113e-04 -1.623320849920000299e-08
1.103906099999999969e+04 1.368070000000000391e+03 1.899999837695523297e+01 1.672309999999999986e-04 1.672429999999999978e-04 -1.152596945249999902e-08
1.104630999999999949e+04 1.375319000000000187e+03 1.905000186275797347e+01 1.669610000000000029e-04 1.669680000000000047e-04 -6.828907715999999737e-09
1.105357699999999932e+04 1.382586000000000013e+03 1.909999811641651135e+01 1.666910000000000071e-04 1.666930000000000115e-04 -2.098348153300000375e-09
1.106086399999999958e+04 1.389873000000000275e+03 1.915000090049556647e+01 1.664210000000000114e-04 1.664179999999999913e-04 2.487366636999999747e-09
1.106817000000000007e+04 1.397179000000000769e+03 1.920000332886405303e+01 1.661499999999999999e-04 1.661439999999999868e-04 6.762542617599999336e-09
1.107549399999999878e+04 1.404502999999999474e+03 1.924999858693634280e+01 1.658789999999999885e-04 1.658689999999999937e-04 1.057716756580000069e-08
1.108283799999999974e+04 1.411847000000000435e+03 1.930000032983281955e+01 1.656080000000000041e-04 1.655940000000000005e-04 1.380067019759999970e-08
1.109020099999999911e+04 1.419209999999999809e+03 1.935000172515716343e+01 1.653349999999999883e-04 1.653190000000000074e-04 1.632604478119999898e-08
1.109758299999999872e+04 1.426591999999999416e+03 1.940000277559687802e+01 1.650619999999999995e-04 1.650439999999999872e-04 1.807446357199999827e-08
1.110498399999999856e+04 1.433992999999999256e+03 1.945000348381179478e+01 1.647879999999999950e-04 1.647689999999999940e-04 1.900017246600000002e-08
1.111240299999999843e+04 1.441411999999999125e+03 1.949999712247841188e+01 1.645139999999999905e-04 1.644949999999999895e-04 1.909342813499999707e-08
1.111984199999999873e+04 1.448850999999999431e+03 1.954999717132657011e+01 1.642380000000000088e-04 1.642199999999999964e-04 1.838245835999999996e-08
1.112730099999999948e+04 1.456310000000000173e+03 1.960000358129870079e+01 1.639619999999999999e-04 1.639450000000000033e-04 1.693322326999999903e-08
1.113477799999999843e+04 1.463786999999999125e+03 1.965000294667198943e+01 1.636850000000000024e-04 1.636700000000000101e-04 1.484552368000000175e-08
1.114227399999999943e+04 1.471283000000000129e+03 1.970000198271708669e+01 1.634080000000000049e-04 1.633949999999999899e-04 1.224663498450000003e-08
1.114978899999999885e+04 1.478797999999999547e+03 1.975000069193515273e+01 1.631299999999999916e-04 1.631210000000000125e-04 9.283754409300001632e-09
1.115732300000000032e+04 1.486332000000001017e+03 1.979999907680210924e+01 1.628520000000000054e-04 1.628459999999999923e-04 6.113987931599999721e-09
1.116487600000000020e+04 1.493885000000000900e+03 1.984999713976887392e+01 1.625739999999999922e-04 1.625709999999999991e-04 2.895129396399999882e-09
1.117244899999999870e+04 1.501457999999999402e+03 1.990000147794302876e+01 1.622960000000000060e-04 1.622960000000000060e-04 -2.234101817600000035e-10
1.118003999999999905e+04 1.509048999999999751e+03 1.994999888783677733e+01 1.620179999999999928e-04 1.620210000000000129e-04 -3.107951630400000378e-09
1.118765099999999984e+04 1.516660000000000537e+03 2.000000254482677065e+01 1.617409999999999952e-04 1.617459999999999926e-04 -5.646083796600000629e-09
