# # Once                                                         FEFF 10.0.0 
# # POT  SCF 100  9.0000   0, NO core-hole, FOLP (folp(0)= 1.150)
# # Abs   Z=30 Rmt= 1.379 Rnm= 1.523 K  shell
# #   RGRID 0.0100
# # Pot 1 Z= 6 Rmt= 0.899 Rnm= 1.124
# # Pot 2 Z= 6 Rmt= 0.924 Rnm= 1.166
# # Pot 3 Z= 1 Rmt= 0.552 Rnm= 0.961
# # Pot 4 Z=16 Rmt= 1.259 Rnm= 1.480
# # Gam_ch=1.897E+00 H-L exch Vi=-5.000E-01 Vr= 0.000E+00
# # Mu=-6.911E+00eV kf=1.325E+00 Vint=-8.883E+00eV Rs_int= 2.738
# FMS rfms= 9.0000
# # PATH  Rmax= 0.100,  Keep_limit= 0.00, Heap_limit 0.00  Pwcrit= 2.50%
#  S02=1.000  Temp=  10.00  Debye_temp= 315.00  Global_sig2= 0.00000
#  Energy zero shift, vr, vi    0.00000E+00   0.00000E+00
#  Curved wave amplitude ratio filter   4.000%
#     file         sig2 tot  cw amp ratio   deg  nlegs   reff  inp sig2
#     0/   0 paths used
#  xsedge+ 50, used to normalize mu           1.0000E+00
#  -----------------------------------------------------------------------
#  omega    e    k    mu    mu0     chi     @#
      9653.6565335314      -16.9113069000       -1.6200872587    2.7416596892E-06    4.0173059792E-06   -1.2756462900E-06
      9654.1565335314      -16.4113069000       -1.5790658039    2.8655608797E-06    4.2524332984E-06   -1.3868724187E-06
      9654.6565335314      -15.9113069000       -1.5369497306    3.0001794809E-06    4.5147296111E-06   -1.5145501303E-06
      9655.1565335314      -15.4113069000       -1.4936466613    3.1469468031E-06    4.8090214608E-06   -1.6620746577E-06
      9655.6565335314      -14.9113069000       -1.4490501841    3.3075629164E-06    5.1413281101E-06   -1.8337651937E-06
      9656.1565335314      -14.4113069000       -1.4030367413    3.4840643825E-06    5.5192502132E-06   -2.0351858307E-06
      9656.6565335314      -13.9113069000       -1.3554622724    3.6789143456E-06    5.9525201599E-06   -2.2736058143E-06
      9657.1565335314      -13.4113069000       -1.3061560932    3.8951245185E-06    6.4537981456E-06   -2.5586736270E-06
      9657.6565335314      -12.9113069000       -1.2549141860    4.1364238183E-06    7.0398518928E-06   -2.9034280745E-06
      9658.1565335314      -12.4113069000       -1.2014889076    4.4074972456E-06    7.7333540266E-06   -3.3258567810E-06
      9658.6565335314      -11.9113069000       -1.1455747332    4.7143342586E-06    8.5657096130E-06   -3.8513753544E-06
      9659.1565335314      -11.4113069000       -1.0867876258    5.0647550487E-06    9.5816741410E-06   -4.5169190923E-06
      9659.6565335314      -10.9113069000       -1.0246331595    5.4692408016E-06    1.0847238485E-05   -5.3779976829E-06
      9660.1565335314      -10.4113069000       -0.9584566200    5.9423165844E-06    1.2463833246E-05   -6.5215166619E-06
      9660.6565335414       -9.9113068900       -0.8873583607    6.5050195288E-06    1.4595660067E-05   -8.0906405377E-06
      9661.1565335414       -9.4113068900       -0.8100436294    7.1897166730E-06    1.7526829636E-05   -1.0337112963E-05
      9661.6565335414       -8.9113068900       -0.7245250921    8.0506885785E-06    2.1794365408E-05   -1.3743676829E-05
      9662.1565335414       -8.4113068900       -0.6274570930    9.1913703796E-06    2.8545668763E-05   -1.9354298384E-05
      9662.6565335414       -7.9113068900       -0.5123165798    1.0851193807E-05    4.0708090796E-05   -2.9856896989E-05
      9663.1565335414       -7.4113068900       -0.3622625460    1.3762110919E-05    6.7845021273E-05   -5.4082910353E-05
      9663.6565335414       -6.9113068900        0.0000000000    2.0233525332E-05    1.3999428782E-04   -1.1976076249E-04
      9664.1565335414       -6.4113068900        0.3622625460    2.6665460292E-05    2.2979763590E-04   -2.0313217561E-04
      9664.6565335414       -5.9113068900        0.5123165798    3.1724153282E-05    2.9223402836E-04   -2.6050987507E-04
      9665.1565335414       -5.4113068900        0.6274570930    3.8272453629E-05    3.3466246766E-04   -2.9639001403E-04
      9665.6565335414       -4.9113068900        0.7245250921    4.7446745915E-05    3.6028263771E-04   -3.1283589179E-04
      9666.1565335414       -4.4113068900        0.8100436294    6.1249085940E-05    3.7220189789E-04   -3.1095281195E-04
      9666.6565335414       -3.9113068900        0.8873583607    8.2904406133E-05    3.7419080203E-04   -2.9128639589E-04
      9667.1565335414       -3.4113068900        0.9584566200    1.1717374714E-04    3.6974213986E-04   -2.5256839272E-04
      9667.6565335414       -2.9113068900        1.0246331595    1.6780840782E-04    3.6154732814E-04   -1.9373892032E-04
      9668.1565335414       -2.4113068900        1.0867876258    2.2926306348E-04    3.5145636248E-04   -1.2219329900E-04
      9668.6565335414       -1.9113068900        1.1455747332    2.8272495863E-04    3.4065354992E-04   -5.7928591295E-05
      9669.1565335414       -1.4113068900        1.2014889076    3.1718899645E-04    3.2985024583E-04   -1.2661249387E-05
      9669.6565335464       -0.9113068850        1.2549141860    3.4021074656E-04    3.1943892078E-04    2.0771825784E-05
      9670.1565335464       -0.4113068850        1.3061560932    3.5840007274E-04    3.0962877148E-04    4.8771301255E-05
      9670.6565335463        0.0886931149        1.3554622724    3.6960080739E-04    3.0051451184E-04    6.9086295551E-05
      9671.1565335464        0.5886931150        1.4030367413    3.7069765534E-04    2.9212144233E-04    7.8576213014E-05
      9671.6565335414        1.0886931100        1.4490501841    3.6267448668E-04    2.8443491985E-04    7.8239566833E-05
      9672.1565335414        1.5886931100        1.4936466613    3.4926462632E-04    2.7741928583E-04    7.1845340489E-05
      9672.6565335414        2.0886931100        1.5369497306    3.3448586906E-04    2.7103609163E-04    6.3449777436E-05
      9673.1565335414        2.5886931100        1.5790658039    3.2091913121E-04    2.6521164752E-04    5.5707483698E-05
      9673.6565335414        3.0886931100        1.6200872587    3.0962348931E-04    2.5980353308E-04    4.9819956227E-05
      9674.2833091914        3.7154687600        1.6700872977    2.9936813385E-04    2.5385562150E-04    4.5512512344E-05
      9674.9291347514        4.3612943200        1.7200873036    2.9312914339E-04    2.4926858654E-04    4.3860556848E-05
      9675.5940102314        5.0261698000        1.7700872793    2.9205828584E-04    2.4926400195E-04    4.2794283891E-05
      9676.2779356314        5.7100952000        1.8200872856    2.8787291398E-04    2.4842014192E-04    3.9452772054E-05
      9676.9809109514        6.4130705200        1.8700873770    2.8032772837E-04    2.4604139583E-04    3.4286332544E-05
      9677.7029361914        7.1350957600        1.9200873252    2.7071592916E-04    2.4269839429E-04    2.8017534870E-05
      9678.4440113514        7.8761709200        1.9700873572    2.6036244718E-04    2.3891551122E-04    2.1446935961E-05
      9679.2041364414        8.6362960100        2.0200873613    2.5050191445E-04    2.3482215783E-04    1.5679756624E-05
      9679.9833114414        9.4154710100        2.0700873396    2.4223656319E-04    2.3046297535E-04    1.1773587833E-05
      9680.7815363314       10.2136959000        2.1200873943    2.3619197486E-04    2.2591502334E-04    1.0276951516E-05
      9681.5988112314       11.0309708000        2.1700873240    2.3232041043E-04    2.2126395439E-04    1.1056456037E-05
      9682.4351359314       11.8672955000        2.2200873288    2.3029255710E-04    2.1699337755E-04    1.3299179546E-05
      9683.2905106314       12.7226702000        2.2700873101    2.2944780283E-04    2.1356228206E-04    1.5885520776E-05
      9684.1649352314       13.5970948000        2.3200873610    2.2883380201E-04    2.1088164431E-04    1.7952157702E-05
      9685.0584097314       14.4905693000        2.3700872976    2.2789281723E-04    2.0880202860E-04    1.9090788631E-05
      9685.9709342314       15.4030938000        2.4200873029    2.2654998608E-04    2.0721270358E-04    1.9337282496E-05
      9686.9025086314       16.3346682000        2.4700872865    2.2504772553E-04    2.0604665321E-04    1.9001072324E-05
      9687.8531328314       17.2852924000        2.5200873342    2.2368099410E-04    2.0527460247E-04    1.8406391634E-05
      9688.8228070314       18.2549666000        2.5700872766    2.2252602824E-04    2.0484542876E-04    1.7680599476E-05
      9689.8115312314       19.2436908000        2.6200872821    2.2140468482E-04    2.0470741130E-04    1.6697273524E-05
      9690.8193052314       20.2514648000        2.6700872676    2.1995664634E-04    2.0482192715E-04    1.5134719194E-05
      9691.8461292314       21.2782888000        2.7200873124    2.1774397389E-04    2.0516013968E-04    1.2583834207E-05
      9692.8920031314       22.3241627000        2.7700872596    2.1440634642E-04    2.0569441672E-04    8.7119297058E-06
      9693.9569269314       23.3890865000        2.8200872653    2.0986594577E-04    2.0640320913E-04    3.4627366425E-06
      9695.0409006314       24.4730602000        2.8700873265    2.0442869545E-04    2.0726041052E-04   -2.8317150707E-06
      9696.1439242314       25.5760838000        2.9200872946    1.9874707693E-04    2.0825742076E-04   -9.5103438303E-06
      9697.2659978314       26.6981574000        2.9700873176    1.9356324030E-04    2.0937452618E-04   -1.5811285875E-05
      9698.4071213314       27.8392809000        3.0200872517    1.8950346749E-04    2.1059495914E-04   -2.1091491651E-05
      9699.5672947314       28.9994543000        3.0700872401    1.8697125385E-04    2.1191621274E-04   -2.4944958890E-05
      9700.7465180314       30.1786776000        3.1200872801    1.8612286351E-04    2.1331243418E-04   -2.7189570676E-05
      9701.9447913314       31.3769509000        3.1700872349    1.8694742232E-04    2.1476806807E-04   -2.7820645748E-05
      9703.1621144314       32.5942740000        3.2200872408    1.8932614667E-04    2.1628165801E-04   -2.6955511335E-05
      9704.3984875314       33.8306471000        3.2700871651    1.9304494025E-04    2.1783199378E-04   -2.4787053525E-05
      9705.6539105314       35.0860701000        3.3200872682    1.9785031509E-04    2.1940865784E-04   -2.1558342756E-05
      9706.9283834314       36.3605430000        3.3700874155    2.0347181003E-04    2.2100334011E-04   -1.7531530077E-05
      9708.2219063314       37.6540659000        3.4200874809    2.0962551891E-04    2.2258760676E-04   -1.2962087853E-05
      9709.5344791314       38.9666387000        3.4700874677    2.1606830791E-04    2.2416558297E-04   -8.0972750636E-06
      9710.8661017314       40.2982613000        3.5200873794    2.2255496147E-04    2.2572402871E-04   -3.1690672361E-06
      9712.2167743314       41.6489339000        3.5700874575    2.2884624560E-04    2.2724428052E-04    1.6019650825E-06
      9713.5864969314       43.0186565000        3.6200873425    2.3473045404E-04    2.2872173025E-04    6.0087237836E-06
      9714.9752693314       44.4074289000        3.6700873901    2.4000591148E-04    2.3013450686E-04    9.8714046223E-06
      9716.3830917314       45.8152513000        3.7200873650    2.4454588631E-04    2.3148358264E-04    1.3062303668E-05
      9717.8099640314       47.2421236000        3.7700873829    2.4827188331E-04    2.3275416593E-04    1.5517717377E-05
      9719.2558862314       48.6880458000        3.8200872194    2.5118608281E-04    2.3393650922E-04    1.7249573584E-05
      9720.7208583314       50.1530179000        3.8700873213    2.5335666392E-04    2.3503395696E-04    1.8322706966E-05
      9722.2048804314       51.6370400000        3.9200871357    2.5485397292E-04    2.3602635927E-04    1.8827613644E-05
      9723.7079523314       53.1401119000        3.9700873166    2.5575564204E-04    2.3691746549E-04    1.8838176551E-05
      9725.2300742314       54.6622338000        4.0200872151    2.5610125105E-04    2.3770581815E-04    1.8395432899E-05
      9726.7712460314       56.2034056000        4.0700872600    2.5588201163E-04    2.3838432599E-04    1.7497685636E-05
      9728.3314677314       57.7636273000        4.1200870326    2.5506938079E-04    2.3894535592E-04    1.6124024876E-05
      9729.9107394314       59.3428990000        4.1700873594    2.5364809690E-04    2.3939533695E-04    1.4252759952E-05
      9731.5090610314       60.9412206000        4.2200870102    2.5162055163E-04    2.3973450422E-04    1.1886047410E-05
      9733.1264325314       62.5585921000        4.2700874045    2.4902041040E-04    2.3996313450E-04    9.0572758959E-06
      9734.7628539314       64.1950135000        4.3200871369    2.4591263759E-04    2.4008197456E-04    5.8306630332E-06
      9736.4183252314       65.8504848000        4.3700873990    2.4239490240E-04    2.4009281233E-04    2.3020900632E-06
      9738.0928464314       67.5250060000        4.4200875951    2.3860593342E-04    2.4001107365E-04   -1.4051402300E-06
      9739.7864176314       69.2185772000        4.4700873463    2.3470132977E-04    2.3983911031E-04   -5.1377805403E-06
      9741.4990387314       70.9311983000        4.5200876093    2.3086601691E-04    2.3958461950E-04   -8.7186025906E-06
      9743.2307097314       72.6628693000        4.5700872495    2.2728924333E-04    2.3924413423E-04   -1.1954890905E-05
      9744.9814306314       74.4135902000        4.6200875770    2.2417746706E-04    2.3883886895E-04   -1.4661401887E-05
      9746.7512015314       76.1833611000        4.6700872937    2.2166995586E-04    2.3836020132E-04   -1.6690245466E-05
      9748.5400223314       77.9721819000        4.7200875012    2.1988503835E-04    2.3783516697E-04   -1.7950128623E-05
      9750.3478930314       79.7800526000        4.7700872916    2.1884312238E-04    2.3726223138E-04   -1.8419108991E-05
      9752.1748136314       81.6069732000        4.8200875611    2.1852048701E-04    2.3665599864E-04   -1.8135511634E-05
      9754.0207841314       83.4529437000        4.8700872460    2.1883189041E-04    2.3601309279E-04   -1.7181202377E-05
      9755.8858045314       85.3179641000        4.9200874025    2.1969020818E-04    2.3534957330E-04   -1.5659365119E-05
      9757.7698749314       87.2020345000        4.9700873309    2.2099477390E-04    2.3467469099E-04   -1.3679917091E-05
      9759.6729952314       89.1051548000        5.0200875471    2.2264610106E-04    2.3399107221E-04   -1.1344971152E-05
      9761.5951654314       91.0273250000        5.0700872027    2.2456405027E-04    2.3331395446E-04   -8.7499041961E-06
      9763.5363855314       92.9685451000        5.1200874783    2.2665988766E-04    2.3263906337E-04   -5.9791757015E-06
      9765.4966556314       94.9288152000        5.1700872031    2.2886519183E-04    2.3197662559E-04   -3.1114337590E-06
      9767.4759756314       96.9081352000        5.2200873716    2.3112354616E-04    2.3134721536E-04   -2.2366919754E-07
      9769.4743455314       98.9065051000        5.2700871633    2.3334003497E-04    2.3073269338E-04    2.6073415849E-06
      9771.4917654314      100.9239250000        5.3200873890    2.3544492386E-04    2.3014746677E-04    5.2974570912E-06
      9773.5282354314      102.9603950000        5.3700870854    2.3735945118E-04    2.2959971761E-04    7.7597335630E-06
      9775.5837544314      105.0159140000        5.4200875237    2.3899013593E-04    2.2908582974E-04    9.9043061860E-06
      9777.6583244314      107.0904840000        5.4700872829    2.4026065777E-04    2.2861865954E-04    1.1641998222E-05
      9779.7519434314      109.1841030000        5.5200873067    2.4108698529E-04    2.2819251151E-04    1.2894473778E-05
      9781.8646134314      111.2967730000        5.5700872823    2.4141275976E-04    2.2781518700E-04    1.3597572751E-05
      9783.9963324314      113.4284920000        5.6200875141    2.4119836999E-04    2.2748595697E-04    1.3712413023E-05
      9786.1471014314      115.5792610000        5.6700870942    2.4042295885E-04    2.2719367465E-04    1.3229284199E-05
      9788.3169204314      117.7490800000        5.7200875283    2.3913868506E-04    2.2696375780E-04    1.2174927259E-05
      9790.5057904314      119.9379500000        5.7700870235    2.3738951191E-04    2.2677574799E-04    1.0613763917E-05
      9792.7137094314      122.1458690000        5.8200873593    2.3527700638E-04    2.2663037168E-04    8.6466346970E-06
      9794.9406784314      124.3728380000        5.8700870640    2.3294418499E-04    2.2654032606E-04    6.4038589344E-06
      9797.1866964314      126.6188560000        5.9200873040    2.3051856905E-04    2.2648580334E-04    4.0327657125E-06
      9799.4517654314      128.8839250000        5.9700872103    2.2817880394E-04    2.2648743744E-04    1.6913665002E-06
      9801.7358844314      131.1680440000        6.0200873568    2.2610601951E-04    2.2654685904E-04   -4.4083952098E-07
