# # Once                                                         FEFF 10.0.0 
# # POT  SCF 100  9.0000   0, core-hole, FOLP (folp(0)= 1.150)
# # Abs   Z=30 Rmt= 1.385 Rnm= 1.529 K  shell
# #   RGRID 0.0100
# # Pot 1 Z= 6 Rmt= 0.898 Rnm= 1.121
# # Pot 2 Z= 6 Rmt= 0.927 Rnm= 1.163
# # Pot 3 Z= 1 Rmt= 0.550 Rnm= 0.935
# # Pot 4 Z=16 Rmt= 1.256 Rnm= 1.472
# # Gam_ch=1.897E+00 H-L exch Vi= 0.000E+00 Vr= 0.000E+00
# # Mu=-6.816E+00eV kf=2.012E+00 Vint=-1.340E+01eV Rs_int= 1.803
# # PATH  Rmax= 6.000,  Keep_limit= 0.00, Heap_limit 0.00  Pwcrit= 2.50%
#  S02=1.000  Temp=  10.00  Debye_temp= 315.00  Global_sig2= 0.00000
#  Energy zero shift, vr, vi    0.00000E+00   0.00000E+00
#  Curved wave amplitude ratio filter   4.000%
#     file         sig2 tot  cw amp ratio   deg  nlegs   reff  inp sig2
#           1       0.00300    100.00      1.00     2   2.3602
#           2       0.00302     99.96      1.00     2   2.3606
#           3       0.00310     99.19      1.00     2   2.3676
#           4       0.00311     98.99      1.00     2   2.3694
#           5       0.03113     13.17      1.00     2   2.9842
#           6       0.03059     13.10      1.00     2   2.9906
#           7       0.02239     10.45      1.00     2   3.2585
#           8       0.02213     10.30      1.00     2   3.2756
#           9       0.00597     39.10      1.00     2   3.3060
#          10       0.00600     38.87      1.00     2   3.3134
#          11       0.03042      9.44      1.00     2   3.3853
#          12       0.00559     36.41      1.00     2   3.3945
#          13       0.00553     36.18      1.00     2   3.4024
#          14       0.03035      9.28      1.00     2   3.4065
#          15       0.00948     31.34      1.00     2   3.5889
#          16       0.00938     31.23      1.00     2   3.5934
#          17       0.02182      7.25      1.00     2   3.7320
#          18       0.02160      7.24      1.00     2   3.7342
#          19       0.00422     42.17      2.00     3   3.7475
#          20       0.00423     42.04      2.00     3   3.7522
#          21       0.00411     41.64      2.00     3   3.7899
#          22       0.00410     41.63      2.00     3   3.7936
#          23       0.01619     20.64      2.00     3   3.8326
#          24       0.01594     20.50      2.00     3   3.8381
#          25       0.01118     10.83      2.00     3   3.8726
#          26       0.01110     10.56      2.00     3   3.8852
#          27       0.01483      8.36      2.00     3   3.8920
#          28       0.01483      8.19      2.00     3   3.9064
#          29       0.03752      6.07      1.00     2   3.9810
#          30       0.03757      6.02      1.00     2   3.9942
#          31       0.01483      6.78      2.00     3   4.0153
#          32       0.01480      6.75      2.00     3   4.0240
#          33       0.02862      8.36      1.00     4   4.0763
#          34       0.01702      6.55      2.00     3   4.0790
#          35       0.02801      8.31      1.00     4   4.0828
#          36       0.01704      6.49      2.00     3   4.0912
#          37       0.01210      8.10      2.00     3   4.1087
#          38       0.01198      8.00      2.00     3   4.1136
#          39       0.00432      8.53      2.00     3   4.1329
#          40       0.00456     11.92      1.00     4   4.1848
#          41       0.00458     12.06      1.00     4   4.1853
#          42       0.00451     13.63      1.00     4   4.1890
#          43       0.00452     13.49      1.00     4   4.1909
#          44       0.00609     20.56      2.00     3   4.2061
#          45       0.00623     20.62      2.00     3   4.2076
#          46       0.01625      5.54      2.00     3   4.2241
#          47       0.01655      5.57      2.00     3   4.2250
#          48       0.00429      8.88      2.00     3   4.2466
#          49       0.01435      6.15      2.00     3   4.2496
#          50       0.00432      8.94      2.00     3   4.2502
#          51       0.01432      6.14      2.00     3   4.2508
#          54       0.01138      4.90      1.00     2   4.3003
#          55       0.01134      4.88      1.00     2   4.3070
#          56       0.00421     10.51      2.00     3   4.3292
#          57       0.01914      7.65      2.00     3   4.3315
#          59       0.01932      7.73      2.00     3   4.3404
#          61       0.01060     20.52      2.00     3   4.3499
#          62       0.01808      6.07      1.00     4   4.3507
#          63       0.01057     20.40      2.00     3   4.3570
#          65       0.01817      5.97      1.00     4   4.3679
#          66       0.00563     15.20      2.00     3   4.3713
#          68       0.00558     15.23      2.00     3   4.3726
#          71       0.00440     11.80      2.00     3   4.3872
#          72       0.00443     11.81      2.00     3   4.3906
#          73       0.01136     23.34      1.00     4   4.3995
#          74       0.01139     23.16      1.00     4   4.4069
#          75       0.01102      4.58      2.00     4   4.4508
#          76       0.01136      4.53      2.00     4   4.4513
#          77       0.02753      5.27      1.00     4   4.4780
#          80       0.02743      5.17      1.00     4   4.4993
#          81       0.01024      5.17      2.00     4   4.5041
#          82       0.01018      5.10      2.00     4   4.5048
#          83       0.01165      9.08      2.00     3   4.5303
#          84       0.01167      9.14      2.00     3   4.5343
#          85       0.01940      4.20      1.00     2   4.5411
#          86       0.01888      4.19      1.00     2   4.5421
#          88       0.00956     20.63      2.00     4   4.5799
#          89       0.00957     20.71      2.00     4   4.5843
#          93       0.01524     16.27      2.00     3   4.6128
#          94       0.01492     16.16      2.00     3   4.6156
#         100       0.01324     17.14      1.00     4   4.6846
#         102       0.01311     16.92      1.00     4   4.6891
#         104       0.00599      7.65      1.00     4   4.7204
#         105       0.00452      4.15      2.00     4   4.7208
#         107       0.01932      6.46      2.00     4   4.7208
#         108       0.00603      7.64      1.00     4   4.7212
#         109       0.01912      6.40      2.00     4   4.7263
#         110       0.00466      5.70      2.00     4   4.7277
#         112       0.00469      5.74      2.00     4   4.7300
#         114       0.00619      7.53      1.00     4   4.7351
#         115       0.00622      7.50      1.00     4   4.7387
#         116       0.00586     14.23      1.00     2   4.7417
#         117       0.00578     14.16      1.00     2   4.7498
#         118       0.01407      4.64      1.00     4   4.7602
#         119       0.01408      4.72      1.00     4   4.7617
#         120       0.01767      5.91      2.00     4   4.7728
#         121       0.01765      5.84      2.00     4   4.7871
#         122       0.00935     13.38      2.00     4   4.7914
#         123       0.00935     13.39      2.00     4   4.7957
#         124       0.00549     37.11      2.00     3   4.8250
#         125       0.00544     36.96      2.00     3   4.8328
#         130       0.00608     33.54      1.00     4   4.9082
#         131       0.00598     33.41      1.00     4   4.9158
#         133       0.00501     24.50      2.00     3   4.9424
#         134       0.00500     24.96      2.00     3   4.9451
#         135       0.01467      4.34      2.00     4   4.9502
#         137       0.01463      4.40      2.00     4   4.9531
#         140       0.00458     35.72      2.00     4   5.0257
#         141       0.00457     36.24      2.00     4   5.0281
#         142       0.01158      5.48      2.00     4   5.0729
#         143       0.01171      5.52      2.00     4   5.0741
#         144       0.00889      5.63      2.00     3   5.0748
#         145       0.01157      8.22      2.00     4   5.0804
#         146       0.01171      8.19      2.00     4   5.0817
#         147       0.00878      5.55      2.00     3   5.0875
#         148       0.02229      5.86      2.00     3   5.1271
#         149       0.00676      5.70      1.00     4   5.1274
#         150       0.02227      5.98      2.00     3   5.1320
#         151       0.00679      5.69      1.00     4   5.1350
#         152       0.00538     13.70      1.00     4   5.1405
#         153       0.00540     13.14      1.00     4   5.1432
#         155       0.00931     10.58      2.00     4   5.1581
#         156       0.00920     10.49      2.00     4   5.1705
#         159       0.00643      5.67      1.00     4   5.2193
#         161       0.00478     26.98      2.00     4   5.2204
#         162       0.01686      4.40      2.00     3   5.2235
#         163       0.00477     27.25      2.00     4   5.2240
#         164       0.00645      5.67      1.00     4   5.2270
#         166       0.01678      4.39      2.00     3   5.2336
#         167       0.02189      9.56      2.00     3   5.2717
#         168       0.02192      9.46      2.00     3   5.2735
#         171       0.01208      6.36      2.00     4   5.3030
#         174       0.01201      6.30      2.00     4   5.3155
#         175       0.02400      8.68      1.00     4   5.3377
#         176       0.02408      8.52      1.00     4   5.3421
#         177       0.03180      4.16      2.00     4   5.3517
#         178       0.03122      4.09      2.00     4   5.3599
#         183       0.01571      5.45      2.00     3   5.3807
#         184       0.01569      5.41      2.00     3   5.3847
#         185       0.00675      4.94      2.00     3   5.3886
#         186       0.01020      9.04      2.00     4   5.3910
#         187       0.00674      4.90      2.00     3   5.3920
#         188       0.00636      6.41      2.00     3   5.3937
#         189       0.01005      9.02      2.00     4   5.3958
#         190       0.00636      6.36      2.00     3   5.3978
#         191       0.01134      6.95      2.00     4   5.4456
#         192       0.01600      9.14      2.00     4   5.4493
#         193       0.01596      9.16      2.00     4   5.4507
#         194       0.01128      6.92      2.00     4   5.4556
#         195       0.01585      4.29      2.00     4   5.4609
#         196       0.01585      4.40      2.00     4   5.4636
#         197       0.00541      9.34      2.00     4   5.5129
#         198       0.00542      9.35      2.00     4   5.5157
#         199       0.00615      6.64      2.00     3   5.5202
#         200       0.01133      4.43      2.00     3   5.5200
#         201       0.01131      4.36      2.00     3   5.5244
#         202       0.00606      6.55      2.00     3   5.5263
#         203       0.01486      6.72      2.00     3   5.5300
#         205       0.01475      6.70      2.00     3   5.5396
#         206       0.01185      5.20      2.00     4   5.5391
#         207       0.01178      5.18      2.00     4   5.5440
#         209       0.01469      5.06      1.00     4   5.5538
#         211       0.01459      5.05      1.00     4   5.5617
#         215       0.01172      7.89      2.00     4   5.5886
#         216       0.01170      7.84      2.00     4   5.5904
#         219       0.01119      6.71      2.00     4   5.6033
#         220       0.01116      6.67      2.00     4   5.6074
#         223       0.01103      6.64      2.00     3   5.6714
#         224       0.00952      4.28      2.00     4   5.6735
#         226       0.00544      7.82      2.00     4   5.6795
#         227       0.00541      7.91      2.00     4   5.6800
#         228       0.01094      6.63      2.00     3   5.6810
#         230       0.00951      4.25      2.00     4   5.6828
#         231       0.01058     10.15      2.00     4   5.6952
#         232       0.01068      4.78      2.00     4   5.6958
#         233       0.01065      4.66      2.00     4   5.7034
#         234       0.01054     10.17      2.00     4   5.7032
#         235       0.01147      5.51      2.00     4   5.7197
#         236       0.01150      5.48      2.00     4   5.7208
#         237       0.00909      5.20      2.00     4   5.7525
#         238       0.00925      5.20      2.00     4   5.7541
#         239       0.01135      7.80      2.00     4   5.7547
#         240       0.00879      4.12      2.00     4   5.7551
#         241       0.00657      4.39      2.00     4   5.7621
#         242       0.00873      4.10      2.00     4   5.7626
#         244       0.01126      7.78      2.00     4   5.7641
#         246       0.00650      4.30      2.00     4   5.7718
#         249       0.00947      7.51      2.00     3   5.8258
#         250       0.00938      7.45      2.00     3   5.8307
#         251       0.01182      4.78      2.00     4   5.8351
#         252       0.01017      5.03      1.00     4   5.8366
#         253       0.01180      4.86      2.00     4   5.8381
#         254       0.01015      5.05      1.00     4   5.8447
#         255       0.00988      8.21      2.00     4   5.8722
#         256       0.00986      8.36      2.00     4   5.8764
#         257       0.01385      4.93      2.00     4   5.9254
#         258       0.01381      4.95      2.00     4   5.9307
#         259       0.01030      5.87      2.00     4   5.9564
#         260       0.01018      5.80      2.00     4   5.9627
#         261       0.00976      4.84      2.00     4   5.9765
#         262       0.00975      4.94      2.00     4   5.9796
#   201/ 250 paths used
#  xsedge+50, used to normalize mu           1.0000E+00
#  -----------------------------------------------------------------------
#  omega    e    k    mu    mu0     chi     @#
    9663.657     -6.816   0.000 -5.45539E-05  1.43936E-04 -6.92003E-01
    9663.666     -6.806   0.050 -5.84462E-05  1.45778E-04 -7.11171E-01
    9663.695     -6.778   0.100 -6.22638E-05  1.47621E-04 -7.30034E-01
    9663.742     -6.730   0.150 -7.30497E-05  1.53153E-04 -7.84202E-01
    9663.809     -6.663   0.200 -8.30971E-05  1.58686E-04 -8.35463E-01
    9663.895     -6.578   0.250 -9.79405E-05  1.67471E-04 -9.12617E-01
    9663.999     -6.473   0.300 -1.10453E-04  1.76257E-04 -9.81044E-01
    9664.123     -6.349   0.350 -1.24397E-04  1.86905E-04 -1.05910E+00
    9664.266     -6.206   0.400 -1.33369E-04  1.97553E-04 -1.11946E+00
    9664.428     -6.044   0.450 -1.39385E-04  2.08030E-04 -1.16861E+00
    9664.609     -5.863   0.500 -1.37375E-04  2.18507E-04 -1.19036E+00
    9664.809     -5.663   0.550 -1.27652E-04  2.27343E-04 -1.18186E+00
    9665.028     -5.444   0.600 -1.07988E-04  2.36179E-04 -1.14050E+00
    9665.266     -5.206   0.650 -7.78530E-05  2.42943E-04 -1.05992E+00
    9665.523     -4.949   0.700 -3.87029E-05  2.49706E-04 -9.50122E-01
    9665.800     -4.673   0.750  9.43687E-06  2.54531E-04 -8.06880E-01
    9666.095     -4.377   0.800  6.23063E-05  2.59355E-04 -6.48272E-01
    9666.409     -4.063   0.850  1.18544E-04  2.62508E-04 -4.74511E-01
    9666.743     -3.730   0.900  1.73503E-04  2.65662E-04 -3.04323E-01
    9667.095     -3.377   0.950  2.25059E-04  2.67401E-04 -1.40438E-01
    9667.467     -3.006   1.000  2.70031E-04  2.69140E-04  2.96873E-03
    9667.857     -2.615   1.050  3.06845E-04  2.69698E-04  1.24600E-01
    9668.267     -2.206   1.100  3.34592E-04  2.70256E-04  2.17277E-01
    9668.695     -1.777   1.150  3.53111E-04  2.69849E-04  2.83685E-01
    9669.143     -1.329   1.200  3.63241E-04  2.69442E-04  3.22443E-01
    9669.610     -0.863   1.250  3.66322E-04  2.68286E-04  3.40557E-01
    9670.095     -0.377   1.300  3.63744E-04  2.67130E-04  3.39184E-01
    9670.600      0.128   1.350  3.57604E-04  2.65417E-04  3.27445E-01
    9671.124      0.652   1.400  3.48785E-04  2.63704E-04  3.05794E-01
    9671.667      1.195   1.450  3.39181E-04  2.61611E-04  2.82295E-01
    9672.229      1.757   1.500  3.28719E-04  2.59518E-04  2.55034E-01
    9672.810      2.338   1.550  3.18229E-04  2.57197E-04  2.27841E-01
    9673.410      2.938   1.600  3.07257E-04  2.54876E-04  1.98114E-01
    9674.029      3.557   1.650  2.95505E-04  2.52452E-04  1.64953E-01
    9674.667      4.195   1.700  2.83237E-04  2.50028E-04  1.28915E-01
    9675.325      4.852   1.750  2.70185E-04  2.47597E-04  8.88071E-02
    9676.001      5.529   1.800  2.57403E-04  2.45165E-04  4.87340E-02
    9676.696      6.224   1.850  2.46985E-04  2.42799E-04  1.68765E-02
    9677.411      6.938   1.900  2.37318E-04  2.40433E-04 -1.27137E-02
    9678.144      7.672   1.950  2.34710E-04  2.38140E-04 -1.41598E-02
    9678.896      8.424   2.000  2.31865E-04  2.35847E-04 -1.66330E-02
    9679.668      9.196   2.050  2.35495E-04  2.33778E-04  7.25219E-03
    9680.459      9.986   2.100  2.41091E-04  2.31709E-04  4.00781E-02
    9681.268     10.796   2.150  2.46820E-04  2.29641E-04  7.42266E-02
    9682.097     11.625   2.200  2.50950E-04  2.27572E-04  1.02179E-01
    9682.945     12.472   2.250  2.54164E-04  2.27375E-04  1.17828E-01
    9683.811     13.339   2.300  2.54320E-04  2.27178E-04  1.20139E-01
    9684.697     14.225   2.350  2.51421E-04  2.26980E-04  1.08873E-01
    9685.602     15.130   2.400  2.46358E-04  2.26783E-04  8.77575E-02
    9686.526     16.054   2.450  2.41602E-04  2.27068E-04  6.52726E-02
    9687.469     16.997   2.500  2.37281E-04  2.27352E-04  4.46700E-02
    9688.431     17.959   2.550  2.33818E-04  2.27636E-04  2.78580E-02
    9689.412     18.940   2.600  2.31347E-04  2.27920E-04  1.54676E-02
    9690.412     19.940   2.650  2.27646E-04  2.27457E-04  8.55091E-04
    9691.431     20.959   2.700  2.24181E-04  2.26995E-04 -1.27623E-02
    9692.470     21.997   2.750  2.20820E-04  2.26532E-04 -2.59646E-02
    9693.527     23.054   2.800  2.17440E-04  2.26069E-04 -3.93200E-02
    9694.603     24.131   2.850  2.14307E-04  2.25773E-04 -5.22496E-02
    9695.698     25.226   2.900  2.11238E-04  2.25477E-04 -6.48825E-02
    9696.813     26.341   2.950  2.08267E-04  2.25181E-04 -7.70721E-02
    9697.946     27.474   3.000  2.05493E-04  2.24885E-04 -8.83630E-02
    9699.099     28.627   3.050  2.03585E-04  2.24818E-04 -9.66015E-02
    9700.270     29.798   3.100  2.02179E-04  2.24751E-04 -1.02530E-01
    9701.461     30.989   3.150  2.01424E-04  2.24684E-04 -1.05492E-01
    9702.671     32.198   3.200  2.01445E-04  2.24617E-04 -1.04928E-01
    9703.899     33.427   3.250  2.02558E-04  2.24741E-04 -1.00196E-01
    9705.147     34.675   3.300  2.04439E-04  2.24864E-04 -9.20274E-02
    9706.414     35.942   3.350  2.07094E-04  2.24987E-04 -8.04231E-02
    9707.700     37.228   3.400  2.10421E-04  2.25111E-04 -6.58604E-02
    9709.005     38.533   3.450  2.14303E-04  2.25384E-04 -4.95355E-02
    9710.329     39.857   3.500  2.18489E-04  2.25658E-04 -3.19547E-02
    9711.672     41.200   3.550  2.22816E-04  2.25932E-04 -1.38501E-02
    9713.034     42.562   3.600  2.27122E-04  2.26206E-04  4.05945E-03
    9714.415     43.943   3.650  2.31271E-04  2.26571E-04  2.07634E-02
    9715.815     45.343   3.700  2.35155E-04  2.26936E-04  3.61986E-02
    9717.234     46.762   3.750  2.38678E-04  2.27301E-04  4.99623E-02
    9718.673     48.200   3.800  2.41767E-04  2.27666E-04  6.17360E-02
    9720.130     49.658   3.850  2.44402E-04  2.28061E-04  7.13454E-02
    9721.606     51.134   3.900  2.46530E-04  2.28457E-04  7.86888E-02
    9723.102     52.629   3.950  2.48105E-04  2.28853E-04  8.35916E-02
    9724.616     54.144   4.000  2.49088E-04  2.29249E-04  8.59075E-02
    9726.150     55.677   4.050  2.49468E-04  2.29611E-04  8.57990E-02
    9727.702     57.230   4.100  2.49218E-04  2.29972E-04  8.29705E-02
    9729.274     58.802   4.150  2.48328E-04  2.30333E-04  7.74061E-02
    9730.865     60.392   4.200  2.46816E-04  2.30695E-04  6.91919E-02
    9732.474     62.002   4.250  2.44669E-04  2.30968E-04  5.87145E-02
    9734.103     63.631   4.300  2.42015E-04  2.31242E-04  4.61001E-02
    9735.751     65.279   4.350  2.38962E-04  2.31515E-04  3.18183E-02
    9737.418     66.945   4.400  2.35649E-04  2.31789E-04  1.64672E-02
    9739.104     68.631   4.450  2.32109E-04  2.31939E-04  7.23845E-04
    9740.809     70.336   4.500  2.28633E-04  2.32089E-04 -1.47216E-02
    9742.533     72.060   4.550  2.25395E-04  2.32240E-04 -2.91353E-02
    9744.276     73.803   4.600  2.22552E-04  2.32390E-04 -4.18468E-02
    9746.038     75.566   4.650  2.20079E-04  2.32408E-04 -5.24371E-02
    9747.819     77.347   4.700  2.18227E-04  2.32425E-04 -6.03850E-02
    9749.619     79.147   4.750  2.17049E-04  2.32443E-04 -6.54658E-02
    9751.439     80.966   4.800  2.16554E-04  2.32461E-04 -6.76449E-02
    9753.277     82.805   4.850  2.16575E-04  2.32355E-04 -6.71433E-02
    9755.134     84.662   4.900  2.17184E-04  2.32250E-04 -6.41362E-02
    9757.011     86.538   4.950  2.18289E-04  2.32145E-04 -5.90145E-02
    9758.906     88.434   5.000  2.19784E-04  2.32040E-04 -5.22256E-02
    9760.821     90.348   5.050  2.21477E-04  2.31842E-04 -4.42096E-02
    9762.754     92.282   5.100  2.23354E-04  2.31644E-04 -3.53890E-02
    9764.707     94.235   5.150  2.25328E-04  2.31446E-04 -2.61401E-02
    9766.679     96.206   5.200  2.27326E-04  2.31248E-04 -1.67708E-02
    9768.669     98.197   5.250  2.29261E-04  2.31000E-04 -7.44708E-03
    9770.679    100.207   5.300  2.31123E-04  2.30753E-04  1.58289E-03
    9772.708    102.235   5.350  2.32875E-04  2.30506E-04  1.01627E-02
    9774.756    104.283   5.400  2.34484E-04  2.30259E-04  1.81459E-02
    9776.823    106.350   5.450  2.35927E-04  2.30001E-04  2.54743E-02
    9778.909    108.436   5.500  2.37152E-04  2.29744E-04  3.18776E-02
    9781.014    110.541   5.550  2.38113E-04  2.29486E-04  3.71591E-02
    9783.138    112.665   5.600  2.38765E-04  2.29228E-04  4.11193E-02
    9785.281    114.808   5.650  2.39115E-04  2.28999E-04  4.36490E-02
    9787.443    116.971   5.700  2.39078E-04  2.28770E-04  4.45127E-02
    9789.624    119.152   5.750  2.38639E-04  2.28542E-04  4.36415E-02
    9791.824    121.352   5.800  2.37805E-04  2.28313E-04  4.10611E-02
    9794.044    123.571   5.850  2.36670E-04  2.28138E-04  3.69269E-02
    9796.282    125.810   5.900  2.35218E-04  2.27964E-04  3.14122E-02
    9798.539    128.067   5.950  2.33521E-04  2.27790E-04  2.48327E-02
    9800.816    130.344   6.000  2.31667E-04  2.27616E-04  1.75622E-02
    9803.111    132.639   6.050  2.29843E-04  2.27541E-04  9.98111E-03
    9805.426    134.954   6.100  2.28029E-04  2.27467E-04  2.43737E-03
    9807.760    137.287   6.150  2.26304E-04  2.27392E-04 -4.72050E-03
    9810.112    139.640   6.200  2.24735E-04  2.27318E-04 -1.12059E-02
    9812.484    142.012   6.250  2.23370E-04  2.27244E-04 -1.68056E-02
    9814.875    144.402   6.300  2.22242E-04  2.27169E-04 -2.13808E-02
    9817.285    146.812   6.350  2.21367E-04  2.27095E-04 -2.48592E-02
    9819.713    149.241   6.400  2.20749E-04  2.27020E-04 -2.72216E-02
    9822.161    151.689   6.450  2.20384E-04  2.26946E-04 -2.84877E-02
    9824.628    154.156   6.500  2.20261E-04  2.26871E-04 -2.87039E-02
    9827.114    156.642   6.550  2.20374E-04  2.26857E-04 -2.81530E-02
    9829.619    159.147   6.600  2.20704E-04  2.26842E-04 -2.66572E-02
    9832.144    161.671   6.650  2.21235E-04  2.26827E-04 -2.42916E-02
    9834.687    164.214   6.700  2.21943E-04  2.26812E-04 -2.11542E-02
    9837.249    166.777   6.750  2.22800E-04  2.26798E-04 -1.73695E-02
    9839.830    169.358   6.800  2.23771E-04  2.26783E-04 -1.30891E-02
    9842.431    171.958   6.850  2.24815E-04  2.26768E-04 -8.48778E-03
    9845.050    174.578   6.900  2.25889E-04  2.26753E-04 -3.75610E-03
    9847.688    177.216   6.950  2.26948E-04  2.26739E-04  9.11339E-04
    9850.346    179.873   7.000  2.27950E-04  2.26724E-04  5.32843E-03
    9853.022    182.550   7.050  2.28790E-04  2.26621E-04  9.43569E-03
    9855.718    185.246   7.100  2.29509E-04  2.26519E-04  1.30177E-02
    9858.432    187.960   7.150  2.30079E-04  2.26416E-04  1.59576E-02
    9861.166    190.694   7.200  2.30482E-04  2.26313E-04  1.81771E-02
    9863.919    193.446   7.250  2.30711E-04  2.26211E-04  1.96354E-02
    9866.691    196.218   7.300  2.30762E-04  2.26108E-04  2.03241E-02
    9869.481    199.009   7.350  2.30641E-04  2.26005E-04  2.02594E-02
    9872.291    201.819   7.400  2.30356E-04  2.25903E-04  1.94764E-02
    9875.120    204.648   7.450  2.29919E-04  2.25800E-04  1.80253E-02
    9877.968    207.496   7.500  2.29344E-04  2.25697E-04  1.59714E-02
    9880.835    210.363   7.550  2.28516E-04  2.25459E-04  1.34087E-02
    9883.721    213.249   7.600  2.27593E-04  2.25220E-04  1.04206E-02
    9886.626    216.154   7.650  2.26602E-04  2.24982E-04  7.12275E-03
    9889.550    219.078   7.700  2.25571E-04  2.24744E-04  3.64271E-03
    9892.494    222.021   7.750  2.24532E-04  2.24505E-04  1.16379E-04
    9895.456    224.984   7.800  2.23516E-04  2.24267E-04 -3.31703E-03
    9898.437    227.965   7.850  2.22554E-04  2.24028E-04 -6.52140E-03
    9901.438    230.965   7.900  2.21674E-04  2.23790E-04 -9.37076E-03
    9904.457    233.985   7.950  2.20901E-04  2.23552E-04 -1.17561E-02
    9907.496    237.023   8.000  2.20253E-04  2.23313E-04 -1.35910E-02
    9910.553    240.081   8.050  2.19687E-04  2.23029E-04 -1.48670E-02
    9913.630    243.157   8.100  2.19264E-04  2.22745E-04 -1.55100E-02
    9916.725    246.253   8.150  2.18985E-04  2.22461E-04 -1.55095E-02
    9919.840    249.368   8.200  2.18847E-04  2.22177E-04 -1.48812E-02
    9922.974    252.501   8.250  2.18839E-04  2.21893E-04 -1.36663E-02
    9926.126    255.654   8.300  2.18947E-04  2.21609E-04 -1.19293E-02
    9929.298    258.826   8.350  2.19151E-04  2.21325E-04 -9.75604E-03
    9932.489    262.017   8.400  2.19428E-04  2.21041E-04 -7.25035E-03
    9935.699    265.227   8.450  2.19751E-04  2.20757E-04 -4.53030E-03
    9938.928    268.456   8.500  2.20090E-04  2.20473E-04 -1.72333E-03
    9942.176    271.704   8.550  2.20488E-04  2.20252E-04  1.06404E-03
    9945.443    274.971   8.600  2.20853E-04  2.20032E-04  3.71044E-03
    9948.729    278.257   8.650  2.21158E-04  2.19812E-04  6.09341E-03
    9952.034    281.562   8.700  2.21381E-04  2.19591E-04  8.10581E-03
    9955.358    284.886   8.750  2.21502E-04  2.19371E-04  9.66317E-03
    9958.702    288.229   8.800  2.21509E-04  2.19150E-04  1.07095E-02
    9962.064    291.592   8.850  2.21398E-04  2.18930E-04  1.12207E-02
    9965.445    294.973   8.900  2.21172E-04  2.18710E-04  1.12045E-02
    9968.846    298.373   8.950  2.20837E-04  2.18489E-04  1.06983E-02
    9972.265    301.793   9.000  2.20409E-04  2.18269E-04  9.76350E-03
    9975.704    305.231   9.050  2.19987E-04  2.18118E-04  8.53211E-03
    9979.161    308.689   9.100  2.19501E-04  2.17967E-04  7.01088E-03
    9982.638    312.166   9.150  2.18972E-04  2.17816E-04  5.28653E-03
    9986.134    315.661   9.200  2.18418E-04  2.17665E-04  3.44623E-03
    9989.648    319.176   9.250  2.17858E-04  2.17514E-04  1.57325E-03
    9993.182    322.710   9.300  2.17308E-04  2.17364E-04 -2.56038E-04
    9996.735    326.263   9.350  2.16783E-04  2.17213E-04 -1.97381E-03
   10000.307    329.834   9.400  2.16295E-04  2.17062E-04 -3.52158E-03
   10003.898    333.425   9.450  2.15856E-04  2.16911E-04 -4.85053E-03
   10007.508    337.035   9.500  2.15473E-04  2.16760E-04 -5.92176E-03
   10011.137    340.664   9.550  2.15131E-04  2.16598E-04 -6.75703E-03
   10014.785    344.312   9.600  2.14855E-04  2.16436E-04 -7.29126E-03
   10018.452    347.979   9.650  2.14647E-04  2.16275E-04 -7.51287E-03
   10022.138    351.666   9.700  2.14506E-04  2.16113E-04 -7.42306E-03
   10025.843    355.371   9.750  2.14430E-04  2.15951E-04 -7.03612E-03
   10029.567    359.095   9.800  2.14412E-04  2.15790E-04 -6.37900E-03
   10033.311    362.838   9.850  2.14443E-04  2.15628E-04 -5.48987E-03
   10037.073    366.601   9.900  2.14514E-04  2.15466E-04 -4.41587E-03
   10040.854    370.382   9.950  2.14613E-04  2.15305E-04 -3.21015E-03
   10044.655    374.183  10.000  2.14728E-04  2.15143E-04 -1.92873E-03
   10048.474    378.002  10.050  2.14764E-04  2.14897E-04 -6.19265E-04
   10052.313    381.841  10.100  2.14794E-04  2.14651E-04  6.67281E-04
   10056.171    385.698  10.150  2.14808E-04  2.14404E-04  1.88021E-03
   10060.047    389.575  10.200  2.14795E-04  2.14158E-04  2.97454E-03
   10063.943    393.471  10.250  2.14749E-04  2.13912E-04  3.91217E-03
   10067.858    397.385  10.300  2.14662E-04  2.13666E-04  4.66247E-03
   10071.792    401.319  10.350  2.14530E-04  2.13420E-04  5.20264E-03
   10075.744    405.272  10.400  2.14350E-04  2.13174E-04  5.51790E-03
   10079.716    409.244  10.450  2.14120E-04  2.12927E-04  5.60166E-03
   10083.707    413.235  10.500  2.13841E-04  2.12681E-04  5.45578E-03
   10087.717    417.245  10.550  2.13516E-04  2.12435E-04  5.09074E-03
   10091.746    421.274  10.600  2.13149E-04  2.12189E-04  4.52570E-03
   10095.794    425.322  10.650  2.12745E-04  2.11943E-04  3.78816E-03
   10099.862    429.389  10.700  2.12313E-04  2.11697E-04  2.91319E-03
   10103.948    433.475  10.750  2.11861E-04  2.11450E-04  1.94207E-03
   10108.053    437.581  10.800  2.11399E-04  2.11204E-04  9.20361E-04
   10112.177    441.705  10.850  2.10936E-04  2.10958E-04 -1.04406E-04
   10116.321    445.848  10.900  2.10483E-04  2.10712E-04 -1.08533E-03
   10120.483    450.011  10.950  2.10049E-04  2.10466E-04 -1.97871E-03
   10124.665    454.192  11.000  2.09642E-04  2.10220E-04 -2.74639E-03
   10128.865    458.393  11.050  2.09295E-04  2.10007E-04 -3.39028E-03
   10133.085    462.612  11.100  2.08984E-04  2.09794E-04 -3.86555E-03
   10137.323    466.851  11.150  2.08711E-04  2.09582E-04 -4.15556E-03
   10141.581    471.109  11.200  2.08479E-04  2.09369E-04 -4.25260E-03
   10145.858    475.385  11.250  2.08287E-04  2.09157E-04 -4.15811E-03
   10150.153    479.681  11.300  2.08133E-04  2.08944E-04 -3.88250E-03
   10154.468    483.996  11.350  2.08012E-04  2.08732E-04 -3.44465E-03
   10158.802    488.330  11.400  2.07920E-04  2.08519E-04 -2.87083E-03
   10163.155    492.683  11.450  2.07849E-04  2.08306E-04 -2.19317E-03
   10167.527    497.055  11.500  2.07792E-04  2.08094E-04 -1.44767E-03
   10171.918    501.446  11.550  2.07741E-04  2.07881E-04 -6.72004E-04
   10176.328    505.856  11.600  2.07689E-04  2.07669E-04  9.67008E-05
   10180.757    510.285  11.650  2.07627E-04  2.07456E-04  8.23901E-04
   10185.205    514.733  11.700  2.07551E-04  2.07244E-04  1.47923E-03
   10189.672    519.200  11.750  2.07454E-04  2.07031E-04  2.03764E-03
   10194.159    523.686  11.800  2.07332E-04  2.06819E-04  2.48004E-03
   10198.664    528.192  11.850  2.07184E-04  2.06606E-04  2.79354E-03
   10203.188    532.716  11.900  2.07008E-04  2.06393E-04  2.97148E-03
   10207.732    537.259  11.950  2.06803E-04  2.06181E-04  3.01320E-03
   10212.294    541.822  12.000  2.06572E-04  2.05968E-04  2.92376E-03
   10216.876    546.403  12.050  2.06302E-04  2.05736E-04  2.74186E-03
   10221.476    551.004  12.100  2.06007E-04  2.05504E-04  2.44365E-03
   10226.096    555.624  12.150  2.05693E-04  2.05272E-04  2.04556E-03
   10230.735    560.262  12.200  2.05362E-04  2.05040E-04  1.56835E-03
   10235.392    564.920  12.250  2.05020E-04  2.04808E-04  1.03619E-03
   10240.069    569.597  12.300  2.04673E-04  2.04576E-04  4.75405E-04
   10244.765    574.293  12.350  2.04326E-04  2.04343E-04 -8.68491E-05
   10249.480    579.007  12.400  2.03984E-04  2.04111E-04 -6.24102E-04
   10254.214    583.741  12.450  2.03652E-04  2.03879E-04 -1.11201E-03
   10258.967    588.494  12.500  2.03335E-04  2.03647E-04 -1.52967E-03
   10263.739    593.266  12.550  2.03036E-04  2.03415E-04 -1.86065E-03
   10268.530    598.057  12.600  2.02757E-04  2.03183E-04 -2.09370E-03
   10273.340    602.867  12.650  2.02499E-04  2.02951E-04 -2.22305E-03
   10278.169    607.697  12.700  2.02262E-04  2.02719E-04 -2.24827E-03
   10283.017    612.545  12.750  2.02045E-04  2.02487E-04 -2.17389E-03
   10287.884    617.412  12.800  2.01847E-04  2.02254E-04 -2.00867E-03
   10292.771    622.298  12.850  2.01665E-04  2.02022E-04 -1.76480E-03
   10297.676    627.204  12.900  2.01496E-04  2.01790E-04 -1.45698E-03
   10302.600    632.128  12.950  2.01336E-04  2.01558E-04 -1.10165E-03
   10307.544    637.072  13.000  2.01181E-04  2.01326E-04 -7.16144E-04
   10312.506    642.034  13.050  2.00984E-04  2.01048E-04 -3.21405E-04
   10317.488    647.016  13.100  2.00786E-04  2.00771E-04  7.31584E-05
   10322.489    652.016  13.150  2.00584E-04  2.00493E-04  4.51541E-04
   10327.508    657.036  13.200  2.00376E-04  2.00216E-04  7.98863E-04
   10332.547    662.075  13.250  2.00159E-04  1.99938E-04  1.10177E-03
   10337.605    667.132  13.300  1.99930E-04  1.99660E-04  1.34883E-03
   10342.681    672.209  13.350  1.99689E-04  1.99383E-04  1.53093E-03
   10347.777    677.305  13.400  1.99433E-04  1.99105E-04  1.64171E-03
   10352.892    682.420  13.450  1.99162E-04  1.98828E-04  1.67788E-03
   10358.026    687.554  13.500  1.98876E-04  1.98550E-04  1.63945E-03
   10363.179    692.707  13.550  1.98577E-04  1.98272E-04  1.52989E-03
   10368.351    697.879  13.600  1.98264E-04  1.97995E-04  1.35595E-03
   10373.542    703.070  13.650  1.97941E-04  1.97717E-04  1.12741E-03
   10378.752    708.280  13.700  1.97609E-04  1.97440E-04  8.56520E-04
   10383.982    713.509  13.750  1.97272E-04  1.97162E-04  5.57336E-04
   10389.230    718.758  13.800  1.96933E-04  1.96884E-04  2.44934E-04
   10394.497    724.025  13.850  1.96594E-04  1.96607E-04 -6.54387E-05
   10399.784    729.311  13.900  1.96259E-04  1.96329E-04 -3.59184E-04
   10405.089    734.617  13.950  1.95929E-04  1.96052E-04 -6.23102E-04
   10410.413    739.941  14.000  1.95608E-04  1.95774E-04 -8.46033E-04
   10415.757    745.285  14.050  1.95330E-04  1.95532E-04 -1.03073E-03
   10421.119    750.647  14.100  1.95062E-04  1.95290E-04 -1.16198E-03
   10426.501    756.029  14.150  1.94806E-04  1.95047E-04 -1.23579E-03
   10431.902    761.429  14.200  1.94561E-04  1.94805E-04 -1.25119E-03
   10437.321    766.849  14.250  1.94327E-04  1.94563E-04 -1.21008E-03
   10442.760    772.288  14.300  1.94103E-04  1.94321E-04 -1.11683E-03
   10448.218    777.746  14.350  1.93888E-04  1.94079E-04 -9.77940E-04
   10453.695    783.223  14.400  1.93680E-04  1.93836E-04 -8.01531E-04
   10459.191    788.718  14.450  1.93478E-04  1.93594E-04 -5.96839E-04
   10464.706    794.233  14.500  1.93279E-04  1.93352E-04 -3.73766E-04
   10470.240    799.767  14.550  1.93082E-04  1.93110E-04 -1.42446E-04
   10475.793    805.320  14.600  1.92884E-04  1.92867E-04  8.71240E-05
   10481.365    810.893  14.650  1.92684E-04  1.92625E-04  3.05404E-04
   10486.956    816.484  14.700  1.92480E-04  1.92383E-04  5.03589E-04
   10492.566    822.094  14.750  1.92271E-04  1.92141E-04  6.73849E-04
   10498.195    827.723  14.800  1.92054E-04  1.91898E-04  8.09567E-04
   10503.844    833.371  14.850  1.91830E-04  1.91656E-04  9.05564E-04
   10509.511    839.039  14.900  1.91598E-04  1.91414E-04  9.58317E-04
   10515.198    844.725  14.950  1.91357E-04  1.91172E-04  9.66169E-04
   10520.903    850.431  15.000  1.91108E-04  1.90930E-04  9.29498E-04
   10526.627    856.155  15.050  1.90804E-04  1.90640E-04  8.56810E-04
   10532.371    861.899  15.100  1.90494E-04  1.90351E-04  7.46289E-04
   10538.134    867.661  15.150  1.90177E-04  1.90062E-04  6.03880E-04
   10543.915    873.443  15.200  1.89856E-04  1.89773E-04  4.37324E-04
   10549.716    879.244  15.250  1.89533E-04  1.89484E-04  2.55682E-04
   10555.536    885.063  15.300  1.89208E-04  1.89195E-04  6.87221E-05
   10561.375    890.902  15.350  1.88884E-04  1.88906E-04 -1.13781E-04
   10567.232    896.760  15.400  1.88563E-04  1.88617E-04 -2.82747E-04
   10573.109    902.637  15.450  1.88246E-04  1.88327E-04 -4.30411E-04
   10579.005    908.533  15.500  1.87934E-04  1.88038E-04 -5.50789E-04
   10584.920    914.448  15.550  1.87629E-04  1.87749E-04 -6.39945E-04
   10590.854    920.382  15.600  1.87329E-04  1.87460E-04 -6.96042E-04
   10596.807    926.335  15.650  1.87036E-04  1.87171E-04 -7.19174E-04
   10602.780    932.307  15.700  1.86749E-04  1.86882E-04 -7.11050E-04
   10608.771    938.298  15.750  1.86466E-04  1.86593E-04 -6.74581E-04
   10614.781    944.309  15.800  1.86189E-04  1.86303E-04 -6.13439E-04
   10620.810    950.338  15.850  1.85915E-04  1.86014E-04 -5.31687E-04
   10626.859    956.386  15.900  1.85644E-04  1.85725E-04 -4.33499E-04
   10632.926    962.454  15.950  1.85376E-04  1.85436E-04 -3.23018E-04
   10639.012    968.540  16.000  1.85109E-04  1.85147E-04 -2.04332E-04
   10645.118    974.646  16.050  1.84858E-04  1.84873E-04 -8.39872E-05
   10651.243    980.770  16.100  1.84606E-04  1.84599E-04  3.77477E-05
   10657.386    986.914  16.150  1.84355E-04  1.84326E-04  1.56706E-04
   10663.549    993.076  16.200  1.84102E-04  1.84052E-04  2.68385E-04
   10669.730    999.258  16.250  1.83846E-04  1.83778E-04  3.68079E-04
   10675.931   1005.459  16.300  1.83588E-04  1.83505E-04  4.51146E-04
   10682.151   1011.679  16.350  1.83325E-04  1.83231E-04  5.13385E-04
   10688.390   1017.918  16.400  1.83058E-04  1.82957E-04  5.51446E-04
   10694.648   1024.175  16.450  1.82787E-04  1.82683E-04  5.63234E-04
   10700.925   1030.452  16.500  1.82510E-04  1.82410E-04  5.48209E-04
   10707.221   1036.748  16.550  1.82229E-04  1.82136E-04  5.07539E-04
   10713.536   1043.063  16.600  1.81943E-04  1.81862E-04  4.44068E-04
   10719.870   1049.398  16.650  1.81654E-04  1.81589E-04  3.62094E-04
   10726.223   1055.751  16.700  1.81363E-04  1.81315E-04  2.66985E-04
   10732.595   1062.123  16.750  1.81071E-04  1.81041E-04  1.64692E-04
   10738.986   1068.514  16.800  1.80778E-04  1.80767E-04  6.12130E-05
   10745.397   1074.924  16.850  1.80487E-04  1.80494E-04 -3.79040E-05
   10751.826   1081.354  16.900  1.80197E-04  1.80220E-04 -1.27967E-04
   10758.275   1087.802  16.950  1.79909E-04  1.79946E-04 -2.05404E-04
   10764.742   1094.270  17.000  1.79624E-04  1.79672E-04 -2.67872E-04
   10771.228   1100.756  17.050  1.79332E-04  1.79389E-04 -3.17150E-04
   10777.734   1107.262  17.100  1.79043E-04  1.79105E-04 -3.50487E-04
   10784.259   1113.786  17.150  1.78756E-04  1.78822E-04 -3.68181E-04
   10790.802   1120.330  17.200  1.78472E-04  1.78539E-04 -3.70988E-04
   10797.365   1126.893  17.250  1.78191E-04  1.78255E-04 -3.59910E-04
   10803.947   1133.474  17.300  1.77912E-04  1.77972E-04 -3.36067E-04
   10810.547   1140.075  17.350  1.77635E-04  1.77688E-04 -3.00658E-04
   10817.167   1146.695  17.400  1.77359E-04  1.77405E-04 -2.55001E-04
   10823.806   1153.334  17.450  1.77086E-04  1.77121E-04 -2.00632E-04
   10830.464   1159.992  17.500  1.76813E-04  1.76838E-04 -1.39414E-04
   10837.141   1166.669  17.550  1.76541E-04  1.76554E-04 -7.36137E-05
   10843.837   1173.365  17.600  1.76270E-04  1.76271E-04 -5.91864E-06
   10850.552   1180.080  17.650  1.75998E-04  1.75987E-04  6.06379E-05
   10857.286   1186.814  17.700  1.75725E-04  1.75704E-04  1.22840E-04
   10864.040   1193.567  17.750  1.75452E-04  1.75420E-04  1.77522E-04
   10870.812   1200.340  17.800  1.75176E-04  1.75137E-04  2.21846E-04
   10877.603   1207.131  17.850  1.74898E-04  1.74853E-04  2.53574E-04
   10884.414   1213.941  17.900  1.74617E-04  1.74570E-04  2.71289E-04
   10891.243   1220.771  17.950  1.74334E-04  1.74286E-04  2.74545E-04
   10898.091   1227.619  18.000  1.74049E-04  1.74003E-04  2.63897E-04
   10904.959   1234.487  18.050  1.73746E-04  1.73703E-04  2.43963E-04
   10911.845   1241.373  18.100  1.73441E-04  1.73404E-04  2.13307E-04
   10918.751   1248.279  18.150  1.73135E-04  1.73104E-04  1.74333E-04
   10925.676   1255.203  18.200  1.72827E-04  1.72805E-04  1.29772E-04
   10932.619   1262.147  18.250  1.72520E-04  1.72505E-04  8.24167E-05
   10939.582   1269.110  18.300  1.72212E-04  1.72206E-04  3.48759E-05
   10946.564   1276.092  18.350  1.71904E-04  1.71906E-04 -1.06049E-05
   10953.565   1283.092  18.400  1.71598E-04  1.71607E-04 -5.22470E-05
   10960.585   1290.112  18.450  1.71292E-04  1.71307E-04 -8.87604E-05
   10967.624   1297.151  18.500  1.70987E-04  1.71008E-04 -1.19299E-04
   10974.682   1304.209  18.550  1.70684E-04  1.70708E-04 -1.43373E-04
   10981.759   1311.286  18.600  1.70381E-04  1.70409E-04 -1.60741E-04
   10988.855   1318.382  18.650  1.70080E-04  1.70109E-04 -1.71320E-04
   10995.970   1325.498  18.700  1.69780E-04  1.69809E-04 -1.75124E-04
   11003.104   1332.632  18.750  1.69481E-04  1.69510E-04 -1.72249E-04
   11010.257   1339.785  18.800  1.69183E-04  1.69210E-04 -1.62898E-04
   11017.430   1346.957  18.850  1.68886E-04  1.68911E-04 -1.47431E-04
   11024.621   1354.149  18.900  1.68590E-04  1.68611E-04 -1.26435E-04
   11031.831   1361.359  18.950  1.68295E-04  1.68312E-04 -1.00769E-04
   11039.061   1368.588  19.000  1.68000E-04  1.68012E-04 -7.15843E-05
   11046.309   1375.837  19.050  1.67725E-04  1.67732E-04 -4.11094E-05
   11053.577   1383.105  19.100  1.67450E-04  1.67452E-04 -9.36058E-06
   11060.863   1390.391  19.150  1.67175E-04  1.67172E-04  2.20832E-05
   11068.169   1397.697  19.200  1.66900E-04  1.66892E-04  5.16054E-05
   11075.494   1405.021  19.250  1.66624E-04  1.66612E-04  7.76839E-05
   11082.838   1412.365  19.300  1.66348E-04  1.66331E-04  9.90202E-05
   11090.200   1419.728  19.350  1.66070E-04  1.66051E-04  1.14647E-04
   11097.582   1427.110  19.400  1.65792E-04  1.65771E-04  1.24001E-04
   11104.983   1434.511  19.450  1.65512E-04  1.65491E-04  1.26946E-04
   11112.403   1441.931  19.500  1.65231E-04  1.65211E-04  1.23759E-04
   11119.842   1449.370  19.550  1.64950E-04  1.64931E-04  1.15067E-04
   11127.300   1456.828  19.600  1.64667E-04  1.64651E-04  1.01764E-04
   11134.777   1464.305  19.650  1.64384E-04  1.64370E-04  8.49093E-05
   11142.273   1471.801  19.700  1.64101E-04  1.64090E-04  6.56341E-05
   11149.788   1479.316  19.750  1.63817E-04  1.63810E-04  4.50555E-05
   11157.323   1486.850  19.800  1.63534E-04  1.63530E-04  2.42162E-05
   11164.876   1494.404  19.850  1.63250E-04  1.63250E-04  4.04488E-06
   11172.448   1501.976  19.900  1.62967E-04  1.62970E-04 -1.46629E-05
   11180.040   1509.567  19.950  1.62684E-04  1.62690E-04 -3.12497E-05
   11187.650   1517.178  20.000  1.62402E-04  1.62409E-04 -4.51954E-05
