9.654024100100001306e+03 -1.700189989999956808e+01 -1.590732701472097110e+00 2.707800741000000187e-06 3.972450901600000194e-06 -1.264650160600000007e-06
9.654524100100001306e+03 -1.650189989999956808e+01 -1.548933950065543241e+00 2.829328635800000135e-06 4.204080752099999615e-06 -1.374752116299999904e-06
9.655024100100001306e+03 -1.600189989999956808e+01 -1.505975509694157388e+00 2.961298093099999960e-06 4.462359423599999727e-06 -1.501061330399999904e-06
9.655524100100001306e+03 -1.550189989999956808e+01 -1.461755140210393655e+00 3.105094282200000084e-06 4.752003226000000044e-06 -1.646908943799999959e-06
9.656024100100001306e+03 -1.500189989999956808e+01 -1.416154632822432591e+00 3.262360705699999847e-06 5.078890089200000286e-06 -1.816529383500000015e-06
9.656524100100001306e+03 -1.450189989999956808e+01 -1.369036083599467712e+00 3.435063882500000163e-06 5.450436981499999891e-06 -2.015373099000000151e-06
9.657024100100001306e+03 -1.400189989999956808e+01 -1.320236968248617027e+00 3.625579264899999844e-06 5.876133901000000423e-06 -2.250554636100000155e-06
9.657524100100001306e+03 -1.350189989999956808e+01 -1.269563510212557311e+00 3.836807423300000203e-06 6.368315647899999807e-06 -2.531508224600000028e-06
9.658024100100001306e+03 -1.300189989999956808e+01 -1.216781558290624732e+00 4.072334458700000114e-06 6.943304515800000221e-06 -2.870970057100000108e-06
9.658524100100001306e+03 -1.250189989999956808e+01 -1.161603725342292170e+00 4.336658982600000013e-06 7.623149581899999699e-06 -3.286490599300000110e-06
9.659024100100001306e+03 -1.200189989999956808e+01 -1.103670724836906425e+00 4.635522840200000333e-06 8.438360048400000602e-06 -3.802837208199999846e-06
9.659524100100001306e+03 -1.150189989999956808e+01 -1.042523344100722227e+00 4.976410454999999821e-06 9.432364414200000125e-06 -4.455953959200000303e-06
9.660024100100001306e+03 -1.100189989999956808e+01 -9.775585798957949768e-01 5.369336580200000272e-06 1.066911510700000075e-05 -5.299778527000000203e-06
9.660524100100001306e+03 -1.050189989999956808e+01 -9.079573950691816053e-01 5.828159254999999638e-06 1.224676991699999940e-05 -6.418610662400000060e-06
9.661024100100001306e+03 -1.000189989999956808e+01 -8.325577970289776975e-01 6.372926782399999833e-06 1.432397959800000031e-05 -7.951052815900000066e-06
9.661524100050000925e+03 -9.501899949999948802e+00 -7.496121348071879131e-01 7.034470705299999675e-06 1.717475836600000110e-05 -1.014028765999999984e-05
9.662024100050000925e+03 -9.001899949999948802e+00 -6.562653478457629586e-01 7.864531795100000789e-06 2.131599333600000095e-05 -1.345146154099999917e-05
9.662524100050000925e+03 -8.501899949999948802e+00 -5.472203038229217498e-01 8.961935688100000267e-06 2.784950293299999859e-05 -1.888756724499999904e-05
9.663024100050000925e+03 -8.001899949999948802e+00 -4.101413354552078672e-01 1.055642128199999933e-05 3.957898942499999924e-05 -2.902256814299999992e-05
9.663524100050000925e+03 -7.501899949999947914e+00 -1.923064460227788541e-01 1.335416227300000066e-05 6.563930354299999325e-05 -5.228514127000000275e-05
9.663665000000000873e+03 -7.360999999999999766e+00 0.000000000000000000e+00 1.511407959452630238e-05 8.511035030429134221e-05 -6.999627071117403001e-05
9.663675000000001091e+03 -7.350999999999781487e+00 5.123165932700871755e-02 1.523898505556629977e-05 8.649225617163130953e-05 -7.125327111757401928e-05
9.663703000000001339e+03 -7.322999999999534104e+00 9.986888948025554602e-02 1.558872034647829519e-05 9.036159260018325056e-05 -7.477287225549395671e-05
9.663751000000000204e+03 -7.275000000000669154e+00 1.502407171473840175e-01 1.618826655947029557e-05 9.699474076341526175e-05 -8.080647420621395400e-05
9.663818000000001120e+03 -7.207999999999752383e+00 2.003937340222696761e-01 1.702513314843829659e-05 1.062535100745932949e-04 -8.922837692909398239e-05
9.663903000000000247e+03 -7.123000000000625498e+00 2.499348983886820197e-01 1.808682956727829732e-05 1.179997099469832882e-04 -9.991288038349398605e-05
9.664008000000001630e+03 -7.017999999999243066e+00 3.000443701604951774e-01 1.939833690819829962e-05 1.325097215540533516e-04 -1.131113846506940225e-04
9.664024100050000925e+03 -7.001899949999947914e+00 3.070054994379700641e-01 1.959943532499999920e-05 1.347345969100000127e-04 -1.151351615899999948e-04
9.664132000000001426e+03 -6.893999999999446793e+00 3.501038306559755009e-01 2.092066821940632455e-05 1.534402321400897518e-04 -1.325195639241728168e-04
9.664275000000001455e+03 -6.750999999999417689e+00 4.001320506507538566e-01 2.267170057762432173e-05 1.782308445352097023e-04 -1.555591439590727908e-04
9.664437000000001717e+03 -6.588999999999155754e+00 4.501394464151933228e-01 2.465538758483632321e-05 2.063153145212897016e-04 -1.816599269356727799e-04
9.664524100050000925e+03 -6.501899949999947914e+00 4.748542118926890598e-01 2.572192608800000078e-05 2.214150598300000108e-04 -1.956931337399999890e-04
9.664618000000000393e+03 -6.408000000000479979e+00 5.001322645286027102e-01 2.659925678532070600e-05 2.329808824950556920e-04 -2.063816257084861918e-04
9.664818000000001120e+03 -6.207999999999752383e+00 5.501144793309180603e-01 2.846790676292070742e-05 2.576152356870556933e-04 -2.291473289244861928e-04
9.665024100050000925e+03 -6.001899949999947914e+00 5.972609717864514334e-01 3.039355103199999924e-05 2.830009428099999869e-04 -2.526073917800000053e-04
9.665037000000000262e+03 -5.989000000000610946e+00 6.000887403201946579e-01 3.054403844829898552e-05 2.841101041563503897e-04 -2.535660657100772359e-04
9.665275000000001455e+03 -5.750999999999417689e+00 6.500568818896668155e-01 3.332048371197498111e-05 3.045737804055903422e-04 -2.712532966961171644e-04
9.665524100050000925e+03 -5.501899949999947914e+00 6.985376255337758522e-01 3.622641923300000161e-05 3.259918593000000011e-04 -2.897654400700000140e-04
9.665532000000001062e+03 -5.493999999999810591e+00 7.000202144707585727e-01 3.635152747572147877e-05 3.264169830153745584e-04 -2.900654555425899190e-04
9.665808000000000902e+03 -5.217999999999970662e+00 7.499796991827626380e-01 4.072242539167347276e-05 3.412695004924945637e-04 -3.005470751015498917e-04
9.666024100050000925e+03 -5.001899949999947914e+00 7.868856080482315996e-01 4.414471255900000055e-05 3.528985938600000022e-04 -3.087538812999999810e-04
9.666104000000001179e+03 -4.921999999999694175e+00 8.001000959502785337e-01 4.599828715800964677e-05 3.550430959928838710e-04 -3.090448088335545672e-04
9.666418000000001484e+03 -4.607999999999388585e+00 8.500442383454196449e-01 5.328267749979364828e-05 3.634708067702438873e-04 -3.101881292678745948e-04
9.666524100050000925e+03 -4.501899949999947914e+00 8.662696497168214105e-01 5.574406023699999928e-05 3.663185154800000193e-04 -3.105744552399999784e-04
9.666751000000000204e+03 -4.275000000000669154e+00 8.999873045167785524e-01 6.388952565905350075e-05 3.678569351966595974e-04 -3.039674095391441187e-04
9.667024100050000925e+03 -4.001899949999947914e+00 9.389660547046276839e-01 7.369352523699999836e-05 3.697085993399999975e-04 -2.960150741099999878e-04
9.667104000000001179e+03 -3.921999999999694175e+00 9.500676056332958419e-01 7.832378909465076194e-05 3.691842714107253232e-04 -2.908604823219559108e-04
9.667475000000000364e+03 -3.551000000000509083e+00 1.000002095751271414e+00 9.982352584277673444e-05 3.667496558476253214e-04 -2.669261300055359712e-04
9.667524100050000925e+03 -3.501899949999947914e+00 1.006425058190943078e+00 1.026689116899999970e-04 3.664274462900000257e-04 -2.637585346000000152e-04
9.667865999999999985e+03 -3.160000000000887432e+00 1.050061566564020055e+00 1.343971238577570796e-04 3.614491850100630030e-04 -2.270520611523058963e-04
9.668024100050000925e+03 -3.001899949999947914e+00 1.069638043275253247e+00 1.490687607800000088e-04 3.591471567200000235e-04 -2.100783959399999876e-04
9.668275000000001455e+03 -2.750999999999417689e+00 1.099990374909949997e+00 1.823007025906674887e-04 3.544293677647833798e-04 -1.721286651741158640e-04
9.668524100050000925e+03 -2.501899949999947914e+00 1.129318241014809043e+00 2.152942459000000038e-04 3.497454231700000108e-04 -1.344511772700000070e-04
9.668704000000001543e+03 -2.321999999999330377e+00 1.150033791698531482e+00 2.409691291861555912e-04 3.460403381131027154e-04 -1.050712089294656988e-04
9.669024100050000925e+03 -2.001899949999947914e+00 1.185999087417798803e+00 2.866530297299999777e-04 3.394477964700000241e-04 -5.279476674700000121e-05
9.669152000000000044e+03 -1.874000000000829225e+00 1.200068130043041359e+00 2.995782635382029761e-04 3.367782857933593354e-04 -3.720002225936811202e-05
9.669524100050000925e+03 -1.501899949999947914e+00 1.240091924505163812e+00 3.371817195699999760e-04 3.290118632399999742e-04 8.169856333900000678e-06
9.669618000000000393e+03 -1.408000000000479979e+00 1.249989496233149255e+00 3.422383694935106834e-04 3.271068042312849427e-04 1.513156526464215970e-05
9.670024100050000925e+03 -1.001899949999947914e+00 1.291921873446684188e+00 3.641074523499999755e-04 3.188677736600000184e-04 4.523967868600000324e-05
9.670104000000001179e+03 -9.219999999996941753e-01 1.300012819350716997e+00 3.667023871251915497e-04 3.173313475215990779e-04 4.937103960039151398e-05
9.670524100055001327e+03 -5.018999449995460438e-01 1.341751196857862594e+00 3.803461033200000101e-04 3.092530858300000102e-04 7.109301749100000020e-05
9.670609000000000378e+03 -4.170000000004945306e-01 1.350029561825121682e+00 3.807860855602800891e-04 3.077290532202769479e-04 7.305703234032398367e-05
9.671024100055001327e+03 -1.899944999546043789e-03 1.389795100054888044e+00 3.829372842699999783e-04 3.002776229500000137e-04 8.265966131700000431e-05
9.671133000000001630e+03 1.070000000007569341e-01 1.400040428941517145e+00 3.793089193839824323e-04 2.984712732869063113e-04 8.083764609451177957e-05
9.671524100055001327e+03 4.981000550004539562e-01 1.436232768740375754e+00 3.662781165999999923e-04 2.919840023100000255e-04 7.429411428899999361e-05
9.671676000000001295e+03 6.500000000004222400e-01 1.450046028608160009e+00 3.580764745619162176e-04 2.896716583477485754e-04 6.840481621286387552e-05
9.672024100055001327e+03 9.981000550004539562e-01 1.481215282081141504e+00 3.392812600900000264e-04 2.843725974399999995e-04 5.490866264799999915e-05
9.672238000000001193e+03 1.212000000000320377e+00 1.500046887612802804e+00 3.286251818113199922e-04 2.813946683783183182e-04 4.723051343142945890e-05
9.672524100050000925e+03 1.498100050000052086e+00 1.524871422915826447e+00 3.143722350500000170e-04 2.774115647200000147e-04 3.696067032900000199e-05
9.672819000000001324e+03 1.793000000000451344e+00 1.550043464724272013e+00 3.045072473900450579e-04 2.736656834373745405e-04 3.084156395226034334e-05
9.673024100050000925e+03 1.998100050000052086e+00 1.567312030928240674e+00 2.976462443199999843e-04 2.710604594000000258e-04 2.658578491999999914e-05
9.673419000000001688e+03 2.393000000000815142e+00 1.600036161333550533e+00 2.917407748274651776e-04 2.664807566679140726e-04 2.526001816586949638e-05
9.673524100050000925e+03 2.498100050000052086e+00 1.608633316874755081e+00 2.901690725800000134e-04 2.652618986099999757e-04 2.490717397799999957e-05
9.674024100050000925e+03 2.998100050000052086e+00 1.648919432242383687e+00 2.905840618400000073e-04 2.598742103799999868e-04 3.070985146500000181e-05
9.674038000000000466e+03 3.011999999999592781e+00 1.650025330156514647e+00 2.907207797783710598e-04 2.597418245269004426e-04 3.097895525633755331e-05
9.674650875700001052e+03 3.624875700000179002e+00 1.698070678205896522e+00 2.967489383100000095e-04 2.539046760200000161e-04 4.284426228899999980e-05
9.674676000000001295e+03 3.650000000000422240e+00 1.700011282399241486e+00 2.968745544107067192e-04 2.537230065962511297e-04 4.315154781322219434e-05
9.675296701260000191e+03 4.270701259999317934e+00 1.747270087786616743e+00 2.999779273200000218e-04 2.492348242299999858e-04 5.074310308299999985e-05
9.675333000000000538e+03 4.306999999999665540e+00 1.749994293691794933e+00 2.997910555032016881e-04 2.492226364723100301e-04 5.056841902400082816e-05
9.675961576740000964e+03 4.935576740000091611e+00 1.796513704686265145e+00 2.965550402200000150e-04 2.490115839400000239e-04 4.754345627500000302e-05
9.676010000000000218e+03 4.983999999999345398e+00 1.800047516444433171e+00 2.958793904453382016e-04 2.489605687794853176e-04 4.691882166120688795e-05
9.676645502140001554e+03 5.619502140000681045e+00 1.845797990717649384e+00 2.870122287199999801e-04 2.482910507900000117e-04 3.872117793000000226e-05
9.676705000000001746e+03 5.679000000000873349e+00 1.850023384774743596e+00 2.860421753081749557e-04 2.481025957048657972e-04 3.793957960330920589e-05
9.677348477460000140e+03 6.322477459999267246e+00 1.895119772971777472e+00 2.755509155300000135e-04 2.460644282899999763e-04 2.948648723999999996e-05
9.677419000000001688e+03 6.393000000000815142e+00 1.899997074869211211e+00 2.745077703647313765e-04 2.457480085180930294e-04 2.875976184634526693e-05
9.678070502700000361e+03 7.044502699999488193e+00 1.944476198167616854e+00 2.648709664200000189e-04 2.428248532299999906e-04 2.204611318700000022e-05
9.678153000000000247e+03 7.126999999999374502e+00 1.950036053677992820e+00 2.638855309668157066e-04 2.424122060235242863e-04 2.147332494018006833e-05
9.678811577860000398e+03 7.785577859999524897e+00 1.993864693637008800e+00 2.560187768800000017e-04 2.391180338000000133e-04 1.690074307600000064e-05
9.678905000000000655e+03 7.878999999999781956e+00 2.000004191502662287e+00 2.551446704311055515e-04 2.386242960605799393e-04 1.652037436750558393e-05
9.679571702950001054e+03 8.545702950000180209e+00 2.043282934497553605e+00 2.488912731435961195e-04 2.350713636956993974e-04 1.381970135317141082e-05
9.679677000000001499e+03 8.651000000000625079e+00 2.050034703912886336e+00 2.481296462809320729e-04 2.344843218957812973e-04 1.364508869387148211e-05
9.680350877950000722e+03 9.324877949999848425e+00 2.092728812249879944e+00 2.432827944712634546e-04 2.307269839372468371e-04 1.255552577690648853e-05
9.680467000000000553e+03 9.440999999999679204e+00 2.099998151836547589e+00 2.426758119647723583e-04 2.300683704333269912e-04 1.260723477148790135e-05
9.681149102900000798e+03 1.012310289999992463e+01 2.142200415616354547e+00 2.391688972665698522e-04 2.262373928016328365e-04 1.293234508738308972e-05
9.681277000000000044e+03 1.025099999999916989e+01 2.150021291527466349e+00 2.387437668847254828e-04 2.255254490318686742e-04 1.321949926276287799e-05
9.681966377700000521e+03 1.094037769999964738e+01 2.191695996551567660e+00 2.364760801930053705e-04 2.217628214877996552e-04 1.471729488650877794e-05
9.682106000000001586e+03 1.108000000000071239e+01 2.200040401417537872e+00 2.362463500906887125e-04 2.210692161734706786e-04 1.518196287737220617e-05
9.682802702500001033e+03 1.177670250000015884e+01 2.241213975257873248e+00 2.351913551097479409e-04 2.179592056774372854e-04 1.724702750579845681e-05
9.682953000000001339e+03 1.192700000000046501e+01 2.249997424658124245e+00 2.351512430012254638e-04 2.174676505897455662e-04 1.770134742914760421e-05
9.683658077200001571e+03 1.263207720000069756e+01 2.290752893524952594e+00 2.350928221343479908e-04 2.153486681858188484e-04 1.977903685850622876e-05
9.683820000000001528e+03 1.279400000000065418e+01 2.300010526041509351e+00 2.351267738429335512e-04 2.150375016478627975e-04 2.012899297415760491e-05
9.684532501800000318e+03 1.350650179999944456e+01 2.340311421628523902e+00 2.354778496096019867e-04 2.138369039901733438e-04 2.170989584139976813e-05
9.684706000000000131e+03 1.367999999999925720e+01 2.350020282120522275e+00 2.355065893516755529e-04 2.136835829994370231e-04 2.190039945832767293e-05
9.685425976300000912e+03 1.439997630000003781e+01 2.389888339635994452e+00 2.358745948532022440e-04 2.131897578162224207e-04 2.280917868401097866e-05
9.685611000000000786e+03 1.458499999999991203e+01 2.400026902015347741e+00 2.359006586222751141e-04 2.131718695047135192e-04 2.286706784557002620e-05
9.686338500700001532e+03 1.531250070000065833e+01 2.439482526348974112e+00 2.356909761725912078e-04 2.132457732055732802e-04 2.262227717060286659e-05
9.686535000000001673e+03 1.550900000000079970e+01 2.450030577760196948e+00 2.355825628381993009e-04 2.133566246108690436e-04 2.241429525815908741e-05
9.687270075100001122e+03 1.624407510000024857e+01 2.489092954823728832e+00 2.351199870829082995e-04 2.138527191689674589e-04 2.149551241736331859e-05
9.687478000000000975e+03 1.645200000000010121e+01 2.500031486014741233e+00 2.349696308239103263e-04 2.140602527067385309e-04 2.114940853055554914e-05
9.688220699400000740e+03 1.719469939999986607e+01 2.538718667724917832e+00 2.341929453896796098e-04 2.148468194270400388e-04 1.961770328061792097e-05
9.688440000000000509e+03 1.741399999999963555e+01 2.550029789573681427e+00 2.339543825625168519e-04 2.151260991092506999e-04 1.910901179662699193e-05
9.689190373600000385e+03 1.816437359999951084e+01 2.588358785923535077e+00 2.326815286545315994e-04 2.160916471586224420e-04 1.687923316725348883e-05
9.689421000000000276e+03 1.839499999999940272e+01 2.600025638701342512e+00 2.322666912911112297e-04 2.164161312582660931e-04 1.614133094358220053e-05
9.690179097700000057e+03 1.915309769999918288e+01 2.638012496215824232e+00 2.298870222548553917e-04 2.171919159558140049e-04 1.293818137683780818e-05
9.690421000000000276e+03 1.939499999999940272e+01 2.650019172315261073e+00 2.290680448924560140e-04 2.174394288693511275e-04 1.185492559887796118e-05
9.691186871700001575e+03 2.016087170000070117e+01 2.687679045277788337e+00 2.259316968635384070e-04 2.181553304639181532e-04 7.919548845048366632e-06
9.691440000000000509e+03 2.041399999999963555e+01 2.700010519037955525e+00 2.248289924040318324e-04 2.183790103874616334e-04 6.564188011875303945e-06
9.692213695700000244e+03 2.118769569999937019e+01 2.737357739064550710e+00 2.209777920861312722e-04 2.189808210516464243e-04 1.995037340820393220e-06
9.692478000000000975e+03 2.145200000000010121e+01 2.749999798133768714e+00 2.196029964615560934e-04 2.191637774492942079e-04 3.965383119730084419e-07
9.693259569600000759e+03 2.223356959999988547e+01 2.787047923434228913e+00 2.152364270727706184e-04 2.196141476316266518e-04 -4.564259496412566985e-06
9.693535000000001673e+03 2.250900000000079970e+01 2.799987120345187375e+00 2.136579831382871613e-04 2.197442311494713784e-04 -6.323806566275142364e-06
9.694324493400001302e+03 2.329849340000042801e+01 2.836748994559126658e+00 2.094890053131329220e-04 2.202146207949019644e-04 -1.110055260866081032e-05
9.694612000000000990e+03 2.358600000000011576e+01 2.850018635780549481e+00 2.079587743935804056e-04 2.203568351020204156e-04 -1.282402454660414567e-05
9.695408467100000053e+03 2.438246709999917883e+01 2.886460390072176807e+00 2.041825490910329139e-04 2.206673694179826339e-04 -1.702752449417758315e-05
9.695707000000000335e+03 2.468099999999946093e+01 2.900001552369435576e+00 2.027695010374927140e-04 2.207541837590601408e-04 -1.857103940252497677e-05
9.696511490800001411e+03 2.548549080000053735e+01 2.936181590048076107e+00 1.996398095413260819e-04 2.209119278574973909e-04 -2.194505084667958974e-05
9.696822000000000116e+03 2.579599999999924265e+01 2.950027313268241969e+00 1.984338974669427511e-04 2.209453652218547185e-04 -2.321683621646045164e-05
9.697633564300000216e+03 2.660756429999934269e+01 2.985912095906723351e+00 1.960750609312988610e-04 2.209692451986789113e-04 -2.564996754600127295e-05
9.697955000000001746e+03 2.692900000000087246e+01 3.000006287254053383e+00 1.951339999999999921e-04 2.209559999999999899e-04 -2.659625276399999827e-05
9.698774687800001630e+03 2.774868780000075574e+01 3.035651458943390502e+00 1.940128832084995526e-04 2.210818323856027798e-04 -2.784189028333051288e-05
9.699108000000000175e+03 2.808199999999930085e+01 3.050026830034925585e+00 1.935569999999999901e-04 2.211330000000000121e-04 -2.834880833400000287e-05
9.699934861200001251e+03 2.890886120000037707e+01 3.085399246547912089e+00 1.932251257352689787e-04 2.212586885513236523e-04 -2.878003557104000549e-05
9.700279000000000451e+03 2.925299999999957734e+01 3.100002263475568842e+00 1.930869999999999895e-04 2.213109999999999958e-04 -2.895965090499999915e-05
9.701114084500000899e+03 3.008808450000002566e+01 3.135155057684136715e+00 1.934621219206549263e-04 2.214358069193954749e-04 -2.866421546062759604e-05
9.701470000000001164e+03 3.044400000000029038e+01 3.150018058521124598e+00 1.936220000000000107e-04 2.214890000000000066e-04 -2.853819318299999930e-05
9.702312357800001337e+03 3.128635780000046296e+01 3.184918520434104838e+00 1.946190339220843675e-04 2.216123228540943079e-04 -2.760788292010876778e-05
9.702679000000000087e+03 3.165299999999921354e+01 3.199990302128349562e+00 1.950529999999999907e-04 2.216660000000000017e-04 -2.720262985399999863e-05
9.703529680999999982e+03 3.250368099999911209e+01 3.234689277596249468e+00 1.967515933067534725e-04 2.219193354320585676e-04 -2.569120103273175019e-05
9.703908000000001266e+03 3.288200000000039580e+01 3.250001763731375171e+00 1.975070000000000048e-04 2.220319999999999911e-04 -2.501789966400000027e-05
9.704766054000001532e+03 3.374005400000066146e+01 3.284466993570306137e+00 1.995916311923076971e-04 2.222829532932692176e-04 -2.311823662114046154e-05
9.705156000000000859e+03 3.412999999999998835e+01 3.300010892760984582e+00 2.005390000000000124e-04 2.223969999999999918e-04 -2.225348861399999750e-05
9.706021477100000993e+03 3.499547710000012302e+01 3.334251368495363188e+00 2.030022284314127884e-04 2.226470115379636976e-04 -1.997599470379034505e-05
9.706423000000000684e+03 3.539699999999981372e+01 3.350017793679349598e+00 2.041450000000000046e-04 2.227630000000000083e-04 -1.891763542010000250e-05
9.707295950000001540e+03 3.626995000000066938e+01 3.384042096847762249e+00 2.069478075816485226e-04 2.230107657465007890e-04 -1.630288871798055907e-05
9.707709000000000742e+03 3.668299999999987193e+01 3.400022564798412805e+00 2.082739999999999917e-04 2.231280000000000091e-04 -1.506363903359999886e-05
9.708589472800000294e+03 3.756347279999942401e+01 3.433838906074749620e+00 2.113661125229118819e-04 2.234606230577777667e-04 -1.225417700519238219e-05
9.709014000000001033e+03 3.798800000000016297e+01 3.450025298726301148e+00 2.128569999999999985e-04 2.236209999999999923e-04 -1.089655936379999982e-05
9.709902045600001657e+03 3.887604560000078635e+01 3.483641539175017954e+00 2.160972932731117973e-04 2.239516695474320213e-04 -7.945630418937301050e-06
9.710338000000001557e+03 3.931200000000068684e+01 3.500026082775332892e+00 2.176880000000000069e-04 2.241140000000000027e-04 -6.493770384199999424e-06
9.711233668300001227e+03 4.020766830000035696e+01 3.533449746178509709e+00 2.209718947946388650e-04 2.244427896291139300e-04 -3.507613240602144129e-06
9.711681000000000495e+03 4.065499999999962455e+01 3.550024999335400278e+00 2.226119999999999889e-04 2.246070000000000130e-04 -2.012923441860000217e-06
9.712584340900000825e+03 4.155834089999995484e+01 3.583263294649581709e+00 2.258128246574155550e-04 2.249339802229809052e-04 8.815396857977879472e-07
9.713043000000001484e+03 4.201700000000061408e+01 3.600022126216513296e+00 2.274380000000000000e-04 2.250999999999999963e-04 2.354388430000000023e-06
9.713954063400000450e+03 4.292806339999957999e+01 3.633081964876060166e+00 2.304232004960173573e-04 2.254569046338884874e-04 4.992309795782642877e-06
9.714424000000000888e+03 4.339800000000001745e+01 3.650017536962412823e+00 2.319629999999999880e-04 2.256410000000000035e-04 6.356239277700000187e-06
9.715342835900000864e+03 4.431683589999999384e+01 3.682905552575323593e+00 2.346289367327142816e-04 2.259967207555714193e-04 8.667717666674491024e-06
9.715824000000000524e+03 4.479799999999965365e+01 3.700011301139613185e+00 2.360250000000000043e-04 2.261829999999999993e-04 9.881053156300000483e-06
9.716750658200000544e+03 4.572465819999967351e+01 3.732733853804245161e+00 2.382890760954193079e-04 2.265362925202255180e-04 1.178588610168200592e-05
9.717243000000000393e+03 4.621699999999952269e+01 3.750003484602589143e+00 2.394920000000000035e-04 2.267240000000000065e-04 1.280033824720000016e-05
9.718177530500001012e+03 4.715153050000014190e+01 3.782566689225739687e+00 2.413188186616829008e-04 2.270762361133518714e-04 1.426350134259647965e-05
9.718681000000000495e+03 4.765499999999962455e+01 3.799994149738296745e+00 2.423030000000000008e-04 2.272660000000000023e-04 1.505362258140000096e-05
9.719623452700001508e+03 4.859745270000063755e+01 3.832403878540826980e+00 2.436811269934156343e-04 2.275976037277777683e-04 1.608887166829960864e-05
9.720139000000001033e+03 4.911300000000016297e+01 3.850017442479163332e+00 2.444349999999999865e-04 2.277790000000000023e-04 1.665643048659999848e-05
9.721088424800000212e+03 5.006242479999934147e+01 3.882245254073936724e+00 2.454442462813008442e-04 2.281096262514905194e-04 1.732296064482874122e-05
9.721615000000001601e+03 5.058900000000073049e+01 3.900004808457745220e+00 2.460040000000000252e-04 2.282929999999999909e-04 1.769343803759999885e-05
9.722572446900001523e+03 5.154644690000065310e+01 3.932090659975004066e+00 2.467084759799330904e-04 2.286221824124414826e-04 1.805660325674363564e-05
9.723110000000000582e+03 5.208399999999971186e+01 3.949990835702761771e+00 2.471039999999999977e-04 2.288070000000000067e-04 1.826092650510000140e-05
9.724075518900001043e+03 5.304951890000017301e+01 3.981939941593287458e+00 2.475647723859406100e-04 2.291339380829703152e-04 1.838177708559583825e-05
9.724625000000000000e+03 5.359899999999912978e+01 4.000008383005324575e+00 2.478269999999999974e-04 2.293200000000000067e-04 1.845067442399999893e-05
9.725597640800000590e+03 5.457164079999972017e+01 4.031792955170187653e+00 2.480319334497064305e-04 2.295820356493150820e-04 1.838692340862041127e-05
9.726158000000001266e+03 5.513200000000039580e+01 4.049991475959133780e+00 2.481499999999999873e-04 2.297330000000000043e-04 1.835010716139999851e-05
9.727138812600000165e+03 5.611281259999929460e+01 4.081649563959977023e+00 2.481683152385061428e-04 2.299932026987765784e-04 1.810214119301769336e-05
9.727711000000001150e+03 5.668500000000027939e+01 4.100005391753128947e+00 2.481790000000000103e-04 2.301450000000000132e-04 1.795720171200000260e-05
9.728699034300001586e+03 5.767303430000071529e+01 4.131509637808021829e+00 2.479873012331425112e-04 2.304039504653944144e-04 1.750186752194623100e-05
9.729283000000001266e+03 5.825700000000039580e+01 4.150017393579311431e+00 2.478739999999999785e-04 2.305569999999999950e-04 1.723224518259999891e-05
9.730278305900001214e+03 5.925230590000034425e+01 4.181373052758712738e+00 2.474239214200628953e-04 2.308149031640251516e-04 1.652168334361488490e-05
9.730873000000001412e+03 5.984700000000054132e+01 4.199996303673152909e+00 2.471549999999999876e-04 2.309690000000000039e-04 1.609634509450000000e-05
9.731876627500001632e+03 6.085062750000076193e+01 4.231239693793133583e+00 2.463221761863353685e-04 2.311323232329192670e-04 1.510335143241517246e-05
9.732483000000000175e+03 6.145699999999930441e+01 4.250005047121683255e+00 2.458189999999999854e-04 2.312310000000000092e-04 1.450271582760000087e-05
9.733493999000000258e+03 6.246799899999938788e+01 4.281109445112881495e+00 2.446422939815838071e-04 2.313936038907305111e-04 1.316997113604896996e-05
9.734112000000000990e+03 6.308600000000011931e+01 4.300012063680159535e+00 2.439230000000000022e-04 2.314929999999999874e-04 1.235436472259999872e-05
9.735130420400000730e+03 6.410442039999985298e+01 4.330982199276514955e+00 2.423959873735436973e-04 2.316555270419902814e-04 1.067448752137445800e-05
9.735760000000000218e+03 6.473399999999934096e+01 4.350017412904524150e+00 2.414519999999999915e-04 2.317560000000000084e-04 9.634815363600001287e-06
9.736785891700001230e+03 6.575989170000035244e+01 4.380857853728658213e+00 2.396108138157262795e-04 2.319173347091236397e-04 7.644705175397892538e-06
9.737426000000001295e+03 6.640000000000041780e+01 4.399991325741668291e+00 2.384619999999999947e-04 2.320179999999999866e-04 6.401562234399999293e-06
9.738460413000000699e+03 6.743441299999982164e+01 4.430736313487788181e+00 2.362894872876630879e-04 2.320701501215895494e-04 4.191463897628879004e-06
9.739112000000000990e+03 6.808600000000011221e+01 4.449993843418842410e+00 2.349209999999999959e-04 2.321029999999999968e-04 2.798790815200000177e-06
9.740153984200000195e+03 6.912798419999931809e+01 4.480617481938550029e+00 2.326365795075659713e-04 2.321549464263929718e-04 4.786880839299902305e-07
9.740817000000000917e+03 6.979100000000003945e+01 4.499994849316196088e+00 2.311830000000000124e-04 2.321880000000000070e-04 -9.981367400399999623e-07
9.741866605200000777e+03 7.084060519999989936e+01 4.530501266715585729e+00 2.289334111287703085e-04 2.322397496763341099e-04 -3.283888204119321534e-06
9.742541000000001077e+03 7.151500000000019952e+01 4.549994393273687265e+00 2.274880000000000012e-04 2.322729999999999901e-04 -4.753072080900000258e-06
9.743598276300001089e+03 7.257227630000021179e+01 4.580387590933105990e+00 2.254201543851405698e-04 2.323251662431440024e-04 -6.858005620334570263e-06
9.744284000000001470e+03 7.325800000000059242e+01 4.599992522962911501e+00 2.240789999999999937e-04 2.323589999999999889e-04 -8.223719435699999904e-06
9.745348997200000667e+03 7.432299719999979004e+01 4.630276364008969914e+00 2.222081569322745189e-04 2.323076529994327758e-04 -1.003193063646358049e-05
9.746047000000000480e+03 7.502099999999960289e+01 4.650017506380134336e+00 2.209819999999999927e-04 2.322740000000000059e-04 -1.121660436960000041e-05
9.747118768000000273e+03 7.609276799999939556e+01 4.680167510435602196e+00 2.195130580078607325e-04 2.322228488040426776e-04 -1.262668075268501948e-05
9.747828000000001339e+03 7.680200000000046145e+01 4.700012642240491978e+00 2.185409999999999935e-04 2.321889999999999957e-04 -1.355944287869999993e-05
9.748907588800000667e+03 7.788158879999978979e+01 4.730060957887497253e+00 2.175225878986666742e-04 2.321386191893333299e-04 -1.452178329072508453e-05
9.749628000000000611e+03 7.860199999999973386e+01 4.750006501294677719e+00 2.168430000000000108e-04 2.321050000000000012e-04 -1.516372138649999809e-05
9.750715459500001089e+03 7.968945950000021128e+01 4.779956631564442837e+00 2.162810363221550529e-04 2.320541841355140038e-04 -1.567260585691852988e-05
9.751447000000000116e+03 8.042099999999923909e+01 4.799999123438042581e+00 2.159030000000000096e-04 2.320199999999999910e-04 -1.601480926800000055e-05
9.752542380100001537e+03 8.151638010000066004e+01 4.829854462471194765e+00 2.156766571843393232e-04 2.318877681445350781e-04 -1.610938371962544172e-05
9.753286000000000058e+03 8.225999999999918089e+01 4.850017605484029382e+00 2.155229999999999895e-04 2.317979999999999921e-04 -1.617352001159999927e-05
9.754388350600000194e+03 8.336235059999931707e+01 4.879754384431574721e+00 2.156672494323101815e-04 2.316662165680129270e-04 -1.590039369902052823e-05
9.755143000000000029e+03 8.411699999999915178e+01 4.900007590938541213e+00 2.157659999999999938e-04 2.315759999999999932e-04 -1.571358947999999974e-05
9.756253371100001459e+03 8.522737110000058181e+01 4.929656336608431388e+00 2.162093198048507358e-04 2.314446021406183201e-04 -1.514321465924200837e-05
9.757019000000000233e+03 8.599299999999935551e+01 4.949996455205663004e+00 2.165149999999999963e-04 2.313539999999999943e-04 -1.475029816560000093e-05
9.758137441500000932e+03 8.711144150000005482e+01 4.979560255329618990e+00 2.171857109628164530e-04 2.312230432420886125e-04 -1.395404932338254890e-05
9.758915000000000873e+03 8.788899999999999579e+01 5.000010478756691690e+00 2.176520000000000093e-04 2.311319999999999954e-04 -1.340101024679999996e-05
9.760040561700001490e+03 8.901456170000061263e+01 5.029466079447922233e+00 2.184382466002612324e-04 2.309508751287356213e-04 -1.243919412556987109e-05
9.760829000000001543e+03 8.980300000000066518e+01 5.049996940400661494e+00 2.189890000000000001e-04 2.308239999999999977e-04 -1.176634572959999883e-05
9.761962732000001779e+03 9.093673200000090162e+01 5.079373760551632699e+00 2.198923510920372396e-04 2.306434470237848987e-04 -1.068898976477686664e-05
9.762763000000000829e+03 9.173699999999995214e+01 5.100008115118021657e+00 2.205300000000000045e-04 2.305160000000000000e-04 -9.929522803200000779e-06
9.763903952100001334e+03 9.287795210000045643e+01 5.129283236760014297e+00 2.215108799671787259e-04 2.303366491066564307e-04 -8.775192622253684659e-06
9.764716000000000349e+03 9.368999999999947192e+01 5.150017800748490693e+00 2.222090000000000133e-04 2.302089999999999909e-04 -7.954710848700000532e-06
9.765864222100000916e+03 9.483822210000003849e+01 5.179194458711205762e+00 2.232395453550989383e-04 2.300295720919330199e-04 -6.750996596348808348e-06
9.766687000000001717e+03 9.566100000000083980e+01 5.200000802984041215e+00 2.239780000000000026e-04 2.299009999999999932e-04 -5.889603817999999567e-06
9.767843542100001287e+03 9.681754210000040928e+01 5.229107378926174832e+00 2.250305636791561997e-04 2.297064035140632945e-04 -4.648415164986034220e-06
9.768678000000001703e+03 9.765200000000082525e+01 5.250007878077645351e+00 2.257899999999999914e-04 2.295660000000000040e-04 -3.754184624399999989e-06
9.769841912000001685e+03 9.881591200000080732e+01 5.279021946747920246e+00 2.268525763781094275e-04 2.293714356059701554e-04 -2.503574818828604447e-06
9.770688000000000102e+03 9.966199999999922454e+01 5.300013583592266819e+00 2.276249999999999899e-04 2.292299999999999991e-04 -1.595791521899999912e-06
9.771859331999999995e+03 1.008333319999991176e+02 5.328938120803809575e+00 2.286756178047337376e-04 2.290359331597633199e-04 -3.576591957790977609e-07
9.772716000000000349e+03 1.016899999999994719e+02 5.349993428210864543e+00 2.294440000000000075e-04 2.288939999999999942e-04 5.465370706199999351e-07
9.773895802000000913e+03 1.028698020000000355e+02 5.378855853936235221e+00 2.304567401933593817e-04 2.287010148095703092e-04 1.746555868653698667e-06
9.774764000000001033e+03 1.037380000000001559e+02 5.399996735496340072e+00 2.312020000000000134e-04 2.285590000000000050e-04 2.628337076400000004e-06
9.775951321000000462e+03 1.049253209999995846e+02 5.428775078964043210e+00 2.321813818601838324e-04 2.283815049883889628e-04 3.778413714999184724e-06
9.776831000000000131e+03 1.058049999999992536e+02 5.449998780035217649e+00 2.329069999999999979e-04 2.282499999999999915e-04 4.629343674999999170e-06
9.778025891000001138e+03 1.069998910000002610e+02 5.478695803014082877e+00 2.337885614808245542e-04 2.280724275119846425e-04 5.681979281372278280e-06
9.778917000000001281e+03 1.078910000000004032e+02 5.499999596267537427e+00 2.344459999999999979e-04 2.279399999999999894e-04 6.465928391999999868e-06
9.780119510000000446e+03 1.090935099999995685e+02 5.528617938005489840e+00 2.351972117102137637e-04 2.277634795296912045e-04 7.387885106088475130e-06
9.781022000000000844e+03 1.099959999999999667e+02 5.549999217391235362e+00 2.357609999999999947e-04 2.276310000000000030e-04 8.078874584099998994e-06
9.782232180000000881e+03 1.112061800000000034e+02 5.578541493108583715e+00 2.363489970621468971e-04 2.274549427401129792e-04 8.837746604592013527e-06
9.783146000000000640e+03 1.121199999999997630e+02 5.599997675417962562e+00 2.367930000000000078e-04 2.273219999999999896e-04 9.409994190000000002e-06
9.784363899000001766e+03 1.133378990000008883e+02 5.628466383902598125e+00 2.372379906285580851e-04 2.271833311451236612e-04 9.988510212653572680e-06
9.785289000000000669e+03 1.142629999999997921e+02 5.649995001225474489e+00 2.375760000000000035e-04 2.270779999999999966e-04 1.042746717560000060e-05
9.786514668000001620e+03 1.154886680000007431e+02 5.678392598268130698e+00 2.377958609264909685e-04 2.269391702912621335e-04 1.078159672847411761e-05
9.787452000000001135e+03 1.164260000000002577e+02 5.700014248130781169e+00 2.379639999999999869e-04 2.268329999999999880e-04 1.105212035879999887e-05
9.788684487000000445e+03 1.176584869999995675e+02 5.728320101597698333e+00 2.379380053177441404e-04 2.266945500618982061e-04 1.116166874830929824e-05
9.789633000000001630e+03 1.186070000000007525e+02 5.750009197659269766e+00 2.379179999999999945e-04 2.265880000000000064e-04 1.124587966320000036e-05
9.790873357000000397e+03 1.198473569999995192e+02 5.778248883190854279e+00 2.376349730845454453e-04 2.264504331327272775e-04 1.110020824260658833e-05
9.791833000000000538e+03 1.208069999999996611e+02 5.800003104738912008e+00 2.374160000000000051e-04 2.263440000000000135e-04 1.098762050160000022e-05
9.793081276000000798e+03 1.220552759999999211e+02 5.828178865161381950e+00 2.369367160198287514e-04 2.262579313979269906e-04 1.059494836786951129e-05
9.794052000000001499e+03 1.230260000000006215e+02 5.849995996096007289e+00 2.365640000000000071e-04 2.261909999999999897e-04 1.028979049559999925e-05
9.795308244000001650e+03 1.242822440000007731e+02 5.878110016920457426e+00 2.358407760089325600e-04 2.261051557248771574e-04 9.655382877482097649e-06
9.796291000000001077e+03 1.252650000000001995e+02 5.900010140629586175e+00 2.352750000000000132e-04 2.260379999999999931e-04 9.159421420799999868e-06
9.797554262999999992e+03 1.265282629999991144e+02 5.928042353184785007e+00 2.343408458365086450e-04 2.259529242463447082e-04 8.316164164559939725e-06
9.798548000000000684e+03 1.275219999999998066e+02 5.950000890250001007e+00 2.336059999999999992e-04 2.258860000000000121e-04 7.653266154599999916e-06
9.799819332000000941e+03 1.287933320000000776e+02 5.977975822320027888e+00 2.325094272955643482e-04 2.258005745296442774e-04 6.649379968277327472e-06
9.800825000000000728e+03 1.297989999999998645e+02 6.000012574508027718e+00 2.316420000000000024e-04 2.257329999999999883e-04 5.855807472899999517e-06
9.802103451000000859e+03 1.310774509999999964e+02 6.027910396172979191e+00 2.305239820666666781e-04 2.257268723481481584e-04 4.753068875955145830e-06
9.803120000000000800e+03 1.320939999999999372e+02 6.050001291221705380e+00 2.296350000000000062e-04 2.257220000000000049e-04 3.876278761600000008e-06
9.805435000000001310e+03 1.344090000000004466e+02 6.100010632707862257e+00 2.275409999999999954e-04 2.257100000000000057e-04 1.812552869499999994e-06
9.807768000000000029e+03 1.367419999999991660e+02 6.149997418191683884e+00 2.254810000000000050e-04 2.256989999999999951e-04 -2.157919423949999769e-07
9.810121000000001004e+03 1.390950000000001410e+02 6.200004526951174988e+00 2.235650000000000050e-04 2.256880000000000116e-04 -2.100613628799999901e-06
9.812493000000000393e+03 1.414669999999995298e+02 6.250010473767886765e+00 2.218800000000000102e-04 2.256760000000000124e-04 -3.755226072400000068e-06
9.814883000000001630e+03 1.438570000000007667e+02 6.299994455509718705e+00 2.204870000000000050e-04 2.256650000000000019e-04 -5.120406549500000231e-06
9.817293000000001484e+03 1.462670000000006212e+02 6.349998324608631783e+00 2.194169999999999899e-04 2.256539999999999913e-04 -6.165115499400000361e-06
9.819722000000001572e+03 1.486960000000007085e+02 6.400001109621363149e+00 2.186769999999999936e-04 2.256419999999999921e-04 -6.882690233400000102e-06
9.822170000000000073e+03 1.511439999999992096e+02 6.450002835760574982e+00 2.182569999999999942e-04 2.256310000000000086e-04 -7.284406582599999633e-06
9.824637000000000626e+03 1.536109999999997626e+02 6.500003527462714814e+00 2.181340000000000091e-04 2.256190000000000094e-04 -7.391684554200000123e-06
9.827123000000001412e+03 1.560970000000005484e+02 6.550003208417458644e+00 2.182829999999999970e-04 2.256740000000000081e-04 -7.297484733600000452e-06
9.829628000000000611e+03 1.586019999999997481e+02 6.600001901596151299e+00 2.186869999999999884e-04 2.257279999999999909e-04 -6.950752012799999325e-06
9.832152000000000044e+03 1.611259999999991805e+02 6.649999629278909197e+00 2.193270000000000094e-04 2.257820000000000009e-04 -6.372019604000000534e-06
9.834695000000001528e+03 1.636690000000006648e+02 6.699996413080377522e+00 2.201770000000000029e-04 2.258360000000000109e-04 -5.586008292800000147e-06
9.837258000000001630e+03 1.662320000000007667e+02 6.750011716064244105e+00 2.212050000000000073e-04 2.258899999999999938e-04 -4.624239367999999363e-06
9.839838999999999942e+03 1.688129999999990787e+02 6.800006531465240478e+00 2.223709999999999890e-04 2.259440000000000038e-04 -3.526850273600000014e-06
9.842439000000000306e+03 1.714129999999994425e+02 6.850000466166318525e+00 2.236250000000000011e-04 2.259979999999999867e-04 -2.342311071399999910e-06
9.845059000000001106e+03 1.740330000000002428e+02 6.900012558743820357e+00 2.249130000000000064e-04 2.260530000000000124e-04 -1.124536816979999889e-06
9.847697000000000116e+03 1.766709999999992533e+02 6.950004652114762926e+00 2.261789999999999905e-04 2.261069999999999953e-04 7.130804291099998786e-08
9.850354000000001179e+03 1.793280000000003156e+02 6.999995922538436055e+00 2.273710000000000021e-04 2.261610000000000053e-04 1.193784053670000068e-06
9.853031000000000859e+03 1.820049999999999955e+02 7.050005002305099744e+00 2.283370000000000061e-04 2.260739999999999907e-04 2.232804035819999846e-06
9.855727000000000771e+03 1.847009999999999081e+02 7.100013031469881497e+00 2.291559999999999995e-04 2.259879999999999918e-04 3.126702171599999600e-06
9.858441000000000713e+03 1.874149999999998499e+02 7.150001677678725187e+00 2.297979999999999977e-04 2.259010000000000044e-04 3.846845538899999585e-06
9.861175000000001091e+03 1.901490000000002283e+02 7.200007798635347456e+00 2.302460000000000043e-04 2.258150000000000055e-04 4.376068885000000015e-06
9.863927000000001499e+03 1.929010000000006357e+02 7.249994830292107117e+00 2.304949999999999946e-04 2.257279999999999909e-04 4.707625158399999908e-06
9.866699000000000524e+03 1.956729999999996608e+02 7.299999119448512097e+00 2.305449999999999958e-04 2.256419999999999921e-04 4.843721428799999865e-06
9.869490000000001601e+03 1.984640000000007376e+02 7.350002458923351689e+00 2.304060000000000027e-04 2.255550000000000046e-04 4.793788081500000181e-06
9.872300000000001091e+03 2.012740000000002283e+02 7.400004867968136502e+00 2.300960000000000006e-04 2.254690000000000058e-04 4.573232820800000326e-06
9.875129000000000815e+03 2.041029999999999518e+02 7.450006365317275225e+00 2.296330000000000018e-04 2.253819999999999912e-04 4.202179775399999646e-06
9.877977000000000771e+03 2.069509999999999081e+02 7.500006969205210261e+00 2.290419999999999934e-04 2.252959999999999924e-04 3.704564657599999685e-06
9.880844000000000960e+03 2.098180000000000973e+02 7.550006697383025767e+00 2.281499999999999891e-04 2.250200000000000106e-04 3.097062770000000221e-06
9.883730000000001382e+03 2.127040000000005193e+02 7.600005567134368256e+00 2.271850000000000009e-04 2.247440000000000017e-04 2.416065423200000230e-06
9.886635000000000218e+03 2.156089999999993552e+02 7.650003595290709058e+00 2.261770000000000132e-04 2.244670000000000042e-04 1.692463222640000192e-06
9.889559000000001106e+03 2.185330000000002428e+02 7.700000798246167122e+00 2.251549999999999949e-04 2.241909999999999953e-04 9.546052779999998079e-07
9.892502000000000407e+03 2.214759999999995443e+02 7.749997191971426780e+00 2.241439999999999871e-04 2.239150000000000135e-04 2.270722014999999997e-07
9.895465000000000146e+03 2.244389999999992824e+02 7.800009616915430044e+00 2.231649999999999953e-04 2.236390000000000047e-04 -4.696665002900000521e-07
9.898446000000001732e+03 2.274200000000008686e+02 7.850004331313012784e+00 2.222349999999999890e-04 2.233629999999999958e-04 -1.118816332479999957e-06
9.901446000000001732e+03 2.304200000000008686e+02 7.899998283343832028e+00 2.213670000000000102e-04 2.230869999999999869e-04 -1.706267534279999916e-06
9.904466000000000349e+03 2.334399999999994861e+02 7.950007994830712299e+00 2.205739999999999925e-04 2.228099999999999894e-04 -2.219423778599999968e-06
9.907504000000000815e+03 2.364779999999999518e+02 8.000000361760031709e+00 2.198690000000000052e-04 2.225340000000000076e-04 -2.646329821199999771e-06
9.910562000000001717e+03 2.395360000000008540e+02 8.050008312063031468e+00 2.192130000000000033e-04 2.222100000000000019e-04 -2.977436232000000213e-06
9.913638000000000829e+03 2.426119999999999663e+02 8.099999153682540864e+00 2.186649999999999944e-04 2.218870000000000120e-04 -3.201030616800000201e-06
9.916734000000000378e+03 2.457079999999995152e+02 8.150005406186343393e+00 2.182329999999999958e-04 2.215630000000000063e-04 -3.309176342800000128e-06
9.919849000000000160e+03 2.488229999999992970e+02 8.200010783506229473e+00 2.179229999999999937e-04 2.212390000000000005e-04 -3.296593843400000005e-06
9.922981999999999971e+03 2.519559999999991078e+02 8.249999394401276831e+00 2.177360000000000038e-04 2.209149999999999948e-04 -3.161823845999999842e-06
9.926135000000000218e+03 2.551089999999993552e+02 8.300003164545133316e+00 2.176679999999999902e-04 2.205909999999999891e-04 -2.908271743999999744e-06
9.929307000000000698e+03 2.582809999999998354e+02 8.350006104958250575e+00 2.177100000000000010e-04 2.202679999999999992e-04 -2.544976471999999976e-06
9.932498000000001412e+03 2.614720000000005484e+02 8.400008230458103853e+00 2.178480000000000054e-04 2.199439999999999935e-04 -2.086516351519999849e-06
9.935708000000000538e+03 2.646819999999996753e+02 8.450009555511179826e+00 2.180609999999999981e-04 2.196199999999999878e-04 -1.552658494999999869e-06
9.938937000000001717e+03 2.679110000000008540e+02 8.500010094243423353e+00 2.183250000000000078e-04 2.192960000000000092e-04 -9.672444812800000020e-07
9.942185000000001310e+03 2.711590000000004466e+02 8.550009860450012766e+00 2.187149999999999956e-04 2.190740000000000103e-04 -3.574586643199999918e-07
9.945452000000001135e+03 2.744260000000002719e+02 8.600008867605186680e+00 2.191089999999999921e-04 2.188509999999999956e-04 2.565896664400000022e-07
9.948738000000001193e+03 2.777120000000003301e+02 8.650007128871411766e+00 2.194789999999999903e-04 2.186289999999999967e-04 8.468878532699999864e-07
9.952043000000001484e+03 2.810170000000006212e+02 8.700004657108388884e+00 2.197979999999999986e-04 2.184069999999999978e-04 1.386037030840000048e-06
9.955367000000000189e+03 2.843409999999993261e+02 8.750001464881682622e+00 2.200389999999999985e-04 2.181849999999999990e-04 1.848722960150000050e-06
9.958710000000000946e+03 2.876840000000000828e+02 8.799997564471196299e+00 2.201829999999999890e-04 2.179620000000000114e-04 2.213295129000000065e-06
9.962073000000000320e+03 2.910469999999994570e+02 8.850007796595477316e+00 2.202109999999999962e-04 2.177400000000000125e-04 2.463357942000000108e-06
9.965454000000001543e+03 2.944280000000006794e+02 8.900002432255522677e+00 2.201139999999999868e-04 2.175179999999999865e-04 2.589182009399999858e-06
9.968854000000001179e+03 2.978280000000003156e+02 8.949996395867998444e+00 2.198909999999999992e-04 2.172949999999999990e-04 2.588765711999999811e-06
9.972274000000001251e+03 3.012480000000003884e+02 9.000004280209035201e+00 2.195470000000000039e-04 2.170730000000000001e-04 2.468120010000000090e-06
9.975712000000001353e+03 3.046860000000004902e+02 9.049996852527790736e+00 2.192209999999999938e-04 2.169580000000000054e-04 2.256666941199999902e-06
9.979170000000000073e+03 3.081439999999992096e+02 9.100003207888404333e+00 2.188009999999999944e-04 2.168439999999999994e-04 1.951955961039999784e-06
9.982647000000000844e+03 3.116209999999999809e+02 9.150008777806666771e+00 2.183089999999999998e-04 2.167299999999999934e-04 1.576103906000000019e-06
9.986142000000001644e+03 3.151160000000007813e+02 9.199999310519000773e+00 2.177710000000000127e-04 2.166149999999999987e-04 1.153555022550000048e-06
9.989657000000001062e+03 3.186310000000001992e+02 9.250003424809930763e+00 2.172110000000000046e-04 2.165009999999999927e-04 7.087203535199998984e-07
9.993191000000000713e+03 3.221649999999998499e+02 9.300006790426756709e+00 2.166500000000000077e-04 2.163859999999999980e-04 2.638848908600000240e-07
9.996744000000000597e+03 3.257179999999997335e+02 9.350009419381093423e+00 2.161090000000000005e-04 2.162719999999999920e-04 -1.620779134240000030e-07
1.000031500000000051e+04 3.292889999999996462e+02 9.399997362355891894e+00 2.156019999999999866e-04 2.161569999999999974e-04 -5.542157401500000597e-07
1.000390600000000086e+04 3.328799999999999955e+02 9.449998626873716390e+00 2.151400000000000035e-04 2.160429999999999913e-04 -9.012428183700000259e-07
1.000751600000000144e+04 3.364900000000005775e+02 9.499999188477623591e+00 2.147320000000000034e-04 2.159279999999999967e-04 -1.194779287440000069e-06
1.001114500000000044e+04 3.401189999999995734e+02 9.549999058208248570e+00 2.143539999999999877e-04 2.157949999999999896e-04 -1.438288780649999973e-06
1.001479300000000148e+04 3.437670000000006212e+02 9.599998246876134900e+00 2.140409999999999925e-04 2.156609999999999940e-04 -1.618330927050000025e-06
1.001846000000000095e+04 3.474340000000000828e+02 9.649996765067530902e+00 2.137949999999999952e-04 2.155279999999999870e-04 -1.730288957919999799e-06
1.002214700000000084e+04 3.511209999999999809e+02 9.700008152441807141e+00 2.136209999999999932e-04 2.153939999999999913e-04 -1.770842385539999984e-06
1.002585200000000077e+04 3.548259999999999081e+02 9.750005291194076662e+00 2.135200000000000021e-04 2.152610000000000114e-04 -1.738615739580000082e-06
1.002957600000000093e+04 3.585500000000000682e+02 9.800001790649350397e+00 2.134910000000000063e-04 2.151269999999999886e-04 -1.634892056819999882e-06
1.003331900000000132e+04 3.622930000000004611e+02 9.849997660542436861e+00 2.135279999999999925e-04 2.149940000000000087e-04 -1.464326283940000160e-06
1.003708200000000033e+04 3.660559999999994716e+02 9.900006166386301487e+00 2.136240000000000133e-04 2.148600000000000130e-04 -1.235187168000000088e-06
1.004086300000000119e+04 3.698370000000003301e+02 9.950000738971519709e+00 2.137669999999999881e-04 2.147270000000000060e-04 -9.592284544000000307e-07
1.004466400000000067e+04 3.736379999999998063e+02 1.000000783411768523e+01 2.139420000000000059e-04 2.145930000000000103e-04 -6.509592817800000166e-07
1.004848300000000017e+04 3.774569999999993115e+02 1.005000114868389538e+01 2.140090000000000037e-04 2.143360000000000024e-04 -3.274711142399999808e-07
1.005232200000000012e+04 3.812959999999992533e+02 1.010000687428058086e+01 2.140769999999999902e-04 2.140789999999999946e-04 -2.017726686850000026e-09
1.005617900000000009e+04 3.851529999999992242e+02 1.014999896855825234e+01 2.141319999999999888e-04 2.138230000000000024e-04 3.096563303699999886e-07
1.006005600000000049e+04 3.890299999999996317e+02 1.020000336415566800e+01 2.141590000000000073e-04 2.135659999999999946e-04 5.933311968600000462e-07
1.006395200000000114e+04 3.929260000000002719e+02 1.025000707772357167e+01 2.141459999999999924e-04 2.133089999999999867e-04 8.371034403299998900e-07
1.006786599999999999e+04 3.968399999999991223e+02 1.029999737802056003e+01 2.140839999999999920e-04 2.130520000000000059e-04 1.031915231479999916e-06
1.007180000000000109e+04 4.007740000000002283e+02 1.034999981869143859e+01 2.139669999999999929e-04 2.127949999999999980e-04 1.171796098549999858e-06
1.007575300000000061e+04 4.047269999999997481e+02 1.040000160596803624e+01 2.137920000000000022e-04 2.125379999999999902e-04 1.253882808659999890e-06
1.007972500000000036e+04 4.086989999999995007e+02 1.045000274922957395e+01 2.135600000000000085e-04 2.122810000000000094e-04 1.278262778359999992e-06
1.008371600000000035e+04 4.126899999999994861e+02 1.050000325767647524e+01 2.132720000000000004e-04 2.120240000000000015e-04 1.247678550640000142e-06
1.008772600000000057e+04 4.166999999999997044e+02 1.055000314033463127e+01 2.129350000000000069e-04 2.117680000000000094e-04 1.167146625920000023e-06
1.009175500000000102e+04 4.207290000000001555e+02 1.060000240605951660e+01 2.125539999999999981e-04 2.115110000000000015e-04 1.043459906960000121e-06
1.009580300000000170e+04 4.247770000000008395e+02 1.065000106354020559e+01 2.121380000000000076e-04 2.112539999999999937e-04 8.847085140599999446e-07
1.009987000000000080e+04 4.288439999999999372e+02 1.069999912130323594e+01 2.116970000000000028e-04 2.109970000000000129e-04 6.997356810100000651e-07
1.010395600000000013e+04 4.329299999999992679e+02 1.074999658771645983e+01 2.112380000000000128e-04 2.107400000000000050e-04 4.976582951999999702e-07
1.010806200000000172e+04 4.370360000000008540e+02 1.080000562230299543e+01 2.107710000000000052e-04 2.104829999999999971e-04 2.874461089499999795e-07
1.011218600000000151e+04 4.411600000000006503e+02 1.085000187451079867e+01 2.103039999999999977e-04 2.102259999999999893e-04 7.761880281600000081e-08
1.011632900000000154e+04 4.453030000000006794e+02 1.089999756007047793e+01 2.098459999999999963e-04 2.099690000000000085e-04 -1.239575088089999959e-07
1.012049200000000019e+04 4.494659999999993261e+02 1.095000467159860413e+01 2.094029999999999871e-04 2.097129999999999893e-04 -3.101906925599999735e-07
1.012467300000000068e+04 4.536469999999998208e+02 1.099999919253505354e+01 2.089810000000000105e-04 2.094560000000000085e-04 -4.748388465599999826e-07
1.012887400000000162e+04 4.578480000000007522e+02 1.105000504657564164e+01 2.086249999999999888e-04 2.092440000000000044e-04 -6.187638021600000677e-07
1.013309300000000076e+04 4.620669999999998936e+02 1.109999843478247072e+01 2.082990000000000059e-04 2.090320000000000004e-04 -7.332215464000000268e-07
1.013733200000000033e+04 4.663059999999994716e+02 1.115000306461097779e+01 2.080060000000000004e-04 2.088199999999999963e-04 -8.144376758000000292e-07
1.014159000000000015e+04 4.705639999999992824e+02 1.120000706816911240e+01 2.077480000000000038e-04 2.086079999999999922e-04 -8.598800899199999648e-07
1.014586599999999999e+04 4.748399999999991223e+02 1.124999878855518887e+01 2.075280000000000093e-04 2.083959999999999882e-04 -8.684569866400000504e-07
1.015016200000000026e+04 4.791359999999993988e+02 1.130000161609648579e+01 2.073440000000000125e-04 2.081849999999999998e-04 -8.406718485000000580e-07
1.015447700000000077e+04 4.834509999999999081e+02 1.135000384152428943e+01 2.071940000000000088e-04 2.079729999999999958e-04 -7.786425930800000108e-07
1.015881100000000151e+04 4.877850000000006503e+02 1.140000547276149589e+01 2.070739999999999896e-04 2.077609999999999917e-04 -6.860621413699999539e-07
1.016316400000000067e+04 4.921379999999998063e+02 1.145000651759249344e+01 2.069809999999999890e-04 2.075489999999999876e-04 -5.679536875199999131e-07
1.016753600000000006e+04 4.965099999999991951e+02 1.150000698366623020e+01 2.069060000000000007e-04 2.073370000000000107e-04 -4.303797777499999811e-07
1.017192700000000150e+04 5.009010000000006357e+02 1.155000687849912389e+01 2.068449999999999889e-04 2.071250000000000066e-04 -2.800785674999999956e-07
1.017633700000000135e+04 5.053110000000004902e+02 1.160000620947784356e+01 2.067890000000000017e-04 2.069130000000000025e-04 -1.240925542289999845e-07
1.018076600000000144e+04 5.097400000000005775e+02 1.165000498386224237e+01 2.067319999999999987e-04 2.067009999999999985e-04 3.056777068400000177e-08
1.018521399999999994e+04 5.141879999999990787e+02 1.170000320878794042e+01 2.066670000000000052e-04 2.064900000000000101e-04 1.772266501800000106e-07
1.018968100000000049e+04 5.186549999999996317e+02 1.175000089126910119e+01 2.065880000000000082e-04 2.062780000000000061e-04 3.098027398599999804e-07
1.019416700000000128e+04 5.231410000000004175e+02 1.179999803820086335e+01 2.064900000000000101e-04 2.060660000000000020e-04 4.230493766799999883e-07
1.019867300000000068e+04 5.276469999999998208e+02 1.185000573097321741e+01 2.063679999999999866e-04 2.058539999999999979e-04 5.127720213000000422e-07
1.020319700000000012e+04 5.321709999999992533e+02 1.190000178050000201e+01 2.062189999999999987e-04 2.056419999999999939e-04 5.760258626199999286e-07
1.020774000000000160e+04 5.367140000000007376e+02 1.194999731486378813e+01 2.060429999999999922e-04 2.054299999999999898e-04 6.112405305999999468e-07
1.021230300000000170e+04 5.412770000000008395e+02 1.200000327668433187e+01 2.058379999999999899e-04 2.052180000000000128e-04 6.182931034800000645e-07
1.021688400000000001e+04 5.458579999999991514e+02 1.204999775455864253e+01 2.056059999999999962e-04 2.049979999999999912e-04 6.060232875199999670e-07
1.022148500000000058e+04 5.504589999999997190e+02 1.210000258244341076e+01 2.053470000000000111e-04 2.047779999999999967e-04 5.679354007599999726e-07
1.022610500000000138e+04 5.550790000000005193e+02 1.215000683139516369e+01 2.050649999999999890e-04 2.045569999999999865e-04 5.063747167900000039e-07
1.023074300000000039e+04 5.597169999999995298e+02 1.219999975163982775e+01 2.047630000000000045e-04 2.043369999999999919e-04 4.247164978699999867e-07
1.023540100000000166e+04 5.643750000000007958e+02 1.225000290787352419e+01 2.044450000000000119e-04 2.041169999999999974e-04 3.271934274899999813e-07
1.024007800000000134e+04 5.690520000000004757e+02 1.230000550582601626e+01 2.041149999999999931e-04 2.038959999999999872e-04 2.186825379199999799e-07
1.024477400000000125e+04 5.737480000000003884e+02 1.235000755227841118e+01 2.037809999999999925e-04 2.036759999999999927e-04 1.044098168519999890e-07
1.024948800000000119e+04 5.784620000000003301e+02 1.239999847050670034e+01 2.034449999999999876e-04 2.034559999999999982e-04 -1.037615427200000008e-08
1.025422200000000157e+04 5.831960000000007085e+02 1.244999947637099247e+01 2.031140000000000072e-04 2.032349999999999879e-04 -1.206874465199999888e-07
1.025897500000000036e+04 5.879489999999995007e+02 1.249999995009000209e+01 2.027920000000000059e-04 2.030149999999999934e-04 -2.220212642999999900e-07
1.026374700000000121e+04 5.927210000000003447e+02 1.254999989802412586e+01 2.024829999999999924e-04 2.027940000000000103e-04 -3.104978934000000475e-07
1.026853800000000047e+04 5.975119999999996026e+02 1.259999932643266618e+01 2.021899999999999869e-04 2.025739999999999887e-04 -3.829215807199999795e-07
1.027334800000000178e+04 6.023220000000009122e+02 1.264999824147597351e+01 2.019160000000000095e-04 2.023539999999999942e-04 -4.367932502399999756e-07
1.027817800000000170e+04 6.071520000000008395e+02 1.270000698261308258e+01 2.016619999999999947e-04 2.021330000000000110e-04 -4.703170004100000665e-07
1.028302600000000166e+04 6.120000000000007958e+02 1.275000484849900495e+01 2.014290000000000123e-04 2.019129999999999894e-04 -4.824468839399999529e-07
1.028789300000000003e+04 6.168669999999991660e+02 1.280000221924268899e+01 2.012190000000000127e-04 2.016929999999999949e-04 -4.729458818400000298e-07
1.029277900000000045e+04 6.217529999999995880e+02 1.284999910062373907e+01 2.010290000000000026e-04 2.014720000000000118e-04 -4.424707916800000898e-07
1.029768500000000131e+04 6.266590000000004466e+02 1.290000567152118727e+01 2.008579999999999936e-04 2.012519999999999901e-04 -3.926728397999999705e-07
1.030260900000000038e+04 6.315829999999995152e+02 1.295000155188320790e+01 2.007049999999999969e-04 2.010319999999999956e-04 -3.261925128799999903e-07
1.030755300000000170e+04 6.365270000000008395e+02 1.300000705492544739e+01 2.005639999999999994e-04 2.008110000000000125e-04 -2.466039404399999961e-07
1.031251500000000124e+04 6.414890000000003738e+02 1.305000195753610193e+01 2.003580000000000085e-04 2.005189999999999956e-04 -1.599652353640000168e-07
1.031749700000000121e+04 6.464710000000003447e+02 1.310000641683489953e+01 2.001569999999999879e-04 2.002259999999999901e-04 -6.831691097399998981e-08
1.032249700000000121e+04 6.514710000000003447e+02 1.315000036425042218e+01 1.999570000000000102e-04 1.999330000000000118e-04 2.372285018200000257e-08
1.032751700000000164e+04 6.564910000000007813e+02 1.320000380319232036e+01 1.997520000000000079e-04 1.996409999999999949e-04 1.115835473609999890e-07
1.033255600000000049e+04 6.615299999999996317e+02 1.325000672174696525e+01 1.995389999999999881e-04 1.993479999999999894e-04 1.909973122799999953e-07
1.033761300000000119e+04 6.665870000000003301e+02 1.329999925855785392e+01 1.993139999999999962e-04 1.990550000000000110e-04 2.582400231499999982e-07
1.034269000000000051e+04 6.716639999999996462e+02 1.335000119081543346e+01 1.990740000000000120e-04 1.987629999999999942e-04 3.103525234599999991e-07
1.034778600000000006e+04 6.767599999999991951e+02 1.340000261975536233e+01 1.988159999999999884e-04 1.984699999999999887e-04 3.453119988999999371e-07
1.035290100000000166e+04 6.818750000000007958e+02 1.345000355099102229e+01 1.985400000000000066e-04 1.981770000000000103e-04 3.621625221900000234e-07
1.035803500000000167e+04 6.870090000000008104e+02 1.350000399005252838e+01 1.982470000000000011e-04 1.978849999999999934e-04 3.610510767499999821e-07
1.036318800000000010e+04 6.921619999999992388e+02 1.355000394238834893e+01 1.979360000000000104e-04 1.975919999999999879e-04 3.431698819199999787e-07
1.036836000000000058e+04 6.973339999999997190e+02 1.360000341336681018e+01 1.976109999999999889e-04 1.972990000000000095e-04 3.106018967300000303e-07
1.037355100000000130e+04 7.025250000000004320e+02 1.365000240827748001e+01 1.972730000000000067e-04 1.970069999999999927e-04 2.660756841299999945e-07
1.037876100000000042e+04 7.077349999999995589e+02 1.370000093233265481e+01 1.969270000000000070e-04 1.967139999999999872e-04 2.126812753799999860e-07
1.038399000000000160e+04 7.129640000000007376e+02 1.374999899066882669e+01 1.965749999999999941e-04 1.964210000000000088e-04 1.536102573660000145e-07
1.038923900000000140e+04 7.182130000000005339e+02 1.380000609806771728e+01 1.962210000000000039e-04 1.961289999999999919e-04 9.192605455799999665e-08
1.039450600000000122e+04 7.234800000000003593e+02 1.385000320574944155e+01 1.958669999999999866e-04 1.958360000000000135e-04 3.043369774399999763e-08
1.039979200000000128e+04 7.287660000000004175e+02 1.389999986292721168e+01 1.955150000000000009e-04 1.955430000000000080e-04 -2.837837341800000366e-08
1.040509800000000178e+04 7.340720000000009122e+02 1.395000548190996170e+01 1.951680000000000125e-04 1.952509999999999912e-04 -8.234730450099999742e-08
1.041042200000000048e+04 7.393959999999996171e+02 1.400000121894674088e+01 1.948279999999999988e-04 1.949580000000000128e-04 -1.296277691580000040e-07
1.041576600000000144e+04 7.447400000000005775e+02 1.405000586055172107e+01 1.945569999999999873e-04 1.947279999999999964e-04 -1.709725470959999908e-07
1.042112800000000061e+04 7.501019999999997481e+02 1.410000069722749849e+01 1.942939999999999934e-04 1.944980000000000070e-04 -2.037638847200000281e-07
1.042651000000000022e+04 7.554839999999993552e+02 1.415000438190493881e+01 1.940400000000000057e-04 1.942679999999999906e-04 -2.270798651999999959e-07
1.043191000000000167e+04 7.608840000000008104e+02 1.419999833743982087e+01 1.937970000000000014e-04 1.940380000000000013e-04 -2.403393475600000112e-07
1.043733000000000175e+04 7.663040000000008831e+02 1.425000108506987928e+01 1.935639999999999919e-04 1.938080000000000119e-04 -2.432949347200000359e-07
1.044276900000000023e+04 7.717429999999993697e+02 1.430000335535745037e+01 1.933419999999999930e-04 1.935779999999999955e-04 -2.360644994399999985e-07
1.044822700000000077e+04 7.772009999999999081e+02 1.435000515329243242e+01 1.931290000000000003e-04 1.933480000000000062e-04 -2.191367562400000098e-07
1.045370400000000154e+04 7.826780000000006794e+02 1.440000648379532677e+01 1.929239999999999981e-04 1.931179999999999898e-04 -1.933845028400000072e-07
1.045919900000000052e+04 7.881729999999996608e+02 1.444999826977243274e+01 1.927280000000000020e-04 1.928880000000000004e-04 -1.600439957999999957e-07
1.046471399999999994e+04 7.936879999999990787e+02 1.449999871121855932e+01 1.925370000000000033e-04 1.926580000000000111e-04 -1.206763474079999975e-07
1.047024800000000141e+04 7.992220000000005484e+02 1.454999869937440948e+01 1.923510000000000020e-04 1.924279999999999947e-04 -7.710166618400000484e-08
1.047580100000000130e+04 8.047750000000004320e+02 1.459999823889704196e+01 1.921670000000000051e-04 1.921980000000000053e-04 -3.132058607999999876e-08
1.048137400000000162e+04 8.103480000000007522e+02 1.465000629234100771e+01 1.919830000000000082e-04 1.919679999999999889e-04 1.457451770879999893e-08
1.048696500000000015e+04 8.159389999999992824e+02 1.470000491784666963e+01 1.917970000000000070e-04 1.917379999999999996e-04 5.849274470799999730e-08
1.049257500000000073e+04 8.215489999999998645e+02 1.475000310851984153e+01 1.916069999999999969e-04 1.915080000000000103e-04 9.844238930400000292e-08
1.049820400000000154e+04 8.271780000000006794e+02 1.480000086876742849e+01 1.914119999999999895e-04 1.912790000000000096e-04 1.326307545310000041e-07
1.050385200000000077e+04 8.328259999999999081e+02 1.484999820293695727e+01 1.912089999999999916e-04 1.910489999999999931e-04 1.595641247999999987e-07
1.050952000000000044e+04 8.384939999999995734e+02 1.490000392297867293e+01 1.909969999999999875e-04 1.908190000000000038e-04 1.781453744770000048e-07
1.051520600000000013e+04 8.441799999999992679e+02 1.495000038834715639e+01 1.907769999999999930e-04 1.905889999999999874e-04 1.877492238999999929e-07
1.052091200000000026e+04 8.498859999999993988e+02 1.500000518947294026e+01 1.905470000000000037e-04 1.903589999999999980e-04 1.882663835130000115e-07
1.052663600000000042e+04 8.556099999999995589e+02 1.505000080352494152e+01 1.902469999999999964e-04 1.900650000000000039e-04 1.812140530800000162e-07
1.053238000000000102e+04 8.613540000000001555e+02 1.510000470376822257e+01 1.899389999999999987e-04 1.897719999999999984e-04 1.665873649879999869e-07
1.053814200000000164e+04 8.671160000000007813e+02 1.514999948352456727e+01 1.896249999999999878e-04 1.894789999999999929e-04 1.454296799959999959e-07
1.054392400000000089e+04 8.728980000000000246e+02 1.520000250044720680e+01 1.893049999999999909e-04 1.891859999999999874e-04 1.190174801579999876e-07
1.054972500000000036e+04 8.786989999999995007e+02 1.525000506799754874e+01 1.889820000000000009e-04 1.888930000000000090e-04 8.876233184400000744e-08
1.055554400000000169e+04 8.845180000000008249e+02 1.529999861318791687e+01 1.886559999999999908e-04 1.885989999999999878e-04 5.612121583099999904e-08
1.056138300000000163e+04 8.903570000000007667e+02 1.535000032309406492e+01 1.883289999999999921e-04 1.883060000000000094e-04 2.252780000400000132e-08
1.056724100000000180e+04 8.962150000000009413e+02 1.540000159649233424e+01 1.880019999999999933e-04 1.880130000000000039e-04 -1.066041230519999969e-08
1.057311800000000039e+04 9.020919999999995298e+02 1.545000243762076586e+01 1.876779999999999876e-04 1.877199999999999984e-04 -4.219119632000000144e-08
1.057901400000000103e+04 9.079880000000001701e+02 1.550000285066271566e+01 1.873560000000000134e-04 1.874269999999999929e-04 -7.093587154399999113e-08
1.058492900000000009e+04 9.139029999999992242e+02 1.555000283974763242e+01 1.870370000000000051e-04 1.871329999999999988e-04 -9.590135844099999589e-08
1.059086300000000119e+04 9.198370000000003301e+02 1.560000240895206147e+01 1.867240000000000100e-04 1.868399999999999933e-04 -1.162447480799999908e-07
1.059681600000000071e+04 9.257899999999998499e+02 1.565000156230034989e+01 1.864149999999999965e-04 1.865469999999999878e-04 -1.312871149249999937e-07
1.060278800000000047e+04 9.317619999999996026e+02 1.570000030376558620e+01 1.861130000000000119e-04 1.862540000000000094e-04 -1.405362794139999938e-07
1.060877900000000045e+04 9.377529999999995880e+02 1.574999863727037663e+01 1.858170000000000134e-04 1.859610000000000039e-04 -1.437101029169999934e-07
1.061479000000000087e+04 9.437640000000000100e+02 1.580000487264585551e+01 1.855260000000000123e-04 1.856670000000000098e-04 -1.407571233719999998e-07
1.062081900000000132e+04 9.497930000000004611e+02 1.585000237559912861e+01 1.852420000000000130e-04 1.853740000000000043e-04 -1.318774734620000182e-07
1.062686700000000019e+04 9.558409999999993261e+02 1.589999948222973103e+01 1.849630000000000111e-04 1.850809999999999988e-04 -1.175255095949999965e-07
1.063293500000000131e+04 9.619090000000004466e+02 1.595000442411063446e+01 1.846890000000000066e-04 1.847879999999999933e-04 -9.840847982399999785e-08
1.063902100000000064e+04 9.679949999999997772e+02 1.600000072352006342e+01 1.844190000000000109e-04 1.844949999999999878e-04 -7.546454333499999971e-08
1.064512700000000041e+04 9.741009999999995443e+02 1.605000481439090265e+01 1.841649999999999960e-04 1.842160000000000130e-04 -5.041807704000000261e-08
1.065125100000000020e+04 9.802249999999993406e+02 1.610000032175624085e+01 1.839130000000000127e-04 1.839370000000000111e-04 -2.372217095299999846e-08
1.065739500000000044e+04 9.863689999999995734e+02 1.615000357724312252e+01 1.836619999999999908e-04 1.836580000000000092e-04 3.329646076799999984e-09
1.066355700000000070e+04 9.925309999999998354e+02 1.619999830736508173e+01 1.834089999999999917e-04 1.833790000000000073e-04 2.942426082400000331e-08
1.066973900000000140e+04 9.987130000000005339e+02 1.625000074271174100e+01 1.831539999999999883e-04 1.831009999999999940e-04 5.331333506899999202e-08
1.067594000000000051e+04 1.004913999999999646e+03 1.630000276120146196e+01 1.828959999999999917e-04 1.828219999999999921e-04 7.389427571399999548e-08
1.068216000000000167e+04 1.011134000000000810e+03 1.635000436665880486e+01 1.826329999999999978e-04 1.825429999999999902e-04 9.028047405299998704e-08
1.068839900000000125e+04 1.017373000000000388e+03 1.640000556286158684e+01 1.823659999999999951e-04 1.822639999999999883e-04 1.018534975359999825e-07
1.069465600000000086e+04 1.023629999999999995e+03 1.644999837578324531e+01 1.820939999999999950e-04 1.819850000000000135e-04 1.082909021900000137e-07
1.070093300000000090e+04 1.029906999999999925e+03 1.649999878880258208e+01 1.818160000000000089e-04 1.817070000000000002e-04 1.095698661209999913e-07
1.070722900000000118e+04 1.036203000000000202e+03 1.654999880348167807e+01 1.815339999999999868e-04 1.814279999999999983e-04 1.059434291759999921e-07
1.071354400000000169e+04 1.042518000000000711e+03 1.659999842341998999e+01 1.812469999999999945e-04 1.811489999999999964e-04 9.790360739099999533e-08
1.071987900000000081e+04 1.048852999999999838e+03 1.665000553410363437e+01 1.809559999999999934e-04 1.808699999999999945e-04 8.612342093999999918e-08
1.072623199999999997e+04 1.055205999999998994e+03 1.670000435158830854e+01 1.806629999999999879e-04 1.805909999999999926e-04 7.139863835099999782e-08
1.073260400000000118e+04 1.061578000000000202e+03 1.675000278501465445e+01 1.803669999999999894e-04 1.803119999999999907e-04 5.458729425599999729e-08
1.073899500000000080e+04 1.067968999999999824e+03 1.680000083781163056e+01 1.800700000000000022e-04 1.800340000000000046e-04 3.655842417600000478e-08
1.074540500000000065e+04 1.074378999999999678e+03 1.684999851336750964e+01 1.797729999999999879e-04 1.797550000000000027e-04 1.814842431000000087e-08
1.075183500000000095e+04 1.080808999999999969e+03 1.690000358036464689e+01 1.794760000000000008e-04 1.794760000000000008e-04 1.309202040079999870e-10
1.075828300000000127e+04 1.087257000000000289e+03 1.695000048853803776e+01 1.791800000000000022e-04 1.791969999999999989e-04 -1.680428827349999890e-08
1.076475100000000020e+04 1.093724999999999227e+03 1.700000474918686066e+01 1.788860000000000081e-04 1.789179999999999970e-04 -3.206461045199999897e-08
1.077123700000000099e+04 1.100211000000000013e+03 1.705000090359421705e+01 1.785980000000000000e-04 1.786430000000000038e-04 -4.572403313600000072e-08
1.077774300000000039e+04 1.106716999999999416e+03 1.710000437188791622e+01 1.783119999999999963e-04 1.783689999999999993e-04 -5.689971099999999718e-08
1.078426700000000164e+04 1.113241000000000668e+03 1.714999978582681095e+01 1.780279999999999970e-04 1.780940000000000062e-04 -6.525168256600000715e-08
1.079081100000000151e+04 1.119785000000000537e+03 1.720000247543493188e+01 1.777480000000000065e-04 1.778190000000000131e-04 -7.055253335399999977e-08
1.079737400000000162e+04 1.126348000000000638e+03 1.725000476966945584e+01 1.774710000000000090e-04 1.775439999999999928e-04 -7.269326027199999228e-08
1.080395500000000175e+04 1.132929000000000769e+03 1.729999908617111259e+01 1.771970000000000045e-04 1.772689999999999997e-04 -7.168829267600000181e-08
1.081055600000000049e+04 1.139529999999999518e+03 1.735000062176534996e+01 1.769259999999999930e-04 1.769940000000000066e-04 -6.767914271399999636e-08
1.081717600000000130e+04 1.146150000000000318e+03 1.740000177202687226e+01 1.766580000000000017e-04 1.767190000000000134e-04 -6.093253448100000470e-08
1.082381500000000051e+04 1.152788999999999533e+03 1.745000254026803788e+01 1.763919999999999876e-04 1.764439999999999932e-04 -5.183166010799999758e-08
1.083047300000000178e+04 1.159447000000000799e+03 1.750000292976339367e+01 1.761280000000000050e-04 1.761690000000000001e-04 -4.086222338099999944e-08
1.083715000000000146e+04 1.166124000000000478e+03 1.755000294375006575e+01 1.758659999999999998e-04 1.758940000000000069e-04 -2.859086612400000330e-08
1.084384600000000137e+04 1.172820000000000391e+03 1.760000258542844165e+01 1.756039999999999945e-04 1.756189999999999867e-04 -1.563609716979999953e-08
1.085056100000000151e+04 1.179535000000000537e+03 1.765000185796258236e+01 1.753419999999999892e-04 1.753439999999999936e-04 -2.635771007999999742e-09
1.085729500000000189e+04 1.186269000000000915e+03 1.770000076448078730e+01 1.750789999999999953e-04 1.750690000000000004e-04 9.788948121199999696e-09
1.086404800000000068e+04 1.193021999999999707e+03 1.774999930807606319e+01 1.748160000000000013e-04 1.747940000000000073e-04 2.106914437800000132e-08
1.087082100000000173e+04 1.199795000000000755e+03 1.780000486451103114e+01 1.745499999999999873e-04 1.745200000000000028e-04 3.072110464000000385e-08
1.087761200000000099e+04 1.206586000000000013e+03 1.785000267075001545e+01 1.742830000000000117e-04 1.742450000000000097e-04 3.837153692000000368e-08
1.088442200000000048e+04 1.213395999999999503e+03 1.790000012325396739e+01 1.740140000000000046e-04 1.739699999999999894e-04 4.377676697999999439e-08
1.089125200000000041e+04 1.220225999999999431e+03 1.795000453607285706e+01 1.737420000000000045e-04 1.736949999999999963e-04 4.682921416999999298e-08
1.089810000000000036e+04 1.227073999999999387e+03 1.800000126963416491e+01 1.734670000000000114e-04 1.734200000000000032e-04 4.755557924000000332e-08
1.090496800000000076e+04 1.233941999999999780e+03 1.805000492893178432e+01 1.731579999999999979e-04 1.731109999999999897e-04 4.669894269300000068e-08
1.091185400000000118e+04 1.240828000000000202e+03 1.810000095556193855e+01 1.728459999999999914e-04 1.728020000000000033e-04 4.390743298200000699e-08
1.091876000000000022e+04 1.247733999999999241e+03 1.815000387366512058e+01 1.725329999999999963e-04 1.724929999999999899e-04 3.943172730699999880e-08
1.092568400000000111e+04 1.254658000000000129e+03 1.819999920511059344e+01 1.722179999999999967e-04 1.721840000000000035e-04 3.358035678399999911e-08
1.093262800000000061e+04 1.261601999999999634e+03 1.825000139407742239e+01 1.719020000000000086e-04 1.718760000000000058e-04 2.669560844400000379e-08
1.093959100000000035e+04 1.268564999999999372e+03 1.830000321309186617e+01 1.715859999999999933e-04 1.715669999999999923e-04 1.913177930400000025e-08
1.094657300000000032e+04 1.275546999999999343e+03 1.835000466517816520e+01 1.712689999999999894e-04 1.712580000000000059e-04 1.123836097920000124e-08
1.095357300000000032e+04 1.282546999999999343e+03 1.839999862103797668e+01 1.709520000000000126e-04 1.709489999999999925e-04 3.345848017799999682e-09
1.096059300000000076e+04 1.289566999999999780e+03 1.844999936753855607e+01 1.706359999999999973e-04 1.706400000000000061e-04 -4.243390199999999821e-09
1.096763200000000143e+04 1.296606000000000449e+03 1.849999975588350765e+01 1.703200000000000091e-04 1.703309999999999926e-04 -1.126088900580000028e-08
1.097469000000000051e+04 1.303663999999999533e+03 1.854999978896898227e+01 1.700050000000000096e-04 1.700229999999999949e-04 -1.747547400899999790e-08
1.098176700000000164e+04 1.310741000000000668e+03 1.859999946965999484e+01 1.696909999999999987e-04 1.697140000000000085e-04 -2.269551379200000285e-08
1.098886300000000119e+04 1.317837000000000216e+03 1.864999880079077599e+01 1.693780000000000036e-04 1.694049999999999950e-04 -2.677073333999999735e-08
1.099597900000000118e+04 1.324953000000000202e+03 1.870000480303353996e+01 1.690659999999999971e-04 1.690960000000000087e-04 -2.959518192000000106e-08
1.100311300000000119e+04 1.332087000000000216e+03 1.875000342471192383e+01 1.687559999999999950e-04 1.687869999999999952e-04 -3.110980711800000106e-08
1.101026600000000144e+04 1.339240000000000464e+03 1.880000170525213576e+01 1.684470000000000086e-04 1.684780000000000088e-04 -3.130472870200000289e-08
1.101743800000000192e+04 1.346412000000000944e+03 1.884999964736871192e+01 1.681390000000000109e-04 1.681689999999999954e-04 -3.022114648300000091e-08
1.102463000000000102e+04 1.353604000000000042e+03 1.890000419735276793e+01 1.678329999999999904e-04 1.678609999999999976e-04 -2.795120655400000269e-08
1.103184000000000015e+04 1.360813999999999169e+03 1.895000145233121813e+01 1.675269999999999971e-04 1.675520000000000113e-04 -2.463483545600000079e-08
1.103906900000000132e+04 1.368043000000000347e+03 1.899999837695523297e+01 1.672219999999999924e-04 1.672429999999999978e-04 -2.045565857299999931e-08
1.104631800000000112e+04 1.375292000000000144e+03 1.905000186275797347e+01 1.669519999999999967e-04 1.669680000000000047e-04 -1.587259586160000071e-08
1.105358600000000115e+04 1.382560000000000173e+03 1.910000498731364615e+01 1.666820000000000010e-04 1.666930000000000115e-04 -1.076798440610000127e-08
1.106087200000000121e+04 1.389846000000000231e+03 1.915000090049556647e+01 1.664129999999999939e-04 1.664179999999999913e-04 -5.366131768199999755e-09
1.106817800000000170e+04 1.397152000000000726e+03 1.920000332886405303e+01 1.661439999999999868e-04 1.661439999999999868e-04 9.523855897600000145e-11
1.107550200000000041e+04 1.404475999999999431e+03 1.924999858693634280e+01 1.658739999999999911e-04 1.658689999999999937e-04 5.376311897000000176e-09
1.108284600000000137e+04 1.411820000000000391e+03 1.930000032983281955e+01 1.656039999999999953e-04 1.655940000000000005e-04 1.024694016060000091e-08
1.109020900000000074e+04 1.419182999999999765e+03 1.935000172515716343e+01 1.653339999999999996e-04 1.653190000000000074e-04 1.449854242760000217e-08
1.109759100000000035e+04 1.426564999999999372e+03 1.940000277559687802e+01 1.650619999999999995e-04 1.650439999999999872e-04 1.795497171599999930e-08
1.110499200000000019e+04 1.433965999999999212e+03 1.945000348381179478e+01 1.647899999999999994e-04 1.647689999999999940e-04 2.048144577599999946e-08
1.111241200000000026e+04 1.441385999999999285e+03 1.950000385243444612e+01 1.645170000000000107e-04 1.644949999999999895e-04 2.199166553999999959e-08
1.111985100000000057e+04 1.448824999999999591e+03 1.955000388407042067e+01 1.642419999999999904e-04 1.642199999999999964e-04 2.245117307999999793e-08
1.112730900000000111e+04 1.456283000000000129e+03 1.960000358129870079e+01 1.639669999999999973e-04 1.639450000000000033e-04 2.187895208500000258e-08
1.113478600000000006e+04 1.463759999999999081e+03 1.965000294667198943e+01 1.636909999999999884e-04 1.636700000000000101e-04 2.034565402999999908e-08
1.114228200000000106e+04 1.471256000000000085e+03 1.970000198271708669e+01 1.634130000000000023e-04 1.633949999999999899e-04 1.796822135999999760e-08
1.114979700000000048e+04 1.478770999999999503e+03 1.975000069193515273e+01 1.631349999999999890e-04 1.631210000000000125e-04 1.490379484650000090e-08
1.115733100000000195e+04 1.486305000000000973e+03 1.979999907680210924e+01 1.628570000000000028e-04 1.628459999999999923e-04 1.133882041860000027e-08
1.116488500000000022e+04 1.493858999999999241e+03 1.985000375106069370e+01 1.625780000000000009e-04 1.625709999999999991e-04 7.479452768300001142e-09
1.117245700000000033e+04 1.501430999999999358e+03 1.990000147794302876e+01 1.622999999999999877e-04 1.622960000000000060e-04 3.538490999200000292e-09
1.118004800000000068e+04 1.509021999999999707e+03 1.994999888783677733e+01 1.620210000000000129e-04 1.620210000000000129e-04 -2.770607706300000279e-10
1.118765900000000147e+04 1.516633000000000493e+03 2.000000254482677065e+01 1.617429999999999996e-04 1.617459999999999926e-04 -3.778386559999999791e-09
