0.000000000000000000e+00 -2.563996000000000053e-01
5.000000000000000278e-02 -2.897462000000000093e-01
1.000000000000000056e-01 -3.227655999999999858e-01
1.499999999999999944e-01 -4.185811999999999866e-01
2.000000000000000111e-01 -5.109610999999999459e-01
2.500000000000000000e-01 -6.543889999999999985e-01
2.999999999999999889e-01 -7.863561000000000023e-01
3.499999999999999778e-01 -9.463901999999999592e-01
4.000000000000000222e-01 -1.081015999999999977e+00
4.500000000000000111e-01 -1.211503999999999914e+00
5.000000000000000000e-01 -1.299968000000000012e+00
5.500000000000000444e-01 -1.352159000000000111e+00
5.999999999999999778e-01 -1.351339999999999986e+00
6.500000000000000222e-01 -1.296178000000000052e+00
6.999999999999999556e-01 -1.191483999999999988e+00
7.500000000000000000e-01 -1.037517999999999940e+00
8.000000000000000444e-01 -8.541773000000000282e-01
8.499999999999999778e-01 -6.463910999999999962e-01
9.000000000000000222e-01 -4.390585000000000182e-01
9.499999999999999556e-01 -2.388587000000000071e-01
1.000000000000000000e+00 -6.535301999999999778e-02
1.050000000000000044e+00 7.810121999999999898e-02
1.100000000000000089e+00 1.820155999999999996e-01
1.149999999999999911e+00 2.496265000000000012e-01
1.199999999999999956e+00 2.813262000000000262e-01
1.250000000000000000e+00 2.862864999999999993e-01
1.300000000000000044e+00 2.703958000000000195e-01
1.350000000000000089e+00 2.453519000000000116e-01
1.399999999999999911e+00 2.168150000000000077e-01
1.449999999999999956e+00 1.947649999999999937e-01
1.500000000000000000e+00 1.796398999999999913e-01
1.550000000000000044e+00 1.759803000000000062e-01
1.600000000000000089e+00 1.779196000000000111e-01
1.649999999999999911e+00 1.830256000000000105e-01
1.699999999999999956e+00 1.841007000000000060e-01
1.750000000000000000e+00 1.759908000000000028e-01
1.800000000000000044e+00 1.558257000000000114e-01
1.850000000000000089e+00 1.287047000000000052e-01
1.899999999999999911e+00 8.808454999999999757e-02
1.949999999999999956e+00 6.300957000000000086e-02
2.000000000000000000e+00 2.809065000000000173e-02
2.049999999999999822e+00 1.964878000000000111e-02
2.100000000000000089e+00 2.391864000000000143e-02
2.149999999999999911e+00 3.935040000000000066e-02
2.200000000000000178e+00 6.075003999999999821e-02
2.250000000000000000e+00 7.840951999999999644e-02
2.299999999999999822e+00 9.175985999999999865e-02
2.350000000000000089e+00 9.666386999999999896e-02
2.399999999999999911e+00 9.195477999999999985e-02
2.450000000000000178e+00 8.074876999999999749e-02
2.500000000000000000e+00 6.730136000000000451e-02
2.549999999999999822e+00 5.305525999999999992e-02
2.600000000000000089e+00 3.898047000000000317e-02
2.649999999999999911e+00 2.234117000000000047e-02
2.700000000000000178e+00 5.380496999999999710e-03
2.750000000000000000e+00 -1.188497999999999985e-02
2.799999999999999822e+00 -2.947297999999999932e-02
2.850000000000000089e+00 -4.663860999999999701e-02
2.899999999999999911e+00 -6.311672999999999589e-02
2.950000000000000178e+00 -7.856628999999999696e-02
3.000000000000000000e+00 -9.246543000000000123e-02
3.049999999999999822e+00 -1.029687999999999992e-01
3.100000000000000089e+00 -1.104755000000000043e-01
3.149999999999999911e+00 -1.143696000000000018e-01
3.200000000000000178e+00 -1.141708000000000028e-01
3.250000000000000000e+00 -1.092247999999999969e-01
3.299999999999999822e+00 -1.005310999999999982e-01
3.350000000000000089e+00 -8.816472999999999671e-02
3.399999999999999911e+00 -7.265059000000000100e-02
3.450000000000000178e+00 -5.525733000000000034e-02
3.500000000000000000e+00 -3.683108999999999689e-02
3.549999999999999822e+00 -1.821777999999999939e-02
3.600000000000000089e+00 -1.678437999999999870e-04
3.649999999999999911e+00 1.640874000000000152e-02
3.700000000000000178e+00 3.140016000000000335e-02
3.750000000000000000e+00 4.455782999999999966e-02
3.799999999999999822e+00 5.575383999999999896e-02
3.850000000000000089e+00 6.491914999999999492e-02
3.899999999999999911e+00 7.216071999999999764e-02
3.950000000000000178e+00 7.743917999999999635e-02
4.000000000000000000e+00 8.067934000000000216e-02
4.049999999999999822e+00 8.195412000000000530e-02
4.099999999999999645e+00 8.099594999999999712e-02
4.150000000000000355e+00 7.767917000000000571e-02
4.200000000000000178e+00 7.193317000000000461e-02
4.250000000000000000e+00 6.395858000000000099e-02
4.299999999999999822e+00 5.373764000000000318e-02
4.349999999999999645e+00 4.156678999999999929e-02
4.400000000000000355e+00 2.789236999999999966e-02
4.450000000000000178e+00 1.334159000000000039e-02
4.500000000000000000e+00 -1.530001000000000017e-03
4.549999999999999822e+00 -1.602676999999999921e-02
4.599999999999999645e+00 -2.946444000000000146e-02
4.650000000000000355e+00 -4.133148999999999851e-02
4.700000000000000178e+00 -5.107597999999999999e-02
4.750000000000000000e+00 -5.835179000000000060e-02
4.799999999999999822e+00 -6.298808999999999658e-02
4.849999999999999645e+00 -6.509239999999999471e-02
4.900000000000000355e+00 -6.469811000000000312e-02
4.950000000000000178e+00 -6.208481999999999890e-02
5.000000000000000000e+00 -5.761448999999999737e-02
5.049999999999999822e+00 -5.167946000000000345e-02
5.099999999999999645e+00 -4.463038999999999895e-02
5.150000000000000355e+00 -3.680784000000000139e-02
5.200000000000000178e+00 -2.848670000000000022e-02
5.250000000000000000e+00 -1.979902999999999871e-02
5.299999999999999822e+00 -1.094286000000000043e-02
5.349999999999999645e+00 -2.041143000000000037e-03
5.400000000000000355e+00 6.781856999999999643e-03
5.450000000000000178e+00 1.548879000000000054e-02
5.500000000000000000e+00 2.376104000000000063e-02
5.549999999999999822e+00 3.132619999999999849e-02
5.599999999999999645e+00 3.786902999999999797e-02
5.650000000000000355e+00 4.314449000000000062e-02
5.700000000000000178e+00 4.672372999999999804e-02
5.750000000000000000e+00 4.835782999999999748e-02
5.799999999999999822e+00 4.790773999999999727e-02
5.849999999999999645e+00 4.540144000000000124e-02
5.900000000000000355e+00 4.091637000000000052e-02
5.950000000000000178e+00 3.473684999999999967e-02
6.000000000000000000e+00 2.726096999999999895e-02
6.049999999999999822e+00 1.897228000000000109e-02
6.099999999999999645e+00 1.029458999999999930e-02
6.150000000000000355e+00 1.713335999999999982e-03
6.200000000000000178e+00 -6.338563000000000183e-03
6.250000000000000000e+00 -1.350882999999999945e-02
6.299999999999999822e+00 -1.954089999999999994e-02
6.349999999999999645e+00 -2.427647000000000138e-02
6.400000000000000355e+00 -2.764789000000000135e-02
6.450000000000000178e+00 -2.966397000000000131e-02
6.500000000000000000e+00 -3.039278000000000118e-02
6.549999999999999822e+00 -3.020762999999999920e-02
6.599999999999999645e+00 -2.894468999999999861e-02
6.650000000000000355e+00 -2.673502999999999991e-02
6.700000000000000178e+00 -2.372611000000000164e-02
6.750000000000000000e+00 -2.007743000000000028e-02
6.799999999999999822e+00 -1.595678000000000027e-02
6.849999999999999645e+00 -1.153597999999999950e-02
6.900000000000000355e+00 -6.985881000000000209e-03
6.950000000000000178e+00 -2.470676000000000209e-03
7.000000000000000000e+00 1.857942000000000014e-03
7.049999999999999822e+00 5.974703999999999952e-03
7.099999999999999645e+00 9.676206999999999170e-03
7.150000000000000355e+00 1.285948999999999946e-02
7.200000000000000178e+00 1.545048000000000081e-02
7.250000000000000000e+00 1.740275999999999976e-02
7.299999999999999822e+00 1.869412999999999977e-02
7.349999999999999645e+00 1.932203000000000045e-02
7.400000000000000355e+00 1.929917999999999911e-02
7.450000000000000178e+00 1.865040000000000101e-02
7.500000000000000000e+00 1.741115999999999844e-02
7.549999999999999822e+00 1.562430000000000069e-02
7.599999999999999645e+00 1.335949999999999985e-02
7.650000000000000355e+00 1.069471999999999957e-02
7.700000000000000178e+00 7.717695000000000111e-03
7.750000000000000000e+00 4.526432000000000372e-03
7.799999999999999822e+00 1.228900000000000001e-03
7.849999999999999645e+00 -2.058668999999999950e-03
7.900000000000000355e+00 -5.215138000000000239e-03
7.950000000000000178e+00 -8.119372999999999174e-03
8.000000000000000000e+00 -1.065629000000000055e-02
8.050000000000000711e+00 -1.274078000000000016e-02
8.099999999999999645e+00 -1.428588000000000080e-02
8.150000000000000355e+00 -1.523377000000000064e-02
8.199999999999999289e+00 -1.555166000000000014e-02
8.250000000000000000e+00 -1.523380000000000047e-02
8.300000000000000711e+00 -1.430226000000000067e-02
8.349999999999999645e+00 -1.280632999999999945e-02
8.400000000000000355e+00 -1.082059999999999966e-02
8.449999999999999289e+00 -8.441941999999999155e-03
8.500000000000000000e+00 -5.785188000000000136e-03
8.550000000000000711e+00 -2.984844999999999859e-03
8.599999999999999645e+00 -1.394149999999999925e-04
8.650000000000000355e+00 2.619857000000000175e-03
8.699999999999999289e+00 5.167093000000000207e-03
8.750000000000000000e+00 7.388890999999999862e-03
8.800000000000000711e+00 9.191015000000000296e-03
8.849999999999999645e+00 1.050397999999999957e-02
8.900000000000000355e+00 1.128692000000000063e-02
8.949999999999999289e+00 1.152933000000000083e-02
9.000000000000000000e+00 1.125039000000000074e-02
9.050000000000000711e+00 1.057049000000000009e-02
9.099999999999999645e+00 9.463503999999999319e-03
9.150000000000000355e+00 8.005273999999999723e-03
9.199999999999999289e+00 6.283475999999999645e-03
9.250000000000000000e+00 4.391477000000000401e-03
9.300000000000000711e+00 2.422646999999999995e-03
9.349999999999999645e+00 4.656430999999999938e-04
9.400000000000000355e+00 -1.399084999999999999e-03
9.449999999999999289e+00 -3.101552000000000042e-03
9.500000000000000000e+00 -4.583458999999999797e-03
9.550000000000000711e+00 -5.845967999999999998e-03
9.599999999999999645e+00 -6.818496000000000279e-03
9.650000000000000355e+00 -7.474393000000000183e-03
9.699999999999999289e+00 -7.799338000000000277e-03
9.750000000000000000e+00 -7.791816000000000020e-03
9.800000000000000711e+00 -7.463494000000000204e-03
9.849999999999999645e+00 -6.839271000000000066e-03
9.900000000000000355e+00 -5.956707000000000321e-03
9.949999999999999289e+00 -4.864588000000000419e-03
1.000000000000000000e+01 -3.620537999999999968e-03
1.005000000000000071e+01 -2.292161000000000025e-03
1.009999999999999964e+01 -9.254953999999999481e-04
1.015000000000000036e+01 4.166079000000000266e-04
1.019999999999999929e+01 1.675798999999999952e-03
1.025000000000000000e+01 2.801626000000000203e-03
1.030000000000000071e+01 3.754068000000000162e-03
1.034999999999999964e+01 4.504941000000000154e-03
1.040000000000000036e+01 5.038078999999999995e-03
1.044999999999999929e+01 5.348420999999999904e-03
1.050000000000000000e+01 5.440297999999999662e-03
1.055000000000000071e+01 5.325322999999999862e-03
1.059999999999999964e+01 5.020331000000000272e-03
1.065000000000000036e+01 4.545714999999999652e-03
1.069999999999999929e+01 3.924379000000000409e-03
1.075000000000000000e+01 3.181348999999999982e-03
1.080000000000000071e+01 2.343876999999999853e-03
1.084999999999999964e+01 1.441784999999999898e-03
1.090000000000000036e+01 5.076863000000000252e-04
1.094999999999999929e+01 -4.232193000000000088e-04
1.100000000000000000e+01 -1.313984999999999936e-03
1.105000000000000071e+01 -2.142933999999999985e-03
1.109999999999999964e+01 -2.871273000000000141e-03
1.115000000000000036e+01 -3.466508000000000089e-03
1.119999999999999929e+01 -3.901453000000000039e-03
1.125000000000000000e+01 -4.156453000000000057e-03
1.130000000000000071e+01 -4.221153000000000058e-03
1.134999999999999964e+01 -4.095546000000000256e-03
1.140000000000000036e+01 -3.790125000000000091e-03
1.144999999999999929e+01 -3.325119000000000078e-03
1.150000000000000000e+01 -2.728897000000000093e-03
1.155000000000000071e+01 -2.035771000000000022e-03
1.159999999999999964e+01 -1.283449999999999999e-03
1.165000000000000036e+01 -5.104661999999999611e-04
1.169999999999999929e+01 2.461941000000000151e-04
1.175000000000000000e+01 9.530307999999999488e-04
1.180000000000000071e+01 1.581462000000000059e-03
1.184999999999999964e+01 2.108716000000000063e-03
1.190000000000000036e+01 2.518249000000000182e-03
1.194999999999999929e+01 2.799780999999999884e-03
1.200000000000000000e+01 2.949068999999999909e-03
1.205000000000000071e+01 3.008437000000000090e-03
1.209999999999999964e+01 2.936311999999999950e-03
1.215000000000000036e+01 2.738688999999999880e-03
1.219999999999999929e+01 2.426793999999999913e-03
1.225000000000000000e+01 2.016720000000000058e-03
1.230000000000000071e+01 1.528789999999999923e-03
1.234999999999999964e+01 9.866264999999999497e-04
1.240000000000000036e+01 4.160224000000000235e-04
1.244999999999999929e+01 -1.563361000000000091e-04
1.250000000000000000e+01 -7.041738000000000511e-04
1.255000000000000071e+01 -1.202891999999999894e-03
1.259999999999999964e+01 -1.630729999999999940e-03
1.265000000000000036e+01 -1.969784000000000031e-03
1.269999999999999929e+01 -2.206847000000000062e-03
1.275000000000000000e+01 -2.334034999999999929e-03
1.280000000000000071e+01 -2.349150999999999843e-03
1.284999999999999964e+01 -2.255752000000000191e-03
1.290000000000000036e+01 -2.062856999999999972e-03
1.294999999999999929e+01 -1.784313000000000045e-03
1.300000000000000000e+01 -1.437822999999999966e-03
1.305000000000000071e+01 -1.052772999999999903e-03
1.309999999999999964e+01 -6.364196000000000349e-04
1.315000000000000036e+01 -2.093159999999999997e-04
1.319999999999999929e+01 2.084839000000000115e-04
1.325000000000000000e+01 5.984156000000000241e-04
1.330000000000000071e+01 9.442498999999999598e-04
1.334999999999999964e+01 1.232753999999999968e-03
1.340000000000000036e+01 1.454142000000000065e-03
1.344999999999999929e+01 1.602301999999999893e-03
1.350000000000000000e+01 1.674810000000000101e-03
1.355000000000000071e+01 1.672747999999999943e-03
1.359999999999999964e+01 1.600370000000000048e-03
1.365000000000000036e+01 1.464641999999999940e-03
1.369999999999999929e+01 1.274718999999999896e-03
1.375000000000000000e+01 1.041382999999999892e-03
1.380000000000000071e+01 7.764926999999999593e-04
1.384999999999999964e+01 4.924547999999999729e-04
1.390000000000000036e+01 2.017401000000000101e-04
1.394999999999999929e+01 -8.355272999999999921e-05
1.400000000000000000e+01 -3.520899999999999985e-04
1.405000000000000071e+01 -6.026952999999999824e-04
1.409999999999999964e+01 -8.208017999999999651e-04
1.415000000000000036e+01 -9.979404000000000313e-04
1.419999999999999929e+01 -1.127598000000000055e-03
1.425000000000000000e+01 -1.205485000000000063e-03
1.430000000000000071e+01 -1.229681999999999954e-03
1.434999999999999964e+01 -1.200672000000000067e-03
1.440000000000000036e+01 -1.121248999999999944e-03
1.444999999999999929e+01 -9.963066999999999930e-04
1.450000000000000000e+01 -8.325516000000000470e-04
1.455000000000000071e+01 -6.381330999999999636e-04
1.459999999999999964e+01 -4.222386999999999863e-04
1.465000000000000036e+01 -1.946681000000000073e-04
1.469999999999999929e+01 3.458796999999999946e-05
1.475000000000000000e+01 2.557511000000000051e-04
1.480000000000000071e+01 4.596264000000000079e-04
1.484999999999999964e+01 6.379378000000000435e-04
1.490000000000000036e+01 7.836234999999999555e-04
1.494999999999999929e+01 8.910901000000000152e-04
1.500000000000000000e+01 9.564247000000000113e-04
1.505000000000000071e+01 9.845255999999999712e-04
1.509999999999999964e+01 9.685803000000000208e-04
1.515000000000000036e+01 9.094107999999999836e-04
1.519999999999999929e+01 8.099958999999999675e-04
1.525000000000000000e+01 6.754149999999999564e-04
1.530000000000000071e+01 5.126272999999999767e-04
1.534999999999999964e+01 3.300910000000000215e-04
1.540000000000000036e+01 1.372487999999999996e-04
1.544999999999999929e+01 -5.607407999999999761e-05
1.550000000000000000e+01 -2.402989999999999976e-04
1.555000000000000071e+01 -4.066887000000000149e-04
1.559999999999999964e+01 -5.478505999999999957e-04
1.565000000000000036e+01 -6.581067000000000123e-04
1.569999999999999929e+01 -7.337097999999999797e-04
1.575000000000000000e+01 -7.729024999999999611e-04
1.580000000000000071e+01 -7.758386999999999619e-04
1.584999999999999964e+01 -7.443954000000000456e-04
1.590000000000000036e+01 -6.819118999999999788e-04
1.594999999999999929e+01 -5.928904000000000249e-04
1.600000000000000000e+01 -4.826866000000000077e-04
1.605000000000000071e+01 -3.621012999999999749e-04
1.610000000000000142e+01 -2.319971999999999952e-04
1.614999999999999858e+01 -9.779937000000000211e-05
1.619999999999999929e+01 3.518529999999999667e-05
1.625000000000000000e+01 1.618873000000000111e-04
1.630000000000000071e+01 2.775911000000000264e-04
1.635000000000000142e+01 3.780605999999999832e-04
1.639999999999999858e+01 4.596795999999999890e-04
1.644999999999999929e+01 5.196015000000000226e-04
1.650000000000000000e+01 5.558956999999999571e-04
1.655000000000000071e+01 5.676721000000000024e-04
1.660000000000000142e+01 5.551602000000000316e-04
1.664999999999999858e+01 5.197269999999999928e-04
1.669999999999999929e+01 4.638177000000000163e-04
1.675000000000000000e+01 3.908189999999999863e-04
1.680000000000000071e+01 3.048498999999999762e-04
1.685000000000000142e+01 2.104982000000000034e-04
1.689999999999999858e+01 1.125266000000000010e-04
1.694999999999999929e+01 1.557693999999999930e-05
1.700000000000000000e+01 -7.609930999999999900e-05
1.705000000000000071e+01 -1.613692999999999866e-04
1.710000000000000142e+01 -2.353718000000000086e-04
1.714999999999999858e+01 -2.957643999999999833e-04
1.719999999999999929e+01 -3.410080999999999920e-04
1.725000000000000000e+01 -3.703231000000000188e-04
1.730000000000000071e+01 -3.836051999999999843e-04
1.735000000000000142e+01 -3.813239000000000168e-04
1.739999999999999858e+01 -3.644203000000000047e-04
1.744999999999999929e+01 -3.342193000000000139e-04
1.750000000000000000e+01 -2.923641000000000152e-04
1.755000000000000071e+01 -2.407734000000000079e-04
1.760000000000000142e+01 -1.816138999999999926e-04
1.764999999999999858e+01 -1.172777999999999972e-04
1.769999999999999929e+01 -5.035076999999999701e-05
1.775000000000000000e+01 1.644192000000000063e-05
1.780000000000000071e+01 8.031904000000000409e-05
1.785000000000000142e+01 1.385596000000000006e-04
1.789999999999999858e+01 1.886454999999999881e-04
1.794999999999999929e+01 2.284189999999999962e-04
1.800000000000000000e+01 2.562360000000000180e-04
1.805000000000000071e+01 2.744107000000000187e-04
1.810000000000000142e+01 2.796664999999999828e-04
1.814999999999999858e+01 2.720329999999999753e-04
1.819999999999999929e+01 2.522755999999999805e-04
1.825000000000000000e+01 2.218293999999999941e-04
1.830000000000000071e+01 1.826754999999999894e-04
1.835000000000000142e+01 1.371743999999999991e-04
1.839999999999999858e+01 8.788059999999999340e-05
1.844999999999999929e+01 3.735786000000000082e-05
1.850000000000000000e+01 -1.198170999999999984e-05
1.855000000000000071e+01 -5.800207999999999677e-05
1.860000000000000142e+01 -9.892361000000000340e-05
1.864999999999999858e+01 -1.333600000000000107e-04
1.869999999999999929e+01 -1.603199000000000030e-04
1.875000000000000000e+01 -1.791843000000000049e-04
1.880000000000000071e+01 -1.896735999999999995e-04
1.885000000000000142e+01 -1.918152000000000062e-04
1.889999999999999858e+01 -1.859188000000000062e-04
1.894999999999999929e+01 -1.725612999999999973e-04
1.900000000000000000e+01 -1.525781999999999887e-04
1.905000000000000071e+01 -1.288115000000000050e-04
1.910000000000000142e+01 -1.002726999999999997e-04
1.914999999999999858e+01 -6.825813000000000507e-05
1.919999999999999929e+01 -3.425151000000000302e-05
1.925000000000000000e+01 1.392101999999999981e-07
1.930000000000000071e+01 3.326782000000000160e-05
1.935000000000000142e+01 6.355073999999999728e-05
1.939999999999999858e+01 8.957266999999999497e-05
1.944999999999999929e+01 1.101844999999999951e-04
1.950000000000000000e+01 1.245820000000000076e-04
1.955000000000000071e+01 1.323545999999999881e-04
1.960000000000000142e+01 1.335010999999999880e-04
1.964999999999999858e+01 1.284086000000000092e-04
1.969999999999999929e+01 1.178008999999999990e-04
1.975000000000000000e+01 1.026628999999999958e-04
1.980000000000000071e+01 8.414973999999999436e-05
1.985000000000000142e+01 6.349292000000000466e-05
1.989999999999999858e+01 4.191135999999999712e-05
1.994999999999999929e+01 2.053536000000000052e-05
2.000000000000000000e+01 3.481236999999999980e-07
