# # Once                                                         FEFF 10.0.0 
# # POT  SCF 100  9.0000   0, NO core-hole, FOLP (folp(0)= 1.150)
# # Abs   Z=30 Rmt= 1.377 Rnm= 1.521 K  shell
# #   RGRID 0.0100
# # Pot 1 Z= 6 Rmt= 0.898 Rnm= 1.122
# # Pot 2 Z= 6 Rmt= 0.926 Rnm= 1.166
# # Pot 3 Z= 1 Rmt= 0.549 Rnm= 0.952
# # Pot 4 Z=16 Rmt= 1.260 Rnm= 1.480
# # Gam_ch=1.897E+00 H-L exch Vi=-5.000E-01 Vr= 0.000E+00
# # Mu=-7.283E+00eV kf=1.979E+00 Vint=-1.302E+01eV Rs_int= 1.833
# # PATH  Rmax= 9.000,  Keep_limit= 0.00, Heap_limit 0.00  Pwcrit= 2.50%
#  S02=1.000  Temp=  10.00  Debye_temp= 315.00  Global_sig2= 0.00000
#  Energy zero shift, vr, vi    0.00000E+00   0.00000E+00
#  Curved wave amplitude ratio filter   4.000%
#     file         sig2 tot  cw amp ratio   deg  nlegs   reff  inp sig2
#           1       0.00303    100.00      2.00     2   2.3579
#           2       0.00305     99.15      2.00     2   2.3663
#           3       0.02801      7.06      1.00     2   3.0712
#           4       0.02825      6.95      1.00     2   3.0910
#           5       0.00568     22.10      1.00     2   3.2496
#           6       0.00579     21.87      1.00     2   3.2632
#           7       0.02479      6.07      1.00     2   3.2692
#           8       0.00608     42.90      2.00     2   3.2886
#           9       0.02574      5.94      1.00     2   3.2970
#          10       0.02522      5.93      1.00     2   3.3008
#          11       0.02493      5.92      1.00     2   3.3013
#          12       0.03528      4.82      1.00     2   3.5911
#          13       0.03475      4.60      1.00     2   3.6591
#          14       0.00407     24.84      2.00     3   3.7210
#          15       0.01356      8.79      2.00     3   3.7265
#          16       0.00413     24.76      2.00     3   3.7280
#          17       0.01357      8.49      2.00     3   3.7362
#          18       0.00414     24.82      2.00     3   3.7362
#          19       0.00418     24.78      2.00     3   3.7370
#          20       0.01204      6.18      2.00     3   3.8062
#          21       0.01236      5.99      2.00     3   3.8198
#          22       0.01231     11.95      4.00     3   3.8286
#          23       0.01050     13.06      1.00     2   4.0028
#          24       0.01002     12.70      1.00     2   4.0461
#          25       0.02458      5.51      1.00     4   4.1644
#          28       0.00444      9.05      1.00     4   4.1839
#          29       0.02461      5.41      1.00     4   4.1839
#          31       0.00444      9.03      1.00     4   4.1855
#          32       0.00448      9.48      1.00     4   4.1924
#          33       0.00450      9.32      1.00     4   4.1929
#          35       0.00427      5.63      2.00     3   4.2316
#          36       0.00426      5.64      2.00     3   4.2324
#          38       0.00425      6.05      2.00     3   4.2791
#          39       0.01176     12.70      2.00     3   4.2813
#          40       0.01152     12.95      2.00     3   4.2896
#          44       0.00427      6.12      2.00     3   4.3099
#          45       0.00438      6.67      2.00     3   4.3396
#          46       0.01919      6.95      2.00     3   4.3435
#          47       0.00421      6.79      2.00     3   4.3474
#          49       0.01119     14.24      1.00     4   4.3818
#          50       0.01126     13.59      1.00     4   4.3819
#          52       0.01867      6.44      2.00     3   4.3992
#          53       0.00605     11.04      2.00     3   4.4043
#          54       0.00601     11.12      2.00     3   4.4261
#          55       0.01229      5.38      2.00     3   4.4663
#          56       0.01214      5.50      2.00     3   4.4738
#          57       0.00947     12.08      2.00     4   4.5660
#          58       0.00951     11.51      2.00     4   4.5669
#          59       0.00588      9.23      2.00     3   4.5857
#          60       0.01695      4.63      2.00     4   4.6067
#          61       0.00577      9.22      2.00     3   4.6086
#          62       0.01688      4.69      2.00     4   4.6172
#          63       0.00541      8.64      1.00     2   4.6916
#          64       0.00549      8.58      1.00     2   4.7030
#          65       0.00601      5.98      1.00     4   4.7152
#          67       0.00606      5.98      1.00     4   4.7159
#          71       0.00558     31.62      2.00     3   4.7288
#          72       0.00988      9.23      2.00     4   4.7297
#          73       0.00615     11.75      2.00     4   4.7324
#          75       0.00975      9.43      2.00     4   4.7372
#          77       0.00567     31.17      2.00     3   4.7416
#          78       0.01167      4.57      2.00     4   4.7450
#          81       0.00616     34.62      1.00     4   4.7660
#          82       0.01156      4.67      2.00     4   4.7792
#          83       0.00628     34.05      1.00     4   4.7802
#          86       0.01945      6.71      2.00     5   4.8198
#          87       0.01954      6.82      2.00     5   4.8295
#          88       0.00935     22.85      2.00     5   4.8295
#          89       0.00939     21.82      2.00     5   4.8303
#          90       0.01888      5.77      2.00     3   4.8342
#          91       0.00534      4.23      2.00     4   4.8519
#          93       0.01217      4.14      2.00     4   4.8640
#          94       0.00527      4.36      2.00     4   4.8746
#          95       0.01808      5.71      2.00     3   4.8815
#          96       0.00486     14.35      2.00     3   4.9220
#          98       0.00491     14.59      2.00     3   4.9277
#          99       0.00455     28.29      2.00     4   4.9592
#         100       0.00461     28.41      2.00     4   4.9662
#         102       0.01506      8.16      2.00     3   4.9791
#         103       0.00499      4.50      2.00     4   4.9872
#         104       0.00501      4.60      2.00     4   4.9886
#         107       0.00954      9.68      2.00     5   5.0137
#         108       0.01501      4.18      2.00     4   5.0154
#         109       0.00955      9.17      2.00     5   5.0153
#         110       0.01471      7.90      2.00     3   5.0185
#         114       0.00964      9.42      2.00     4   5.0932
#         116       0.01321      8.20      1.00     4   5.0982
#         117       0.00987      9.34      2.00     4   5.1079
#         118       0.00682      4.38      1.00     4   5.1149
#         119       0.00684      4.37      1.00     4   5.1161
#         120       0.00983      9.25      2.00     4   5.1165
#         121       0.00981      9.24      2.00     4   5.1169
#         123       0.01284      7.84      1.00     4   5.1415
#         124       0.00537      7.75      1.00     4   5.1523
#         125       0.00536      7.45      1.00     4   5.1523
#         128       0.01161      4.46      2.00     5   5.1927
#         129       0.00474     20.91      2.00     4   5.2003
#         130       0.02154      5.03      2.00     3   5.2017
#         131       0.00477     20.99      2.00     4   5.2065
#         132       0.02167      5.16      2.00     3   5.2105
#         133       0.02151      5.15      2.00     3   5.2102
#         134       0.02154      5.16      2.00     3   5.2119
#         135       0.01654      4.33      2.00     3   5.2279
#         136       0.01150      4.48      2.00     5   5.2276
#         138       0.01329      4.65      2.00     4   5.2357
#         140       0.00491     48.83      2.00     5   5.2375
#         141       0.01642      4.39      2.00     3   5.2379
#         142       0.01651      4.31      2.00     3   5.2435
#         143       0.01658      4.31      2.00     3   5.2440
#         144       0.01258      5.63      2.00     5   5.2440
#         145       0.00496     48.69      2.00     5   5.2451
#         146       0.00562      6.41      2.00     5   5.2534
#         147       0.01260      5.22      2.00     5   5.2534
#         148       0.00557      7.51      2.00     5   5.2546
#         149       0.01239      4.08      2.00     4   5.2584
#         150       0.01304      4.75      2.00     4   5.2615
#         152       0.01143      7.47      2.00     4   5.2752
#         153       0.01259      5.41      2.00     4   5.2855
#         156       0.01138      7.55      2.00     4   5.2969
#         157       0.01274      5.38      2.00     4   5.2991
#         158       0.01275      5.33      2.00     4   5.3071
#         159       0.01267      5.33      2.00     4   5.3075
#         160       0.01316     13.99      2.00     5   5.3227
#         161       0.01339     14.01      2.00     5   5.3363
#         162       0.01329     13.80      2.00     5   5.3461
#         163       0.01338     13.81      2.00     5   5.3457
#         168       0.02224     10.62      2.00     5   5.3746
#         169       0.01257      6.27      2.00     4   5.3806
#         170       0.02220     10.80      2.00     5   5.3828
#         171       0.01598      5.55      2.00     4   5.3872
#         172       0.01602      5.78      2.00     4   5.3876
#         173       0.01609      5.69      2.00     4   5.3939
#         174       0.01602      5.68      2.00     4   5.3939
#         175       0.01250      6.26      2.00     4   5.3985
#         176       0.01530      5.54      2.00     3   5.4073
#         177       0.01475      4.81      1.00     4   5.4116
#         181       0.01537      5.50      2.00     3   5.4220
#         183       0.01485      4.77      1.00     4   5.4256
#         186       0.00629      5.98      2.00     3   5.4278
#         189       0.00485     22.22      2.00     5   5.4311
#         190       0.00484     21.73      2.00     5   5.4306
#         195       0.00639      5.89      2.00     3   5.4385
#         196       0.02120      4.68      2.00     5   5.4389
#         197       0.00643      5.44      2.00     3   5.4475
#         198       0.01140      6.48      2.00     4   5.4508
#         199       0.00646      5.53      2.00     3   5.4548
#         200       0.01135      6.48      2.00     4   5.4607
#         201       0.01141      6.41      2.00     4   5.4666
#         202       0.01146      6.42      2.00     4   5.4669
#         203       0.02293     13.80      1.00     6   5.4751
#         204       0.02304     13.20      1.00     6   5.4752
#         205       0.02065      6.20      4.00     6   5.4880
#         207       0.02080      4.47      2.00     5   5.4946
#         208       0.01163     13.74      2.00     5   5.4975
#         209       0.01189      6.50      2.00     5   5.4972
#         210       0.01079     14.20      2.00     5   5.4997
#         212       0.01154     13.17      2.00     5   5.5194
#         213       0.01175      6.78      2.00     5   5.5191
#         214       0.01065     14.02      2.00     5   5.5215
#         218       0.00767      8.80      2.00     5   5.5473
#         219       0.01177      4.25      2.00     5   5.5540
#         220       0.00774      8.83      2.00     5   5.5547
#         221       0.01131      4.19      2.00     4   5.5620
#         222       0.01190      4.20      2.00     5   5.5625
#         223       0.00775      9.06      2.00     5   5.5625
#         224       0.00776      9.02      2.00     5   5.5646
#         226       0.01173      4.22      2.00     4   5.5731
#         227       0.01175      4.09      2.00     4   5.5784
#         228       0.01179      4.10      2.00     4   5.5782
#         229       0.01118      4.18      2.00     4   5.5809
#         230       0.00537      7.18      2.00     4   5.5872
#         231       0.00545      7.21      2.00     4   5.5933
#         232       0.01085      4.92      2.00     3   5.5947
#         235       0.01070      8.72      2.00     4   5.5990
#         236       0.00667      5.70      2.00     4   5.6072
#         237       0.01092      4.92      2.00     3   5.6080
#         238       0.01684      4.89      2.00     5   5.6082
#         239       0.01123      8.55      2.00     5   5.6101
#         240       0.00538      6.87      2.00     4   5.6107
#         241       0.01126      8.72      2.00     5   5.6103
#         242       0.00536      6.61      2.00     4   5.6110
#         245       0.01078      8.71      2.00     4   5.6117
#         246       0.02269      4.40      2.00     5   5.6140
#         248       0.01127      8.66      2.00     5   5.6170
#         249       0.01131      8.67      2.00     5   5.6168
#         250       0.00679      5.58      2.00     4   5.6211
#         252       0.01142      7.29      2.00     4   5.6319
#         253       0.01115     13.80      2.00     5   5.6362
#         254       0.01117      9.38      2.00     5   5.6363
#         255       0.01109      9.53      2.00     5   5.6364
#         258       0.01671      4.70      2.00     5   5.6421
#         260       0.01150      7.24      2.00     4   5.6466
#         262       0.02248      4.23      2.00     5   5.6480
#         263       0.01124     13.68      2.00     5   5.6503
#         264       0.01114      9.29      2.00     5   5.6502
#         265       0.01127      9.30      2.00     5   5.6504
#         266       0.00726      5.08      2.00     4   5.6549
#         267       0.00720      4.94      2.00     4   5.6547
#         268       0.01865     11.50      2.00     6   5.6593
#         269       0.01875     11.00      2.00     6   5.6601
#         270       0.01409      8.64      2.00     5   5.6690
#         271       0.01406      8.37      2.00     5   5.6690
#         274       0.01079      6.65      2.00     5   5.6767
#         275       0.01083      6.89      2.00     5   5.6770
#         276       0.01076      8.81      2.00     5   5.6811
#         278       0.01188      7.23      2.00     6   5.6925
#         279       0.00595      4.27      1.00     6   5.7011
#         280       0.01191      6.93      2.00     6   5.7011
#         281       0.00595      4.60      1.00     6   5.7030
#         282       0.01058      8.65      2.00     5   5.7040
#         283       0.00642     19.98      1.00     6   5.7089
#         285       0.00648     20.16      1.00     6   5.7099
#         288       0.01055      6.00      2.00     5   5.7229
#         291       0.01049      6.02      2.00     5   5.7454
#         295       0.01889     11.00      2.00     6   5.7941
#         297       0.01135      7.59      2.00     5   5.7989
#         298       0.01227      5.38      2.00     5   5.8029
#         299       0.01221      5.37      2.00     5   5.8030
#         300       0.01226      5.44      2.00     5   5.8035
#         301       0.01221      5.13      2.00     5   5.8032
#         302       0.01119      7.36      2.00     5   5.8067
#         303       0.01333     11.00      2.00     6   5.8077
#         304       0.01849     11.00      2.00     6   5.8105
#         305       0.01318     10.96      2.00     6   5.8109
#         306       0.01240      6.41      2.00     5   5.8220
#         307       0.01179      6.70      2.00     5   5.8220
#         308       0.00944     13.59      2.00     5   5.8236
#         309       0.00974      6.03      2.00     4   5.8251
#         310       0.00976     11.29      2.00     5   5.8293
#         311       0.00993      4.33      2.00     5   5.8296
#         312       0.00993      4.13      2.00     5   5.8294
#         313       0.00980      6.13      2.00     4   5.8327
#         314       0.01189      6.43      2.00     5   5.8347
#         315       0.01240      6.44      2.00     5   5.8347
#         316       0.00981     11.44      2.00     5   5.8363
#         317       0.00947     13.56      2.00     5   5.8363
#         318       0.00997      4.22      2.00     5   5.8363
#         319       0.00997      4.23      2.00     5   5.8364
#         320       0.01712      9.73      2.00     6   5.8383
#         322       0.01621      7.21      2.00     6   5.8591
#         323       0.01018      4.06      2.00     5   5.8594
#         324       0.01170      9.33      1.00     6   5.8592
#         325       0.01228      9.28      1.00     6   5.8592
#         326       0.01655      7.23      2.00     6   5.8597
#         327       0.00959     11.77      1.00     6   5.8608
#         328       0.01688      9.36      2.00     6   5.8725
#         329       0.01672      7.09      2.00     6   5.8737
#         330       0.01632      7.09      2.00     6   5.8735
#         331       0.01229      9.15      1.00     6   5.8733
#         332       0.01180      9.14      1.00     6   5.8733
#         333       0.00963     11.65      1.00     6   5.8749
#         334       0.01380      7.27      2.00     5   5.8830
#         335       0.01384      7.27      2.00     5   5.8905
#         336       0.01902     20.36      2.00     6   5.8990
#         339       0.01928     20.42      2.00     6   5.8994
#         344       0.01131      6.77      1.00     6   5.9012
#         345       0.01113      6.85      1.00     6   5.9016
#         346       0.05584      7.40      2.00     7   5.9129
#         347       0.03313      7.35      2.00     7   5.9131
#         348       0.01124     15.37      2.00     5   5.9214
#         349       0.01074      4.45      2.00     5   5.9222
#         351       0.05534      7.51      2.00     7   5.9224
#         352       0.03321      7.47      2.00     7   5.9228
#         353       0.01888     24.45      2.00     7   5.9228
#         355       0.01893     23.36      2.00     7   5.9236
#         356       0.02936      4.99      2.00     5   5.9272
#         358       0.01075      4.42      2.00     5   5.9318
#         359       0.01070      4.42      2.00     5   5.9314
#         360       0.01068      4.41      2.00     5   5.9322
#         361       0.01150     16.26      2.00     5   5.9437
#         362       0.01507      4.57      2.00     5   5.9446
#         363       0.01781      6.26      2.00     6   5.9449
#         365       0.01514      4.48      2.00     5   5.9459
#         366       0.01016     12.59      2.00     6   5.9474
#         369       0.01781      6.38      2.00     6   5.9570
#         373       0.01005     12.56      2.00     6   5.9700
#         377       0.00957      5.99      2.00     5   5.9932
#         378       0.00962      6.05      2.00     5   6.0004
#         380       0.01058     10.28      2.00     5   6.0167
#         381       0.01054     10.52      2.00     5   6.0224
#         384       0.01085      7.64      2.00     6   6.0523
#         385       0.01046      7.84      2.00     6   6.0523
#         386       0.01082     20.04      2.00     6   6.0540
#         387       0.01047      7.73      2.00     6   6.0594
#         388       0.01081      7.74      2.00     6   6.0593
#         389       0.01077     20.23      2.00     6   6.0610
#         390       0.00985      6.63      2.00     5   6.0704
#         391       0.02583      6.82      2.00     5   6.0746
#         392       0.00988      6.67      2.00     5   6.0766
#         393       0.01074      9.24      2.00     6   6.0805
#         394       0.01089      7.09      2.00     6   6.0817
#         395       0.01134      7.07      2.00     6   6.0818
#         396       0.01130      7.01      2.00     6   6.0815
#         397       0.01130      7.08      2.00     6   6.0819
#         398       0.01075      9.13      2.00     6   6.0819
#         399       0.01409      8.13      2.00     6   6.0826
#         400       0.01069      7.70      2.00     6   6.0832
#         401       0.01340      8.27      2.00     6   6.0840
#         402       0.01070      7.81      2.00     6   6.0844
#         408       0.01788     10.57      2.00     7   6.1070
#         409       0.01023     14.55      2.00     6   6.1076
#         410       0.00992     11.69      2.00     6   6.1076
#         411       0.01009      7.07      2.00     6   6.1077
#         412       0.01009      7.17      2.00     6   6.1078
#         413       0.01016      6.26      2.00     6   6.1078
#         414       0.01028      6.25      2.00     6   6.1077
#         417       0.01793     10.03      2.00     7   6.1086
#         420       0.02505      6.62      2.00     5   6.1139
#         422       0.01028     14.61      2.00     6   6.1152
#         423       0.00996     11.68      2.00     6   6.1152
#         424       0.01014      7.11      2.00     6   6.1151
#         425       0.01014      7.11      2.00     6   6.1152
#         426       0.01030      6.20      2.00     6   6.1152
#         427       0.01019      6.20      2.00     6   6.1151
#         428       0.01187      8.12      2.00     6   6.1167
#         430       0.01190      8.24      2.00     6   6.1175
#         432       0.00994      5.75      2.00     6   6.1243
#         433       0.01017      5.88      2.00     6   6.1243
#         435       0.00994      5.94      2.00     6   6.1254
#         436       0.01017      6.23      2.00     6   6.1254
#         438       0.00973      5.87      2.00     5   6.1864
#         439       0.00971      5.66      2.00     5   6.1864
#         440       0.01795      5.45      2.00     6   6.1864
#         441       0.02891      4.54      2.00     6   6.1912
#         443       0.01867      4.89      2.00     6   6.1930
#         444       0.01784      5.78      2.00     6   6.1930
#         445       0.02701      7.94      1.00     6   6.1936
#         447       0.01903      5.36      2.00     6   6.2010
#         448       0.01890      4.84      2.00     6   6.2065
#         451       0.00584      8.26      1.00     4   6.2081
#         452       0.01991      6.09      2.00     6   6.2081
#         453       0.01868      5.32      2.00     6   6.2096
#         454       0.02001      5.97      2.00     6   6.2094
#         455       0.01807      5.32      2.00     6   6.2100
#         457       0.01881      4.78      2.00     6   6.2161
#         458       0.01889      4.79      2.00     6   6.2158
#         461       0.00583      8.18      1.00     4   6.2200
#         464       0.02828      4.45      2.00     6   6.2345
#         465       0.02624      7.60      1.00     6   6.2369
#         466       0.01581     40.37      2.00     5   6.2453
#         467       0.01006      4.47      2.00     3   6.2456
#         468       0.01037     10.42      1.00     6   6.2470
#         469       0.01041     10.11      1.00     6   6.2471
#         470       0.01646      6.24      2.00     6   6.2473
#         472       0.01610      5.98      2.00     6   6.2544
#         473       0.01607     39.83      2.00     5   6.2586
#         474       0.01615      5.97      2.00     6   6.2622
#         477       0.00975      4.23      2.00     3   6.2735
#         478       0.01599     54.03      1.00     6   6.2825
#         480       0.01123      4.84      2.00     6   6.2934
#         481       0.01085      4.97      2.00     6   6.2934
#         483       0.01005     13.59      2.00     6   6.2950
#         484       0.01644      6.08      2.00     6   6.2967
#         485       0.01626     53.13      1.00     6   6.2972
#         488       0.01091      4.86      2.00     6   6.2996
#         489       0.01121      4.87      2.00     6   6.2996
#         490       0.00986      9.57      2.00     6   6.3008
#         491       0.01002     13.76      2.00     6   6.3012
#         492       0.00987      9.76      2.00     6   6.3012
#         495       0.00946      7.55      2.00     5   6.3140
#         496       0.01288      9.29      1.00     6   6.3229
#         497       0.01309     10.40      1.00     6   6.3237
#         498       0.00961      7.48      2.00     5   6.3280
#         500       0.01111     12.33      2.00     7   6.3306
#         502       0.01075     12.22      2.00     7   6.3306
#         504       0.01018     27.18      2.00     7   6.3322
#         505       0.01820      7.98      2.00     7   6.3370
#         506       0.05093      6.03      2.00     7   6.3371
#         508       0.02374      5.37      2.00     7   6.3373
#         509       0.02848      8.60      2.00     7   6.3373
#         510       0.01423      4.05      2.00     7   6.3383
#         511       0.01081     12.18      2.00     7   6.3382
#         512       0.01110     12.18      2.00     7   6.3382
#         513       0.01462      4.03      2.00     7   6.3386
#         515       0.01015     27.26      2.00     7   6.3398
#         517       0.01821      7.63      2.00     7   6.3464
#         519       0.05009      5.59      2.00     7   6.3463
#         520       0.01117      9.37      2.00     7   6.3466
#         521       0.02833      8.73      2.00     7   6.3467
#         522       0.01334     17.34      2.00     7   6.3467
#         524       0.01527     16.87      2.00     7   6.3467
#         526       0.01107      9.50      2.00     7   6.3477
#         527       0.01339     17.45      2.00     7   6.3479
#         529       0.01546     17.09      2.00     7   6.3479
#         530       0.01067     12.20      2.00     7   6.3489
#         532       0.01052     12.61      2.00     7   6.3500
#         538       0.01126      4.40      2.00     4   6.3689
#         540       0.01928      7.28      2.00     6   6.3706
#         545       0.01525      5.50      2.00     6   6.3923
#         546       0.01921      7.35      2.00     6   6.3923
#         550       0.01083      4.05      2.00     4   6.4124
#         551       0.02138      6.38      2.00     7   6.4158
#         552       0.02169     11.62      2.00     7   6.4158
#         554       0.04322     14.89      2.00     7   6.4163
#         556       0.02304     11.48      2.00     7   6.4294
#         557       0.04469     14.95      2.00     7   6.4294
#         559       0.02178      6.23      2.00     7   6.4299
#         561       0.00701     15.29      2.00     5   6.4384
#         562       0.02199      6.22      2.00     7   6.4392
#         563       0.02182     11.36      2.00     7   6.4392
#         564       0.02269     11.38      2.00     7   6.4388
#         565       0.04537     14.72      2.00     7   6.4389
#         568       0.02152      6.22      2.00     7   6.4393
#         569       0.04346     14.71      2.00     7   6.4396
#         574       0.00697     15.42      2.00     5   6.4447
#         578       0.00979      5.83      2.00     6   6.4647
#         579       0.00980      6.00      2.00     6   6.4652
#         580       0.03407     11.52      2.00     7   6.4679
#         582       0.00711     40.00      2.00     6   6.4756
#         583       0.03398     11.71      2.00     7   6.4761
#         586       0.02677      5.37      2.00     6   6.4807
#         587       0.00708     40.10      2.00     6   6.4833
#         603       0.00872      5.26      2.00     3   6.5132
#         613       0.01166      6.39      2.00     7   6.5238
#         615       0.01126      6.48      2.00     7   6.5238
#         619       0.01131      6.45      2.00     7   6.5242
#         620       0.01166      6.46      2.00     7   6.5242
#         621       0.00985     22.34      2.00     7   6.5258
#         622       0.00988     21.74      2.00     7   6.5254
#         623       0.00886      5.24      2.00     3   6.5291
#         624       0.01028      5.45      2.00     7   6.5303
#         625       0.01084      5.72      2.00     7   6.5309
#         626       0.01087      5.93      2.00     7   6.5328
#         627       0.01014      5.67      2.00     7   6.5324
#         634       0.00891      5.85      2.00     4   6.5381
#         635       0.01202      4.04      2.00     5   6.5408
#         637       0.02142      6.30      2.00     6   6.5439
#         639       0.01207      4.02      2.00     5   6.5481
#         640       0.00907      5.84      2.00     4   6.5518
#         642       0.02040      6.31      2.00     6   6.5539
#         643       0.01189      4.48      2.00     5   6.5551
#         646       0.02050      6.24      2.00     6   6.5597
#         648       0.02146      6.24      2.00     6   6.5600
#         651       0.01206      4.45      2.00     5   6.5682
#         652       0.01021      4.38      2.00     7   6.5720
#         653       0.01023      4.67      2.00     7   6.5738
#         654       0.01058     11.69      2.00     7   6.5791
#         655       0.01062     11.82      2.00     7   6.5800
#         657       0.02366      7.03      2.00     7   6.5902
#         658       0.02110      4.42      2.00     7   6.5905
#         659       0.01287     12.42      2.00     6   6.5923
#         660       0.02666      4.43      2.00     7   6.5927
#         661       0.02225      4.72      2.00     7   6.5927
#         662       0.01964      4.47      2.00     7   6.5928
#         663       0.02327      6.72      2.00     7   6.5930
#         664       0.02158     15.35      2.00     7   6.5951
#         665       0.01308     12.29      2.00     6   6.6068
#         666       0.00898     14.06      2.00     6   6.6097
#         668       0.02340      7.33      2.00     7   6.6121
#         670       0.02082      4.33      2.00     7   6.6124
#         671       0.01939      4.49      2.00     7   6.6146
#         672       0.02602      4.46      2.00     7   6.6145
#         673       0.02208      4.78      2.00     7   6.6145
#         674       0.02212      6.46      2.00     7   6.6148
#         675       0.02685      8.35      2.00     6   6.6154
#         676       0.02132     15.14      2.00     7   6.6169
#         677       0.00921     13.90      2.00     6   6.6244
#         681       0.01185      4.52      2.00     6   6.6320
#         682       0.01190      4.96      2.00     6   6.6337
#         683       0.00902     13.77      2.00     6   6.6339
#         684       0.00902     13.77      2.00     6   6.6335
#         685       0.02857      4.00      2.00     7   6.6473
#         686       0.02865      4.05      2.00     7   6.6558
#         687       0.01686      8.91      2.00     7   6.6558
#         688       0.01702      8.68      2.00     7   6.6579
#         689       0.02463      8.22      2.00     6   6.6590
#         692       0.00695      6.65      1.00     6   6.6688
#         693       0.00691      6.86      1.00     6   6.6693
#         702       0.01842      8.34      2.00     6   6.6938
#         703       0.03043      8.72      2.00     7   6.7032
#         706       0.02926      8.87      2.00     7   6.7035
#         707       0.01221      5.59      2.00     6   6.7040
#         708       0.01217      5.58      2.00     6   6.7043
#         709       0.01778      5.15      2.00     7   6.7049
#         710       0.01786      5.24      2.00     7   6.7051
#         711       0.01848      8.33      2.00     6   6.7064
#         717       0.03018      8.82      2.00     7   6.7099
#         719       0.02903      8.81      2.00     7   6.7101
#         720       0.01783      5.22      2.00     7   6.7116
#         721       0.01777      5.21      2.00     7   6.7117
#         722       0.01076     32.46      2.00     6   6.7167
#         725       0.01087     32.47      2.00     6   6.7235
#         728       0.01771      7.15      2.00     6   6.7267
#         729       0.02124      5.69      2.00     7   6.7294
#         730       0.02145      5.68      2.00     7   6.7293
#         731       0.01725      4.35      2.00     7   6.7294
#         732       0.02305     10.17      2.00     7   6.7294
#         733       0.01774      4.41      2.00     7   6.7295
#         734       0.02197     10.35      2.00     7   6.7296
#         735       0.01790     14.82      2.00     7   6.7310
#         736       0.02151      5.04      2.00     7   6.7310
#         738       0.01530      5.11      2.00     7   6.7312
#         745       0.01779      7.09      2.00     6   6.7414
#         746       0.01797      4.80      2.00     7   6.7424
#         747       0.02165      5.62      2.00     7   6.7434
#         748       0.02137      5.61      2.00     7   6.7434
#         749       0.01733      4.31      2.00     7   6.7435
#         750       0.01775      4.31      2.00     7   6.7433
#         751       0.02214     10.08      2.00     7   6.7433
#         752       0.02307     10.09      2.00     7   6.7435
#         753       0.01796     14.69      2.00     7   6.7450
#         754       0.01534      5.01      2.00     7   6.7451
#         755       0.02123      5.01      2.00     7   6.7450
#         756       0.01743      5.44      2.00     7   6.7455
#         757       0.01792      5.42      2.00     7   6.7456
#         760       0.01217      6.29      2.00     6   6.7482
#         761       0.01213      6.40      2.00     6   6.7480
#         763       0.01082     89.55      2.00     7   6.7539
#         764       0.01750      4.72      2.00     7   6.7566
#         765       0.01796      5.36      2.00     7   6.7598
#         766       0.01751      5.36      2.00     7   6.7597
#         767       0.01588     12.55      2.00     7   6.7616
#         768       0.01917      6.36      2.00     7   6.7621
#         769       0.01921      6.32      2.00     7   6.7621
#         770       0.01093     89.20      2.00     7   6.7621
#         771       0.02224      5.96      2.00     7   6.7623
#         772       0.02241      5.68      2.00     7   6.7623
#         773       0.02092      6.23      2.00     7   6.7679
#         774       0.02107      6.24      2.00     7   6.7680
#         779       0.01134     13.17      2.00     7   6.7706
#         780       0.01585     11.76      2.00     7   6.7706
#         781       0.01130     15.63      2.00     7   6.7721
#         782       0.02194      9.33      2.00     7   6.7766
#         785       0.01114      9.22      2.00     6   6.7855
#         786       0.00590      4.08      2.00     4   6.7882
#         787       0.00597      4.05      2.00     4   6.7930
#         788       0.01134      9.20      2.00     6   6.7929
#         789       0.02157      9.17      2.00     7   6.7994
#         791       0.01616      8.29      2.00     6   6.8019
#         792       0.00599      4.49      2.00     4   6.8094
#         793       0.01811      6.80      2.00     6   6.8145
#         794       0.01640      8.20      2.00     6   6.8155
#         795       0.00606      4.37      2.00     4   6.8172
#         796       0.01905      6.21      2.00     7   6.8183
#         797       0.01640      8.13      2.00     6   6.8241
#         798       0.01628      8.13      2.00     6   6.8245
#         799       0.00575      7.43      2.00     5   6.8254
#         800       0.00582      7.34      2.00     5   6.8315
#         801       0.01622     24.92      2.00     7   6.8391
#         803       0.01883      6.24      2.00     7   6.8408
#         805       0.01645     24.81      2.00     7   6.8527
#         806       0.01646     24.47      2.00     7   6.8627
#         807       0.01634     24.46      2.00     7   6.8631
#         809       0.02053      4.20      2.00     6   6.8935
#         810       0.01765      5.57      2.00     7   6.8978
#         811       0.01767      5.39      2.00     7   6.8980
#         812       0.01771      5.57      2.00     7   6.8976
#         813       0.01773      5.50      2.00     7   6.8983
#         815       0.01962      8.23      2.00     6   6.9036
#         816       0.01964      8.40      2.00     6   6.9040
#         818       0.02082      4.16      2.00     6   6.9074
#         819       0.01966      8.33      2.00     6   6.9109
#         820       0.01972      8.34      2.00     6   6.9109
#         823       0.02486      6.59      2.00     7   6.9151
#         824       0.02365      6.90      2.00     7   6.9152
#         827       0.01979      5.16      2.00     7   6.9167
#         828       0.01989      5.18      2.00     7   6.9168
#         830       0.02087      4.11      2.00     6   6.9176
#         831       0.02067      4.11      2.00     6   6.9174
#         832       0.01907     14.21      2.00     7   6.9184
#         833       0.01996      5.52      2.00     6   6.9198
#         834       0.02020     11.46      2.00     7   6.9241
#         835       0.01987      4.35      2.00     7   6.9243
#         836       0.01991      4.28      2.00     7   6.9242
#         837       0.01990      5.60      2.00     6   6.9274
#         840       0.02385      6.62      2.00     7   6.9278
#         841       0.02487      6.63      2.00     7   6.9278
#         842       0.02792     11.20      2.00     6   6.9280
#         845       0.01987      5.14      2.00     7   6.9295
#         846       0.01994      5.15      2.00     7   6.9295
#         847       0.02954      8.57      2.00     6   6.9298
#         848       0.02874      8.70      2.00     6   6.9301
#         849       0.01993      4.34      2.00     7   6.9310
#         850       0.02012     11.59      2.00     7   6.9311
#         851       0.01913     14.18      2.00     7   6.9311
#         852       0.02005      4.34      2.00     7   6.9311
#         853       0.01617      4.07      2.00     7   6.9387
#         854       0.01591      4.08      2.00     7   6.9387
#         855       0.02826     11.06      2.00     6   6.9427
#         856       0.00719     11.33      2.00     5   6.9443
#         857       0.02897      8.49      2.00     6   6.9442
#         858       0.02975      8.49      2.00     6   6.9444
#         859       0.01594      4.10      2.00     7   6.9457
#         860       0.01621      4.11      2.00     7   6.9458
#         861       0.01100     33.30      2.00     7   6.9471
#         862       0.01111     33.82      2.00     7   6.9481
#         863       0.00730     11.04      2.00     5   6.9556
#         864       0.03432      6.42      2.00     7   6.9561
#         866       0.02292     10.79      2.00     6   6.9672
#         869       0.02222     10.80      2.00     6   6.9772
#         872       0.02244     10.66      2.00     6   6.9836
#         873       0.02317     10.67      2.00     6   6.9840
#         874       0.03224      6.14      2.00     7   7.0121
#         875       0.02092     12.22      2.00     7   7.0147
#         876       0.03364      9.56      2.00     7   7.0144
#         877       0.01949     15.75      2.00     7   7.0169
#         878       0.01328      5.71      2.00     6   7.0265
#         879       0.01353      5.71      2.00     6   7.0331
#         880       0.03049     10.05      2.00     7   7.0366
#         881       0.02052     12.05      2.00     7   7.0370
#         882       0.02297      4.71      2.00     7   7.0379
#         883       0.02282      4.51      2.00     7   7.0392
#         884       0.01930     16.04      2.00     7   7.0391
#         885       0.01420      5.34      2.00     6   7.0597
#         886       0.01387     17.90      2.00     7   7.0637
#         888       0.01415     17.83      2.00     7   7.0717
#         889       0.01606      5.34      2.00     7   7.0797
#         890       0.01556      5.99      2.00     7   7.0821
#         891       0.01402      5.20      2.00     6   7.0831
#         892       0.00661      4.73      2.00     5   7.0864
#         893       0.00660      4.92      2.00     5   7.0864
#         896       0.01551      6.39      2.00     7   7.0880
#         897       0.01236      5.94      2.00     6   7.0893
#         898       0.01243      6.05      2.00     6   7.0896
#         902       0.01238      6.03      2.00     6   7.0953
#         903       0.01554      6.45      2.00     7   7.0951
#         904       0.01234      6.02      2.00     6   7.0954
#         905       0.00670      4.60      2.00     5   7.0996
#         906       0.00670      4.79      2.00     5   7.0996
#         907       0.00794     13.13      2.00     6   7.1037
#         909       0.01266      5.38      2.00     6   7.1095
#         910       0.01284      5.49      2.00     6   7.1100
#         913       0.00802     12.95      2.00     6   7.1104
#         914       0.02156     10.88      2.00     7   7.1115
#         915       0.01390      7.21      2.00     6   7.1154
#         916       0.01299      5.70      2.00     6   7.1155
#         917       0.01291      5.69      2.00     6   7.1157
#         918       0.01311      6.01      2.00     6   7.1154
#         919       0.01928     10.69      2.00     6   7.1154
#         920       0.01311      5.84      2.00     6   7.1155
#         921       0.01310      5.92      2.00     6   7.1157
#         924       0.02148     11.11      2.00     7   7.1171
#         925       0.01266      5.37      2.00     6   7.1227
#         926       0.01274      5.37      2.00     6   7.1230
#         927       0.00708     15.95      2.00     6   7.1236
#         928       0.01240     14.96      2.00     7   7.1265
#         929       0.01247     15.30      2.00     7   7.1268
#         931       0.00729      4.29      2.00     6   7.1282
#         932       0.01393      7.14      2.00     6   7.1287
#         933       0.01952     10.63      2.00     6   7.1287
#         934       0.01297      5.62      2.00     6   7.1287
#         935       0.01311      5.62      2.00     6   7.1288
#         936       0.01322      5.95      2.00     6   7.1287
#         937       0.01321      5.79      2.00     6   7.1287
#         938       0.01321      5.80      2.00     6   7.1288
#         939       0.00947      7.98      2.00     6   7.1322
#         940       0.01238     15.13      2.00     7   7.1340
#         941       0.01242     15.15      2.00     7   7.1339
#         942       0.00719     15.54      2.00     6   7.1381
#         943       0.00961      7.90      2.00     6   7.1465
#         944       0.01371     15.56      2.00     7   7.1467
#         945       0.01398     15.85      2.00     7   7.1472
#         946       0.01982     10.95      2.00     6   7.1484
#         947       0.01750      7.87      2.00     7   7.1489
#         948       0.01956     22.36      2.00     7   7.1526
#         949       0.01952     18.10      2.00     7   7.1526
#         950       0.02363     15.98      2.00     7   7.1529
#         951       0.02494     15.94      2.00     7   7.1527
#         952       0.02525     16.11      2.00     7   7.1527
#         953       0.02391     16.43      2.00     7   7.1529
#         954       0.01373     15.47      2.00     7   7.1613
#         955       0.01383     15.47      2.00     7   7.1616
#         956       0.01774      7.80      2.00     7   7.1625
#         957       0.02005     10.82      2.00     6   7.1636
#         958       0.01980     22.09      2.00     7   7.1673
#         959       0.01976     17.87      2.00     7   7.1673
#         960       0.02514     15.70      2.00     7   7.1674
#         961       0.02391     15.69      2.00     7   7.1673
#         962       0.02420     15.96      2.00     7   7.1673
#         963       0.02544     15.98      2.00     7   7.1674
#         964       0.01781      7.72      2.00     7   7.1723
#         965       0.01768      7.70      2.00     7   7.1727
#         966       0.01790     12.70      2.00     7   7.1866
#         967       0.01786     12.23      2.00     7   7.1862
#         968       0.01840      7.10      2.00     7   7.1939
#         969       0.01856      7.66      2.00     7   7.1945
#         972       0.01275      6.15      2.00     7   7.2569
#         973       0.01297      6.26      2.00     7   7.2577
#         974       0.02075      6.18      2.00     7   7.2812
#         975       0.02082      5.99      2.00     7   7.2812
#         977       0.01712      7.05      2.00     6   7.3028
#         978       0.01083      5.43      2.00     6   7.3086
#         980       0.01080      5.47      2.00     6   7.3148
#         981       0.01701      7.03      2.00     6   7.3148
#         982       0.01236      7.09      2.00     7   7.3197
#         983       0.01234      7.32      2.00     7   7.3201
#         984       0.01548      7.35      2.00     7   7.3199
#         985       0.01548      7.30      2.00     7   7.3200
#         986       0.00887      4.36      2.00     6   7.3254
#         987       0.01304      8.61      2.00     7   7.3260
#         988       0.00896      4.38      2.00     6   7.3325
#         989       0.03351     11.55      2.00     7   7.3384
#         990       0.02947     12.06      2.00     7   7.3384
#         991       0.02054     11.13      2.00     7   7.3384
#         992       0.01424     11.28      2.00     7   7.3384
#         993       0.01355     11.31      2.00     7   7.3384
#         994       0.02072     10.81      2.00     7   7.3389
#         995       0.01101     12.63      2.00     7   7.3400
#         996       0.01795     22.10      2.00     7   7.3400
#         997       0.01398      4.97      2.00     5   7.3411
#         998       0.01472      5.83      2.00     7   7.3458
#         999       0.01086     14.88      2.00     7   7.3458
#        1000       0.01306      8.42      2.00     7   7.3491
#        1001       0.02989     11.57      2.00     7   7.3517
#        1002       0.03311     11.60      2.00     7   7.3517
#        1003       0.01990     10.83      2.00     7   7.3519
#        1004       0.01366     11.13      2.00     7   7.3517
#        1005       0.01425     11.14      2.00     7   7.3517
#        1006       0.02060     10.83      2.00     7   7.3522
#        1007       0.01468      5.87      2.00     7   7.3534
#        1008       0.01809     21.98      2.00     7   7.3534
#        1009       0.01104     12.50      2.00     7   7.3534
#        1010       0.01083     14.98      2.00     7   7.3534
#        1011       0.01377      4.74      2.00     5   7.3690
#        1012       0.01368      6.52      2.00     7   7.4088
#        1013       0.01374      6.50      2.00     7   7.4227
#        1015       0.01596      5.61      2.00     7   7.4625
#        1017       0.01411      5.29      2.00     6   7.4644
#        1018       0.01614      5.58      2.00     7   7.4769
#        1019       0.01376      4.87      2.00     6   7.5078
#        1020       0.01595      6.41      2.00     7   7.5074
#        1021       0.01059      9.14      2.00     7   7.5097
#        1023       0.01056      9.20      2.00     7   7.5174
#        1026       0.01586      6.22      2.00     7   7.5315
#        1027       0.01602      9.74      2.00     7   7.5332
#        1028       0.02023      5.44      2.00     7   7.5332
#        1029       0.02009      5.53      2.00     7   7.5394
#        1030       0.01590      9.83      2.00     7   7.5394
#        1031       0.01400      5.30      2.00     7   7.5394
#        1032       0.01402      5.16      2.00     7   7.5390
#        1033       0.01246      5.14      2.00     6   7.5559
#        1034       0.01227      4.95      2.00     6   7.5776
#        1036       0.01451      5.02      2.00     7   7.6019
#        1037       0.01415      4.19      2.00     5   7.6065
#        1038       0.01464      5.10      2.00     7   7.6088
#        1040       0.01427      4.00      2.00     5   7.6224
#        1041       0.01417      5.60      2.00     6   7.6314
#        1042       0.01431      5.34      2.00     6   7.6451
#        1043       0.01041      4.75      2.00     7   7.6556
#        1044       0.01043      4.80      2.00     7   7.6630
#        1045       0.02163      4.54      2.00     7   7.6803
#        1046       0.01405      4.35      2.00     7   7.6803
#        1047       0.01434      4.49      2.00     7   7.6939
#        1048       0.01427      4.33      2.00     7   7.6939
#        1049       0.01094      4.27      2.00     6   7.6955
#        1050       0.01101      4.23      2.00     6   7.7016
#        1051       0.01422      4.37      2.00     7   7.7040
#        1052       0.02148      4.46      2.00     7   7.7036
#        1053       0.01425      4.26      2.00     7   7.7036
#        1054       0.01417      4.21      2.00     7   7.7040
#        1055       0.01023      5.27      2.00     6   7.7453
#        1056       0.01027      5.28      2.00     6   7.7523
#        1057       0.02569     69.39      2.00     7   7.7617
#        1058       0.02610     68.36      2.00     7   7.7757
#        1059       0.01141      5.79      2.00     6   7.7933
#        1060       0.00939      4.74      2.00     6   7.7933
#        1061       0.01157      5.72      2.00     6   7.8064
#        1062       0.00946      4.66      2.00     6   7.8064
#        1064       0.01198      7.53      2.00     7   7.8221
#        1065       0.01113     12.11      2.00     7   7.8305
#        1066       0.01186      7.33      2.00     7   7.8436
#        1067       0.01129     11.82      2.00     7   7.8450
#        1068       0.03149      4.62      2.00     6   7.8514
#        1069       0.03170      4.50      2.00     6   7.8570
#        1074       0.01256      5.44      2.00     7   7.9201
#        1075       0.01259      5.39      2.00     7   7.9263
#        1076       0.01150     24.94      2.00     7   7.9549
#        1077       0.00835      4.49      2.00     4   7.9589
#        1078       0.01144     25.04      2.00     7   7.9617
#        1080       0.00845      4.46      2.00     4   7.9762
#        1096       0.01876      6.00      2.00     6   8.0156
#        1097       0.00882      4.62      2.00     5   8.0174
#        1098       0.00885      4.65      2.00     5   8.0174
#        1099       0.01054      8.10      2.00     7   8.0236
#        1100       0.00927      9.86      2.00     5   8.0296
#        1101       0.00896      4.60      2.00     5   8.0302
#        1102       0.00899      4.63      2.00     5   8.0302
#        1103       0.01047      8.11      2.00     7   8.0311
#        1107       0.00764      5.15      2.00     5   8.0405
#        1108       0.01916      5.84      2.00     6   8.0434
#        1109       0.00941      9.79      2.00     5   8.0462
#        1113       0.00934     12.36      2.00     6   8.0546
#        1114       0.00773      5.15      2.00     5   8.0548
#        1117       0.00950     12.24      2.00     6   8.0688
#        1118       0.01263      6.76      2.00     7   8.0715
#        1119       0.01279      6.63      2.00     7   8.0853
#        1124       0.00680      4.92      2.00     6   8.2040
#        1125       0.00688      5.12      2.00     6   8.2106
#        1126       0.01342      5.57      2.00     6   8.2791
#        1127       0.01336      5.36      2.00     6   8.3178
#        1128       0.00798      7.94      2.00     6   8.3188
#        1129       0.00751      6.50      2.00     6   8.3229
#        1130       0.01002      7.84      2.00     6   8.3336
#        1131       0.00809      6.63      2.00     6   8.3347
#        1132       0.01508     13.00      2.00     7   8.3418
#        1133       0.00821     12.88      2.00     7   8.3486
#        1134       0.01265      5.22      2.00     6   8.3965
#        1135       0.01259      5.28      2.00     6   8.4108
#        1136       0.01581      4.47      2.00     7   8.4129
#        1137       0.01588      5.31      2.00     7   8.4224
#        1138       0.01596      5.24      2.00     7   8.4363
#        1139       0.01570      4.67      2.00     7   8.4428
#        1140       0.01659     19.92      2.00     7   8.4608
#        1141       0.01548     19.39      2.00     7   8.4726
#        1142       0.00703      6.57      2.00     7   8.4823
#        1143       0.00886      6.71      2.00     7   8.4895
#        1146       0.01744      5.13      2.00     7   8.6098
#        1148       0.01741      5.09      2.00     7   8.6224
#        1149       0.00757      5.38      2.00     7   8.6517
#        1150       0.00764      5.48      2.00     7   8.6591
#        1151       0.01359      7.20      2.00     5   8.7595
#        1152       0.01339      7.88      2.00     6   8.7688
#        1153       0.00849      6.60      2.00     7   8.7706
#        1154       0.01366      4.01      2.00     7   8.7706
#        1156       0.00857      6.63      2.00     7   8.7831
#        1157       0.01315      6.86      2.00     5   8.8139
#        1158       0.01303      7.50      2.00     6   8.8263
#        1159       0.01489      5.68      2.00     6   8.9786
#        1160       0.01511      5.57      2.00     6   8.9863
#   819/1068 paths used
#  -----------------------------------------------------------------------
#       k          chi          mag           phase @#
     0.0000   -3.662830E+00  6.475582E+00 -6.012058E-01
     0.0500   -3.410352E+00  6.402394E+00 -5.617502E-01
     0.1000   -3.156602E+00  6.328490E+00 -5.222048E-01
     0.1500   -2.406395E+00  6.107153E+00 -4.050110E-01
     0.2000   -1.664083E+00  5.880885E+00 -2.868837E-01
     0.2500   -5.201527E-01  5.512314E+00 -9.450254E-02
     0.3000    5.188641E-01  5.137253E+00  1.011728E-01
     0.3500    1.672862E+00  4.652911E+00  3.677642E-01
     0.4000    2.503214E+00  4.173227E+00  6.432849E-01
     0.4500    3.041086E+00  3.654385E+00  9.830176E-01
     0.5000    3.083034E+00  3.166109E+00  1.341213E+00
     0.5500    2.675627E+00  2.723948E+00  1.759434E+00
     0.6000    1.888696E+00  2.344554E+00  2.204960E+00
     0.6500    9.062501E-01  2.072212E+00  2.688960E+00
     0.7000   -8.301511E-02  1.865992E+00  3.186096E+00
     0.7500   -8.846632E-01  1.752096E+00  3.670879E+00
     0.8000   -1.394009E+00  1.657770E+00  4.140526E+00
     0.8500   -1.580917E+00  1.598107E+00  4.565582E+00
     0.9000   -1.465368E+00  1.516069E+00  4.971735E+00
     0.9500   -1.165633E+00  1.436351E+00  5.336430E+00
     1.0000   -7.429213E-01  1.324979E+00  5.687949E+00
     1.0500   -3.342444E-01  1.221937E+00  6.006118E+00
     1.1000    3.474293E-02  1.093781E+00  6.314955E+00
     1.1500    3.032718E-01  9.796926E-01  6.597914E+00
     1.2000    4.720230E-01  8.502419E-01  6.871744E+00
     1.2500    5.530428E-01  7.400149E-01  7.127235E+00
     1.3000    5.507605E-01  6.219175E-01  7.370936E+00
     1.3500    5.082709E-01  5.244895E-01  7.604649E+00
     1.4000    4.231346E-01  4.234067E-01  7.818125E+00
     1.4500    3.350593E-01  3.400560E-01  8.025620E+00
     1.5000    2.438370E-01  2.579380E-01  8.186167E+00
     1.5500    1.709377E-01  1.919708E-01  8.326476E+00
     1.6000    1.202511E-01  1.360329E-01  8.340459E+00
     1.6500    9.042708E-02  9.853262E-02  8.262432E+00
     1.7000    8.381671E-02  8.513089E-02  8.029919E+00
     1.7500    8.625503E-02  8.627964E-02  7.877864E+00
     1.8000    9.157720E-02  9.158203E-02  7.864251E+00
     1.8500    9.379820E-02  9.407520E-02  7.930740E+00
     1.9000    8.906275E-02  9.008955E-02  8.005106E+00
     1.9500    8.048305E-02  8.093901E-02  7.960177E+00
     2.0000    7.492514E-02  7.637028E-02  8.048830E+00
     2.0500    7.387257E-02  7.521532E-02  8.043219E+00
     2.1000    7.853081E-02  7.951941E-02  8.011830E+00
     2.1500    8.981575E-02  9.111715E-02  8.023197E+00
     2.2000    1.027674E-01  1.065190E-01  8.120169E+00
     2.2500    9.836323E-02  1.111184E-01  8.337831E+00
     2.3000    8.411573E-02  1.108530E-01  8.563303E+00
     2.3500    6.436733E-02  1.049628E-01  8.764623E+00
     2.4000    4.816079E-02  9.576357E-02  8.897812E+00
     2.4500    3.503831E-02  8.575795E-02  9.003889E+00
     2.5000    3.042932E-02  7.959840E-02  9.032510E+00
     2.5500    3.141507E-02  8.082263E-02  9.025567E+00
     2.6000    3.228335E-02  8.928734E-02  9.054830E+00
     2.6500    2.537450E-02  9.457576E-02  9.153152E+00
     2.7000    1.475894E-02  1.021793E-01  9.279829E+00
     2.7500   -1.195545E-03  1.108458E-01  9.435564E+00
     2.8000   -2.253279E-02  1.194558E-01  9.614544E+00
     2.8500   -4.575078E-02  1.242990E-01  9.801711E+00
     2.9000   -6.967479E-02  1.281030E-01  9.999852E+00
     2.9500   -9.173564E-02  1.306174E-01  1.020343E+01
     3.0000   -1.097650E-01  1.318956E-01  1.040786E+01
     3.0500   -1.210658E-01  1.308287E-01  1.060681E+01
     3.1000   -1.267948E-01  1.291872E-01  1.080283E+01
     3.1500   -1.273197E-01  1.273197E-01  1.099520E+01
     3.2000   -1.232938E-01  1.255304E-01  1.118463E+01
     3.2500   -1.148178E-01  1.233746E-01  1.137020E+01
     3.3000   -1.029502E-01  1.216325E-01  1.155717E+01
     3.3500   -8.762661E-02  1.200125E-01  1.174783E+01
     3.4000   -6.905236E-02  1.181511E-01  1.194218E+01
     3.4500   -4.817223E-02  1.158065E-01  1.213736E+01
     3.5000   -2.596055E-02  1.130122E-01  1.233459E+01
     3.5500   -3.762064E-03  1.096696E-01  1.253206E+01
     3.6000    1.697336E-02  1.057953E-01  1.272750E+01
     3.6500    3.471082E-02  1.014609E-01  1.291553E+01
     3.7000    4.906540E-02  9.695076E-02  1.309701E+01
     3.7500    5.990201E-02  9.253545E-02  1.327046E+01
     3.8000    6.759750E-02  8.850126E-02  1.343555E+01
     3.8500    7.285311E-02  8.528688E-02  1.359040E+01
     3.9000    7.641144E-02  8.284209E-02  1.374055E+01
     3.9500    7.871692E-02  8.119651E-02  1.388940E+01
     4.0000    7.989030E-02  8.026619E-02  1.404035E+01
     4.0500    7.997525E-02  8.010583E-02  1.419427E+01
     4.1000    7.841843E-02  8.031158E-02  1.435472E+01
     4.1500    7.477534E-02  8.067931E-02  1.452211E+01
     4.2000    6.871533E-02  8.104098E-02  1.469594E+01
     4.2500    6.031782E-02  8.150326E-02  1.487479E+01
     4.3000    4.946534E-02  8.176293E-02  1.505822E+01
     4.3500    3.650721E-02  8.177101E-02  1.524516E+01
     4.4000    2.199361E-02  8.150556E-02  1.543473E+01
     4.4500    6.586655E-03  8.114625E-02  1.562670E+01
     4.5000   -9.003773E-03  8.052458E-02  1.582001E+01
     4.5500   -2.399854E-02  7.964528E-02  1.601404E+01
     4.6000   -3.766094E-02  7.851811E-02  1.620822E+01
     4.6500   -4.948418E-02  7.727327E-02  1.640295E+01
     4.7000   -5.886961E-02  7.581808E-02  1.659699E+01
     4.7500   -6.549574E-02  7.418743E-02  1.678984E+01
     4.8000   -6.923820E-02  7.242259E-02  1.698112E+01
     4.8500   -7.023561E-02  7.064357E-02  1.717124E+01
     4.9000   -6.859877E-02  6.882125E-02  1.735919E+01
     4.9500   -6.463682E-02  6.699732E-02  1.754500E+01
     5.0000   -5.871133E-02  6.520410E-02  1.772881E+01
     5.0500   -5.121862E-02  6.353466E-02  1.791194E+01
     5.1000   -4.249289E-02  6.194198E-02  1.809356E+01
     5.1500   -3.289333E-02  6.043160E-02  1.827399E+01
     5.2000   -2.276491E-02  5.900505E-02  1.845347E+01
     5.2500   -1.235347E-02  5.773637E-02  1.863393E+01
     5.3000   -2.007598E-03  5.655680E-02  1.881405E+01
     5.3500    7.990162E-03  5.546664E-02  1.899411E+01
     5.4000    1.738555E-02  5.446578E-02  1.917444E+01
     5.4500    2.608600E-02  5.360786E-02  1.935776E+01
     5.5000    3.373499E-02  5.281662E-02  1.954239E+01
     5.5500    4.010894E-02  5.207331E-02  1.972877E+01
     5.6000    4.499025E-02  5.135256E-02  1.991728E+01
     5.6500    4.825006E-02  5.066564E-02  2.011032E+01
     5.7000    4.960212E-02  4.992998E-02  2.030569E+01
     5.7500    4.894821E-02  4.911674E-02  2.050322E+01
     5.8000    4.629689E-02  4.820322E-02  2.070253E+01
     5.8500    4.179797E-02  4.722856E-02  2.090462E+01
     5.9000    3.567174E-02  4.613284E-02  2.110721E+01
     5.9500    2.829997E-02  4.492343E-02  2.130965E+01
     6.0000    2.013579E-02  4.361693E-02  2.151129E+01
     6.0500    1.165037E-02  4.239872E-02  2.171279E+01
     6.1000    3.241463E-03  4.114419E-02  2.191228E+01
     6.1500   -4.714331E-03  3.988426E-02  2.210963E+01
     6.2000   -1.192690E-02  3.864675E-02  2.230488E+01
     6.2500   -1.819220E-02  3.745313E-02  2.249835E+01
     6.3000   -2.337740E-02  3.631630E-02  2.269049E+01
     6.3500   -2.740008E-02  3.523975E-02  2.288188E+01
     6.4000   -3.021028E-02  3.421840E-02  2.307308E+01
     6.4500   -3.178179E-02  3.324090E-02  2.326456E+01
     6.5000   -3.211381E-02  3.229275E-02  2.345662E+01
     6.5500   -3.152165E-02  3.164933E-02  2.365180E+01
     6.6000   -2.974294E-02  3.100283E-02  2.384801E+01
     6.6500   -2.687093E-02  3.034328E-02  2.404503E+01
     6.7000   -2.305517E-02  2.966598E-02  2.424260E+01
     6.7500   -1.849150E-02  2.897049E-02  2.444047E+01
     6.8000   -1.340617E-02  2.825883E-02  2.463845E+01
     6.8500   -8.039026E-03  2.753347E-02  2.483645E+01
     6.9000   -2.629979E-03  2.679572E-02  2.503443E+01
     6.9500    2.590475E-03  2.604511E-02  2.523237E+01
     7.0000    7.408584E-03  2.527971E-02  2.543017E+01
     7.0500    1.179484E-02  2.464722E-02  2.563174E+01
     7.1000    1.545013E-02  2.398182E-02  2.583277E+01
     7.1500    1.824060E-02  2.328526E-02  2.603278E+01
     7.2000    2.009271E-02  2.256322E-02  2.623120E+01
     7.2500    2.099890E-02  2.182549E-02  2.642744E+01
     7.3000    2.101370E-02  2.108549E-02  2.662100E+01
     7.3500    2.024035E-02  2.035889E-02  2.681150E+01
     7.4000    1.881094E-02  1.966191E-02  2.699882E+01
     7.4500    1.686530E-02  1.900937E-02  2.718307E+01
     7.5000    1.453357E-02  1.841307E-02  2.736465E+01
     7.5500    1.189365E-02  1.787905E-02  2.754653E+01
     7.6000    9.072637E-03  1.740942E-02  2.772615E+01
     7.6500    6.150164E-03  1.700810E-02  2.790435E+01
     7.7000    3.186676E-03  1.667460E-02  2.808204E+01
     7.7500    2.323969E-04  1.640447E-02  2.826017E+01
     7.8000   -2.663205E-03  1.619010E-02  2.843958E+01
     7.8500   -5.443599E-03  1.602158E-02  2.862100E+01
     7.9000   -8.040480E-03  1.588759E-02  2.880497E+01
     7.9500   -1.037303E-02  1.577624E-02  2.899184E+01
     8.0000   -1.235144E-02  1.567594E-02  2.918176E+01
     8.0500   -1.390214E-02  1.560122E-02  2.937408E+01
     8.1000   -1.493905E-02  1.552712E-02  2.956903E+01
     8.1500   -1.539898E-02  1.544672E-02  2.976648E+01
     8.2000   -1.524214E-02  1.535464E-02  2.996626E+01
     8.2500   -1.445828E-02  1.524687E-02  3.016816E+01
     8.3000   -1.306984E-02  1.512054E-02  3.037202E+01
     8.3500   -1.113222E-02  1.497340E-02  3.057769E+01
     8.4000   -8.731690E-03  1.480343E-02  3.078506E+01
     8.4500   -5.981766E-03  1.460844E-02  3.099405E+01
     8.5000   -3.018319E-03  1.438596E-02  3.120455E+01
     8.5500    1.764698E-05  1.421084E-02  3.141717E+01
     8.6000    2.988362E-03  1.400592E-02  3.163094E+01
     8.6500    5.735637E-03  1.376883E-02  3.184559E+01
     8.7000    8.113173E-03  1.349827E-02  3.206074E+01
     8.7500    9.999556E-03  1.319444E-02  3.227596E+01
     8.8000    1.130977E-02  1.285939E-02  3.249073E+01
     8.8500    1.200278E-02  1.249703E-02  3.270454E+01
     8.9000    1.208349E-02  1.211299E-02  3.291692E+01
     8.9500    1.159841E-02  1.171417E-02  3.312743E+01
     9.0000    1.062632E-02  1.130819E-02  3.333576E+01
     9.0500    9.325734E-03  1.098388E-02  3.354336E+01
     9.1000    7.717583E-03  1.066649E-02  3.374861E+01
     9.1500    5.900152E-03  1.036188E-02  3.395173E+01
     9.2000    3.964111E-03  1.007426E-02  3.415310E+01
     9.2500    1.989703E-03  9.805981E-03  3.435319E+01
     9.3000    4.713590E-05  9.557484E-03  3.455259E+01
     9.3500   -1.801179E-03  9.327452E-03  3.475185E+01
     9.4000   -3.498114E-03  9.113180E-03  3.495148E+01
     9.4500   -4.990308E-03  8.911016E-03  3.515192E+01
     9.5000   -6.228388E-03  8.716843E-03  3.535346E+01
     9.5500   -7.217542E-03  8.576216E-03  3.555771E+01
     9.6000   -7.880025E-03  8.436360E-03  3.576312E+01
     9.6500   -8.190141E-03  8.294387E-03  3.596960E+01
     9.7000   -8.138453E-03  8.148109E-03  3.617700E+01
     9.7500   -7.733850E-03  7.996061E-03  3.638512E+01
     9.8000   -7.003836E-03  7.837447E-03  3.659373E+01
     9.8500   -5.992999E-03  7.672025E-03  3.680261E+01
     9.9000   -4.759943E-03  7.499986E-03  3.701154E+01
     9.9500   -3.373143E-03  7.321818E-03  3.722033E+01
    10.0000   -1.906276E-03  7.138217E-03  3.742878E+01
    10.0500   -4.320518E-04  6.981779E-03  3.763719E+01
    10.1000    9.922529E-04  6.821998E-03  3.784508E+01
    10.1500    2.303459E-03  6.659576E-03  3.805230E+01
    10.2000    3.447887E-03  6.495381E-03  3.825868E+01
    10.2500    4.383928E-03  6.330487E-03  3.846407E+01
    10.3000    5.083690E-03  6.166216E-03  3.866833E+01
    10.3500    5.533464E-03  6.004112E-03  3.887133E+01
    10.4000    5.732931E-03  5.845880E-03  3.907301E+01
    10.4500    5.693206E-03  5.693241E-03  3.927343E+01
    10.5000    5.434082E-03  5.547761E-03  3.947270E+01
    10.5500    4.981055E-03  5.410634E-03  3.967108E+01
    10.6000    4.362760E-03  5.282495E-03  3.986893E+01
    10.6500    3.609304E-03  5.163282E-03  4.006666E+01
    10.7000    2.751705E-03  5.052195E-03  4.026473E+01
    10.7500    1.822237E-03  4.947764E-03  4.046353E+01
    10.8000    8.551450E-04  4.848032E-03  4.066339E+01
    10.8500   -1.129446E-04  4.750804E-03  4.086448E+01
    10.9000   -1.043506E-03  4.653941E-03  4.106685E+01
    10.9500   -1.897752E-03  4.555617E-03  4.127038E+01
    11.0000   -2.639265E-03  4.454528E-03  4.147485E+01
    11.0500   -3.268253E-03  4.386938E-03  4.168123E+01
    11.1000   -3.738143E-03  4.316061E-03  4.188805E+01
    11.1500   -4.031209E-03  4.241914E-03  4.209499E+01
    11.2000   -4.139938E-03  4.164990E-03  4.230176E+01
    11.2500   -4.067069E-03  4.086136E-03  4.250814E+01
    11.3000   -3.824483E-03  4.006384E-03  4.271399E+01
    11.3500   -3.431346E-03  3.926779E-03  4.291927E+01
    11.4000   -2.911992E-03  3.848223E-03  4.312403E+01
    11.4500   -2.294018E-03  3.771350E-03  4.332841E+01
    11.5000   -1.606840E-03  3.696469E-03  4.353260E+01
    11.5500   -8.807232E-04  3.623560E-03  4.373678E+01
    11.6000   -1.461294E-04  3.552327E-03  4.394115E+01
    11.6500    5.669211E-04  3.482301E-03  4.414583E+01
    11.7000    1.229674E-03  3.412944E-03  4.435088E+01
    11.7500    1.815749E-03  3.343763E-03  4.455633E+01
    11.8000    2.302429E-03  3.274385E-03  4.476213E+01
    11.8500    2.671937E-03  3.204600E-03  4.496822E+01
    11.9000    2.912422E-03  3.134363E-03  4.517452E+01
    11.9500    3.018483E-03  3.063758E-03  4.538097E+01
    12.0000    2.991164E-03  2.992940E-03  4.558755E+01
    12.0500    2.872210E-03  2.960531E-03  4.579797E+01
    12.1000    2.629447E-03  2.928556E-03  4.600899E+01
    12.1500    2.274784E-03  2.896748E-03  4.622073E+01
    12.2000    1.824901E-03  2.864728E-03  4.643326E+01
    12.2500    1.300837E-03  2.832034E-03  4.664665E+01
    12.3000    7.273929E-04  2.798153E-03  4.686091E+01
    12.3500    1.322061E-04  2.762578E-03  4.707602E+01
    12.4000   -4.555453E-04  2.724863E-03  4.729186E+01
    12.4500   -1.006795E-03  2.684666E-03  4.750830E+01
    12.5000   -1.494458E-03  2.641789E-03  4.772517E+01
    12.5500   -1.895301E-03  2.596199E-03  4.794225E+01
    12.6000   -2.191548E-03  2.548027E-03  4.815935E+01
    12.6500   -2.371999E-03  2.497557E-03  4.837625E+01
    12.7000   -2.432505E-03  2.445182E-03  4.859281E+01
    12.7500   -2.375782E-03  2.391363E-03  4.880890E+01
    12.8000   -2.210663E-03  2.336568E-03  4.902446E+01
    12.8500   -1.950980E-03  2.281220E-03  4.923948E+01
    12.9000   -1.614310E-03  2.225653E-03  4.945398E+01
    12.9500   -1.220737E-03  2.170092E-03  4.966804E+01
    13.0000   -7.917463E-04  2.114648E-03  4.988172E+01
    13.0500   -3.550208E-04  2.071479E-03  5.009325E+01
    13.1000    7.875914E-05  2.029025E-03  5.030431E+01
    13.1500    4.908334E-04  1.987331E-03  5.051505E+01
    13.2000    8.642556E-04  1.946337E-03  5.072559E+01
    13.2500    1.184358E-03  1.905905E-03  5.093603E+01
    13.3000    1.439216E-03  1.865863E-03  5.114643E+01
    13.3500    1.620121E-03  1.826043E-03  5.135679E+01
    13.4000    1.721982E-03  1.786316E-03  5.156708E+01
    13.4500    1.743580E-03  1.746623E-03  5.177724E+01
    13.5000    1.687579E-03  1.706981E-03  5.198719E+01
    13.5500    1.560234E-03  1.667474E-03  5.219687E+01
    13.6000    1.370842E-03  1.628234E-03  5.240624E+01
    13.6500    1.131008E-03  1.589403E-03  5.261531E+01
    13.7000    8.538608E-04  1.551102E-03  5.282413E+01
    13.7500    5.533179E-04  1.513400E-03  5.303278E+01
    13.8000    2.434624E-04  1.476293E-03  5.324140E+01
    13.8500   -6.195252E-05  1.439694E-03  5.345012E+01
    13.9000   -3.499077E-04  1.403430E-03  5.365906E+01
    13.9500   -6.084866E-04  1.367258E-03  5.386830E+01
    14.0000   -8.272717E-04  1.330885E-03  5.407785E+01
    14.0500   -1.009619E-03  1.307145E-03  5.428966E+01
    14.1000   -1.139858E-03  1.282983E-03  5.450102E+01
    14.1500   -1.214249E-03  1.258538E-03  5.471179E+01
    14.2000   -1.232035E-03  1.233970E-03  5.492187E+01
    14.2500   -1.195279E-03  1.209461E-03  5.513116E+01
    14.3000   -1.108516E-03  1.185210E-03  5.533959E+01
    14.3500   -9.782851E-04  1.161432E-03  5.554711E+01
    14.4000   -8.125679E-04  1.138344E-03  5.575374E+01
    14.4500   -6.202064E-04  1.116160E-03  5.595951E+01
    14.5000   -4.103691E-04  1.095067E-03  5.616455E+01
    14.5500   -1.921221E-04  1.075210E-03  5.636902E+01
    14.6000    2.586463E-05  1.056676E-03  5.657315E+01
    14.6500    2.354793E-04  1.039485E-03  5.677719E+01
    14.7000    4.292449E-04  1.023584E-03  5.698140E+01
    14.7500    6.003695E-04  1.008862E-03  5.718605E+01
    14.8000    7.428285E-04  9.951600E-04  5.739137E+01
    14.8500    8.515074E-04  9.822914E-04  5.759753E+01
    14.9000    9.224019E-04  9.700597E-04  5.780471E+01
    14.9500    9.528440E-04  9.582697E-04  5.801300E+01
    15.0000    9.417109E-04  9.467329E-04  5.822251E+01
    15.0500    8.963766E-04  9.414348E-04  5.843010E+01
    15.1000    8.123457E-04  9.359862E-04  5.863929E+01
    15.1500    6.927067E-04  9.301040E-04  5.885008E+01
    15.2000    5.424861E-04  9.235111E-04  5.906240E+01
    15.2500    3.685879E-04  9.159504E-04  5.927611E+01
    15.3000    1.795444E-04  9.072005E-04  5.949103E+01
    15.3500   -1.493918E-05  8.970917E-04  5.970691E+01
    15.4000   -2.046289E-04  8.855207E-04  5.992345E+01
    15.4500   -3.795318E-04  8.724604E-04  6.014031E+01
    15.5000   -5.306916E-04  8.579650E-04  6.035715E+01
    15.5500   -6.508928E-04  8.421664E-04  6.057363E+01
    15.6000   -7.351681E-04  8.252657E-04  6.078942E+01
    15.6500   -7.810386E-04  8.075164E-04  6.100427E+01
    15.7000   -7.884728E-04  7.892051E-04  6.121797E+01
    15.7500   -7.596025E-04  7.706285E-04  6.143042E+01
    15.8000   -6.982758E-04  7.520712E-04  6.164158E+01
    15.8500   -6.095439E-04  7.337854E-04  6.185152E+01
    15.9000   -4.991704E-04  7.159746E-04  6.206038E+01
    15.9500   -3.732267E-04  6.987824E-04  6.226840E+01
    16.0000   -2.378030E-04  6.822862E-04  6.247584E+01
    16.0500   -1.017662E-04  6.693229E-04  6.267922E+01
    16.1000    3.328337E-05  6.570114E-04  6.288253E+01
    16.1500    1.622715E-04  6.452839E-04  6.308605E+01
    16.2000    2.804391E-04  6.340370E-04  6.329002E+01
    16.2500    3.834270E-04  6.231393E-04  6.349464E+01
    16.3000    4.673960E-04  6.124409E-04  6.370006E+01
    16.3500    5.291837E-04  6.017821E-04  6.390637E+01
    16.4000    5.664884E-04  5.910031E-04  6.411362E+01
    16.4500    5.780579E-04  5.799542E-04  6.432176E+01
    16.5000    5.638500E-04  5.685045E-04  6.453070E+01
    16.5500    5.251284E-04  5.565502E-04  6.474028E+01
    16.6000    4.644604E-04  5.440211E-04  6.495029E+01
    16.6500    3.855981E-04  5.308845E-04  6.516048E+01
    16.7000    2.932397E-04  5.171473E-04  6.537055E+01
    16.7500    1.926917E-04  5.028555E-04  6.558019E+01
    16.8000    8.946911E-05  4.880918E-04  6.578910E+01
    16.8500   -1.111822E-05  4.729718E-04  6.599696E+01
    16.9000   -1.043419E-04  4.576388E-04  6.620347E+01
    16.9500   -1.863501E-04  4.422570E-04  6.640839E+01
    17.0000   -2.543485E-04  4.270039E-04  6.661153E+01
    17.0500   -3.099781E-04  4.149897E-04  6.681691E+01
    17.1000   -3.493668E-04  4.034260E-04  6.702059E+01
    17.1500   -3.723397E-04  3.924496E-04  6.722273E+01
    17.2000   -3.793876E-04  3.821653E-04  6.742360E+01
    17.2500   -3.714625E-04  3.726352E-04  6.762360E+01
    17.3000   -3.498084E-04  3.638725E-04  6.782318E+01
    17.3500   -3.158573E-04  3.558396E-04  6.802284E+01
    17.4000   -2.711995E-04  3.484514E-04  6.822309E+01
    17.4500   -2.176155E-04  3.415844E-04  6.842434E+01
    17.5000   -1.571379E-04  3.350888E-04  6.862694E+01
    17.5500   -9.210214E-05  3.288033E-04  6.883113E+01
    17.6000   -2.515070E-05  3.225691E-04  6.903699E+01
    17.6500    4.083229E-05  3.162415E-04  6.924452E+01
    17.7000    1.028594E-04  3.096982E-04  6.945360E+01
    17.7500    1.580342E-04  3.028447E-04  6.966404E+01
    17.8000    2.037732E-04  2.956152E-04  6.987559E+01
    17.8500    2.380195E-04  2.879720E-04  7.008797E+01
    17.9000    2.594165E-04  2.799030E-04  7.030086E+01
    17.9500    2.674194E-04  2.714187E-04  7.051396E+01
    18.0000    2.623281E-04  2.625496E-04  7.072691E+01
    18.0500    2.486891E-04  2.567542E-04  7.093714E+01
    18.1000    2.245613E-04  2.506921E-04  7.114648E+01
    18.1500    1.917802E-04  2.444418E-04  7.135464E+01
    18.2000    1.525185E-04  2.380927E-04  7.156137E+01
    18.2500    1.090894E-04  2.317414E-04  7.176650E+01
    18.3000    6.376214E-05  2.254863E-04  7.196994E+01
    18.3500    1.861285E-05  2.194227E-04  7.217170E+01
    18.4000   -2.457329E-05  2.136363E-04  7.237191E+01
    18.4500   -6.434208E-05  2.081967E-04  7.257082E+01
    18.5000   -9.955850E-05  2.031525E-04  7.276880E+01
    18.5500   -1.293582E-04  1.985265E-04  7.296631E+01
    18.6000   -1.530840E-04  1.943144E-04  7.316389E+01
    18.6500   -1.702289E-04  1.904847E-04  7.336207E+01
    18.7000   -1.804040E-04  1.869817E-04  7.356139E+01
    18.7500   -1.833408E-04  1.837300E-04  7.376232E+01
    18.8000   -1.789278E-04  1.806404E-04  7.396524E+01
    18.8500   -1.672724E-04  1.776167E-04  7.417040E+01
    18.9000   -1.487707E-04  1.745616E-04  7.437795E+01
    18.9500   -1.241677E-04  1.713833E-04  7.458791E+01
    19.0000   -9.458479E-05  1.680004E-04  7.480021E+01
    19.0500   -6.247049E-05  1.662911E-04  7.501310E+01
    19.1000   -2.784290E-05  1.642762E-04  7.522791E+01
    19.1500    7.457120E-06  1.619167E-04  7.544430E+01
    19.2000    4.148726E-05  1.591921E-04  7.566188E+01
    19.2500    7.236791E-05  1.560991E-04  7.588028E+01
    19.3000    9.844499E-05  1.526507E-04  7.609912E+01
    19.3500    1.184278E-04  1.488734E-04  7.631804E+01
    19.4000    1.314832E-04  1.448039E-04  7.653673E+01
    19.4500    1.372776E-04  1.404858E-04  7.675490E+01
    19.5000    1.359654E-04  1.359661E-04  7.697232E+01
    19.5500    1.281335E-04  1.312919E-04  7.718881E+01
    19.6000    1.147153E-04  1.265082E-04  7.740423E+01
    19.6500    9.688792E-05  1.216564E-04  7.761849E+01
    19.7000    7.596623E-05  1.167729E-04  7.783151E+01
    19.7500    5.330336E-05  1.118893E-04  7.804327E+01
    19.8000    3.020397E-05  1.070321E-04  7.825373E+01
    19.8500    7.853887E-06  1.022231E-04  7.846291E+01
    19.9000   -1.273220E-05  9.747978E-05  7.867080E+01
    19.9500   -3.074472E-05  9.281552E-05  7.887744E+01
    20.0000   -4.559604E-05  8.823980E-05  7.908284E+01
