9.654011974099999861e+03 -1.700002589999979108e+01 -1.591238011200064806e+00 2.722434174399999934e-06 3.967783136700000063e-06 -1.245348962299999917e-06
9.654511974099999861e+03 -1.650002589999979108e+01 -1.549452891320310055e+00 2.845096747299999837e-06 4.198757501100000107e-06 -1.353660753800000058e-06
9.655011974099999861e+03 -1.600002589999979108e+01 -1.506509248744859031e+00 2.978352746999999944e-06 4.456312456000000299e-06 -1.477959708999999931e-06
9.655511974099999861e+03 -1.550002589999978930e+01 -1.462305019716040544e+00 3.123616748400000109e-06 4.745156535999999784e-06 -1.621539787600000098e-06
9.656011974099999861e+03 -1.500002589999978930e+01 -1.416722211592540859e+00 3.282569295400000115e-06 5.071159477500000271e-06 -1.788590182200000019e-06
9.656511974099999861e+03 -1.450002589999978930e+01 -1.369623188673655179e+00 3.457224124099999825e-06 5.441730082399999865e-06 -1.984505958300000040e-06
9.657011974099999861e+03 -1.400002589999978930e+01 -1.320845764306159076e+00 3.650017675699999939e-06 5.866351104199999665e-06 -2.216333428500000149e-06
9.657511974099999861e+03 -1.350002589999978930e+01 -1.270196593924913575e+00 3.863930465600000285e-06 6.357352747199999844e-06 -2.493422281699999845e-06
9.658011974099999861e+03 -1.300002589999978930e+01 -1.217442089526800775e+00 4.102655142599999843e-06 6.931058638100000395e-06 -2.828403495599999991e-06
9.658511974099999861e+03 -1.250002589999978930e+01 -1.162295614499303520e+00 4.370835025799999789e-06 7.609531357099999736e-06 -3.238696331299999947e-06
9.659011974099999861e+03 -1.200002589999978930e+01 -1.104398908735989338e+00 4.674412814300000207e-06 8.423317818800000109e-06 -3.748905004499999902e-06
9.659511974099999861e+03 -1.150002589999978930e+01 -1.043294207666358275e+00 5.021158888999999726e-06 9.415932252400000747e-06 -4.394773363400000174e-06
9.660011974099999861e+03 -1.100002589999978930e+01 -9.783806303699521534e-01 5.421507627499999658e-06 1.065150961100000067e-05 -5.230001984000000322e-06
9.660511974099999861e+03 -1.050002589999978930e+01 -9.088424021886498672e-01 5.889955965499999918e-06 1.222859178199999931e-05 -6.338635816699999968e-06
9.661011974099999861e+03 -1.000002589999978930e+01 -8.335228648027395160e-01 6.447571012199999926e-06 1.430665461799999924e-05 -7.859083605399999864e-06
9.661511974109998846e+03 -9.500025890000804552e+00 -7.506838333529504137e-01 7.126909865299999592e-06 1.716157196999999905e-05 -1.003466210499999990e-05
9.662011974109998846e+03 -9.000025890000804552e+00 -6.574892180031630673e-01 7.982885280399999676e-06 2.131475832900000039e-05 -1.333187304799999985e-05
9.662511974109998846e+03 -8.500025890000804552e+00 -5.486874574139101179e-01 9.120884573300000478e-06 2.788042916600000004e-05 -1.875954459300000000e-05
9.663011974109998846e+03 -8.000025890000804552e+00 -4.120968090828561747e-01 1.078686749599999984e-05 3.970262875499999683e-05 -2.891576125900000038e-05
9.663511974109998846e+03 -7.500025890000804552e+00 -1.964424449786823235e-01 1.373877667099999941e-05 6.607996485000000109e-05 -5.234118817900000338e-05
9.663658999999999651e+03 -7.352999999999999758e+00 0.000000000000000000e+00 1.568472646623051241e-05 8.668487496737731788e-05 -7.100014850055871049e-05
9.663667999999999665e+03 -7.343999999999985207e+00 4.860261953445584038e-02 1.580384527011650546e-05 8.794617793283724804e-05 -7.214233266209662838e-05
9.663697000000000116e+03 -7.314999999999534097e+00 9.986888948025554602e-02 1.618767252708250526e-05 9.201037637709723533e-05 -7.582270384927461979e-05
9.663744999999998981e+03 -7.267000000000669147e+00 1.502407171473840175e-01 1.682297281447450656e-05 9.873732552621724233e-05 -8.191435271081063361e-05
9.663810999999999694e+03 -7.200999999999956103e+00 1.997377789593159370e-01 1.769651070963851428e-05 1.079868806062573401e-04 -9.029036989542272716e-05
9.663896999999999025e+03 -7.115000000000625491e+00 2.499348983886820197e-01 1.883475705788250842e-05 1.200393311650972645e-04 -1.012045741056746503e-04
9.664002000000000407e+03 -7.009999999999243059e+00 3.000443701604951774e-01 2.022447643655251424e-05 1.347545324287973171e-04 -1.145300559902847042e-04
9.664011974109998846e+03 -7.000025890000804552e+00 3.043756095318196908e-01 2.035648799800000055e-05 1.361523518200000063e-04 -1.157958638199999983e-04
9.664126000000000204e+03 -6.885999999999446786e+00 3.501038306559755009e-01 2.185566205760227656e-05 1.559392423245422807e-04 -1.340835802651680654e-04
9.664269000000000233e+03 -6.742999999999417682e+00 4.001320506507538566e-01 2.373577797270827366e-05 1.807540044996022266e-04 -1.570182265254080030e-04
9.664430000000000291e+03 -6.581999999999359474e+00 4.498478108507243944e-01 2.585255183517028106e-05 2.086923031722223124e-04 -1.828397513358881064e-04
9.664511974109998846e+03 -6.500025890000804552e+00 4.731581739174925416e-01 2.693031986899999859e-05 2.229172545299999892e-04 -1.959869346599999937e-04
9.664610999999998967e+03 -6.401000000000683698e+00 4.998697967778416573e-01 2.791937690642889996e-05 2.347858473726725955e-04 -2.068664704660359149e-04
9.664810999999999694e+03 -6.200999999999956103e+00 5.498758696994616724e-01 2.991694953602890578e-05 2.587565339126726054e-04 -2.288395843780359202e-04
9.665011974109998846e+03 -6.000025890000804552e+00 5.959134193924530143e-01 3.192425144300000127e-05 2.828439708800000005e-04 -2.509197194399999799e-04
9.665030999999999040e+03 -5.981000000000610939e+00 6.000887403201946579e-01 3.216629758981801219e-05 2.844092556421762177e-04 -2.522429580552440400e-04
9.665269000000000233e+03 -5.742999999999417682e+00 6.500568818896668155e-01 3.519411825643000731e-05 3.039898257704561979e-04 -2.687957075154840292e-04
9.665511974109998846e+03 -5.500025890000804552e+00 6.973857965854157737e-01 3.828521923000000201e-05 3.239796224100000141e-04 -2.856944031799999850e-04
9.665525999999999840e+03 -5.485999999999810584e+00 7.000202144707585727e-01 3.853367060172047397e-05 3.246972679640756638e-04 -2.861635973622429817e-04
9.665801999999999680e+03 -5.209999999999970655e+00 7.499796991827626380e-01 4.342267077175247201e-05 3.388190223001556691e-04 -2.953963515260829434e-04
9.666011974109998846e+03 -5.000025890000804552e+00 7.858632801869193107e-01 4.714210359600000042e-05 3.495625107000000149e-04 -3.024204070999999996e-04
9.666096999999999753e+03 -4.914999999999897895e+00 7.999360569744666805e-01 4.939267651655321047e-05 3.517361483954741940e-04 -3.023434718757712068e-04
9.666412000000000262e+03 -4.599999999999388578e+00 8.500442383454196449e-01 5.773049538530321777e-05 3.597889411868741968e-04 -3.020584458015712365e-04
9.666511974109998846e+03 -4.500025890000804552e+00 8.653411125176093677e-01 6.037673672100000050e-05 3.623447214799999962e-04 -3.019679847599999892e-04
9.666744999999998981e+03 -4.267000000000669147e+00 8.999873045167785524e-01 6.993273340526290588e-05 3.638864534058461309e-04 -2.939537199997190346e-04
9.667011974109998846e+03 -4.000025890000804552e+00 9.381094748910082659e-01 8.088088903699999495e-05 3.656527915100000136e-04 -2.847719024700000041e-04
9.667096999999999753e+03 -3.914999999999897895e+00 9.499294642140519995e-01 8.625409896399715800e-05 3.651392439362801398e-04 -2.788851449697931522e-04
9.667468999999999141e+03 -3.543000000000509075e+00 1.000002095751271414e+00 1.097626337507891627e-04 3.628924024457201082e-04 -2.531297686946731222e-04
9.667511974109998846e+03 -3.500025890000804552e+00 1.005625940768908766e+00 1.124783820300000040e-04 3.626328432699999914e-04 -2.501544612400000145e-04
9.667859000000000378e+03 -3.152999999999272163e+00 1.049936581553178483e+00 1.440044185400196847e-04 3.578812075536297712e-04 -2.138767890136100865e-04
9.668011974109998846e+03 -3.000025890000804552e+00 1.068886185996629878e+00 1.579015585400000087e-04 3.557866167299999940e-04 -1.978850581900000124e-04
9.668269000000000233e+03 -2.742999999999417682e+00 1.099990374909949997e+00 1.869063731742886191e-04 3.512055611138114979e-04 -1.642991879446634065e-04
9.668511974109998846e+03 -2.500025890000804552e+00 1.128606142319583228e+00 2.143254748900000101e-04 3.468749549200000068e-04 -1.325494800400000000e-04
9.668698000000000320e+03 -2.313999999999330370e+00 1.150033791698531482e+00 2.360064586874200537e-04 3.432218359444159017e-04 -1.072153772658796650e-04
9.669011974109998846e+03 -2.000025890000804552e+00 1.185321041046922819e+00 2.725995780200000246e-04 3.370561093400000190e-04 -6.445653132699999670e-05
9.669145000000000437e+03 -1.866999999999213955e+00 1.199958769480723442e+00 2.860495793806491142e-04 3.343957579394252785e-04 -4.834617856577615977e-05
9.669511974109998846e+03 -1.500025890000804552e+00 1.239443470359027799e+00 3.231536519699999745e-04 3.270567347800000220e-04 -3.903082816999999770e-06
9.669611999999999171e+03 -1.400000000000479972e+00 1.249989496233149255e+00 3.300600309867180956e-04 3.251032061483468544e-04 4.956824832971698406e-06
9.670011974109998846e+03 -1.000025890000804552e+00 1.291299447100748843e+00 3.576766090599999936e-04 3.172916198100000180e-04 4.038498925100000305e-05
9.670097999999999956e+03 -9.139999999996941682e-01 1.300012819350716997e+00 3.605413242038312373e-04 3.156935676492622048e-04 4.484775655522496807e-05
9.670511974105000263e+03 -5.000258949993874324e-01 1.341151895438320363e+00 3.743269169799999822e-04 3.080034151499999877e-04 6.632350182899999418e-05
9.670602999999999156e+03 -4.090000000004945235e-01 1.350029561825121682e+00 3.743559668293688328e-04 3.064205773702883087e-04 6.793538945698819013e-05
9.671011974105300396e+03 -2.589469925418086405e-05 1.389216524730268354e+00 3.744864861300000163e-04 2.993089783599999767e-04 7.517750776299999670e-05
9.671127000000000407e+03 1.150000000007569412e-01 1.400040428941517145e+00 3.713658873473151662e-04 2.974547161176338355e-04 7.391117122429169395e-05
9.671511974105000263e+03 4.999741050006125676e-01 1.435672907863047465e+00 3.609217197400000168e-04 2.912487835399999998e-04 6.967293620000000341e-05
9.671668999999999869e+03 6.570000000002185203e-01 1.449955522349051007e+00 3.550698015987295716e-04 2.889193535587637578e-04 6.615044804090797193e-05
9.672011974105000263e+03 9.999741050006125676e-01 1.480672429755821362e+00 3.422881111199999743e-04 2.838314401099999986e-04 5.845667101299999695e-05
9.672230999999999767e+03 1.219000000000116657e+00 1.499959398365525276e+00 3.352068199404812363e-04 2.808534635384739514e-04 5.435335640369315152e-05
9.672511974109998846e+03 1.499974109999195448e+00 1.524344118438499596e+00 3.261226909299999870e-04 2.770332106100000229e-04 4.908948031999999792e-05
9.672811999999999898e+03 1.800000000000247624e+00 1.549958797595160975e+00 3.194035666416115125e-04 2.733031078239078109e-04 4.610045881470347702e-05
9.673011974109998846e+03 1.999974109999195448e+00 1.566799009855800229e+00 3.149251167999999809e-04 2.708169090999999816e-04 4.410820769499999773e-05
9.673413000000000466e+03 2.401000000000815149e+00 1.600036161333550533e+00 3.096376030566244707e-04 2.662635813728699659e-04 4.337402168918121456e-05
9.673511974109998846e+03 2.499974109999195448e+00 1.608133478027301555e+00 3.083326325299999776e-04 2.651398096400000193e-04 4.319282289800000158e-05
9.674011974109998846e+03 2.999974109999195448e+00 1.648431809029192285e+00 3.048040681000000222e-04 2.598681164499999923e-04 4.493595163999999963e-05
9.674031999999999243e+03 3.019999999999592788e+00 1.650025330156514647e+00 3.047100570096429660e-04 2.596796038724758057e-04 4.503045312732686679e-05
9.674638749749999988e+03 3.626749750000337613e+00 1.697597172638705354e+00 3.018616839499999906e-04 2.539679995800000058e-04 4.789368436499999676e-05
9.674670000000000073e+03 3.658000000000422247e+00 1.700011282399241486e+00 3.016582987149797851e-04 2.537403887333058734e-04 4.791790997696424590e-05
9.675284575309999127e+03 4.272575309999476545e+00 1.746809918692398433e+00 2.976584733099999869e-04 2.492641363299999868e-04 4.839433698100000035e-05
9.675326999999999316e+03 4.314999999999665548e+00 1.749994293691794933e+00 2.973450977268285488e-04 2.492247337803510810e-04 4.812036394773267574e-05
9.675949450789999901e+03 4.937450790000250223e+00 1.796066152315627384e+00 2.927472826500000249e-04 2.486466235299999755e-04 4.410065912499999674e-05
9.676002999999998792e+03 4.990999999999141679e+00 1.799974609033689665e+00 2.921199523528515544e-04 2.486042806830916036e-04 4.351567167436843340e-05
9.676633376190000490e+03 5.621376190000839657e+00 1.845362391213607900e+00 2.847350799599999830e-04 2.481058247299999884e-04 3.662925523000000141e-05
9.676699000000000524e+03 5.687000000000873356e+00 1.850023384774743596e+00 2.838131351076296754e-04 2.479170896293372687e-04 3.589604547857247642e-05
9.677336351509999076e+03 6.324351509999425858e+00 1.894695512813838079e+00 2.748590231200000200e-04 2.460840567499999738e-04 2.877496637299999967e-05
9.677413000000000466e+03 6.401000000000815149e+00 1.899997074869211211e+00 2.738192339262053533e-04 2.457530781058315118e-04 2.806615582231227304e-05
9.678058376749999297e+03 7.046376749999646805e+00 1.944062709278865375e+00 2.650642568799999868e-04 2.429662531900000032e-04 2.209800368300000162e-05
9.678145999999998821e+03 7.133999999999170782e+00 1.949968754198961873e+00 2.640483252649287777e-04 2.425379461080013222e-04 2.151037915040041268e-05
9.678799451920000138e+03 7.787451920000487249e+00 1.993461449721410927e+00 2.564719974700000208e-04 2.393438385499999880e-04 1.712815891700000139e-05
9.678898999999999432e+03 7.886999999999781963e+00 2.000004191502662287e+00 2.555388509486759764e-04 2.388258867608803739e-04 1.671296418453066657e-05
9.679559576999999990e+03 8.547577000000339709e+00 2.042889444580207048e+00 2.493334892343422398e-04 2.353601322889454193e-04 1.397313630759776532e-05
9.679670000000000073e+03 8.658000000000422247e+00 2.049970687340530340e+00 2.485419875825181147e-04 2.347493997898447823e-04 1.379228902423813236e-05
9.680338751999999658e+03 9.326752000000007925e+00 2.092344621229754953e+00 2.438138378599772856e-04 2.310498488858167998e-04 1.276360796704186446e-05
9.680460999999999331e+03 9.448999999999680099e+00 2.099998151836547589e+00 2.432154310949214738e-04 2.303574405992473166e-04 1.285759510303500031e-05
9.681136976899999354e+03 1.012497689999970341e+01 2.141825095546240121e+00 2.399303341121604254e-04 2.265658319395007388e-04 1.336533365423458839e-05
9.681270999999998821e+03 1.025899999999917078e+01 2.150021291527466349e+00 2.395129480918070143e-04 2.258204631887647984e-04 1.369374852874417830e-05
9.681954251799999838e+03 1.094225180000018760e+01 2.191329159846137298e+00 2.372690974922250621e-04 2.220943835767884332e-04 1.517885530691348261e-05
9.682099000000000160e+03 1.108700000000050956e+01 2.199980749819791637e+00 2.369751952341952116e-04 2.213880054813255598e-04 1.559250638830482269e-05
9.682790576499999588e+03 1.177857649999993761e+01 2.240855238996035226e+00 2.355439234560720589e-04 2.183558452713223836e-04 1.720216077953451458e-05
9.682947000000000116e+03 1.193500000000046590e+01 2.249997424658124245e+00 2.353294123523077316e-04 2.178561974468712402e-04 1.748988643207172500e-05
9.683645951200000127e+03 1.263395120000047633e+01 2.290401916353922651e+00 2.343851406013695089e-04 2.158038985710532655e-04 1.860826130662236193e-05
9.683814000000000306e+03 1.280200000000065508e+01 2.300010526041509351e+00 2.341435873289513404e-04 2.154864386586153755e-04 1.868708721675062915e-05
9.684520375799998874e+03 1.350837579999922333e+01 2.339967877867065393e+00 2.334099558042504853e-04 2.143150550781036418e-04 1.914022000941964150e-05
9.684699999999998909e+03 1.368799999999925809e+01 2.350020282120522275e+00 2.331533366573755562e-04 2.141562129745372173e-04 1.904693411700049689e-05
9.685413850299999467e+03 1.440185029999981658e+01 2.389551923514714016e+00 2.326586194076199834e-04 2.136632714866262069e-04 1.907452960711004950e-05
9.685603999999999360e+03 1.459199999999970920e+01 2.399972221111235982e+00 2.324906729838468913e-04 2.136423222516860548e-04 1.893655414719775667e-05
9.686326374799999030e+03 1.531437479999937956e+01 2.439152955813411960e+00 2.319662618185196180e-04 2.137322507996533495e-04 1.835164771893661628e-05
9.686528000000000247e+03 1.551600000000059687e+01 2.449977012885667271e+00 2.318275400575187670e-04 2.138483677783871071e-04 1.810586654318867915e-05
9.687257949099999678e+03 1.624594910000002557e+01 2.488769948588639647e+00 2.316317350334608466e-04 2.143540543109462716e-04 1.744509147879853847e-05
9.687470999999999549e+03 1.645899999999989660e+01 2.499978992466393990e+00 2.316309371473617503e-04 2.145721891358160090e-04 1.723919460732571601e-05
9.688208573399999295e+03 1.719657339999964307e+01 2.538401976263759519e+00 2.315948409968812444e-04 2.153759290335809855e-04 1.644222610720393995e-05
9.688432999999999083e+03 1.742099999999943094e+01 2.549978325284629754e+00 2.316442039135825322e-04 2.156705753264006155e-04 1.621082615947053230e-05
9.689178247599998940e+03 1.816624759999928784e+01 2.588048168777454361e+00 2.313250196823931379e-04 2.166623716685658852e-04 1.492670302080157958e-05
9.689413999999998850e+03 1.840199999999919811e+01 2.599975164037636954e+00 2.312443977572435617e-04 2.170038941290779698e-04 1.451279905364366547e-05
9.690166971799999374e+03 1.915497179999972133e+01 2.637707731285377388e+00 2.297836776258435176e-04 2.177651489866114047e-04 1.226459641711988765e-05
9.690414999999999054e+03 1.940299999999940184e+01 2.650019172315261073e+00 2.292591429965321450e-04 2.180154992175726138e-04 1.147992078174524487e-05
9.691174745799999073e+03 2.016274579999942063e+01 2.687379912836413975e+00 2.269465906850869487e-04 2.187158525282471844e-04 8.405230474686010942e-06
9.691433999999999287e+03 2.042199999999963467e+01 2.700010519037955525e+00 2.260871512587183383e-04 2.189415182083916740e-04 7.297782905551177852e-06
9.692201569799999561e+03 2.118956979999990864e+01 2.737064035989730915e+00 2.228505461040898149e-04 2.195295148489411136e-04 3.373449347496308509e-06
9.692471999999999753e+03 2.146000000000010033e+01 2.749999798133768714e+00 2.216369404232107845e-04 2.197140486571511476e-04 1.939159639575169910e-06
9.693247443599999315e+03 2.223544359999966247e+01 2.786759452619444577e+00 2.176455439907972128e-04 2.201533412770414620e-04 -2.624899930389964245e-06
9.693529000000000451e+03 2.251700000000079882e+01 2.799987120345187375e+00 2.161414748207115470e-04 2.202836491690328652e-04 -4.308063402116228488e-06
9.694312367499998800e+03 2.330036749999914747e+01 2.836465583014105007e+00 2.121976942234337184e-04 2.207259747691425310e-04 -8.825048605713274821e-06
9.694605999999999767e+03 2.359400000000011488e+01 2.850018635780549481e+00 2.106972696149073912e-04 2.208621026213735035e-04 -1.051154474595565144e-05
9.695396341199999370e+03 2.438434119999971728e+01 2.886181859992095422e+00 2.069450297716727758e-04 2.211444891249783628e-04 -1.466517230080332912e-05
9.695700999999999112e+03 2.468899999999946004e+01 2.900001552369435576e+00 2.054934113540830994e-04 2.212230530317766352e-04 -1.624107082013673129e-05
9.696499364799999967e+03 2.548736480000031435e+01 2.935907772560648166e+00 2.022305581335950527e-04 2.213544015449450762e-04 -1.972720003167622663e-05
9.696815000000000509e+03 2.580300000000085703e+01 2.949982827193631252e+00 2.009374096204304475e-04 2.213784796126595854e-04 -2.107972253503315971e-05
9.697621438399999533e+03 2.660943839999988114e+01 2.985642843672680513e+00 1.983529008685630708e-04 2.213767869723072697e-04 -2.372162662388873210e-05
9.697949000000000524e+03 2.693700000000087158e+01 3.000006287254053383e+00 1.972940000000000121e-04 2.213530000000000066e-04 -2.477914023200000074e-05
9.698762561899999127e+03 2.775056189999947520e+01 3.035386618814226445e+00 1.958406055640625129e-04 2.214525765867187660e-04 -2.634186772364883154e-05
9.699100999999998749e+03 2.808899999999909625e+01 3.049983802521107012e+00 1.952359999999999990e-04 2.214940000000000040e-04 -2.699236631000000093e-05
9.699922735299998749e+03 2.891073529999909653e+01 3.085138676962472015e+00 1.945551937062286660e-04 2.215921595068259353e-04 -2.775646006480311440e-05
9.700272999999999229e+03 2.926099999999957646e+01 3.100002263475568842e+00 1.942649999999999976e-04 2.216340000000000129e-04 -2.808235760400000402e-05
9.701101958600000216e+03 3.008995860000056410e+01 3.134898623753921143e+00 1.943109372523929394e-04 2.217321386755667547e-04 -2.809849627765108240e-05
9.701463999999999942e+03 3.045200000000028950e+01 3.150018058521124598e+00 1.943310000000000068e-04 2.217750000000000103e-04 -2.810554575000000406e-05
9.702300231799999892e+03 3.128823180000023996e+01 3.184666089411721135e+00 1.950351223923903904e-04 2.218718341207609641e-04 -2.744856714018737120e-05
9.702672999999998865e+03 3.166099999999921266e+01 3.199990302128349562e+00 1.953489999999999892e-04 2.219149999999999920e-04 -2.715551663499999891e-05
9.703517555000000357e+03 3.250555500000070452e+01 3.234440730921097185e+00 1.968003426851098483e-04 2.221410851057770532e-04 -2.586853601865418616e-05
9.703902000000000044e+03 3.289000000000039137e+01 3.250001763731375171e+00 1.974610000000000124e-04 2.222439999999999952e-04 -2.528181070800000023e-05
9.704753928099999030e+03 3.374192809999937737e+01 3.284222218021200845e+00 1.993942214576923083e-04 2.224679041801282131e-04 -2.350829675918714227e-05
9.705149999999999636e+03 3.413799999999998391e+01 3.300010892760984582e+00 2.002929999999999880e-04 2.225720000000000096e-04 -2.268253509199999991e-05
9.706009351099999549e+03 3.499735109999989646e+01 3.334010244069141926e+00 2.026865675074190866e-04 2.227944681616416778e-04 -2.044777784304800084e-05
9.706416999999999462e+03 3.540499999999980929e+01 3.350017793679349598e+00 2.038219999999999876e-04 2.228999999999999970e-04 -1.938610337999999890e-05
9.707283824000000095e+03 3.627182400000044282e+01 3.383804520430011120e+00 2.066140502225680858e-04 2.231219339268482446e-04 -1.675477521120773573e-05
9.707701999999999316e+03 3.668999999999966377e+01 3.399983966557281967e+00 2.079609999999999966e-04 2.232290000000000001e-04 -1.548347596060000098e-05
9.708577346899999611e+03 3.756534689999995891e+01 3.433604778998951446e+00 2.110974920340229970e-04 2.235395636894252987e-04 -1.260634809750786083e-05
9.709006999999999607e+03 3.799499999999995481e+01 3.449987259912667525e+00 2.126370000000000040e-04 2.236919999999999989e-04 -1.119119891399999892e-05
9.709889919600000212e+03 3.887791960000055980e+01 3.483410755668998604e+00 2.159212741918428908e-04 2.240007551169184263e-04 -8.172701874712618488e-06
9.710331000000000131e+03 3.931900000000047868e+01 3.499988587383657812e+00 2.175620000000000017e-04 2.241549999999999977e-04 -6.661617613999999614e-06
9.711221542299999783e+03 4.020954230000013041e+01 3.533222216053464315e+00 2.208635711926284497e-04 2.244620149552494480e-04 -3.635600689643709711e-06
9.711673999999999069e+03 4.066199999999941639e+01 3.549988032038209784e+00 2.225410000000000094e-04 2.246179999999999965e-04 -2.094991870379999946e-06
9.712572214899999381e+03 4.156021489999972829e+01 3.583038927785707983e+00 2.257223426414096891e-04 2.249226808251101413e-04 8.019353072879491309e-07
9.713036000000000058e+03 4.202400000000040592e+01 3.599985672326583064e+00 2.273649999999999890e-04 2.250800000000000066e-04 2.300812776000000243e-06
9.713941937499999767e+03 4.292993750000011488e+01 3.632860678446050429e+00 2.302907648443157222e-04 2.254204645637219301e-04 4.895998643862645943e-06
9.714416999999999462e+03 4.340499999999980929e+01 3.649981582397556323e+00 2.318250000000000107e-04 2.255989999999999927e-04 6.260011291599999786e-06
9.715330709899999420e+03 4.431870989999976729e+01 3.682687256397823461e+00 2.344128664405425002e-04 2.259374835389721566e-04 8.511155954611794138e-06
9.715817999999999302e+03 4.480599999999964922e+01 3.700011301139613185e+00 2.357930000000000106e-04 2.261180000000000058e-04 9.714458904200000484e-06
9.716738532299999861e+03 4.572653230000020841e+01 3.732518475349867249e+00 2.379979959744185983e-04 2.264546851752642740e-04 1.157777286423826969e-05
9.717236999999999171e+03 4.622499999999951825e+01 3.750003484602589143e+00 2.391919999999999962e-04 2.266369999999999919e-04 1.258905076639999925e-05
9.718165404600000329e+03 4.715340460000067679e+01 3.782354148401757765e+00 2.410107174952712294e-04 2.269720778771905443e-04 1.406204031347222449e-05
9.718674999999999272e+03 4.766299999999962012e+01 3.799994149738296745e+00 2.420090000000000067e-04 2.271560000000000050e-04 1.487238034760000095e-05
9.719611326799999006e+03 4.859932679999935345e+01 3.832194101783742646e+00 2.434491567321894485e-04 2.274760348293754426e-04 1.598099580796182931e-05
9.720131999999999607e+03 4.911999999999995481e+01 3.849983355691555253e+00 2.442500000000000010e-04 2.276540000000000128e-04 1.659879950960000005e-05
9.721076298899999529e+03 5.006429889999987637e+01 3.882038170635551122e+00 2.453848209529451308e-04 2.279730285383209246e-04 1.740263176932847555e-05
9.721609000000000378e+03 5.059700000000072606e+01 3.900004808457745220e+00 2.460249999999999763e-04 2.281530000000000092e-04 1.785705618869999945e-05
9.722560320900000079e+03 5.154832090000042655e+01 3.931886198443113489e+00 2.468923246733779387e-04 2.284705311900334600e-04 1.839396499450439399e-05
9.723103999999999360e+03 5.209199999999970743e+01 3.949990835702761771e+00 2.473880000000000241e-04 2.286520000000000056e-04 1.870144708000000074e-05
9.724063392899999599e+03 5.305139289999994645e+01 3.981738039813861096e+00 2.480054310742574341e-04 2.289679980574917464e-04 1.898978041115034586e-05
9.724618999999998778e+03 5.360699999999912535e+01 4.000008383005324575e+00 2.483629999999999801e-04 2.291510000000000020e-04 1.915709234529999917e-05
9.725585514799999146e+03 5.457351479999949362e+01 4.031593550025192485e+00 2.486839106544031538e-04 2.294076024289628017e-04 1.921402341292389863e-05
9.726152000000000044e+03 5.514000000000039137e+01 4.049991475959133780e+00 2.488720000000000255e-04 2.295579999999999865e-04 1.924742824480000071e-05
9.727126686600000539e+03 5.611468660000088704e+01 4.081452594630976094e+00 2.489153054574372282e-04 2.298140670526722311e-04 1.902827137287596115e-05
9.727704999999999927e+03 5.669300000000027495e+01 4.100005391753128947e+00 2.489409999999999735e-04 2.299659999999999866e-04 1.889798497179999632e-05
9.728686908300000141e+03 5.767490830000048874e+01 4.131315045665890473e+00 2.486609905038829013e-04 2.302203836270528148e-04 1.835923357646363296e-05
9.729275999999999840e+03 5.826400000000018764e+01 4.149985770905611382e+00 2.484930000000000212e-04 2.303729999999999981e-04 1.803541838669999960e-05
9.730266180000000531e+03 5.925418000000087915e+01 4.181180784399130879e+00 2.478482316279070159e-04 2.306263018604651151e-04 1.713581731063898198e-05
9.730867000000000189e+03 5.985500000000053689e+01 4.199996303673152909e+00 2.474570000000000263e-04 2.307800000000000097e-04 1.658897411599999876e-05
9.731864501599999130e+03 6.085250159999947783e+01 4.231049691485782027e+00 2.463603678062112074e-04 2.309454241783851034e-04 1.533179267462241908e-05
9.732476999999998952e+03 6.146499999999929997e+01 4.250005047121683255e+00 2.456870000000000213e-04 2.310470000000000123e-04 1.455894150629999965e-05
9.733481872999998814e+03 6.246987299999916132e+01 4.280921653134930338e+00 2.442188614241866331e-04 2.312117029410681391e-04 1.293359484175212498e-05
9.734105999999999767e+03 6.309400000000011488e+01 4.300012063680159535e+00 2.433070000000000068e-04 2.313139999999999879e-04 1.192291821019999931e-05
9.735118294500000047e+03 6.410629450000040208e+01 4.330796572911483011e+00 2.415135116265937961e-04 2.314781060300546316e-04 9.976016317828843415e-06
9.735752999999998792e+03 6.474099999999914701e+01 4.349987244151502175e+00 2.403890000000000052e-04 2.315809999999999906e-04 8.753900748599998240e-06
9.736773765800000547e+03 6.576176580000090155e+01 4.380674340791366639e+00 2.383554287811637501e-04 2.317444939823635141e-04 6.570943776789959478e-06
9.737420000000000073e+03 6.640800000000042758e+01 4.399991325741668291e+00 2.370680000000000009e-04 2.318479999999999933e-04 5.187343967199999948e-06
9.738448286999999254e+03 6.743628699999960929e+01 4.430554863547468969e+00 2.348113796559905093e-04 2.319059402520759288e-04 2.887420688419743959e-06
9.739105999999999767e+03 6.809400000000012199e+01 4.449993843418842410e+00 2.333679999999999923e-04 2.319429999999999983e-04 1.415740641690000020e-06
9.740141858199998751e+03 6.912985819999910575e+01 4.480438052099161794e+00 2.311103759113196517e-04 2.320007164392961824e-04 -8.843007703334059171e-07
9.740810999999999694e+03 6.979900000000004923e+01 4.499994849316196088e+00 2.296520000000000028e-04 2.320380000000000034e-04 -2.370685838399999979e-06
9.741854479300000094e+03 7.084247930000044846e+01 4.530323815490822525e+00 2.275208569516821316e-04 2.320955003094547602e-04 -4.544661472731738083e-06
9.742534999999999854e+03 7.152300000000020930e+01 4.549994393273687265e+00 2.261309999999999937e-04 2.321330000000000084e-04 -5.963032503999999660e-06
9.743586150299999645e+03 7.257415029999999945e+01 4.580212069590092305e+00 2.242385676182444027e-04 2.321902916113023640e-04 -7.899550008003454685e-06
9.744278000000000247e+03 7.326600000000060220e+01 4.599992522962911501e+00 2.229929999999999976e-04 2.322280000000000134e-04 -9.174654818800002094e-06
9.745336871199999223e+03 7.432487119999957770e+01 4.630102733886679367e+00 2.213169547237230322e-04 2.321847317103291797e-04 -1.079732414060675072e-05
9.746039999999999054e+03 7.502799999999940894e+01 4.649989284003773982e+00 2.202039999999999944e-04 2.321559999999999911e-04 -1.187450081280000013e-05
9.747106642099999590e+03 7.609464209999994466e+01 4.679995734103695959e+00 2.189099033556677904e-04 2.321129033494949553e-04 -1.311876181336997970e-05
9.747822000000000116e+03 7.681000000000047123e+01 4.700012642240491978e+00 2.180419999999999971e-04 2.320839999999999958e-04 -1.395298291359999857e-05
9.748895462899999984e+03 7.788346290000033889e+01 4.729890993545557976e+00 2.171540076343888908e-04 2.320410614839999895e-04 -1.479316121384012105e-05
9.749621999999999389e+03 7.860999999999974364e+01 4.750006501294677719e+00 2.165529999999999983e-04 2.320120000000000006e-04 -1.536163052600000042e-05
9.750703333499999644e+03 7.969133349999999893e+01 4.779788438715846688e+00 2.160708881426607979e-04 2.319691984540956601e-04 -1.579891117492265661e-05
9.751440999999998894e+03 8.042899999999924887e+01 4.799999123438042581e+00 2.157419999999999954e-04 2.319400000000000053e-04 -1.609712307399999837e-05
9.752530254199999035e+03 8.151825419999939015e+01 4.829688010021376599e+00 2.155588772862894562e-04 2.318173255607181612e-04 -1.615827558925178077e-05
9.753279000000000451e+03 8.226700000000080593e+01 4.849990546920038170e+00 2.154330000000000090e-04 2.317329999999999987e-04 -1.620026864360000129e-05
9.754376224699999511e+03 8.336422469999986617e+01 4.879589634167097678e+00 2.155989419487082739e-04 2.316101675255112990e-04 -1.591464327423483408e-05
9.755136999999998807e+03 8.412499999999916156e+01 4.900007590938541213e+00 2.157139999999999882e-04 2.315250000000000034e-04 -1.571677364250000092e-05
9.756241245100000015e+03 8.522924510000036946e+01 4.929493251472045756e+00 2.161813617320895362e-04 2.314031563242537331e-04 -1.513144454818397800e-05
9.757012999999999010e+03 8.600099999999936529e+01 4.949996455205663004e+00 2.165079999999999945e-04 2.313179999999999967e-04 -1.472271987779999857e-05
9.758125315499999488e+03 8.711331549999984247e+01 4.979398804645311927e+00 2.172254904306434513e-04 2.311959738270042092e-04 -1.388961780432148518e-05
9.758908999999999651e+03 8.789700000000000557e+01 5.000010478756691690e+00 2.177310000000000063e-04 2.311100000000000014e-04 -1.330317693100000024e-05
9.760028435799998988e+03 8.901643579999934275e+01 5.029306233448962438e+00 2.185913396352142074e-04 2.309362944448275687e-04 -1.227450229737876956e-05
9.760823000000000320e+03 8.981100000000067496e+01 5.049996940400661494e+00 2.192019999999999928e-04 2.308129999999999871e-04 -1.154528934129999917e-05
9.761950606000000334e+03 9.093860600000068928e+01 5.079215482594256592e+00 2.202077499224405126e-04 2.306398361003102280e-04 -1.037222559594877026e-05
9.762756999999999607e+03 9.174499999999996191e+01 5.100008115118021657e+00 2.209269999999999940e-04 2.305160000000000000e-04 -9.534395327600000261e-06
9.763891826099999889e+03 9.287982610000024408e+01 5.129126498942297552e+00 2.220286882476946578e-04 2.303427529826844217e-04 -8.266702752035517585e-06
9.764708999999998923e+03 9.369699999999927797e+01 5.149992318415099746e+00 2.228219999999999886e-04 2.302179999999999971e-04 -7.355027685800000004e-06
9.765852096200000233e+03 9.484009620000058760e+01 5.179039233934868314e+00 2.239726318240365202e-04 2.300458399739350904e-04 -6.038518658285858796e-06
9.766681000000000495e+03 9.566900000000084958e+01 5.200000802984041215e+00 2.248069999999999908e-04 2.299210000000000099e-04 -5.085093780700000431e-06
9.767831416199998785e+03 9.681941619999913939e+01 5.228953635846420589e+00 2.259608830494224145e-04 2.297326345147162295e-04 -3.749465059354372585e-06
9.768672000000000480e+03 9.766000000000083503e+01 5.250007878077645351e+00 2.268039999999999922e-04 2.295949999999999998e-04 -2.774931088999999907e-06
9.769829786099999183e+03 9.881778609999953744e+01 5.278869657392339931e+00 2.279364289131408788e-04 2.294071262973618587e-04 -1.461771238127356470e-06
9.770681000000000495e+03 9.966900000000084958e+01 5.299988822438328917e+00 2.287690000000000047e-04 2.292689999999999897e-04 -4.976948525099999966e-07
9.771847206000000369e+03 1.008352060000007242e+02 5.328787255520837540e+00 2.298478411345490397e-04 2.290816253543617568e-04 7.619887826562200732e-07
9.772709999999999127e+03 1.016979999999994817e+02 5.349993428210864543e+00 2.306459999999999869e-04 2.289430000000000067e-04 1.692614519310000025e-06
9.773883675999999468e+03 1.028716759999998231e+02 5.378706388776848257e+00 2.316437392167968693e-04 2.287561746210937518e-04 2.871263036238590651e-06
9.774757999999999811e+03 1.037460000000001656e+02 5.399996735496340072e+00 2.323869999999999961e-04 2.286169999999999967e-04 3.748038544799999751e-06
9.775939194999999017e+03 1.049271949999993723e+02 5.428626988219565241e+00 2.333076120682148040e-04 2.284421351378809804e-04 4.837617201781137272e-06
9.776824999999998909e+03 1.058129999999992634e+02 5.449998780035217649e+00 2.339979999999999914e-04 2.283110000000000033e-04 5.653619630800000403e-06
9.778013764999999694e+03 1.070017650000000486e+02 5.478549061677635557e+00 2.347884204482262726e-04 2.281360475287631914e-04 6.612619887563461400e-06
9.778911000000000058e+03 1.078990000000004130e+02 5.499999596267537427e+00 2.353850000000000105e-04 2.280039999999999942e-04 7.335458689999999339e-06
9.780107383999999001e+03 1.090953839999993562e+02 5.528472521744216550e+00 2.360187140902612901e-04 2.278300838460807596e-04 8.137467159831408153e-06
9.781015999999999622e+03 1.100039999999999765e+02 5.549999217391235362e+00 2.365000000000000023e-04 2.276980000000000009e-04 8.745743561200001328e-06
9.782220053999999436e+03 1.112080539999997910e+02 5.578397378242152982e+00 2.369495361685499042e-04 2.275239677128060301e-04 9.364813024930953924e-06
9.783139999999999418e+03 1.121279999999997727e+02 5.599997675417962562e+00 2.372929999999999929e-04 2.273909999999999918e-04 9.837162051000000111e-06
9.784351773000000321e+03 1.133397730000006760e+02 5.628323547377705793e+00 2.375819482048529879e-04 2.272518977330844681e-04 1.026109595438409751e-05
9.785282999999999447e+03 1.142709999999998018e+02 5.649995001225474489e+00 2.378039999999999885e-04 2.271449999999999945e-04 1.058652430049999999e-05
9.786502542000000176e+03 1.154905420000005307e+02 5.678251017638359599e+00 2.378609721285846379e-04 2.270056721211840796e-04 1.077939087784749407e-05
9.787444999999999709e+03 1.164330000000000638e+02 5.699991224607465767e+00 2.379050000000000067e-04 2.268980000000000085e-04 1.092826989239999997e-05
9.788672360999999000e+03 1.176603609999993552e+02 5.728179755001849394e+00 2.377182521301558272e-04 2.267590640847846136e-04 1.087888705218075109e-05
9.789627000000000407e+03 1.186150000000007623e+02 5.750009197659269766e+00 2.375730000000000105e-04 2.266509999999999955e-04 1.084051334409999894e-05
9.790861230999998952e+03 1.198492309999993068e+02 5.778109749333351530e+00 2.371438242204545446e-04 2.265124295195454485e-04 1.054997095840130356e-05
9.791826999999999316e+03 1.208149999999996709e+02 5.800003104738912008e+00 2.368080000000000000e-04 2.264040000000000095e-04 1.032286773959999987e-05
9.793069149999999354e+03 1.220571499999997087e+02 5.828040923291340825e+00 2.362073569400630882e-04 2.263172342271293591e-04 9.811540190240577994e-06
9.794046000000000276e+03 1.230340000000006313e+02 5.849995996096007289e+00 2.357349999999999919e-04 2.262490000000000085e-04 9.409695910000001349e-06
9.795296119000000544e+03 1.242841190000008993e+02 5.877973269140799317e+00 2.349315514778919077e-04 2.261618992568110835e-04 8.696825695501280063e-06
9.796284999999999854e+03 1.252730000000002093e+02 5.900010140629586175e+00 2.342959999999999943e-04 2.260929999999999917e-04 8.133311316900000126e-06
9.797542137000000366e+03 1.265301370000007211e+02 5.927906735129852223e+00 2.333307282140008906e-04 2.260066658241027793e-04 7.260368795968636774e-06
9.798541999999999462e+03 1.275299999999998164e+02 5.950000890250001007e+00 2.325630000000000026e-04 2.259379999999999906e-04 6.566549062999999507e-06
9.799807205999999496e+03 1.287952059999998369e+02 5.977841337095489038e+00 2.314856848734622198e-04 2.258518370254832973e-04 5.583370528982146147e-06
9.800817999999999302e+03 1.298059999999996421e+02 5.999990702156350331e+00 2.306250000000000086e-04 2.257829999999999896e-04 4.798430629200000274e-06
9.802091324999999415e+03 1.310793249999997556e+02 6.027777025034606773e+00 2.295701811193379919e-04 2.257735720709930292e-04 3.761250052003011166e-06
9.803113999999999578e+03 1.321019999999999186e+02 6.050001291221705380e+00 2.287230000000000122e-04 2.257659999999999929e-04 2.928297902999999682e-06
9.805427999999999884e+03 1.344160000000002242e+02 6.099989118913015318e+00 2.267930000000000087e-04 2.257500000000000121e-04 1.032740782500000160e-06
9.807761999999998807e+03 1.367499999999991473e+02 6.149997418191683884e+00 2.249259999999999942e-04 2.257340000000000041e-04 -7.995407986399999972e-07
9.810114999999999782e+03 1.391030000000001223e+02 6.200004526951174988e+00 2.231989999999999886e-04 2.257170000000000075e-04 -2.491419102600000053e-06
9.812485999999998967e+03 1.414739999999993074e+02 6.249989476304460112e+00 2.216770000000000123e-04 2.257009999999999995e-04 -3.980034004099999979e-06
9.814877000000000407e+03 1.438650000000007481e+02 6.299994455509718705e+00 2.204080000000000080e-04 2.256849999999999915e-04 -5.217611515000000188e-06
9.817287000000000262e+03 1.462750000000006025e+02 6.349998324608631783e+00 2.194250000000000074e-04 2.256679999999999949e-04 -6.170868893199999085e-06
9.819716000000000349e+03 1.487040000000006899e+02 6.400001109621363149e+00 2.187489999999999888e-04 2.256519999999999869e-04 -6.820467091199999212e-06
9.822163999999998850e+03 1.511519999999991910e+02 6.450002835760574982e+00 2.183870000000000082e-04 2.256360000000000060e-04 -7.160016933600000413e-06
9.824630999999999403e+03 1.536189999999997440e+02 6.500003527462714814e+00 2.183320000000000096e-04 2.256199999999999981e-04 -7.195811469999999250e-06
9.827117000000000189e+03 1.561050000000005298e+02 6.550003208417458644e+00 2.185710000000000051e-04 2.256699999999999993e-04 -7.008723457999999669e-06
9.829621999999999389e+03 1.586099999999997294e+02 6.600001901596151299e+00 2.190829999999999893e-04 2.257200000000000005e-04 -6.552064727999999444e-06
9.832145999999998821e+03 1.611339999999991619e+02 6.649999629278909197e+00 2.198330000000000076e-04 2.257700000000000017e-04 -5.860718276000000290e-06
9.834689000000000306e+03 1.636770000000006462e+02 6.699996413080377522e+00 2.207750000000000131e-04 2.258200000000000029e-04 -4.979692312000000007e-06
9.837251000000000204e+03 1.662390000000005443e+02 6.749992273974302570e+00 2.218570000000000004e-04 2.258709999999999928e-04 -3.960851268899999924e-06
9.839833000000000538e+03 1.688210000000008790e+02 6.800006531465275117e+00 2.230239999999999979e-04 2.259209999999999940e-04 -2.858691373499999937e-06
9.842432999999999083e+03 1.714209999999994238e+02 6.850000466166318525e+00 2.242219999999999955e-04 2.259709999999999952e-04 -1.726366466669999896e-06
9.845051999999999680e+03 1.740400000000000205e+02 6.899993539310790958e+00 2.254009999999999922e-04 2.260209999999999964e-04 -6.122140418600000111e-07
9.847690999999998894e+03 1.766789999999992347e+02 6.950004652114762926e+00 2.265199999999999928e-04 2.260720000000000134e-04 4.426467152800000863e-07
9.850347999999999956e+03 1.793360000000002970e+02 6.999995922538436055e+00 2.275459999999999928e-04 2.261219999999999875e-04 1.405377625859999926e-06
9.853024999999999636e+03 1.820129999999999768e+02 7.050005002305099744e+00 2.283460000000000123e-04 2.260370000000000044e-04 2.277910471200000369e-06
9.855719999999999345e+03 1.847079999999996858e+02 7.099994547797226829e+00 2.290089999999999888e-04 2.259530000000000100e-04 3.016766288900000209e-06
9.858434999999999491e+03 1.874229999999998313e+02 7.150001677678725187e+00 2.295230000000000046e-04 2.258679999999999998e-04 3.608376820799999988e-06
9.861168999999999869e+03 1.901570000000002096e+02 7.200007798635347456e+00 2.298799999999999878e-04 2.257829999999999896e-04 4.045512059100000151e-06
9.863921000000000276e+03 1.929090000000006171e+02 7.249994830292107117e+00 2.300790000000000040e-04 2.256989999999999951e-04 4.326378991200000055e-06
9.866692999999999302e+03 1.956809999999996421e+02 7.299999119448512097e+00 2.301220000000000034e-04 2.256140000000000120e-04 4.453304500400000310e-06
9.869484000000000378e+03 1.984720000000007190e+02 7.350002458923351689e+00 2.300140000000000105e-04 2.255299999999999905e-04 4.432002794999999321e-06
9.872293999999999869e+03 2.012820000000002096e+02 7.400004867968136502e+00 2.297649999999999931e-04 2.254450000000000074e-04 4.270582090499999599e-06
9.875122999999999593e+03 2.041109999999999332e+02 7.450006365317275225e+00 2.293850000000000001e-04 2.253610000000000129e-04 3.979063960399999737e-06
9.877970999999999549e+03 2.069589999999998895e+02 7.500006969205210261e+00 2.288849999999999880e-04 2.252760000000000027e-04 3.569070195599999853e-06
9.880837999999999738e+03 2.098260000000000787e+02 7.550006697383025767e+00 2.280890000000000044e-04 2.250040000000000026e-04 3.052111758800000228e-06
9.883724000000000160e+03 2.127120000000005007e+02 7.600005567134368256e+00 2.272060000000000063e-04 2.247320000000000025e-04 2.448859657600000076e-06
9.886628999999998996e+03 2.156169999999993365e+02 7.650003595290709058e+00 2.262540000000000059e-04 2.244589999999999867e-04 1.777261872819999767e-06
9.889552999999999884e+03 2.185410000000002242e+02 7.700000798246167122e+00 2.252540000000000087e-04 2.241869999999999865e-04 1.057048430610000016e-06
9.892495999999999185e+03 2.214839999999995257e+02 7.749997191971426780e+00 2.242280000000000087e-04 2.239150000000000135e-04 3.102678197499999907e-07
9.895458000000000538e+03 2.244460000000008790e+02 7.799992792027558686e+00 2.232009999999999929e-04 2.236430000000000134e-04 -4.383268614199999933e-07
9.898440000000000509e+03 2.274280000000008499e+02 7.850004331313012784e+00 2.221989999999999914e-04 2.233699999999999976e-04 -1.161591010999999923e-06
9.901440000000000509e+03 2.304280000000008499e+02 7.899998283343832028e+00 2.212530000000000041e-04 2.230979999999999975e-04 -1.831061218139999998e-06
9.904458999999998923e+03 2.334469999999992638e+02 7.949991487390438039e+00 2.203890000000000070e-04 2.228259999999999974e-04 -2.418597969199999894e-06
9.907497999999999593e+03 2.364859999999999332e+02 8.000000361760031709e+00 2.196350000000000071e-04 2.225539999999999973e-04 -2.898432018999999854e-06
9.910555000000000291e+03 2.395430000000006316e+02 8.049992009684984851e+00 2.189509999999999981e-04 2.222310000000000073e-04 -3.257573113499999879e-06
9.913631999999999607e+03 2.426199999999999477e+02 8.099999153682540864e+00 2.184099999999999909e-04 2.219079999999999902e-04 -3.475456523599999977e-06
9.916727999999999156e+03 2.457159999999994966e+02 8.150005406186343393e+00 2.180209999999999917e-04 2.215850000000000003e-04 -3.542966881999999721e-06
9.919842000000000553e+03 2.488300000000008936e+02 8.199994779347552054e+00 2.177840000000000006e-04 2.212629999999999990e-04 -3.458362816300000015e-06
9.922975999999998749e+03 2.519639999999990891e+02 8.249999394401276831e+00 2.176939999999999930e-04 2.209400000000000090e-04 -3.227513614000000060e-06
9.926128999999998996e+03 2.551169999999993365e+02 8.300003164545133316e+00 2.177380000000000081e-04 2.206169999999999919e-04 -2.863763091899999669e-06
9.929300999999999476e+03 2.582889999999998167e+02 8.350006104958250575e+00 2.178949999999999865e-04 2.202940000000000020e-04 -2.387083754600000153e-06
9.932490999999999985e+03 2.614790000000003261e+02 8.399992607346277396e+00 2.181399999999999951e-04 2.199710000000000120e-04 -1.823069054670000032e-06
9.935700999999999112e+03 2.646889999999994529e+02 8.449994024846317231e+00 2.184420000000000068e-04 2.196490000000000107e-04 -1.201534942250000047e-06
9.938930000000000291e+03 2.679180000000006316e+02 8.499994654936456229e+00 2.187690000000000056e-04 2.193259999999999936e-04 -5.547390585399999950e-07
9.942177999999999884e+03 2.711660000000002242e+02 8.549994511431027178e+00 2.191890000000000049e-04 2.191010000000000017e-04 8.725500134100000600e-08
9.945444999999999709e+03 2.744330000000000496e+02 8.599993607822977282e+00 2.195780000000000041e-04 2.188769999999999984e-04 6.981979310699999185e-07
9.948730999999999767e+03 2.777190000000001078e+02 8.649991957293050149e+00 2.199070000000000072e-04 2.186529999999999951e-04 1.249660931310000000e-06
9.952037000000000262e+03 2.810250000000006025e+02 8.700004657108388884e+00 2.201519999999999888e-04 2.184289999999999919e-04 1.717522517029999910e-06
9.955360999999998967e+03 2.843489999999993074e+02 8.750001464881682622e+00 2.202949999999999906e-04 2.182040000000000000e-04 2.083361605079999920e-06
9.958703999999999724e+03 2.876920000000000641e+02 8.799997564471196299e+00 2.203229999999999978e-04 2.179799999999999967e-04 2.335459518000000240e-06
9.962065999999998894e+03 2.910539999999992347e+02 8.849992967879067862e+00 2.202320000000000015e-04 2.177559999999999934e-04 2.469048181600000198e-06
9.965448000000000320e+03 2.944360000000006607e+02 8.900002432255522677e+00 2.200249999999999949e-04 2.175310000000000015e-04 2.486227058300000135e-06
9.968847999999999956e+03 2.978360000000002970e+02 8.949996395867998444e+00 2.197090000000000067e-04 2.173069999999999982e-04 2.394983908399999885e-06
9.972268000000000029e+03 3.012560000000003697e+02 9.000004280209035201e+00 2.192969999999999978e-04 2.170829999999999949e-04 2.208189984299999982e-06
9.975706000000000131e+03 3.046940000000004716e+02 9.049996852527790736e+00 2.189269999999999996e-04 2.169650000000000072e-04 1.956503584000000113e-06
9.979163999999998850e+03 3.081519999999991910e+02 9.100003207888404333e+00 2.184900000000000037e-04 2.168480000000000082e-04 1.637770541760000084e-06
9.982639999999999418e+03 3.116279999999997585e+02 9.149994435279580784e+00 2.180030000000000065e-04 2.167310000000000091e-04 1.269686053850000115e-06
9.986136000000000422e+03 3.151240000000007626e+02 9.199999310519000773e+00 2.174850000000000090e-04 2.166129999999999944e-04 8.704528421099999354e-07
9.989650999999999840e+03 3.186390000000001805e+02 9.250003424809930763e+00 2.169550000000000124e-04 2.164959999999999953e-04 4.580860513599999772e-07
9.993183999999999287e+03 3.221719999999996276e+02 9.299992679227871761e+00 2.164280000000000088e-04 2.163780000000000076e-04 4.982644395000000399e-08
9.996736999999999171e+03 3.257249999999995111e+02 9.349995383647168978e+00 2.159220000000000106e-04 2.162610000000000086e-04 -3.383295214500000132e-07
1.000030899999999929e+04 3.292969999999996276e+02 9.399997362355891894e+00 2.154500000000000057e-04 2.161429999999999938e-04 -6.920747559899999521e-07
1.000389999999999964e+04 3.328879999999999768e+02 9.449998626873716390e+00 2.150250000000000089e-04 2.160259999999999947e-04 -9.992023398799999080e-07
1.000751000000000022e+04 3.364980000000005589e+02 9.499999188477623591e+00 2.146569999999999880e-04 2.159089999999999957e-04 -1.249949019160000005e-06
1.001113899999999921e+04 3.401269999999995548e+02 9.549999058208248570e+00 2.143269999999999962e-04 2.157759999999999886e-04 -1.447477194239999984e-06
1.001478700000000026e+04 3.437750000000006025e+02 9.599998246876134900e+00 2.140629999999999866e-04 2.156439999999999974e-04 -1.578477420520000139e-06
1.001845399999999972e+04 3.474420000000000641e+02 9.649996765067530902e+00 2.138680000000000062e-04 2.155109999999999903e-04 -1.640668002119999785e-06
1.002213999999999942e+04 3.511279999999997585e+02 9.699994623150352879e+00 2.137420000000000010e-04 2.153780000000000104e-04 -1.634563947840000209e-06
1.002584599999999955e+04 3.548339999999998895e+02 9.750005291194076662e+00 2.136809999999999892e-04 2.152459999999999920e-04 -1.563290801259999845e-06
1.002956999999999971e+04 3.585580000000000496e+02 9.800001790649350397e+00 2.136800000000000006e-04 2.151130000000000121e-04 -1.432327759370000124e-06
1.003331300000000010e+04 3.623010000000004425e+02 9.849997660542436861e+00 2.137309999999999904e-04 2.149809999999999937e-04 -1.249271789479999906e-06
1.003707599999999911e+04 3.660639999999994529e+02 9.900006166386301487e+00 2.138239999999999911e-04 2.148479999999999867e-04 -1.023469269120000045e-06
1.004085699999999997e+04 3.698450000000003115e+02 9.950000738971519709e+00 2.139499999999999963e-04 2.147159999999999954e-04 -7.656965804399999622e-07
1.004465699999999924e+04 3.736449999999995839e+02 9.999994710704767087e+00 2.140950000000000025e-04 2.145829999999999884e-04 -4.876656174599999903e-07
1.004847699999999895e+04 3.774649999999992929e+02 1.005000114868389538e+01 2.141260000000000027e-04 2.143280000000000120e-04 -2.012072684959999970e-07
1.005231500000000051e+04 3.813030000000008499e+02 1.009999388080129812e+01 2.141559999999999872e-04 2.140719999999999928e-04 8.351162791999998889e-08
1.005617299999999886e+04 3.851609999999992056e+02 1.014999896855825234e+01 2.141719999999999952e-04 2.138169999999999893e-04 3.547844099299999407e-07
1.006004999999999927e+04 3.890379999999996130e+02 1.020000336415566800e+01 2.141629999999999890e-04 2.135620000000000129e-04 6.017451049200000970e-07
1.006394499999999971e+04 3.929330000000000496e+02 1.024999427439310828e+01 2.141210000000000053e-04 2.133059999999999937e-04 8.148438514199999662e-07
1.006786000000000058e+04 3.968480000000009227e+02 1.029999737802058313e+01 2.140370000000000109e-04 2.130509999999999902e-04 9.862343840999998416e-07
1.007179399999999987e+04 4.007820000000002096e+02 1.034999981869143859e+01 2.139060000000000082e-04 2.127949999999999980e-04 1.110062141100000034e-06
1.007574699999999939e+04 4.047349999999997294e+02 1.040000160596803624e+01 2.137230000000000000e-04 2.125399999999999946e-04 1.182704334799999929e-06
1.007971899999999914e+04 4.087069999999994820e+02 1.045000274922957395e+01 2.134880000000000133e-04 2.122849999999999911e-04 1.202849266999999830e-06
1.008370999999999913e+04 4.126979999999994675e+02 1.050000325767647524e+01 2.132009999999999938e-04 2.120289999999999989e-04 1.171536555440000017e-06
1.008771999999999935e+04 4.167079999999996858e+02 1.055000314033463127e+01 2.128660000000000046e-04 2.117739999999999955e-04 1.092120635740000053e-06
1.009174899999999980e+04 4.207370000000001369e+02 1.060000240605951660e+01 2.124879999999999890e-04 2.115180000000000033e-04 9.700448149799999300e-07
1.009579700000000048e+04 4.247850000000008208e+02 1.065000106354020559e+01 2.120760000000000071e-04 2.112629999999999998e-04 8.125872147899999469e-07
1.009986399999999958e+04 4.288519999999999186e+02 1.069999912130323594e+01 2.116359999999999910e-04 2.110079999999999963e-04 6.284029247999999684e-07
1.010394999999999891e+04 4.329379999999992492e+02 1.074999658771645983e+01 2.111790000000000054e-04 2.107520000000000042e-04 4.270109497600000587e-07
1.010805600000000049e+04 4.370440000000008354e+02 1.080000562230299543e+01 2.107149999999999909e-04 2.104970000000000007e-04 2.182201349300000239e-07
1.011218000000000029e+04 4.411680000000006316e+02 1.085000187451079867e+01 2.102530000000000078e-04 2.102410000000000086e-04 1.154248318920000093e-08
1.011632300000000032e+04 4.453110000000006607e+02 1.089999756007047793e+01 2.098020000000000082e-04 2.099860000000000051e-04 -1.843068120599999926e-07
1.012048599999999897e+04 4.494739999999993074e+02 1.095000467159860413e+01 2.093689999999999939e-04 2.097310000000000016e-04 -3.617796830699999832e-07
1.012466699999999946e+04 4.536549999999998022e+02 1.099999919253505354e+01 2.089609999999999938e-04 2.094750000000000095e-04 -5.147135909999999846e-07
1.012886800000000039e+04 4.578560000000007335e+02 1.105000504657564164e+01 2.086169999999999984e-04 2.092619999999999897e-04 -6.448052784600000208e-07
1.013308699999999953e+04 4.620749999999998749e+02 1.109999843478247072e+01 2.083049999999999919e-04 2.090489999999999970e-04 -7.439280428699999904e-07
1.013732599999999911e+04 4.663139999999994529e+02 1.115000306461097779e+01 2.080259999999999900e-04 2.088349999999999885e-04 -8.094757852499999507e-07
1.014158300000000054e+04 4.705710000000008790e+02 1.119999535083594466e+01 2.077819999999999971e-04 2.086219999999999958e-04 -8.401103628999999420e-07
1.014586000000000058e+04 4.748480000000009227e+02 1.124999878855521018e+01 2.075730000000000131e-04 2.084090000000000031e-04 -8.356888286499999790e-07
1.015015599999999904e+04 4.791439999999993802e+02 1.130000161609648579e+01 2.073979999999999953e-04 2.081949999999999946e-04 -7.972577690999999557e-07
1.015447099999999955e+04 4.834589999999998895e+02 1.135000384152428943e+01 2.072549999999999935e-04 2.079820000000000019e-04 -7.270551563199999994e-07
1.015880400000000009e+04 4.877920000000004279e+02 1.139999396099402773e+01 2.071399999999999988e-04 2.077690000000000092e-04 -6.285095357600000623e-07
1.016315699999999924e+04 4.921449999999995839e+02 1.144999505609582258e+01 2.070490000000000026e-04 2.075550000000000008e-04 -5.062100405999999348e-07
1.016752900000000045e+04 4.965170000000007917e+02 1.149999557200265876e+01 2.069759999999999916e-04 2.073420000000000081e-04 -3.658362982199999899e-07
1.017192000000000007e+04 5.009080000000004134e+02 1.154999551623658682e+01 2.069150000000000069e-04 2.071289999999999883e-04 -2.139373302299999892e-07
1.017632999999999993e+04 5.053180000000002678e+02 1.159999489618994417e+01 2.068580000000000039e-04 2.069150000000000069e-04 -5.766721049999999876e-08
1.018076000000000022e+04 5.097480000000005589e+02 1.165000498386224237e+01 2.067980000000000079e-04 2.067019999999999871e-04 9.560132861599999486e-08
1.018520799999999872e+04 5.141959999999991169e+02 1.170000320878794042e+01 2.067279999999999899e-04 2.064889999999999944e-04 2.387074786699999989e-07
1.018967499999999927e+04 5.186629999999996699e+02 1.175000089126910119e+01 2.066410000000000024e-04 2.062750000000000130e-04 3.651335657500000319e-07
1.019416100000000006e+04 5.231490000000004557e+02 1.179999803820086335e+01 2.065319999999999938e-04 2.060619999999999932e-04 4.694071753800000389e-07
1.019866599999999926e+04 5.276539999999996553e+02 1.184999465636193072e+01 2.063970000000000095e-04 2.058490000000000005e-04 5.474018947600000271e-07
1.020319099999999889e+04 5.321789999999992915e+02 1.190000178050000201e+01 2.062330000000000023e-04 2.056349999999999921e-04 5.965574167499999628e-07
1.020773400000000038e+04 5.367220000000007758e+02 1.194999731486378813e+01 2.060390000000000105e-04 2.054219999999999993e-04 6.159784091999999768e-07
1.021229699999999866e+04 5.412849999999990587e+02 1.200000327668431055e+01 2.058170000000000117e-04 2.052090000000000066e-04 6.063925950000000619e-07
1.021687799999999879e+04 5.458659999999991896e+02 1.204999775455864253e+01 2.055659999999999898e-04 2.049890000000000121e-04 5.762240790000000868e-07
1.022147899999999936e+04 5.504669999999997572e+02 1.210000258244341076e+01 2.052909999999999967e-04 2.047689999999999905e-04 5.204716057499999762e-07
1.022609799999999996e+04 5.550860000000003538e+02 1.214999603023216501e+01 2.049929999999999938e-04 2.045489999999999960e-04 4.430838163499999892e-07
1.023073699999999917e+04 5.597249999999995680e+02 1.219999975163982775e+01 2.046790000000000100e-04 2.043290000000000015e-04 3.489081138199999995e-07
1.023539500000000044e+04 5.643830000000008340e+02 1.225000290787352419e+01 2.043529999999999999e-04 2.041090000000000070e-04 2.433367087100000398e-07
1.024007099999999991e+04 5.690590000000003101e+02 1.229999483638340863e+01 2.040219999999999924e-04 2.038900000000000011e-04 1.319527146400000014e-07
1.024476699999999983e+04 5.737550000000002228e+02 1.234999692603370569e+01 2.036899999999999963e-04 2.036700000000000066e-04 2.020245500700000002e-08
1.024948199999999997e+04 5.784700000000003683e+02 1.239999847050670034e+01 2.033629999999999975e-04 2.034500000000000121e-04 -8.687559140000000857e-08
1.025421600000000035e+04 5.832040000000007467e+02 1.244999947637099247e+01 2.030450000000000050e-04 2.032299999999999905e-04 -1.848673565799999919e-07
1.025896899999999914e+04 5.879569999999995389e+02 1.249999995009000209e+01 2.027390000000000117e-04 2.030099999999999960e-04 -2.701251059999999793e-07
1.026374099999999999e+04 5.927290000000003829e+02 1.254999989802412586e+01 2.024489999999999992e-04 2.027900000000000015e-04 -3.398354820000000266e-07
1.026853199999999924e+04 5.975199999999996407e+02 1.259999932643266618e+01 2.021769999999999991e-04 2.025700000000000070e-04 -3.920377724000000065e-07
1.027334200000000055e+04 6.023300000000009504e+02 1.264999824147597351e+01 2.019240000000000000e-04 2.023500000000000125e-04 -4.255744260000000858e-07
1.027817100000000028e+04 6.071590000000006739e+02 1.269999664921724758e+01 2.016890000000000132e-04 2.021299999999999909e-04 -4.400329673999999469e-07
1.028302000000000044e+04 6.120080000000008340e+02 1.275000484849900495e+01 2.014739999999999890e-04 2.019110000000000121e-04 -4.356795175800000824e-07
1.028788699999999881e+04 6.168749999999992042e+02 1.280000221924268899e+01 2.012759999999999886e-04 2.016909999999999905e-04 -4.133959581499999905e-07
1.029277299999999923e+04 6.217609999999996262e+02 1.284999910062373907e+01 2.010950000000000118e-04 2.014709999999999960e-04 -3.746413686299999825e-07
1.029767799999999988e+04 6.266660000000002810e+02 1.289999549833204462e+01 2.009290000000000002e-04 2.012510000000000015e-04 -3.214240096299999845e-07
1.030260299999999916e+04 6.315909999999995534e+02 1.295000155188320790e+01 2.007739999999999991e-04 2.010310000000000070e-04 -2.562702981800000337e-07
1.030754600000000028e+04 6.365340000000006739e+02 1.299999695999270699e+01 2.006289999999999929e-04 2.008110000000000125e-04 -1.821920048910000014e-07
1.031250900000000001e+04 6.414970000000004120e+02 1.305000195753610193e+01 2.004150000000000115e-04 2.005189999999999956e-04 -1.035700686899999893e-07
1.031748999999999978e+04 6.464780000000001792e+02 1.309999639896224366e+01 2.002050000000000119e-04 2.002270000000000059e-04 -2.217894456300000125e-08
1.032249099999999999e+04 6.514790000000003829e+02 1.315000036425042218e+01 1.999930000000000078e-04 1.999349999999999890e-04 5.823266823000000067e-08
1.032751100000000042e+04 6.564990000000008195e+02 1.320000380319232036e+01 1.997769999999999949e-04 1.996429999999999993e-04 1.339055511750000184e-07
1.033254899999999907e+04 6.615369999999994661e+02 1.324999681728444756e+01 1.995520000000000030e-04 1.993499999999999938e-04 2.012817014999999913e-07
1.033760699999999997e+04 6.665950000000003683e+02 1.329999925855785392e+01 1.993160000000000005e-04 1.990580000000000040e-04 2.572287193399999711e-07
1.034268399999999929e+04 6.716719999999996844e+02 1.335000119081543346e+01 1.990659999999999945e-04 1.987659999999999872e-04 2.992302870399999618e-07
1.034777999999999884e+04 6.767679999999992333e+02 1.340000261975536233e+01 1.988000000000000075e-04 1.984739999999999974e-04 3.255628564200000118e-07
1.035289500000000044e+04 6.818830000000008340e+02 1.345000355099102229e+01 1.985180000000000126e-04 1.981820000000000077e-04 3.354111440800000164e-07
1.035802900000000045e+04 6.870170000000008486e+02 1.350000399005252838e+01 1.982189999999999939e-04 1.978899999999999908e-04 3.289327579999999673e-07
1.036318199999999888e+04 6.921699999999992770e+02 1.355000394238834893e+01 1.979050000000000102e-04 1.975970000000000124e-04 3.072238156000000127e-07
1.036835399999999936e+04 6.973419999999997572e+02 1.360000341336681018e+01 1.975780000000000114e-04 1.973049999999999956e-04 2.722414389999999868e-07
1.037354500000000007e+04 7.025330000000004702e+02 1.365000240827748001e+01 1.972400000000000021e-04 1.970130000000000058e-04 2.266023824699999899e-07
1.037875499999999920e+04 7.077429999999995971e+02 1.370000093233265481e+01 1.968949999999999910e-04 1.967209999999999890e-04 1.733723812309999712e-07
1.038398400000000038e+04 7.129720000000007758e+02 1.374999899066882669e+01 1.965450000000000096e-04 1.964289999999999992e-04 1.157933240680000108e-07
1.038923199999999997e+04 7.182200000000003683e+02 1.379999658834792697e+01 1.961940000000000125e-04 1.961370000000000095e-04 5.703271685999999666e-08
1.039450000000000000e+04 7.234880000000003974e+02 1.385000320574944155e+01 1.958440000000000040e-04 1.958440000000000040e-04 -3.536002588800000037e-11
1.039978600000000006e+04 7.287740000000004557e+02 1.389999986292721168e+01 1.954989999999999929e-04 1.955519999999999871e-04 -5.298442329600000349e-08
1.040509100000000035e+04 7.340790000000007467e+02 1.394999607444483125e+01 1.951599999999999949e-04 1.952599999999999974e-04 -9.991415148000000117e-08
1.041041599999999926e+04 7.394039999999996553e+02 1.400000121894674088e+01 1.948279999999999988e-04 1.949680000000000076e-04 -1.394569060080000202e-07
1.041575900000000001e+04 7.447470000000004120e+02 1.404999652004390676e+01 1.945630000000000005e-04 1.947370000000000025e-04 -1.729955876349999873e-07
1.042112199999999939e+04 7.501099999999997863e+02 1.410000069722749849e+01 1.943070000000000084e-04 1.945059999999999975e-04 -1.981957788199999689e-07
1.042650399999999900e+04 7.554919999999993934e+02 1.415000438190493881e+01 1.940599999999999953e-04 1.942749999999999924e-04 -2.146408482500000015e-07
1.043190400000000045e+04 7.608920000000008486e+02 1.419999833743982087e+01 1.938209999999999998e-04 1.940439999999999873e-04 -2.221764991200000053e-07
1.043732400000000052e+04 7.663120000000009213e+02 1.425000108506987928e+01 1.935919999999999991e-04 1.938130000000000094e-04 -2.208499135000000260e-07
1.044276299999999901e+04 7.717509999999994079e+02 1.430000335535745037e+01 1.933709999999999889e-04 1.935820000000000043e-04 -2.109037173600000136e-07
1.044821999999999935e+04 7.772079999999997426e+02 1.434999600805615394e+01 1.931579999999999961e-04 1.933509999999999992e-04 -1.927823547090000072e-07
1.045369700000000012e+04 7.826850000000005139e+02 1.439999737031419258e+01 1.929529999999999939e-04 1.931199999999999941e-04 -1.671550159999999954e-07
1.045919299999999930e+04 7.881809999999996990e+02 1.444999826977243274e+01 1.927540000000000048e-04 1.928889999999999891e-04 -1.349582608519999750e-07
1.046470799999999872e+04 7.936959999999991169e+02 1.449999871121855932e+01 1.925610000000000017e-04 1.926580000000000111e-04 -9.742040756999999790e-08
1.047024200000000019e+04 7.992300000000005866e+02 1.454999869937440948e+01 1.923709999999999917e-04 1.924270000000000060e-04 -5.606880197900000224e-08
1.047579500000000007e+04 8.047830000000004702e+02 1.459999823889704196e+01 1.921840000000000017e-04 1.921960000000000010e-04 -1.270286788679999959e-08
1.048136700000000019e+04 8.103550000000005866e+02 1.464999733437993967e+01 1.919959999999999961e-04 1.919660000000000116e-04 3.067155961600000589e-08
1.048695799999999872e+04 8.159459999999991169e+02 1.469999599035402760e+01 1.918070000000000018e-04 1.917350000000000066e-04 7.194625793000000347e-08
1.049256899999999951e+04 8.215569999999999027e+02 1.475000310851984153e+01 1.916130000000000101e-04 1.915040000000000015e-04 1.090448671519999850e-07
1.049819800000000032e+04 8.271860000000007176e+02 1.480000086876742849e+01 1.914130000000000052e-04 1.912729999999999964e-04 1.400734259059999858e-07
1.050384599999999955e+04 8.328339999999999463e+02 1.484999820293695727e+01 1.912059999999999986e-04 1.910419999999999913e-04 1.634666156360000058e-07
1.050951399999999921e+04 8.385019999999996116e+02 1.490000392297867293e+01 1.909889999999999971e-04 1.908110000000000134e-04 1.781129095720000148e-07
1.051519999999999891e+04 8.441879999999993061e+02 1.495000038834715639e+01 1.907640000000000052e-04 1.905800000000000083e-04 1.834423978400000260e-07
1.052090499999999884e+04 8.498929999999992333e+02 1.499999644053035652e+01 1.905289999999999913e-04 1.903490000000000032e-04 1.794669380189999962e-07
1.052662999999999920e+04 8.556179999999995971e+02 1.505000080352494152e+01 1.902250000000000024e-04 1.900570000000000135e-04 1.677726266930000019e-07
1.053237299999999959e+04 8.613609999999999900e+02 1.509999601276538961e+01 1.899129999999999959e-04 1.897640000000000080e-04 1.484753386440000163e-07
1.053813600000000042e+04 8.671240000000008195e+02 1.514999948352456727e+01 1.895959999999999920e-04 1.894719999999999911e-04 1.229824857599999891e-07
1.054391799999999967e+04 8.729060000000000628e+02 1.520000250044720680e+01 1.892730000000000020e-04 1.891800000000000014e-04 9.299142899999999648e-08
1.054971799999999894e+04 8.787059999999993352e+02 1.524999646248021534e+01 1.889480000000000077e-04 1.888880000000000116e-04 6.034291603200000423e-08
1.055553800000000047e+04 8.845260000000008631e+02 1.529999861318791687e+01 1.886230000000000133e-04 1.885959999999999948e-04 2.686719756399999968e-08
1.056137700000000041e+04 8.903650000000008049e+02 1.535000032309406492e+01 1.882979999999999919e-04 1.883029999999999893e-04 -5.749210705099999497e-09
1.056723499999999876e+04 8.962229999999991605e+02 1.540000159649231826e+01 1.879750000000000019e-04 1.880109999999999995e-04 -3.606596211899999752e-08
1.057311199999999917e+04 9.020999999999995680e+02 1.545000243762076586e+01 1.876559999999999936e-04 1.877190000000000098e-04 -6.294912630300000107e-08
1.057900799999999981e+04 9.079960000000002083e+02 1.550000285066271566e+01 1.873409999999999941e-04 1.874269999999999929e-04 -8.558591557200000486e-08
1.058492299999999886e+04 9.139109999999992624e+02 1.555000283974763242e+01 1.870309999999999920e-04 1.871339999999999874e-04 -1.034626459199999792e-07
1.059085699999999997e+04 9.198450000000003683e+02 1.560000240895206147e+01 1.867259999999999873e-04 1.868419999999999977e-04 -1.163171792060000103e-07
1.059680999999999949e+04 9.257979999999998881e+02 1.565000156230034989e+01 1.864260000000000071e-04 1.865500000000000079e-04 -1.240766436000000054e-07
1.060278199999999924e+04 9.317699999999996407e+02 1.570000030376558620e+01 1.861309999999999972e-04 1.862579999999999911e-04 -1.268031425939999989e-07
1.060877299999999923e+04 9.377609999999996262e+02 1.574999863727037663e+01 1.858410000000000118e-04 1.859660000000000013e-04 -1.246550554260000151e-07
1.061478299999999945e+04 9.437709999999998445e+02 1.579999656668763386e+01 1.855550000000000081e-04 1.856729999999999958e-04 -1.178683768409999893e-07
1.062081300000000010e+04 9.498010000000004993e+02 1.585000237559912861e+01 1.852740000000000018e-04 1.853810000000000061e-04 -1.067646255199999913e-07
1.062686099999999897e+04 9.558489999999993643e+02 1.589999948222973103e+01 1.849970000000000043e-04 1.850889999999999892e-04 -9.176638584399998326e-08
1.063292799999999988e+04 9.619160000000002810e+02 1.594999619626465837e+01 1.847229999999999998e-04 1.847969999999999995e-04 -7.342668558899999871e-08
1.063901499999999942e+04 9.680029999999998154e+02 1.600000072352006342e+01 1.844519999999999884e-04 1.845039999999999940e-04 -5.244913658400000014e-08
1.064511999999999898e+04 9.741079999999993788e+02 1.604999663780897734e+01 1.841950000000000076e-04 1.842249999999999921e-04 -3.021566337500000052e-08
1.065124499999999898e+04 9.802329999999993788e+02 1.610000032175624085e+01 1.839389999999999884e-04 1.839459999999999902e-04 -7.023573328800000525e-09
1.065738899999999921e+04 9.863769999999996116e+02 1.615000357724312252e+01 1.836829999999999962e-04 1.836669999999999883e-04 1.608162538620000129e-08
1.066355099999999948e+04 9.925389999999998736e+02 1.619999830736508173e+01 1.834249999999999997e-04 1.833869999999999977e-04 3.800383817099999939e-08
1.066973300000000017e+04 9.987210000000005721e+02 1.625000074271174100e+01 1.831659999999999875e-04 1.831079999999999958e-04 5.767444229999999787e-08
1.067593399999999929e+04 1.004921999999999684e+03 1.630000276120146196e+01 1.829029999999999935e-04 1.828289999999999939e-04 7.413496555200000349e-08
1.068215300000000025e+04 1.011141000000000645e+03 1.634999634010571157e+01 1.826359999999999908e-04 1.825490000000000034e-04 8.661530187300000455e-08
1.068839199999999983e+04 1.017380000000000223e+03 1.639999756078028526e+01 1.823650000000000065e-04 1.822700000000000015e-04 9.459958815999998524e-08
1.069464999999999964e+04 1.023638000000000034e+03 1.644999837578324531e+01 1.820889999999999976e-04 1.819909999999999996e-04 9.786202043000000743e-08
1.070092699999999968e+04 1.029914999999999964e+03 1.649999878880258208e+01 1.818079999999999913e-04 1.817110000000000090e-04 9.647654807400001346e-08
1.070722299999999996e+04 1.036211000000000240e+03 1.654999880348167807e+01 1.815230000000000034e-04 1.814320000000000071e-04 9.079746296800000949e-08
1.071353800000000047e+04 1.042526000000000749e+03 1.659999842341998999e+01 1.812340000000000066e-04 1.811530000000000052e-04 8.140707859899999577e-08
1.071987199999999939e+04 1.048859999999999673e+03 1.664999765217370253e+01 1.809430000000000055e-04 1.808740000000000033e-04 6.905027736600001014e-08
1.072622500000000036e+04 1.055213000000000648e+03 1.669999649325643176e+01 1.806490000000000114e-04 1.805940000000000128e-04 5.455925334000000801e-08
1.073259799999999996e+04 1.061586000000000240e+03 1.675000278501465445e+01 1.803540000000000015e-04 1.803150000000000109e-04 3.878142894000000039e-08
1.073898899999999958e+04 1.067976999999999862e+03 1.680000083781163056e+01 1.800580000000000030e-04 1.800360000000000090e-04 2.251710251999999998e-08
1.074539899999999943e+04 1.074386999999999716e+03 1.684999851336750964e+01 1.797629999999999931e-04 1.797559999999999913e-04 6.480419507199998933e-09
1.075182899999999972e+04 1.080817000000000007e+03 1.690000358036464689e+01 1.794680000000000103e-04 1.794769999999999894e-04 -8.723389846499999433e-09
1.075827700000000004e+04 1.087265000000000327e+03 1.695000048853803776e+01 1.791750000000000048e-04 1.791979999999999875e-04 -2.260116855199999862e-08
1.076474399999999878e+04 1.093731999999999061e+03 1.699999702953162384e+01 1.788840000000000037e-04 1.789179999999999970e-04 -3.476197822000000317e-08
1.077123099999999977e+04 1.100219000000000051e+03 1.705000090359421705e+01 1.785980000000000000e-04 1.786439999999999925e-04 -4.543524309599999868e-08
1.077773599999999897e+04 1.106723999999999251e+03 1.709999669737669947e+01 1.783149999999999894e-04 1.783689999999999993e-04 -5.389722562299999707e-08
1.078426100000000042e+04 1.113249000000000706e+03 1.714999978582681095e+01 1.780340000000000102e-04 1.780940000000000062e-04 -5.991954820599999903e-08
1.079080500000000029e+04 1.119793000000000575e+03 1.720000247543493188e+01 1.777550000000000083e-04 1.778190000000000131e-04 -6.333823870500001176e-08
1.079736700000000019e+04 1.126355000000000473e+03 1.724999716189330812e+01 1.774799999999999880e-04 1.775439999999999928e-04 -6.406604222399999991e-08
1.080394900000000052e+04 1.132937000000000808e+03 1.729999908617111259e+01 1.772069999999999993e-04 1.772689999999999997e-04 -6.210690322599999109e-08
1.081054999999999927e+04 1.139537999999999556e+03 1.735000062176534996e+01 1.769359999999999878e-04 1.769940000000000066e-04 -5.757190034400000055e-08
1.081717000000000007e+04 1.146158000000000357e+03 1.740000177202687226e+01 1.766679999999999965e-04 1.767190000000000134e-04 -5.068901764600000732e-08
1.082380899999999929e+04 1.152796999999999571e+03 1.745000254026803788e+01 1.764020000000000095e-04 1.764439999999999932e-04 -4.180558269600000098e-08
1.083046700000000055e+04 1.159455000000000837e+03 1.750000292976339367e+01 1.761379999999999999e-04 1.761690000000000001e-04 -3.137763675900000033e-08
1.083714400000000023e+04 1.166132000000000517e+03 1.755000294375006575e+01 1.758739999999999902e-04 1.758940000000000069e-04 -1.994831443400000043e-08
1.084384000000000015e+04 1.172828000000000429e+03 1.760000258542844165e+01 1.756109999999999963e-04 1.756189999999999867e-04 -8.114932504399998865e-09
1.085055500000000029e+04 1.179543000000000575e+03 1.765000185796258236e+01 1.753480000000000023e-04 1.753439999999999936e-04 3.510965515199999764e-09
1.085728900000000067e+04 1.186277000000000953e+03 1.770000076448078730e+01 1.750839999999999927e-04 1.750690000000000004e-04 1.434769236049999995e-08
1.086404199999999946e+04 1.193029999999999745e+03 1.774999930807606319e+01 1.748180000000000057e-04 1.747949999999999959e-04 2.388451318500000154e-08
1.087081400000000031e+04 1.199802000000000589e+03 1.779999749180669255e+01 1.745510000000000030e-04 1.745200000000000028e-04 3.171517056000000186e-08
1.087760599999999977e+04 1.206594000000000051e+03 1.785000267075001545e+01 1.742819999999999959e-04 1.742450000000000097e-04 3.756112342500000301e-08
1.088441599999999926e+04 1.213403999999999542e+03 1.790000012325396739e+01 1.740110000000000116e-04 1.739699999999999894e-04 4.128047144999999533e-08
1.089124499999999898e+04 1.220232999999999265e+03 1.794999722497873762e+01 1.737379999999999957e-04 1.736949999999999963e-04 4.286410471000000265e-08
1.089809399999999914e+04 1.227081999999999425e+03 1.800000126963416491e+01 1.734619999999999869e-04 1.734200000000000032e-04 4.241957252000000601e-08
1.090496099999999933e+04 1.233948999999999614e+03 1.804999765834250525e+01 1.731520000000000118e-04 1.731120000000000055e-04 4.068270489600000070e-08
1.091184799999999996e+04 1.240836000000000240e+03 1.810000095556193855e+01 1.728409999999999940e-04 1.728029999999999920e-04 3.733356974099999997e-08
1.091875300000000061e+04 1.247741000000000895e+03 1.814999664313377892e+01 1.725270000000000102e-04 1.724949999999999943e-04 3.261914948999999732e-08
1.092567799999999988e+04 1.254666000000000167e+03 1.819999920511059344e+01 1.722129999999999993e-04 1.721860000000000079e-04 2.681831387200000059e-08
1.093262199999999939e+04 1.261609999999999673e+03 1.825000139407742239e+01 1.718979999999999998e-04 1.718780000000000102e-04 2.022780618599999987e-08
1.093958499999999913e+04 1.268572999999999411e+03 1.830000321309186617e+01 1.715830000000000003e-04 1.715700000000000124e-04 1.315008559199999992e-08
1.094656599999999889e+04 1.275553999999999178e+03 1.834999751345401720e+01 1.712670000000000121e-04 1.712609999999999990e-04 5.886394704900000221e-09
1.095356699999999910e+04 1.282554999999999382e+03 1.839999862103797668e+01 1.709520000000000126e-04 1.709530000000000012e-04 -1.269626902280000039e-09
1.096058699999999953e+04 1.289574999999999818e+03 1.844999936753855607e+01 1.706370000000000131e-04 1.706450000000000035e-04 -8.037601338500000820e-09
1.096762600000000020e+04 1.296614000000000487e+03 1.849999975588350765e+01 1.703220000000000135e-04 1.703359999999999900e-04 -1.415693156479999939e-08
1.097468399999999929e+04 1.303671999999999571e+03 1.854999978896898227e+01 1.700089999999999913e-04 1.700279999999999923e-04 -1.939594409999999751e-08
1.098176100000000042e+04 1.310749000000000706e+03 1.859999946965999484e+01 1.696959999999999961e-04 1.697199999999999946e-04 -2.356154871999999593e-08
1.098885699999999997e+04 1.317845000000000255e+03 1.864999880079077599e+01 1.693850000000000054e-04 1.694110000000000082e-04 -2.651078856800000224e-08
1.099597199999999975e+04 1.324960000000000036e+03 1.869999778516526234e+01 1.690750000000000033e-04 1.691030000000000105e-04 -2.816021528100000164e-08
1.100310699999999997e+04 1.332095000000000255e+03 1.875000342471192383e+01 1.687659999999999898e-04 1.687950000000000127e-04 -2.849225841000000243e-08
1.101026000000000022e+04 1.339248000000000502e+03 1.880000170525213576e+01 1.684590000000000078e-04 1.684859999999999993e-04 -2.755757016000000360e-08
1.101743200000000070e+04 1.346420000000000982e+03 1.884999964736871192e+01 1.681519999999999987e-04 1.681780000000000015e-04 -2.547156716800000091e-08
1.102462299999999959e+04 1.353610999999999876e+03 1.889999725374743278e+01 1.678469999999999940e-04 1.678689999999999881e-04 -2.240430034700000014e-08
1.103183399999999892e+04 1.360821999999999207e+03 1.895000145233121813e+01 1.675430000000000051e-04 1.675609999999999903e-04 -1.856843977599999888e-08
1.103906300000000010e+04 1.368051000000000386e+03 1.899999837695523297e+01 1.672389999999999890e-04 1.672529999999999926e-04 -1.420203761549999896e-08
1.104631199999999990e+04 1.375300000000000182e+03 1.905000186275797347e+01 1.669680000000000047e-04 1.669770000000000108e-04 -9.715022418599999963e-09
1.105357899999999972e+04 1.382567000000000007e+03 1.909999811641651135e+01 1.666969999999999932e-04 1.667019999999999906e-04 -5.073208625599999672e-09
1.106086599999999999e+04 1.389854000000000269e+03 1.915000090049556647e+01 1.664260000000000088e-04 1.664269999999999975e-04 -4.776787754000000090e-10
1.106817200000000048e+04 1.397160000000000764e+03 1.920000332886405303e+01 1.661549999999999974e-04 1.661520000000000043e-04 3.889402322399999847e-09
1.107549599999999919e+04 1.404483999999999469e+03 1.924999858693634280e+01 1.658840000000000130e-04 1.658759999999999955e-04 7.869721418399999959e-09
1.108284000000000015e+04 1.411828000000000429e+03 1.930000032983281955e+01 1.656120000000000129e-04 1.656010000000000023e-04 1.133148026639999955e-08
1.109020299999999952e+04 1.419190999999999804e+03 1.935000172515716343e+01 1.653400000000000128e-04 1.653260000000000092e-04 1.417007492740000000e-08
1.109758499999999913e+04 1.426572999999999411e+03 1.940000277559687802e+01 1.650669999999999969e-04 1.650500000000000003e-04 1.630799631999999967e-08
1.110498500000000058e+04 1.433973000000000866e+03 1.944999673655498640e+01 1.647929999999999924e-04 1.647750000000000072e-04 1.769502247500000076e-08
1.111240499999999884e+04 1.441392999999999120e+03 1.949999712247841188e+01 1.645179999999999993e-04 1.644999999999999869e-04 1.830786299999999692e-08
1.111984399999999914e+04 1.448831999999999425e+03 1.954999717132657011e+01 1.642419999999999904e-04 1.642240000000000052e-04 1.815052915199999980e-08
1.112730199999999968e+04 1.456289999999999964e+03 1.959999688567909004e+01 1.639660000000000087e-04 1.639490000000000120e-04 1.725546830100000185e-08
1.113477999999999884e+04 1.463767999999999120e+03 1.965000294667198943e+01 1.636890000000000111e-04 1.636739999999999918e-04 1.568355366059999944e-08
1.114227599999999984e+04 1.471264000000000124e+03 1.970000198271708669e+01 1.634119999999999865e-04 1.633980000000000100e-04 1.352319429540000109e-08
1.114979099999999926e+04 1.478778999999999542e+03 1.975000069193515273e+01 1.631340000000000004e-04 1.631229999999999898e-04 1.088935742650000035e-08
1.115732500000000073e+04 1.486313000000001011e+03 1.979999907680210924e+01 1.628559999999999871e-04 1.628479999999999967e-04 7.918744556800000454e-09
1.116487800000000061e+04 1.493866000000000895e+03 1.984999713976887392e+01 1.625770000000000123e-04 1.625719999999999878e-04 4.764123688399999826e-09
1.117245099999999911e+04 1.501438999999999396e+03 1.990000147794302876e+01 1.622989999999999990e-04 1.622969999999999947e-04 1.586279517209999987e-09
1.118004199999999946e+04 1.509029999999999745e+03 1.994999888783677733e+01 1.620199999999999971e-04 1.620220000000000015e-04 -1.455842200120000010e-09
1.118765300000000025e+04 1.516641000000000531e+03 2.000000254482677065e+01 1.617420000000000110e-04 1.617470000000000084e-04 -4.215288567000000243e-09
