0.000000000000000000e+00 -7.900367000000000361e-01
5.000000000000000278e-02 -8.080458000000000363e-01
1.000000000000000056e-01 -8.256229000000000484e-01
1.499999999999999944e-01 -8.753716000000000275e-01
2.000000000000000111e-01 -9.211707999999999563e-01
2.500000000000000000e-01 -9.877778999999999865e-01
2.999999999999999889e-01 -1.043387999999999982e+00
3.499999999999999778e-01 -1.101958999999999911e+00
4.000000000000000222e-01 -1.140200000000000102e+00
4.500000000000000111e-01 -1.161284999999999901e+00
5.000000000000000000e-01 -1.154098999999999986e+00
5.500000000000000444e-01 -1.114700000000000024e+00
5.999999999999999778e-01 -1.045628000000000002e+00
6.500000000000000222e-01 -9.413808000000000176e-01
6.999999999999999556e-01 -8.158370999999999817e-01
7.500000000000000000e-01 -6.656944000000000194e-01
8.000000000000000444e-01 -5.108696999999999822e-01
8.499999999999999778e-01 -3.508407000000000053e-01
9.000000000000000222e-01 -2.040896000000000099e-01
9.499999999999999556e-01 -7.072731999999999630e-02
1.000000000000000000e+00 3.705300999999999734e-02
1.050000000000000044e+00 1.209878000000000065e-01
1.100000000000000089e+00 1.770513999999999977e-01
1.149999999999999911e+00 2.096736999999999906e-01
1.199999999999999956e+00 2.215300000000000047e-01
1.250000000000000000e+00 2.188912000000000080e-01
1.300000000000000044e+00 2.072756000000000043e-01
1.350000000000000089e+00 1.934788000000000063e-01
1.399999999999999911e+00 1.811940999999999968e-01
1.449999999999999956e+00 1.757466000000000028e-01
1.500000000000000000e+00 1.756508999999999987e-01
1.550000000000000044e+00 1.824906000000000028e-01
1.600000000000000089e+00 1.900564999999999893e-01
1.649999999999999911e+00 1.953969000000000122e-01
1.699999999999999956e+00 1.928395999999999999e-01
1.750000000000000000e+00 1.789617000000000013e-01
1.800000000000000044e+00 1.525888999999999995e-01
1.850000000000000089e+00 1.212156000000000067e-01
1.899999999999999911e+00 7.808107999999999715e-02
1.949999999999999956e+00 5.257785000000000236e-02
2.000000000000000000e+00 1.832985000000000170e-02
2.049999999999999822e+00 9.135292999999999192e-03
2.100000000000000089e+00 1.238187999999999962e-02
2.149999999999999911e+00 2.677213000000000162e-02
2.200000000000000178e+00 4.767451000000000327e-02
2.250000000000000000e+00 6.500298999999999661e-02
2.299999999999999822e+00 7.925050000000000150e-02
2.350000000000000089e+00 8.644158000000000397e-02
2.399999999999999911e+00 8.485004999999999631e-02
2.450000000000000178e+00 7.564629000000000492e-02
2.500000000000000000e+00 6.395341000000000220e-02
2.549999999999999822e+00 5.070867999999999903e-02
2.600000000000000089e+00 3.676047000000000342e-02
2.649999999999999911e+00 2.053825999999999916e-02
2.700000000000000178e+00 3.559428999999999805e-03
2.750000000000000000e+00 -1.407454999999999991e-02
2.799999999999999822e+00 -3.228323999999999777e-02
2.850000000000000089e+00 -5.009879999999999889e-02
2.899999999999999911e+00 -6.730450999999999795e-02
2.950000000000000178e+00 -8.339950999999999615e-02
3.000000000000000000e+00 -9.769123999999999863e-02
3.049999999999999822e+00 -1.081048000000000009e-01
3.100000000000000089e+00 -1.149849000000000010e-01
3.149999999999999911e+00 -1.176306000000000018e-01
3.200000000000000178e+00 -1.155711999999999989e-01
3.250000000000000000e+00 -1.084047000000000066e-01
3.299999999999999822e+00 -9.705184999999999507e-02
3.350000000000000089e+00 -8.190935000000000576e-02
3.399999999999999911e+00 -6.386769999999999947e-02
3.450000000000000178e+00 -4.437492999999999993e-02
3.500000000000000000e+00 -2.444779000000000049e-02
3.549999999999999822e+00 -5.050550000000000005e-03
3.600000000000000089e+00 1.298394999999999931e-02
3.649999999999999911e+00 2.878131999999999913e-02
3.700000000000000178e+00 4.228711000000000275e-02
3.750000000000000000e+00 5.340212999999999904e-02
3.799999999999999822e+00 6.219623999999999986e-02
3.850000000000000089e+00 6.881681000000000603e-02
3.899999999999999911e+00 7.353191000000000588e-02
3.950000000000000178e+00 7.648684999999999512e-02
4.000000000000000000e+00 7.774738000000000482e-02
4.049999999999999822e+00 7.742810999999999444e-02
4.099999999999999645e+00 7.535102000000000466e-02
4.150000000000000355e+00 7.137912999999999897e-02
4.200000000000000178e+00 6.538040999999999991e-02
4.250000000000000000e+00 5.745037000000000060e-02
4.299999999999999822e+00 4.748093999999999926e-02
4.349999999999999645e+00 3.564848999999999796e-02
4.400000000000000355e+00 2.229578999999999936e-02
4.450000000000000178e+00 7.969115000000000573e-03
4.500000000000000000e+00 -6.780495999999999572e-03
4.549999999999999822e+00 -2.123747000000000135e-02
4.599999999999999645e+00 -3.466566000000000092e-02
4.650000000000000355e+00 -4.647637000000000296e-02
4.700000000000000178e+00 -5.602631000000000278e-02
4.750000000000000000e+00 -6.290255999999999625e-02
4.799999999999999822e+00 -6.688840000000000063e-02
4.849999999999999645e+00 -6.804205000000000669e-02
4.900000000000000355e+00 -6.643641000000000130e-02
4.950000000000000178e+00 -6.239518000000000147e-02
5.000000000000000000e+00 -5.634418000000000065e-02
5.049999999999999822e+00 -4.875583000000000000e-02
5.099999999999999645e+00 -4.006774999999999920e-02
5.150000000000000355e+00 -3.070739000000000107e-02
5.200000000000000178e+00 -2.103506000000000126e-02
5.250000000000000000e+00 -1.124835000000000071e-02
5.299999999999999822e+00 -1.639983000000000022e-03
5.349999999999999645e+00 7.596900999999999654e-03
5.400000000000000355e+00 1.628456000000000001e-02
5.450000000000000178e+00 2.435324000000000169e-02
5.500000000000000000e+00 3.147900000000000004e-02
5.549999999999999822e+00 3.743396000000000223e-02
5.599999999999999645e+00 4.199093000000000270e-02
5.650000000000000355e+00 4.501310000000000033e-02
5.700000000000000178e+00 4.624872000000000011e-02
5.750000000000000000e+00 4.562577999999999773e-02
5.799999999999999822e+00 4.317551000000000028e-02
5.849999999999999645e+00 3.906321000000000099e-02
5.900000000000000355e+00 3.348247000000000029e-02
5.950000000000000178e+00 2.676500999999999880e-02
6.000000000000000000e+00 1.929780999999999858e-02
6.049999999999999822e+00 1.148455999999999956e-02
6.099999999999999645e+00 3.667627000000000127e-03
6.150000000000000355e+00 -3.796479000000000173e-03
6.200000000000000178e+00 -1.060917999999999931e-02
6.250000000000000000e+00 -1.654036000000000048e-02
6.299999999999999822e+00 -2.143010999999999874e-02
6.349999999999999645e+00 -2.518356999999999887e-02
6.400000000000000355e+00 -2.776152000000000133e-02
6.450000000000000178e+00 -2.916962999999999848e-02
6.500000000000000000e+00 -2.944893999999999984e-02
6.549999999999999822e+00 -2.890275000000000136e-02
6.599999999999999645e+00 -2.734852999999999937e-02
6.650000000000000355e+00 -2.488075000000000009e-02
6.700000000000000178e+00 -2.162168000000000076e-02
6.750000000000000000e+00 -1.772024000000000168e-02
6.799999999999999822e+00 -1.334809999999999990e-02
6.849999999999999645e+00 -8.692873000000000266e-03
6.900000000000000355e+00 -3.948860000000000217e-03
6.950000000000000178e+00 6.936311000000000343e-04
7.000000000000000000e+00 5.058838999999999871e-03
7.049999999999999822e+00 9.106295999999999835e-03
7.099999999999999645e+00 1.261694000000000010e-02
7.150000000000000355e+00 1.548668999999999914e-02
7.200000000000000178e+00 1.764889999999999862e-02
7.250000000000000000e+00 1.907232999999999845e-02
7.299999999999999822e+00 1.975634000000000071e-02
7.349999999999999645e+00 1.972480999999999887e-02
7.400000000000000355e+00 1.902014999999999956e-02
7.450000000000000178e+00 1.769845999999999919e-02
7.500000000000000000e+00 1.582665000000000113e-02
7.549999999999999822e+00 1.348014999999999977e-02
7.599999999999999645e+00 1.075128000000000021e-02
7.650000000000000355e+00 7.737968999999999924e-03
7.700000000000000178e+00 4.541899000000000283e-03
7.750000000000000000e+00 1.268180000000000045e-03
7.799999999999999822e+00 -1.975161000000000017e-03
7.849999999999999645e+00 -5.078507000000000333e-03
7.900000000000000355e+00 -7.933182000000000428e-03
7.950000000000000178e+00 -1.043525000000000008e-02
8.000000000000000000e+00 -1.249034000000000082e-02
8.050000000000000711e+00 -1.405704999999999975e-02
8.099999999999999645e+00 -1.505540999999999997e-02
8.150000000000000355e+00 -1.544467000000000062e-02
8.199999999999999289e+00 -1.520649999999999953e-02
8.250000000000000000e+00 -1.434815000000000049e-02
8.300000000000000711e+00 -1.290471999999999973e-02
8.349999999999999645e+00 -1.094014999999999918e-02
8.400000000000000355e+00 -8.546221999999999153e-03
8.449999999999999289e+00 -5.839412999999999895e-03
8.500000000000000000e+00 -2.955332000000000185e-03
8.550000000000000711e+00 -2.754681999999999996e-05
8.599999999999999645e+00 2.817025999999999818e-03
8.650000000000000355e+00 5.435277999999999984e-03
8.699999999999999289e+00 7.697998000000000167e-03
8.750000000000000000e+00 9.499320999999999807e-03
8.800000000000000711e+00 1.076446999999999994e-02
8.849999999999999645e+00 1.145481999999999924e-02
8.900000000000000355e+00 1.156952999999999974e-02
8.949999999999999289e+00 1.114356000000000027e-02
9.000000000000000000e+00 1.024236000000000070e-02
9.050000000000000711e+00 9.014216999999999716e-03
9.099999999999999645e+00 7.473440999999999938e-03
9.150000000000000355e+00 5.719720000000000186e-03
9.199999999999999289e+00 3.851455000000000156e-03
9.250000000000000000e+00 1.959316999999999916e-03
9.300000000000000711e+00 1.219904000000000035e-04
9.349999999999999645e+00 -1.595740000000000006e-03
9.400000000000000355e+00 -3.142821999999999977e-03
9.449999999999999289e+00 -4.480310999999999842e-03
9.500000000000000000e+00 -5.579093000000000246e-03
9.550000000000000711e+00 -6.464250000000000378e-03
9.599999999999999645e+00 -7.078974000000000030e-03
9.650000000000000355e+00 -7.409469999999999598e-03
9.699999999999999289e+00 -7.448658999999999836e-03
9.750000000000000000e+00 -7.197776000000000347e-03
9.800000000000000711e+00 -6.668234999999999787e-03
9.849999999999999645e+00 -5.883120999999999837e-03
9.900000000000000355e+00 -4.877781000000000304e-03
9.949999999999999289e+00 -3.699116000000000123e-03
1.000000000000000000e+01 -2.403454000000000181e-03
1.005000000000000071e+01 -1.051347000000000002e-03
1.009999999999999964e+01 3.042408000000000026e-04
1.015000000000000036e+01 1.600403000000000025e-03
1.019999999999999929e+01 2.779251999999999851e-03
1.025000000000000000e+01 3.791533000000000143e-03
1.030000000000000071e+01 4.599255000000000010e-03
1.034999999999999964e+01 5.177123999999999962e-03
1.040000000000000036e+01 5.512758999999999888e-03
1.044999999999999929e+01 5.605869000000000303e-03
1.050000000000000000e+01 5.466694999999999714e-03
1.055000000000000071e+01 5.114084999999999985e-03
1.059999999999999964e+01 4.573533000000000286e-03
1.065000000000000036e+01 3.875442000000000210e-03
1.069999999999999929e+01 3.053721000000000126e-03
1.075000000000000000e+01 2.144712000000000007e-03
1.080000000000000071e+01 1.186334000000000043e-03
1.084999999999999964e+01 2.172761000000000050e-04
1.090000000000000036e+01 -7.239282000000000529e-04
1.094999999999999929e+01 -1.600045000000000026e-03
1.100000000000000000e+01 -2.376530999999999869e-03
1.105000000000000071e+01 -3.052024999999999877e-03
1.109999999999999964e+01 -3.583367000000000063e-03
1.115000000000000036e+01 -3.949608999999999759e-03
1.119999999999999929e+01 -4.137072999999999792e-03
1.125000000000000000e+01 -4.140325000000000255e-03
1.130000000000000071e+01 -3.962682999999999831e-03
1.134999999999999964e+01 -3.616190999999999937e-03
1.140000000000000036e+01 -3.121004000000000139e-03
1.144999999999999929e+01 -2.504249000000000058e-03
1.150000000000000000e+01 -1.798443000000000047e-03
1.155000000000000071e+01 -1.039594999999999929e-03
1.159999999999999964e+01 -2.651411000000000219e-04
1.165000000000000036e+01 4.881290999999999950e-04
1.169999999999999929e+01 1.186023999999999932e-03
1.175000000000000000e+01 1.798656000000000039e-03
1.180000000000000071e+01 2.301805999999999991e-03
1.184999999999999964e+01 2.677890000000000045e-03
1.190000000000000036e+01 2.916484000000000004e-03
1.194999999999999929e+01 3.014408000000000105e-03
1.200000000000000000e+01 2.975406999999999792e-03
1.205000000000000071e+01 2.841466999999999864e-03
1.209999999999999964e+01 2.585445000000000017e-03
1.215000000000000036e+01 2.222977000000000113e-03
1.219999999999999929e+01 1.774109000000000059e-03
1.225000000000000000e+01 1.262227000000000097e-03
1.230000000000000071e+01 7.128113999999999631e-04
1.234999999999999964e+01 1.520798000000000072e-04
1.240000000000000036e+01 -3.943425999999999876e-04
1.244999999999999929e+01 -9.026258999999999802e-04
1.250000000000000000e+01 -1.351727000000000050e-03
1.255000000000000071e+01 -1.724136000000000028e-03
1.259999999999999964e+01 -2.006402000000000012e-03
1.265000000000000036e+01 -2.189457000000000122e-03
1.269999999999999929e+01 -2.268816999999999796e-03
1.275000000000000000e+01 -2.244660999999999792e-03
1.280000000000000071e+01 -2.121785000000000164e-03
1.284999999999999964e+01 -1.909408000000000025e-03
1.290000000000000036e+01 -1.620747000000000073e-03
1.294999999999999929e+01 -1.272349000000000093e-03
1.300000000000000000e+01 -8.831585000000000520e-04
1.305000000000000071e+01 -4.782718999999999838e-04
1.309999999999999964e+01 -6.763039000000000149e-05
1.315000000000000036e+01 3.301248999999999807e-04
1.319999999999999929e+01 6.978000000000000478e-04
1.325000000000000000e+01 1.020393000000000081e-03
1.330000000000000071e+01 1.285672000000000073e-03
1.334999999999999964e+01 1.484564000000000066e-03
1.340000000000000036e+01 1.611365999999999927e-03
1.344999999999999929e+01 1.663783000000000059e-03
1.350000000000000000e+01 1.642819999999999914e-03
1.355000000000000071e+01 1.552547999999999949e-03
1.359999999999999964e+01 1.399775000000000021e-03
1.365000000000000036e+01 1.193637999999999904e-03
1.369999999999999929e+01 9.451320000000000034e-04
1.375000000000000000e+01 6.666026999999999933e-04
1.380000000000000071e+01 3.711992000000000221e-04
1.384999999999999964e+01 7.231592999999999865e-05
1.390000000000000036e+01 -2.169662000000000099e-04
1.394999999999999929e+01 -4.844205999999999881e-04
1.400000000000000000e+01 -7.191756000000000537e-04
1.405000000000000071e+01 -9.239273000000000537e-04
1.409999999999999964e+01 -1.082054000000000045e-03
1.415000000000000036e+01 -1.187443000000000049e-03
1.419999999999999929e+01 -1.236621999999999938e-03
1.425000000000000000e+01 -1.228892999999999999e-03
1.430000000000000071e+01 -1.166296999999999950e-03
1.434999999999999964e+01 -1.053427999999999917e-03
1.440000000000000036e+01 -8.971110000000000239e-04
1.444999999999999929e+01 -7.059648999999999872e-04
1.450000000000000000e+01 -4.899034000000000028e-04
1.455000000000000071e+01 -2.595917999999999902e-04
1.459999999999999964e+01 -2.590495000000000005e-05
1.465000000000000036e+01 2.005874000000000101e-04
1.469999999999999929e+01 4.100835000000000049e-04
1.475000000000000000e+01 5.939444999999999577e-04
1.480000000000000071e+01 7.450103999999999711e-04
1.484999999999999964e+01 8.578325999999999833e-04
1.490000000000000036e+01 9.288232999999999472e-04
1.494999999999999929e+01 9.563249999999999485e-04
1.500000000000000000e+01 9.406052999999999506e-04
1.505000000000000071e+01 8.900741999999999899e-04
1.509999999999999964e+01 8.022721999999999926e-04
1.515000000000000036e+01 6.816711000000000471e-04
1.519999999999999929e+01 5.341614000000000388e-04
1.525000000000000000e+01 3.668186000000000255e-04
1.530000000000000071e+01 1.875942999999999871e-04
1.534999999999999964e+01 4.940546000000000385e-06
1.540000000000000036e+01 -1.726129000000000021e-04
1.544999999999999929e+01 -3.369048999999999937e-04
1.550000000000000000e+01 -4.805810999999999785e-04
1.555000000000000071e+01 -5.974914000000000440e-04
1.559999999999999964e+01 -6.830147999999999645e-04
1.565000000000000036e+01 -7.342845999999999661e-04
1.569999999999999929e+01 -7.502954999999999521e-04
1.575000000000000000e+01 -7.318854999999999979e-04
1.580000000000000071e+01 -6.815982000000000160e-04
1.584999999999999964e+01 -6.034405999999999971e-04
1.590000000000000036e+01 -5.025636999999999466e-04
1.594999999999999929e+01 -3.848958000000000088e-04
1.600000000000000000e+01 -2.567607999999999761e-04
1.605000000000000071e+01 -1.275772999999999957e-04
1.610000000000000142e+01 8.280494000000000005e-07
1.614999999999999858e+01 1.234013000000000004e-04
1.619999999999999929e+01 2.356976000000000047e-04
1.625000000000000000e+01 3.339525999999999779e-04
1.630000000000000071e+01 4.151110000000000173e-04
1.635000000000000142e+01 4.768323999999999783e-04
1.639999999999999858e+01 5.174946999999999837e-04
1.644999999999999929e+01 5.362048000000000335e-04
1.650000000000000000e+01 5.328228000000000174e-04
1.655000000000000071e+01 5.079938999999999679e-04
1.660000000000000142e+01 4.631727999999999778e-04
1.664999999999999858e+01 4.006258999999999753e-04
1.669999999999999929e+01 3.233902999999999995e-04
1.675000000000000000e+01 2.351777999999999898e-04
1.680000000000000071e+01 1.402172000000000032e-04
1.685000000000000142e+01 4.303950000000000017e-05
1.689999999999999858e+01 -5.177908999999999962e-05
1.694999999999999929e+01 -1.398926000000000097e-04
1.700000000000000000e+01 -2.174513000000000097e-04
1.705000000000000071e+01 -2.843090999999999847e-04
1.710000000000000142e+01 -3.355817999999999995e-04
1.714999999999999858e+01 -3.696433000000000054e-04
1.719999999999999929e+01 -3.858342000000000065e-04
1.725000000000000000e+01 -3.844194000000000213e-04
1.730000000000000071e+01 -3.664844999999999908e-04
1.735000000000000142e+01 -3.337934999999999882e-04
1.739999999999999858e+01 -2.886246999999999879e-04
1.744999999999999929e+01 -2.336086999999999983e-04
1.750000000000000000e+01 -1.715797999999999933e-04
1.755000000000000071e+01 -1.054508000000000035e-04
1.760000000000000142e+01 -3.811268999999999779e-05
1.764999999999999858e+01 2.764711999999999967e-05
1.769999999999999929e+01 8.921357000000000039e-05
1.775000000000000000e+01 1.442098999999999963e-04
1.780000000000000071e+01 1.905661999999999916e-04
1.785000000000000142e+01 2.265935000000000117e-04
1.789999999999999858e+01 2.510600999999999783e-04
1.794999999999999929e+01 2.632628000000000030e-04
1.800000000000000000e+01 2.630822000000000000e-04
1.805000000000000071e+01 2.543061000000000215e-04
1.810000000000000142e+01 2.344896000000000122e-04
1.814999999999999858e+01 2.048426999999999963e-04
1.819999999999999929e+01 1.670812999999999888e-04
1.825000000000000000e+01 1.233225999999999973e-04
1.830000000000000071e+01 7.594566999999999822e-05
1.835000000000000142e+01 2.743165000000000019e-05
1.839999999999999858e+01 -1.980035000000000093e-05
1.844999999999999929e+01 -6.354500000000000231e-05
1.850000000000000000e+01 -1.019352999999999996e-04
1.855000000000000071e+01 -1.335296000000000031e-04
1.860000000000000142e+01 -1.573563999999999898e-04
1.864999999999999858e+01 -1.729176999999999928e-04
1.869999999999999929e+01 -1.801569000000000098e-04
1.875000000000000000e+01 -1.794014999999999933e-04
1.880000000000000071e+01 -1.712911999999999974e-04
1.885000000000000142e+01 -1.567030999999999871e-04
1.889999999999999858e+01 -1.366829000000000123e-04
1.894999999999999929e+01 -1.123866999999999992e-04
1.900000000000000000e+01 -8.503623000000000627e-05
1.905000000000000071e+01 -5.683285999999999986e-05
1.910000000000000142e+01 -2.744252000000000166e-05
1.914999999999999858e+01 2.000813999999999933e-06
1.919999999999999929e+01 3.036509000000000102e-05
1.925000000000000000e+01 5.654790000000000115e-05
1.930000000000000071e+01 7.951433999999999466e-05
1.935000000000000142e+01 9.834434000000000242e-05
1.939999999999999858e+01 1.122858999999999950e-04
1.944999999999999929e+01 1.208081000000000064e-04
1.950000000000000000e+01 1.236460999999999951e-04
1.955000000000000071e+01 1.208315999999999969e-04
1.960000000000000142e+01 1.127012000000000044e-04
1.964999999999999858e+01 9.988041000000000074e-05
1.969999999999999929e+01 8.324216999999999858e-05
1.975000000000000000e+01 6.384383999999999621e-05
1.980000000000000071e+01 4.284844999999999800e-05
1.985000000000000142e+01 2.143913999999999884e-05
1.989999999999999858e+01 7.357853000000000499e-07
1.994999999999999929e+01 -1.827734999999999874e-05
2.000000000000000000e+01 -3.480609999999999867e-05
