0.000000000000000000e+00 -7.442163000000000528e-01
5.000000000000000278e-02 -7.580111999999999961e-01
1.000000000000000056e-01 -7.715467999999999771e-01
1.499999999999999944e-01 -8.106790000000000385e-01
2.000000000000000111e-01 -8.473574999999999857e-01
2.500000000000000000e-01 -9.030831999999999748e-01
2.999999999999999889e-01 -9.514987000000000306e-01
3.499999999999999778e-01 -1.006356999999999946e+00
4.000000000000000222e-01 -1.046426999999999996e+00
4.500000000000000111e-01 -1.075293999999999972e+00
5.000000000000000000e-01 -1.081355000000000066e+00
5.500000000000000444e-01 -1.058826000000000045e+00
5.999999999999999778e-01 -1.009714000000000000e+00
6.500000000000000222e-01 -9.239971999999999630e-01
6.999999999999999556e-01 -8.170859999999999790e-01
7.500000000000000000e-01 -6.810848999999999931e-01
8.000000000000000444e-01 -5.386528000000000427e-01
8.499999999999999778e-01 -3.868853999999999904e-01
9.000000000000000222e-01 -2.466646000000000116e-01
9.499999999999999556e-01 -1.186379999999999935e-01
1.000000000000000000e+00 -1.395671000000000064e-02
1.050000000000000044e+00 6.682306000000000357e-02
1.100000000000000089e+00 1.234840999999999994e-01
1.149999999999999911e+00 1.577115000000000045e-01
1.199999999999999956e+00 1.765593000000000024e-01
1.250000000000000000e+00 1.839626000000000039e-01
1.300000000000000044e+00 1.876701000000000064e-01
1.350000000000000089e+00 1.928527999999999909e-01
1.399999999999999911e+00 2.016648000000000052e-01
1.449999999999999956e+00 2.186484999999999956e-01
1.500000000000000000e+00 2.372583000000000053e-01
1.550000000000000044e+00 2.588975000000000026e-01
1.600000000000000089e+00 2.713282000000000194e-01
1.649999999999999911e+00 2.717339999999999756e-01
1.699999999999999956e+00 2.518214999999999759e-01
1.750000000000000000e+00 2.096368000000000120e-01
1.800000000000000044e+00 1.483511000000000135e-01
1.850000000000000089e+00 7.928327999999999764e-02
1.899999999999999911e+00 5.732847999999999590e-03
1.949999999999999956e+00 -3.858392000000000072e-02
2.000000000000000000e+00 -7.477271000000000611e-02
2.049999999999999822e+00 -6.790609999999999702e-02
2.100000000000000089e+00 -3.378087999999999924e-02
2.149999999999999911e+00 1.952183999999999864e-02
2.200000000000000178e+00 7.821799999999999586e-02
2.250000000000000000e+00 1.264048000000000116e-01
2.299999999999999822e+00 1.556353000000000042e-01
2.350000000000000089e+00 1.613854999999999873e-01
2.399999999999999911e+00 1.456352999999999953e-01
2.450000000000000178e+00 1.180183000000000065e-01
2.500000000000000000e+00 8.582338999999999940e-02
2.549999999999999822e+00 5.422798999999999675e-02
2.600000000000000089e+00 2.712482000000000087e-02
2.649999999999999911e+00 1.092574999999999926e-03
2.700000000000000178e+00 -2.146224000000000048e-02
2.750000000000000000e+00 -4.052532999999999830e-02
2.799999999999999822e+00 -5.672405999999999976e-02
2.850000000000000089e+00 -7.063616999999999813e-02
2.899999999999999911e+00 -8.201482999999999690e-02
2.950000000000000178e+00 -9.158012000000000097e-02
3.000000000000000000e+00 -9.974492999999999554e-02
3.049999999999999822e+00 -1.046513000000000027e-01
3.100000000000000089e+00 -1.074886000000000036e-01
3.149999999999999911e+00 -1.079114999999999935e-01
3.200000000000000178e+00 -1.054579999999999962e-01
3.250000000000000000e+00 -9.905708000000000568e-02
3.299999999999999822e+00 -8.984884999999999400e-02
3.350000000000000089e+00 -7.766663999999999513e-02
3.399999999999999911e+00 -6.281821999999999406e-02
3.450000000000000178e+00 -4.648307000000000133e-02
3.500000000000000000e+00 -2.928305000000000144e-02
3.549999999999999822e+00 -1.191571999999999944e-02
3.600000000000000089e+00 4.953929000000000145e-03
3.649999999999999911e+00 2.036777000000000032e-02
3.700000000000000178e+00 3.434439000000000242e-02
3.750000000000000000e+00 4.662547999999999693e-02
3.799999999999999822e+00 5.705301000000000122e-02
3.850000000000000089e+00 6.554672999999999750e-02
3.899999999999999911e+00 7.218191999999999664e-02
3.950000000000000178e+00 7.689140999999999337e-02
4.000000000000000000e+00 7.958671999999999969e-02
4.049999999999999822e+00 8.037075999999999942e-02
4.099999999999999645e+00 7.896364999999999634e-02
4.150000000000000355e+00 7.524575000000000014e-02
4.200000000000000178e+00 6.915483999999999520e-02
4.250000000000000000e+00 6.090311000000000335e-02
4.299999999999999822e+00 5.044537000000000326e-02
4.349999999999999645e+00 3.807896000000000197e-02
4.400000000000000355e+00 2.426040999999999961e-02
4.450000000000000178e+00 9.582062000000000565e-03
4.500000000000000000e+00 -5.332451999999999678e-03
4.549999999999999822e+00 -1.974292000000000061e-02
4.599999999999999645e+00 -3.292963000000000140e-02
4.650000000000000355e+00 -4.438543999999999823e-02
4.700000000000000178e+00 -5.351173000000000041e-02
4.750000000000000000e+00 -5.999648999999999954e-02
4.799999999999999822e+00 -6.373582999999999332e-02
4.849999999999999645e+00 -6.489459999999999673e-02
4.900000000000000355e+00 -6.362291999999999947e-02
4.950000000000000178e+00 -6.028878000000000015e-02
5.000000000000000000e+00 -5.531072000000000072e-02
5.049999999999999822e+00 -4.909435999999999661e-02
5.099999999999999645e+00 -4.197477000000000152e-02
5.150000000000000355e+00 -3.422651000000000165e-02
5.200000000000000178e+00 -2.603743999999999850e-02
5.250000000000000000e+00 -1.745551000000000047e-02
5.299999999999999822e+00 -8.609659000000000409e-03
5.349999999999999645e+00 4.027891000000000023e-04
5.400000000000000355e+00 9.436082999999999624e-03
5.450000000000000178e+00 1.839630000000000085e-02
5.500000000000000000e+00 2.686256999999999881e-02
5.549999999999999822e+00 3.445832000000000062e-02
5.599999999999999645e+00 4.078119000000000188e-02
5.650000000000000355e+00 4.553747999999999824e-02
5.700000000000000178e+00 4.829404999999999809e-02
5.750000000000000000e+00 4.886018999999999779e-02
5.799999999999999822e+00 4.720251999999999781e-02
5.849999999999999645e+00 4.347652999999999934e-02
5.900000000000000355e+00 3.790945999999999899e-02
5.950000000000000178e+00 3.091297000000000142e-02
6.000000000000000000e+00 2.297352000000000075e-02
6.049999999999999822e+00 1.459728000000000067e-02
6.099999999999999645e+00 6.215779999999999743e-03
6.150000000000000355e+00 -1.753943999999999902e-03
6.200000000000000178e+00 -8.986938999999999345e-03
6.250000000000000000e+00 -1.525815999999999978e-02
6.299999999999999822e+00 -2.043559000000000000e-02
6.349999999999999645e+00 -2.446326000000000056e-02
6.400000000000000355e+00 -2.733972000000000138e-02
6.450000000000000178e+00 -2.909723999999999991e-02
6.500000000000000000e+00 -2.978574999999999973e-02
6.549999999999999822e+00 -2.972568000000000085e-02
6.599999999999999645e+00 -2.868565000000000004e-02
6.650000000000000355e+00 -2.670631000000000047e-02
6.700000000000000178e+00 -2.385077000000000030e-02
6.750000000000000000e+00 -2.021459999999999924e-02
6.799999999999999822e+00 -1.593164999999999859e-02
6.849999999999999645e+00 -1.117414000000000081e-02
6.900000000000000355e+00 -6.146228000000000108e-03
6.950000000000000178e+00 -1.072091000000000060e-03
7.000000000000000000e+00 3.819772999999999832e-03
7.049999999999999822e+00 8.446514000000000452e-03
7.099999999999999645e+00 1.250909000000000049e-02
7.150000000000000355e+00 1.583746000000000112e-02
7.200000000000000178e+00 1.831937000000000149e-02
7.250000000000000000e+00 1.990460000000000146e-02
7.299999999999999822e+00 2.060042000000000123e-02
7.349999999999999645e+00 2.046080000000000121e-02
7.400000000000000355e+00 1.957338000000000133e-02
7.450000000000000178e+00 1.804673000000000041e-02
7.500000000000000000e+00 1.599980999999999973e-02
7.549999999999999822e+00 1.353308999999999936e-02
7.599999999999999645e+00 1.078044000000000051e-02
7.650000000000000355e+00 7.855176999999999646e-03
7.700000000000000178e+00 4.854026000000000000e-03
7.750000000000000000e+00 1.857663000000000066e-03
7.799999999999999822e+00 -1.066169000000000058e-03
7.849999999999999645e+00 -3.858021000000000107e-03
7.900000000000000355e+00 -6.461752000000000294e-03
7.950000000000000178e+00 -8.820292999999999883e-03
8.000000000000000000e+00 -1.087308000000000024e-02
8.050000000000000711e+00 -1.257258999999999981e-02
8.099999999999999645e+00 -1.384865000000000054e-02
8.150000000000000355e+00 -1.464215999999999955e-02
8.199999999999999289e+00 -1.490040999999999935e-02
8.250000000000000000e+00 -1.458444000000000060e-02
8.300000000000000711e+00 -1.367720000000000047e-02
8.349999999999999645e+00 -1.219117999999999938e-02
8.400000000000000355e+00 -1.017387999999999973e-02
8.449999999999999289e+00 -7.710106999999999898e-03
8.500000000000000000e+00 -4.919815999999999599e-03
8.550000000000000711e+00 -1.950242999999999942e-03
8.599999999999999645e+00 1.065105000000000001e-03
8.650000000000000355e+00 3.955481999999999748e-03
8.699999999999999289e+00 6.557264999999999622e-03
8.750000000000000000e+00 8.728715999999999212e-03
8.800000000000000711e+00 1.036258999999999965e-02
8.849999999999999645e+00 1.139478000000000019e-02
8.900000000000000355e+00 1.180791999999999953e-02
8.949999999999999289e+00 1.162942999999999963e-02
9.000000000000000000e+00 1.092463999999999935e-02
9.050000000000000711e+00 9.850971999999999507e-03
9.099999999999999645e+00 8.428319000000000089e-03
9.150000000000000355e+00 6.761849999999999805e-03
9.199999999999999289e+00 4.951810000000000066e-03
9.250000000000000000e+00 3.086455000000000101e-03
9.300000000000000711e+00 1.238652999999999933e-03
9.349999999999999645e+00 -5.339863999999999939e-04
9.400000000000000355e+00 -2.186261000000000107e-03
9.449999999999999289e+00 -3.681105000000000054e-03
9.500000000000000000e+00 -4.985342999999999719e-03
9.550000000000000711e+00 -6.109680999999999619e-03
9.599999999999999645e+00 -6.986479000000000300e-03
9.650000000000000355e+00 -7.581878999999999702e-03
9.699999999999999289e+00 -7.867060999999999846e-03
9.750000000000000000e+00 -7.822987999999999470e-03
9.800000000000000711e+00 -7.445222999999999945e-03
9.849999999999999645e+00 -6.747648999999999661e-03
9.900000000000000355e+00 -5.764113999999999870e-03
9.949999999999999289e+00 -4.547474999999999608e-03
1.000000000000000000e+01 -3.166012000000000166e-03
1.005000000000000071e+01 -1.702282999999999965e-03
1.009999999999999964e+01 -2.177802000000000058e-04
1.015000000000000036e+01 1.210834999999999950e-03
1.019999999999999929e+01 2.514716000000000173e-03
1.025000000000000000e+01 3.637473999999999916e-03
1.030000000000000071e+01 4.538045000000000100e-03
1.034999999999999964e+01 5.191616999999999933e-03
1.040000000000000036e+01 5.588799999999999671e-03
1.044999999999999929e+01 5.733509999999999822e-03
1.050000000000000000e+01 5.640146000000000395e-03
1.055000000000000071e+01 5.330691000000000249e-03
1.059999999999999964e+01 4.832205000000000007e-03
1.065000000000000036e+01 4.174988999999999610e-03
1.069999999999999929e+01 3.391457999999999973e-03
1.075000000000000000e+01 2.515561999999999833e-03
1.080000000000000071e+01 1.582485000000000011e-03
1.084999999999999964e+01 6.282901000000000241e-04
1.090000000000000036e+01 -3.106919000000000195e-04
1.094999999999999929e+01 -1.198873000000000039e-03
1.100000000000000000e+01 -2.002765000000000101e-03
1.105000000000000071e+01 -2.718936999999999830e-03
1.109999999999999964e+01 -3.305562000000000170e-03
1.115000000000000036e+01 -3.740817000000000014e-03
1.119999999999999929e+01 -4.009549999999999746e-03
1.125000000000000000e+01 -4.104054999999999682e-03
1.130000000000000071e+01 -4.024368999999999863e-03
1.134999999999999964e+01 -3.778147999999999836e-03
1.140000000000000036e+01 -3.380165000000000079e-03
1.144999999999999929e+01 -2.851531999999999938e-03
1.150000000000000000e+01 -2.218691000000000066e-03
1.155000000000000071e+01 -1.512216999999999945e-03
1.159999999999999964e+01 -7.654369999999999967e-04
1.165000000000000036e+01 -1.288378000000000051e-05
1.169999999999999929e+01 7.113707000000000363e-04
1.175000000000000000e+01 1.375432999999999907e-03
1.180000000000000071e+01 1.951239000000000012e-03
1.184999999999999964e+01 2.415993999999999867e-03
1.190000000000000036e+01 2.753292000000000066e-03
1.194999999999999929e+01 2.953780000000000034e-03
1.200000000000000000e+01 3.015344000000000097e-03
1.205000000000000071e+01 2.978903000000000193e-03
1.209999999999999964e+01 2.812841999999999860e-03
1.215000000000000036e+01 2.528353000000000111e-03
1.219999999999999929e+01 2.141390999999999867e-03
1.225000000000000000e+01 1.671863999999999902e-03
1.230000000000000071e+01 1.142694000000000088e-03
1.234999999999999964e+01 5.788176000000000128e-04
1.240000000000000036e+01 6.122037999999999779e-06
1.244999999999999929e+01 -5.496318999999999511e-04
1.250000000000000000e+01 -1.063895999999999939e-03
1.255000000000000071e+01 -1.514406999999999949e-03
1.259999999999999964e+01 -1.882201000000000013e-03
1.265000000000000036e+01 -2.152541000000000003e-03
1.269999999999999929e+01 -2.315662000000000015e-03
1.275000000000000000e+01 -2.367278000000000004e-03
1.280000000000000071e+01 -2.308773000000000075e-03
1.284999999999999964e+01 -2.147039999999999799e-03
1.290000000000000036e+01 -1.893965999999999966e-03
1.294999999999999929e+01 -1.565596999999999952e-03
1.300000000000000000e+01 -1.181076999999999995e-03
1.305000000000000071e+01 -7.685450000000000354e-04
1.309999999999999964e+01 -3.392695999999999950e-04
1.315000000000000036e+01 8.689375999999999524e-05
1.319999999999999929e+01 4.915186999999999464e-04
1.325000000000000000e+01 8.580861000000000174e-04
1.330000000000000071e+01 1.172363999999999958e-03
1.334999999999999964e+01 1.422794999999999919e-03
1.340000000000000036e+01 1.600934000000000038e-03
1.344999999999999929e+01 1.701852000000000009e-03
1.350000000000000000e+01 1.724421000000000070e-03
1.355000000000000071e+01 1.671312000000000101e-03
1.359999999999999964e+01 1.548677999999999947e-03
1.365000000000000036e+01 1.365518000000000027e-03
1.369999999999999929e+01 1.132881999999999986e-03
1.375000000000000000e+01 8.630610000000000365e-04
1.380000000000000071e+01 5.689344999999999515e-04
1.384999999999999964e+01 2.635447999999999979e-04
1.390000000000000036e+01 -4.014154999999999855e-05
1.394999999999999929e+01 -3.294118999999999758e-04
1.400000000000000000e+01 -5.920863000000000168e-04
1.405000000000000071e+01 -8.277116999999999851e-04
1.409999999999999964e+01 -1.019050000000000077e-03
1.415000000000000036e+01 -1.158308000000000037e-03
1.419999999999999929e+01 -1.240580000000000025e-03
1.425000000000000000e+01 -1.264062000000000041e-03
1.430000000000000071e+01 -1.230023000000000010e-03
1.434999999999999964e+01 -1.142561999999999961e-03
1.440000000000000036e+01 -1.008194999999999925e-03
1.444999999999999929e+01 -8.353037999999999696e-04
1.450000000000000000e+01 -6.335359999999999733e-04
1.455000000000000071e+01 -4.131879999999999884e-04
1.459999999999999964e+01 -1.846407999999999958e-04
1.465000000000000036e+01 4.212445000000000290e-05
1.469999999999999929e+01 2.579082999999999918e-04
1.475000000000000000e+01 4.545671999999999734e-04
1.480000000000000071e+01 6.251880000000000458e-04
1.484999999999999964e+01 7.641791999999999899e-04
1.490000000000000036e+01 8.673061000000000138e-04
1.494999999999999929e+01 9.316920000000000236e-04
1.500000000000000000e+01 9.558134000000000465e-04
1.505000000000000071e+01 9.458653999999999716e-04
1.509999999999999964e+01 8.972369999999999478e-04
1.515000000000000036e+01 8.115533000000000078e-04
1.519999999999999929e+01 6.920048999999999515e-04
1.525000000000000000e+01 5.434151999999999602e-04
1.530000000000000071e+01 3.721978999999999826e-04
1.534999999999999964e+01 1.861725000000000001e-04
1.540000000000000036e+01 -5.773577999999999900e-06
1.544999999999999929e+01 -1.941671000000000065e-04
1.550000000000000000e+01 -3.695413000000000257e-04
1.555000000000000071e+01 -5.230846000000000367e-04
1.559999999999999964e+01 -6.472755999999999866e-04
1.565000000000000036e+01 -7.364309000000000306e-04
1.569999999999999929e+01 -7.870995000000000422e-04
1.575000000000000000e+01 -7.982570000000000247e-04
1.580000000000000071e+01 -7.712787999999999719e-04
1.584999999999999964e+01 -7.097031000000000390e-04
1.590000000000000036e+01 -6.188199000000000347e-04
1.594999999999999929e+01 -5.051450000000000298e-04
1.600000000000000000e+01 -3.758473999999999821e-04
1.605000000000000071e+01 -2.418711999999999891e-04
1.610000000000000142e+01 -1.053710999999999981e-04
1.614999999999999858e+01 2.802277000000000004e-05
1.619999999999999929e+01 1.534547999999999999e-04
1.625000000000000000e+01 2.668764999999999918e-04
1.630000000000000071e+01 3.649988000000000061e-04
1.635000000000000142e+01 4.452074999999999891e-04
1.639999999999999858e+01 5.054831999999999988e-04
1.644999999999999929e+01 5.443597999999999579e-04
1.650000000000000000e+01 5.609394000000000186e-04
1.655000000000000071e+01 5.549602000000000267e-04
1.660000000000000142e+01 5.269005999999999473e-04
1.664999999999999858e+01 4.780855000000000087e-04
1.669999999999999929e+01 4.107577999999999859e-04
1.675000000000000000e+01 3.280811999999999921e-04
1.680000000000000071e+01 2.340494999999999891e-04
1.685000000000000142e+01 1.332979000000000032e-04
1.689999999999999858e+01 3.082605000000000279e-05
1.694999999999999929e+01 -6.833780999999999547e-05
1.700000000000000000e+01 -1.594898999999999991e-04
1.705000000000000071e+01 -2.415542999999999922e-04
1.710000000000000142e+01 -3.088257000000000068e-04
1.714999999999999858e+01 -3.588487999999999921e-04
1.719999999999999929e+01 -3.902851000000000150e-04
1.725000000000000000e+01 -4.028902000000000004e-04
1.730000000000000071e+01 -3.974002000000000242e-04
1.735000000000000142e+01 -3.753569000000000111e-04
1.739999999999999858e+01 -3.389010999999999933e-04
1.744999999999999929e+01 -2.905669999999999846e-04
1.750000000000000000e+01 -2.331021999999999923e-04
1.755000000000000071e+01 -1.693282999999999963e-04
1.760000000000000142e+01 -1.020450000000000030e-04
1.764999999999999858e+01 -3.397185000000000238e-05
1.769999999999999929e+01 3.228667000000000169e-05
1.775000000000000000e+01 9.427023999999999343e-05
1.780000000000000071e+01 1.497004000000000075e-04
1.785000000000000142e+01 1.965379000000000008e-04
1.789999999999999858e+01 2.330606999999999894e-04
1.794999999999999929e+01 2.579592999999999817e-04
1.800000000000000000e+01 2.704331000000000248e-04
1.805000000000000071e+01 2.737134999999999807e-04
1.810000000000000142e+01 2.648962999999999730e-04
1.814999999999999858e+01 2.445929999999999806e-04
1.819999999999999929e+01 2.140351999999999934e-04
1.825000000000000000e+01 1.750075000000000079e-04
1.830000000000000071e+01 1.297260999999999911e-04
1.835000000000000142e+01 8.067902000000000602e-05
1.839999999999999858e+01 3.044535999999999881e-05
1.844999999999999929e+01 -1.848462000000000057e-05
1.850000000000000000e+01 -6.386852000000000154e-05
1.855000000000000071e+01 -1.038335999999999947e-04
1.860000000000000142e+01 -1.369522999999999932e-04
1.864999999999999858e+01 -1.622693000000000085e-04
1.869999999999999929e+01 -1.792859999999999907e-04
1.875000000000000000e+01 -1.879134000000000024e-04
1.880000000000000071e+01 -1.884074000000000013e-04
1.885000000000000142e+01 -1.812999999999999887e-04
1.889999999999999858e+01 -1.673384000000000037e-04
1.894999999999999929e+01 -1.474383000000000009e-04
1.900000000000000000e+01 -1.226529000000000128e-04
1.905000000000000071e+01 -9.546629000000000378e-05
1.910000000000000142e+01 -6.524328000000000462e-05
1.914999999999999858e+01 -3.320508999999999755e-05
1.919999999999999929e+01 -6.768362999999999897e-07
1.925000000000000000e+01 3.095279999999999950e-05
1.930000000000000071e+01 6.029197000000000272e-05
1.935000000000000142e+01 8.602287000000000399e-05
1.939999999999999858e+01 1.069882000000000000e-04
1.944999999999999929e+01 1.222762999999999867e-04
1.950000000000000000e+01 1.312939000000000001e-04
1.955000000000000071e+01 1.338149000000000120e-04
1.960000000000000142e+01 1.299991999999999869e-04
1.964999999999999858e+01 1.203760999999999942e-04
1.969999999999999929e+01 1.057953000000000067e-04
1.975000000000000000e+01 8.735106000000000185e-05
1.980000000000000071e+01 6.628832999999999557e-05
1.985000000000000142e+01 4.390245999999999911e-05
1.989999999999999858e+01 2.144383999999999898e-05
1.994999999999999929e+01 3.680354000000000214e-08
2.000000000000000000e+01 -1.938039000000000097e-05
