9.653967160499998499e+03 -1.702783950000074498e+01 -1.594765067570511174e+00 2.728519940000000130e-06 3.986355330099999885e-06 -1.257835390000000104e-06
9.654467160499998499e+03 -1.652783950000074498e+01 -1.553074845226754652e+00 2.851310998099999863e-06 4.219050869999999844e-06 -1.367739871899999981e-06
9.654967160499998499e+03 -1.602783950000074498e+01 -1.510234196742027857e+00 2.984693553599999810e-06 4.478533016799999640e-06 -1.493839463200000042e-06
9.655467160499998499e+03 -1.552783950000074498e+01 -1.466142279296920314e+00 3.130079501399999845e-06 4.769543819300000073e-06 -1.639464317900000016e-06
9.655967160499998499e+03 -1.502783950000074498e+01 -1.420682595541628901e+00 3.289145669500000108e-06 5.097993424699999897e-06 -1.808847755200000000e-06
9.656467160499998499e+03 -1.452783950000074498e+01 -1.373719364138043408e+00 3.463900640100000055e-06 5.471339605000000019e-06 -2.007438964899999964e-06
9.656967160499998499e+03 -1.402783950000074498e+01 -1.325092730921410000e+00 3.656773685699999907e-06 5.899124720699999755e-06 -2.242351034999999849e-06
9.657467160499998499e+03 -1.352783950000074498e+01 -1.274612333093357197e+00 3.870735295099999733e-06 6.393751765699999812e-06 -2.523016470499999793e-06
9.657967160499998499e+03 -1.302783950000074498e+01 -1.222048466226532959e+00 4.109463978099999635e-06 6.971633342399999787e-06 -2.862169364400000015e-06
9.658467160499998499e+03 -1.252783950000074498e+01 -1.167119663076392699e+00 4.377582896099999887e-06 7.654940430200000241e-06 -3.277357534099999930e-06
9.658967160499998499e+03 -1.202783950000074498e+01 -1.109474723494177972e+00 4.681005606099999818e-06 8.474350446200000302e-06 -3.793344840100000061e-06
9.659467160499998499e+03 -1.152783950000074498e+01 -1.048665826755794228e+00 5.027459609600000082e-06 9.473530071299999947e-06 -4.446070461699999865e-06
9.659967160499998499e+03 -1.102783950000074498e+01 -9.841066356540556503e-01 5.427314784199999680e-06 1.071677944699999928e-05 -5.289464662900000308e-06
9.660467160499998499e+03 -1.052783950000074498e+01 -9.150036745670887539e-01 5.894968300199999817e-06 1.230278303800000070e-05 -6.407814737299999874e-06
9.660967160499998499e+03 -1.002783950000074498e+01 -8.402366206041042007e-01 6.451327306099999989e-06 1.439102641699999953e-05 -7.939699110500000087e-06
9.661467160529999092e+03 -9.527839470000152744e+00 -7.581315353307312987e-01 7.128679839700000161e-06 1.725692592400000119e-05 -1.012824608399999974e-05
9.661967160529999092e+03 -9.027839470000152744e+00 -6.659799388839443557e-01 7.981454161899999397e-06 2.141990497999999869e-05 -1.343845081800000027e-05
9.662467160529999092e+03 -8.527839470000152744e+00 -5.588337258333582191e-01 9.114069593799999574e-06 2.798687284300000120e-05 -1.887280324900000020e-05
9.662967160529999092e+03 -8.027839470000152744e+00 -4.255126170417553033e-01 1.077017804100000010e-05 3.977337338999999708e-05 -2.900319534900000037e-05
9.663467160529999092e+03 -7.527839470000151856e+00 -2.232192675255747771e-01 1.370043374499999921e-05 6.594849493000000482e-05 -5.224806118499999714e-05
9.663656999999999243e+03 -7.338000000000000078e+00 0.000000000000000000e+00 1.620043249215043438e-05 9.229401753403404692e-05 -7.609358503884617610e-05
9.663665999999999258e+03 -7.328999999999985526e+00 4.860261953445584038e-02 1.631895362331643707e-05 9.354301861603408390e-05 -7.722406498953621819e-05
9.663694999999999709e+03 -7.299999999999534417e+00 9.986888948025554602e-02 1.670085504596243857e-05 9.756757765803407358e-05 -8.086672260842621526e-05
9.663741999999998370e+03 -7.253000000000873193e+00 1.493646705120479090e-01 1.731979873094043190e-05 1.040901388640340288e-04 -8.677034012869617454e-05
9.663808999999999287e+03 -7.185999999999956422e+00 1.997377789593159370e-01 1.820212270739843420e-05 1.133882580300340587e-04 -9.518613531716619723e-05
9.663894999999998618e+03 -7.100000000000625811e+00 2.499348983886820197e-01 1.933465796076244030e-05 1.253231572580340884e-04 -1.059884992904262259e-04
9.663967160529999092e+03 -7.027839470000151856e+00 2.853196531478602860e-01 2.028494103199999845e-05 1.353374439299999876e-04 -1.150525028899999967e-04
9.663998999999999796e+03 -6.995999999999447105e+00 2.996066684391731072e-01 2.069435966159177757e-05 1.408921047382234845e-04 -1.201977450694595266e-04
9.664122999999999593e+03 -6.871999999999650832e+00 3.497287862733068908e-01 2.228885574049578545e-05 1.625249378293435799e-04 -1.402360820848996316e-04
9.664265999999999622e+03 -6.728999999999621728e+00 3.998039390328587128e-01 2.412766976697378301e-05 1.874724792166835576e-04 -1.633448094494795849e-04
9.664427999999999884e+03 -6.566999999999359794e+00 4.498478108507243944e-01 2.621080174102578380e-05 2.157347289002435262e-04 -1.895239271631995765e-04
9.664467160529999092e+03 -6.527839470000151856e+00 4.611306217759613135e-01 2.671436070499999963e-05 2.225666096200000119e-04 -1.958522489200000037e-04
9.664608999999998559e+03 -6.386000000000684018e+00 4.998697967778416573e-01 2.809031612099509710e-05 2.402129801894629176e-04 -2.121226640723331198e-04
9.664808999999999287e+03 -6.185999999999956422e+00 5.498758696994616724e-01 3.003047483139509825e-05 2.650951523654629339e-04 -2.350646775363331338e-04
9.664967160529999092e+03 -6.027839470000151856e+00 5.864090690009441387e-01 3.156475748100000082e-05 2.847720400599999986e-04 -2.532072825800000117e-04
9.665027999999998428e+03 -5.967000000000814985e+00 5.998700092247406523e-01 3.232023092927404398e-05 2.900608674226521776e-04 -2.577406364943781543e-04
9.665265999999999622e+03 -5.728999999999621728e+00 6.498549695126818460e-01 3.527559330651404304e-05 3.107504117646921584e-04 -2.754748184591781428e-04
9.665467160529999092e+03 -5.527839470000151856e+00 6.892820482745967148e-01 3.777350197100000313e-05 3.282374693499999952e-04 -2.904639673800000262e-04
9.665522999999999229e+03 -5.472000000000014630e+00 6.998327174231705472e-01 3.873598790696433067e-05 3.312685610116625407e-04 -2.925325731061449762e-04
9.665799999999999272e+03 -5.194999999999970974e+00 7.499796991827626380e-01 4.351054261284033586e-05 3.463047422340225856e-04 -3.027941996248449219e-04
9.665967160529999092e+03 -5.027839470000151856e+00 7.786808639877397242e-01 4.639183176499999848e-05 3.553785906900000036e-04 -3.089867589299999796e-04
9.666094999999999345e+03 -4.899999999999898215e+00 7.999360569744666805e-01 4.968800752952864578e-05 3.588124344738032544e-04 -3.091244269464621559e-04
9.666408999999999651e+03 -4.585999999999592625e+00 8.498898392453323458e-01 5.778409233074064934e-05 3.672466602110832862e-04 -3.094625678756221629e-04
9.666467160529999092e+03 -4.527839470000151856e+00 8.588236337035459744e-01 5.928368654400000329e-05 3.688088864499999755e-04 -3.095251998999999838e-04
9.666742999999998574e+03 -4.252000000000669466e+00 8.999873045167785524e-01 7.040250953473791036e-05 3.706071766921598294e-04 -3.002046671536286074e-04
9.666967160529999092e+03 -4.027839470000151856e+00 9.321009492940298680e-01 7.943820429800000640e-05 3.720685545500000257e-04 -2.926303502500000051e-04
9.667094999999999345e+03 -3.899999999999898215e+00 9.499294642140519995e-01 8.758457037996851037e-05 3.711778121461352690e-04 -2.835932417621212886e-04
9.667466999999998734e+03 -3.528000000000509395e+00 1.000002095751271414e+00 1.112896763420965026e-04 3.685858413390152703e-04 -2.572961649869212717e-04
9.667467160529999092e+03 -3.527839470000151856e+00 1.000023162502699847e+00 1.112999058600000002e-04 3.685847228200000146e-04 -2.572848169499999840e-04
9.667856999999999971e+03 -3.137999999999272482e+00 1.049936581553178483e+00 1.484297841062822343e-04 3.627255667746784535e-04 -2.142957826739897808e-04
9.667967160529999092e+03 -3.027839470000151856e+00 1.063616693837103444e+00 1.589219158199999871e-04 3.610698910799999841e-04 -2.021479752700000001e-04
9.668266999999999825e+03 -2.727999999999418002e+00 1.099990374909949997e+00 1.955042703717721887e-04 3.552992500172365699e-04 -1.597949796494675808e-04
9.668467160529999092e+03 -2.527839470000151856e+00 1.123616757295849533e+00 2.199251495699999868e-04 3.514470067699999910e-04 -1.315218572000000042e-04
9.668694999999999709e+03 -2.299999999999534417e+00 1.149919672740976173e+00 2.469894549028257250e-04 3.466652383607508035e-04 -9.967578345929208126e-05
9.668967160529999092e+03 -2.027839470000151856e+00 1.180571371473622122e+00 2.793185139699999944e-04 3.409532841299999775e-04 -6.163477016299999758e-05
9.669143000000000029e+03 -1.851999999999214275e+00 1.199958769480723442e+00 2.930720274458867790e-04 3.372201327165267335e-04 -4.414810527363995541e-05
9.669467160529999092e+03 -1.527839470000151856e+00 1.234901983563950312e+00 3.184266660700000077e-04 3.303380581700000201e-04 -1.191139210299999984e-05
9.669609999999998763e+03 -1.385000000000480291e+00 1.249989496233149255e+00 3.242585708186572187e-04 3.273966715196778435e-04 -3.138100702877900391e-06
9.669967160529999092e+03 -1.027839470000151856e+00 1.286940967906938793e+00 3.388408581299999760e-04 3.200419311599999846e-04 1.879892697099999854e-05
9.670094999999999345e+03 -8.999999999998982148e-01 1.299911867083462180e+00 3.433782782871815250e-04 3.175488862011362537e-04 2.582939208755663551e-05
9.670467160532998605e+03 -5.278394670006383294e-01 1.336955945995078165e+00 3.565874124000000065e-04 3.102912455000000230e-04 4.629616690299999805e-05
9.670599999999998545e+03 -3.950000000006985701e-01 1.349932349975339507e+00 3.612266093654946148e-04 3.078784557780028862e-04 5.334815359128878756e-05
9.670967160532998605e+03 -2.783946700063832935e-02 1.385166180426978366e+00 3.740490789899999753e-04 3.012096458199999991e-04 7.283943317600000524e-05
9.671123999999999796e+03 1.290000000005528946e-01 1.399946689834637992e+00 3.757960296497181918e-04 2.985772868046584301e-04 7.721874284886405093e-05
9.671467160532998605e+03 4.721605329993616706e-01 1.431753991880495347e+00 3.796183106799999791e-04 2.928177561200000114e-04 8.680055455899999444e-05
9.671666999999999462e+03 6.720000000002182006e-01 1.449955522349051007e+00 3.748638300927956265e-04 2.897411179695423816e-04 8.512271212225325820e-05
9.671967160532998605e+03 9.721605329993616706e-01 1.476872925858146779e+00 3.677225609099999933e-04 2.851199820099999745e-04 8.260257889900000493e-05
9.672228999999999360e+03 1.234000000000116337e+00 1.499959398365525276e+00 3.565015651117693987e-04 2.814379282777879120e-04 7.506363683193410644e-05
9.672467160529999092e+03 1.472160529999848144e+00 1.520653735803320528e+00 3.462953179899999905e-04 2.780888538299999867e-04 6.820646415700000280e-05
9.672809999999999491e+03 1.815000000000247304e+00 1.549958797595160975e+00 3.321808494278334720e-04 2.736960331601314637e-04 5.848481626538772462e-05
9.672967160529999092e+03 1.972160529999848144e+00 1.563208856832529969e+00 3.257106569499999848e-04 2.716823267899999865e-04 5.402833015799999770e-05
9.673409999999999854e+03 2.415000000000611102e+00 1.599954139743766879e+00 3.118996712845693029e-04 2.664954344581570069e-04 4.540423682441224111e-05
9.673467160529999092e+03 2.472160529999848144e+00 1.604635807884996046e+00 3.101169863300000254e-04 2.658259243200000125e-04 4.429106200799999874e-05
9.673967160529999092e+03 2.972160529999848144e+00 1.645019824140062870e+00 2.993593752299999761e-04 2.603938244300000020e-04 3.896555080000000120e-05
9.674028999999998632e+03 3.033999999999388741e+00 1.649945793614544076e+00 2.985784375520392784e-04 2.598006933251688962e-04 3.877774422706772726e-05
9.674593936169998415e+03 3.598936169999171319e+00 1.694284200878057201e+00 2.914441600300000175e-04 2.543821278900000138e-04 3.706203214199999761e-05
9.674666999999999462e+03 3.672000000000218201e+00 1.699934084602378270e+00 2.910630762971249102e-04 2.538516665570280848e-04 3.721140974119172728e-05
9.675239761739998357e+03 4.244761739999113992e+00 1.743590458640190244e+00 2.880756859300000238e-04 2.496932757899999913e-04 3.838241013399999664e-05
9.675324999999998909e+03 4.329999999999665228e+00 1.749994293691794933e+00 2.882004375932440961e-04 2.496708069098618039e-04 3.852963067815146395e-05
9.675904637219999131e+03 4.909637219999887670e+00 1.792935140743475708e+00 2.890487738599999807e-04 2.495180140299999862e-04 3.953075983000000124e-05
9.676000999999998385e+03 5.005999999999141359e+00 1.799974609033689665e+00 2.887134563908056394e-04 2.494077552218199696e-04 3.930570116954929910e-05
9.676588562619999720e+03 5.593562620000477104e+00 1.842315160423039444e+00 2.866688909400000123e-04 2.487354629299999803e-04 3.793342801399999939e-05
9.676695999999999913e+03 5.701000000000669310e+00 1.849952446935221095e+00 2.857876984998123726e-04 2.483833005706558451e-04 3.740439793178101512e-05
9.677291537940000126e+03 6.296537940000882294e+00 1.891727750416622555e+00 2.809031459300000079e-04 2.464312235000000006e-04 3.447192242499999890e-05
9.677411000000000058e+03 6.416000000000814829e+00 1.899997074869211211e+00 2.795959260195415874e-04 2.458837195647663502e-04 3.371220645076794466e-05
9.678013563179998528e+03 7.018563179999284252e+00 1.941170423488790098e+00 2.730023465500000133e-04 2.431221255299999902e-04 2.988022102099999972e-05
9.678143999999998414e+03 7.148999999999170463e+00 1.949968754198961873e+00 2.714282456039717210e-04 2.424587429454123867e-04 2.896950266043936458e-05
9.678754638339998564e+03 7.759638339999320955e+00 1.990640938069811794e+00 2.640591117300000084e-04 2.393531256800000004e-04 2.470598605599999968e-05
9.678895999999998821e+03 7.900999999999577916e+00 1.999938573490803506e+00 2.623736738432377630e-04 2.385939715324297253e-04 2.377970231513425173e-05
9.679514763419998417e+03 8.519763419999172527e+00 2.040137268806022863e+00 2.549426041738524131e-04 2.352463864749992646e-04 1.969606036304332540e-05
9.679667999999999665e+03 8.673000000000421039e+00 2.049970687340530340e+00 2.532961291709414893e-04 2.343781557830211244e-04 1.891781604030624318e-05
9.680293938429998889e+03 9.298938429999644484e+00 2.089657581855948631e+00 2.465684603728756871e-04 2.308323775558314764e-04 1.573587888538851277e-05
9.680458999999998923e+03 9.463999999999678892e+00 2.099998151836547589e+00 2.451475853952280359e-04 2.298818269122918719e-04 1.526569698238711573e-05
9.681092163299999811e+03 1.009716330000056672e+01 2.139200207427276013e+00 2.397724035256151517e-04 2.262726285433827242e-04 1.350035054170064829e-05
9.681268000000000029e+03 1.027300000000078484e+01 2.149960252127960825e+00 2.386855521141003245e-04 2.252819879753031852e-04 1.340448747607061379e-05
9.681909438199998476e+03 1.091443819999923193e+01 2.188763640582677805e+00 2.348029349468214795e-04 2.217408109987345055e-04 1.306480407149439184e-05
9.682096999999999753e+03 1.110200000000050835e+01 2.199980749819791637e+00 2.340827004499711770e-04 2.208298563367656810e-04 1.325621094407602896e-05
9.682745762999998988e+03 1.175076299999974339e+01 2.238346491481550959e+00 2.317501341632571593e-04 2.180004971723783667e-04 1.375823243924531713e-05
9.682944999999999709e+03 1.195000000000046469e+01 2.249997424658124245e+00 2.313798149736454892e-04 2.173749614517907908e-04 1.401555774774382563e-05
9.683601137599998765e+03 1.260613759999952066e+01 2.287947491963589819e+00 2.303448608396309447e-04 2.154851245881023007e-04 1.487990122104659922e-05
9.683810999999999694e+03 1.281600000000045014e+01 2.299953467270577701e+00 2.302019260067325027e-04 2.150973495379941746e-04 1.512847207891571781e-05
9.684475562199999331e+03 1.348056220000008665e+01 2.337565497904805056e+00 2.299619000851963878e-04 2.140247031595664034e-04 1.597838355856714198e-05
9.684697000000000116e+03 1.370200000000087215e+01 2.349964437621665514e+00 2.299507150992010241e-04 2.138389268178158751e-04 1.615986276392607953e-05
9.685369036799998867e+03 1.437403679999962236e+01 2.387199448928526202e+00 2.301291286727221135e-04 2.134074884715697097e-04 1.679949820706301311e-05
9.685601999999998952e+03 1.460699999999970800e+01 2.399972221111235982e+00 2.302017854274933080e-04 2.133940053710298168e-04 1.689767177780061429e-05
9.686281561199999487e+03 1.528656120000024288e+01 2.436848359951546694e+00 2.304018915330301046e-04 2.134788243795581798e-04 1.704370130295045804e-05
9.686525999999999840e+03 1.553100000000059566e+01 2.449977012885667271e+00 2.304644271597007803e-04 2.136178325753189204e-04 1.697951088191743303e-05
9.687213135599999077e+03 1.621813559999983312e+01 2.486511345397339756e+00 2.307299557523920166e-04 2.140841482682986181e-04 1.681691862226188298e-05
9.687468999999999141e+03 1.647399999999989717e+01 2.499978992466393990e+00 2.308386725521934359e-04 2.143412105212036596e-04 1.668406911873249128e-05
9.688163759899998695e+03 1.716875989999945062e+01 2.536187573286240671e+00 2.310079254589545664e-04 2.150806166856088089e-04 1.615209005220960320e-05
9.688430999999998676e+03 1.743599999999943151e+01 2.549978325284629754e+00 2.310841746328651334e-04 2.154212120003195174e-04 1.590322501029923846e-05
9.689133434099998340e+03 1.813843409999909539e+01 2.585876280432636065e+00 2.309095450798950464e-04 2.163247249461934323e-04 1.485042048966241221e-05
9.689411999999998443e+03 1.841699999999919868e+01 2.599975164037636954e+00 2.308298196171476926e-04 2.167139513728571186e-04 1.439126734989048468e-05
9.690122158199999831e+03 1.912715820000058642e+01 2.635576761019851499e+00 2.296002584793622060e-04 2.174331086207146669e-04 1.242133754164475269e-05
9.690411999999998443e+03 1.941699999999919868e+01 2.649969649891612100e+00 2.290402675799789152e-04 2.177266525307603373e-04 1.155786914792948812e-05
9.691129932199999530e+03 2.013493220000028572e+01 2.685288361323954653e+00 2.270681454525280349e-04 2.183910048133383029e-04 8.868773889519803100e-06
9.691430999999998676e+03 2.043599999999943151e+01 2.699961913550601000e+00 2.261669278126310616e-04 2.186542592286487845e-04 7.680820816260766214e-06
9.692156756200000018e+03 2.116175620000077373e+01 2.735010479806911921e+00 2.234142405381219854e-04 2.192112647284911076e-04 4.286154655586569556e-06
9.692469999999999345e+03 2.147500000000010090e+01 2.749999798133768714e+00 2.221510764174413526e-04 2.194247814040517258e-04 2.771673688238893282e-06
9.693202630099998714e+03 2.220763009999947002e+01 2.784742548343673185e+00 2.187372639249398623e-04 2.198397127619790162e-04 -1.171411793980325676e-06
9.693527000000000044e+03 2.253200000000079939e+01 2.799987120345187375e+00 2.171676398437590743e-04 2.199895651675460337e-04 -2.941941420988682751e-06
9.694267553899999257e+03 2.327255390000001256e+01 2.834484043202357473e+00 2.137590411712986813e-04 2.204224011704796599e-04 -6.898413598592364317e-06
9.694602999999999156e+03 2.360799999999991172e+01 2.849972588640921511e+00 2.121885066946850790e-04 2.205847756053553460e-04 -8.684612886303996084e-06
9.695351527599999827e+03 2.435652760000058237e+01 2.884234476684007120e+00 2.087885745449842958e-04 2.208681883446969216e-04 -1.247748494949438423e-05
9.695697999999998501e+03 2.470299999999925689e+01 2.899956298886820605e+00 2.072040513508402232e-04 2.209650882172348369e-04 -1.420970860325822610e-05
9.696454551199998605e+03 2.545955119999936045e+01 2.933993394083699524e+00 2.040592939833339118e-04 2.211044423626781883e-04 -1.758556253238379133e-05
9.696813000000000102e+03 2.581800000000085760e+01 2.949982827193631252e+00 2.025610468343269177e-04 2.211388277645750470e-04 -1.916075603073118293e-05
9.697576624799999991e+03 2.658162480000074623e+01 2.983760375351735217e+00 1.998484352450885342e-04 2.211531053958181055e-04 -2.195341898667356378e-05
9.697945999999999913e+03 2.695100000000066842e+01 2.999962542311497060e+00 1.985239999771006188e-04 2.211339999608560468e-04 -2.328894832540492980e-05
9.698717748299999585e+03 2.772274830000034029e+01 3.033535019283888357e+00 1.966886714322636678e-04 2.212417636394622706e-04 -2.525547471264643143e-05
9.699098999999998341e+03 2.810399999999909681e+01 3.049983802521107012e+00 1.957820000000000036e-04 2.212949999999999878e-04 -2.622766210499999885e-05
9.699877921699999206e+03 2.888292169999996162e+01 3.083316954780190855e+00 1.946026420374893267e-04 2.214014282425277598e-04 -2.751402301780512459e-05
9.700269999999998618e+03 2.927499999999937330e+01 3.099959929621971977e+00 1.940090000000000054e-04 2.214550000000000134e-04 -2.816198944000000140e-05
9.701057144999998854e+03 3.006214499999961021e+01 3.133105834273555157e+00 1.935509886775818491e-04 2.215607457598656584e-04 -2.870420262994053488e-05
9.701460999999999331e+03 3.046600000000008635e+01 3.149976396850841187e+00 1.933159999999999902e-04 2.216150000000000119e-04 -2.898258808500000339e-05
9.702255418299999292e+03 3.126041830000004751e+01 3.182901336020445449e+00 1.936212929830578400e-04 2.217207035919834879e-04 -2.874195656879959513e-05
9.702670999999998457e+03 3.167599999999921323e+01 3.199990302128349562e+00 1.937809999999999934e-04 2.217759999999999990e-04 -2.861597905600000207e-05
9.703472741399998995e+03 3.247774139999975063e+01 3.232703145880574613e+00 1.949685957708469162e-04 2.220032035889250919e-04 -2.760011634978193777e-05
9.703898999999999432e+03 3.290400000000018821e+01 3.249961383765238576e+00 1.956000000000000111e-04 2.221240000000000031e-04 -2.705914568000000121e-05
9.704709114499999487e+03 3.371411450000024246e+01 3.282510984732470938e+00 1.974610563072916596e-04 2.223505464427083403e-04 -2.536035913303097959e-05
9.705146999999999025e+03 3.415199999999978075e+01 3.299971124729633498e+00 1.984669999999999956e-04 2.224729999999999958e-04 -2.444066130699999828e-05
9.705964537500000006e+03 3.496953750000076155e+01 3.332324578294139972e+00 2.009525204814522725e-04 2.226981938338595140e-04 -2.211400031602868247e-05
9.706413999999998850e+03 3.541899999999960613e+01 3.349978619286468007e+00 2.023190000000000123e-04 2.228219999999999886e-04 -2.083283201880000031e-05
9.707239010499999495e+03 3.624401050000025037e+01 3.382143676172608693e+00 2.053085403810264590e-04 2.230452532301710749e-04 -1.800279412725567203e-05
9.707699999999998909e+03 3.670499999999966434e+01 3.399983966557281967e+00 2.069790000000000117e-04 2.231699999999999927e-04 -1.641897397199999987e-05
9.708532533300000068e+03 3.753753330000082400e+01 3.431968031015102394e+00 2.103652733765517386e-04 2.234781330144827737e-04 -1.328691224556153377e-05
9.709004999999999200e+03 3.800999999999995538e+01 3.449987259912667525e+00 2.122869999999999955e-04 2.236530000000000083e-04 -1.150558256669999997e-05
9.709845106099999612e+03 3.885010610000036735e+01 3.481797424679134334e+00 2.158003440148791518e-04 2.239588392297583183e-04 -8.254241919813906138e-06
9.710328999999999724e+03 3.933400000000047925e+01 3.499988587383657812e+00 2.178240000000000070e-04 2.241350000000000081e-04 -6.377447635999999711e-06
9.711176728799999182e+03 4.018172879999993796e+01 3.531631640163727770e+00 2.212830869873417703e-04 2.244398793822784729e-04 -3.190860707639865308e-06
9.711671999999998661e+03 4.067699999999941696e+01 3.549988032038209784e+00 2.233039999999999884e-04 2.246179999999999965e-04 -1.325133891000000041e-06
9.712527401399998780e+03 4.153240139999953584e+01 3.581470476189849261e+00 2.265478680110132026e-04 2.249207191444933937e-04 1.635337760547860704e-06
9.713033999999999651e+03 4.203900000000040649e+01 3.599985672326583064e+00 2.284689999999999974e-04 2.250999999999999963e-04 3.392392059999999907e-06
9.713897123899998405e+03 4.290212389999916098e+01 3.631313742510313691e+00 2.313639963104996238e-04 2.254337495746560423e-04 5.961967022750390577e-06
9.714414999999999054e+03 4.341999999999980986e+01 3.649981582397556323e+00 2.331009999999999896e-04 2.256340000000000017e-04 7.507362138199999711e-06
9.715285896299999877e+03 4.429089630000063238e+01 3.681161259165396160e+00 2.355799441110714417e-04 2.259661847315714276e-04 9.654322809950088998e-06
9.715814999999998690e+03 4.481999999999944606e+01 3.699975832389863939e+00 2.370860000000000133e-04 2.261680000000000071e-04 1.096175230640000053e-05
9.716693718699998499e+03 4.569871869999925451e+01 3.731012859314861707e+00 2.391301511125440502e-04 2.264986806101479920e-04 1.266856905874854792e-05
9.717233999999998559e+03 4.623899999999931509e+01 3.749968488699575442e+00 2.403870000000000009e-04 2.267020000000000124e-04 1.372045844400000063e-05
9.718120590999998967e+03 4.712559099999972290e+01 3.780868377962494975e+00 2.420166269596942389e-04 2.270310059722029181e-04 1.500954856121852212e-05
9.718672999999998865e+03 4.767799999999962068e+01 3.799994149738296745e+00 2.430319999999999865e-04 2.272359999999999907e-04 1.581460303799999954e-05
9.719566513199999463e+03 4.857151320000021855e+01 3.830727662114776777e+00 2.442701627665064810e-04 2.275475337718599724e-04 1.673040352464422151e-05
9.720129999999999200e+03 4.913499999999995538e+01 3.849983355691555253e+00 2.450509999999999819e-04 2.277439999999999933e-04 1.730920445759999979e-05
9.721031485299999986e+03 5.003648530000074146e+01 3.880590566629859239e+00 2.459891310439024062e-04 2.280548780607723615e-04 1.792476151877424767e-05
9.721605999999999767e+03 5.061100000000052290e+01 3.899971158573066976e+00 2.465869999999999889e-04 2.282530000000000117e-04 1.831789670780000103e-05
9.722515507399999478e+03 5.152050740000023410e+01 3.930456957059729639e+00 2.472691305500000032e-04 2.285624513814171321e-04 1.867838092315099644e-05
9.723101999999998952e+03 5.210699999999970800e+01 3.949990835702761771e+00 2.477089999999999826e-04 2.287620000000000029e-04 1.891131989219999829e-05
9.724018579300000056e+03 5.302357930000081154e+01 3.980326695793445335e+00 2.481588140157859885e-04 2.290701498439233757e-04 1.904088698348726586e-05
9.724615999999999985e+03 5.362100000000074118e+01 3.999975574403118905e+00 2.484520000000000261e-04 2.292709999999999941e-04 1.912548876769999958e-05
9.725540701199999603e+03 5.454570120000035871e+01 4.030199665047622837e+00 2.486237991147327272e-04 2.295181496036505741e-04 1.904303160980462480e-05
9.726149999999999636e+03 5.515500000000039194e+01 4.049991475959133780e+00 2.487370000000000141e-04 2.296809999999999987e-04 1.898857808969999926e-05
9.727081872999999177e+03 5.608687299999993314e+01 4.080075743140644917e+00 2.486649479639175446e-04 2.299265773563144303e-04 1.866499805880143670e-05
9.727701999999999316e+03 5.670700000000007179e+01 4.099973383342011779e+00 2.486170000000000220e-04 2.300899999999999875e-04 1.844926045199999981e-05
9.728642094799999541e+03 5.764709480000029629e+01 4.129954820616945632e+00 2.482689496351145244e-04 2.303351901195928623e-04 1.785269940047937970e-05
9.729273999999999432e+03 5.827900000000018821e+01 4.149985770905611382e+00 2.480350000000000198e-04 2.304999999999999920e-04 1.745097060000000037e-05
9.730221366399999170e+03 5.922636639999992525e+01 4.179836783819828483e+00 2.473794057785040504e-04 2.307441359044626089e-04 1.654982574908829519e-05
9.730864999999999782e+03 5.987000000000053745e+01 4.199996303673152909e+00 2.469339999999999773e-04 2.309099999999999965e-04 1.593648455999999885e-05
9.731819687999999587e+03 6.082468800000034292e+01 4.229721536858800590e+00 2.458855638931013157e-04 2.310672357489123641e-04 1.473642406264330997e-05
9.732473999999998341e+03 6.147899999999909681e+01 4.249974168423614529e+00 2.451670000000000195e-04 2.311749999999999949e-04 1.391298996500000037e-05
9.733437059500000032e+03 6.244205950000078786e+01 4.279608979109163158e+00 2.438031091058931942e-04 2.313310759410681428e-04 1.240012441737546009e-05
9.734102999999999156e+03 6.310799999999991172e+01 4.299981544088662844e+00 2.428599999999999889e-04 2.314390000000000045e-04 1.135280041090000000e-05
9.735073480899998685e+03 6.407848089999944818e+01 4.329499017610075384e+00 2.412134802206310517e-04 2.315950542709344746e-04 9.560982001917924371e-06
9.735750999999998385e+03 6.475599999999914758e+01 4.349987244151502175e+00 2.400640000000000109e-04 2.317040000000000028e-04 8.308627395200000480e-06
9.736728952199999185e+03 6.573395219999994765e+01 4.379391563632171192e+00 2.381996136223155308e-04 2.318588766531493668e-04 6.301628935139697309e-06
9.737417999999999665e+03 6.642300000000042814e+01 4.399991325741668291e+00 2.368860000000000085e-04 2.319680000000000125e-04 4.885918787200000314e-06
9.738403473499998654e+03 6.740847349999941684e+01 4.429286535402278346e+00 2.347993212366547892e-04 2.320206053469750930e-04 2.760973627866311478e-06
9.739103999999999360e+03 6.810900000000012255e+01 4.449993843418842410e+00 2.333159999999999867e-04 2.320579999999999930e-04 1.249864388000000085e-06
9.740097044599999208e+03 6.910204459999997084e+01 4.479183845997323665e+00 2.312046881671554126e-04 2.321104187765395946e-04 -8.992791611385069503e-07
9.740808999999999287e+03 6.981400000000004979e+01 4.499994849316196088e+00 2.296909999999999935e-04 2.321480000000000006e-04 -2.440687998000000070e-06
9.741809665699998732e+03 7.081466569999949456e+01 4.529083423911298922e+00 2.276681925959976518e-04 2.322002389286542928e-04 -4.501984515421403229e-06
9.742532999999999447e+03 7.153800000000020987e+01 4.549994393273687265e+00 2.262060000000000091e-04 2.322380000000000082e-04 -5.992576456799999913e-06
9.743541336700000102e+03 7.254633670000086454e+01 4.578985192153823824e+00 2.243779196947791245e-04 2.322900655783132471e-04 -7.859616091248650889e-06
9.744275999999999840e+03 7.328100000000060277e+01 4.599992522962911501e+00 2.230459999999999919e-04 2.323279999999999887e-04 -9.220447801599999943e-06
9.745292057699998622e+03 7.429705769999938525e+01 4.628889082721327597e+00 2.213938970996027328e-04 2.322807146813847838e-04 -1.081579507505174428e-05
9.746037999999998647e+03 7.504299999999940951e+01 4.649989284003773982e+00 2.201810000000000117e-04 2.322459999999999987e-04 -1.198661087820000100e-05
9.747061828500000047e+03 7.606682850000080975e+01 4.678795022094259792e+00 2.188789384882088723e-04 2.321988613492420150e-04 -1.323407866877676836e-05
9.747818999999999505e+03 7.682400000000026807e+01 4.699984720073955735e+00 2.179159999999999919e-04 2.321640000000000086e-04 -1.415631598200000174e-05
9.748850649299998622e+03 7.785564929999938499e+01 4.728702950954748907e+00 2.170104411699999840e-04 2.321170026429999957e-04 -1.501043638623386745e-05
9.749618999999998778e+03 7.862399999999954048e+01 4.749978873010902269e+00 2.163359999999999968e-04 2.320819999999999914e-04 -1.564634181859999779e-05
9.750658519999999044e+03 7.966351999999980649e+01 4.778612804221896937e+00 2.158379442637362673e-04 2.320357356483516260e-04 -1.609582823297485280e-05
9.751438999999998487e+03 8.044399999999924944e+01 4.799999123438042581e+00 2.154640000000000092e-04 2.320009999999999900e-04 -1.643318763240000081e-05
9.752485440599999492e+03 8.149044060000025524e+01 4.828524522220995152e+00 2.152698562325353689e-04 2.318768846295973861e-04 -1.650452994766377188e-05
9.753277000000000044e+03 8.228200000000080649e+01 4.849990546920038170e+00 2.151230000000000069e-04 2.317829999999999999e-04 -1.655843845020000149e-05
9.754331411099999968e+03 8.333641110000073127e+01 4.878438047717345682e+00 2.152905020325794150e-04 2.316597866404415597e-04 -1.627004060921062353e-05
9.755134000000000015e+03 8.413900000000077739e+01 4.899980808428132661e+00 2.154179999999999897e-04 2.315659999999999984e-04 -1.605071941079999913e-05
9.756196431599999414e+03 8.520143160000017701e+01 4.928353328455685300e+00 2.159008205406499827e-04 2.314426062393180753e-04 -1.544945821649050841e-05
9.757010999999998603e+03 8.601599999999936585e+01 4.949996455205663004e+00 2.162710000000000034e-04 2.313480000000000083e-04 -1.498889811119999909e-05
9.758080501899999945e+03 8.708550190000070756e+01 4.978270306366297859e+00 2.170125965681266467e-04 2.312255293338786460e-04 -1.413034287804298348e-05
9.758905999999999040e+03 8.791099999999980241e+01 4.999984231913630062e+00 2.175850000000000115e-04 2.311310000000000068e-04 -1.346828072720000094e-05
9.759983622199999445e+03 8.898862220000020784e+01 5.028188936123405561e+00 2.184769222908616295e-04 2.309593682657963391e-04 -1.241022507290855940e-05
9.760820999999999913e+03 8.982600000000067553e+01 5.049996940400661494e+00 2.191700000000000039e-04 2.308260000000000021e-04 -1.158912714720000061e-05
9.761905792399998973e+03 9.091079239999973538e+01 5.078109166428973253e+00 2.202070907166063063e-04 2.306548351360579419e-04 -1.038744773366963725e-05
9.762753999999998996e+03 9.175899999999975876e+01 5.099982382908581080e+00 2.210179999999999903e-04 2.305209999999999974e-04 -9.449078842100000703e-06
9.763847012599999289e+03 9.285201260000005163e+01 5.128030953099234956e+00 2.221445920961597463e-04 2.303503042278545667e-04 -8.158463821501163828e-06
9.764706999999998516e+03 9.371199999999927854e+01 5.149992318415099746e+00 2.230309999999999996e-04 2.302159999999999927e-04 -7.144339171199999982e-06
9.765807282599998871e+03 9.481228259999963370e+01 5.177954246049440101e+00 2.241982708861491481e-04 2.300457381060375367e-04 -5.813725076946692129e-06
9.766677999999999884e+03 9.568300000000064642e+01 5.199975565590946758e+00 2.251219999999999903e-04 2.299109999999999880e-04 -4.762123551899999710e-06
9.767786602599999242e+03 9.679160260000000449e+01 5.227879007147807400e+00 2.262807152238071359e-04 2.297239128711200408e-04 -3.422963664663788801e-06
9.768668999999999869e+03 9.767400000000063187e+01 5.249982881075474950e+00 2.272030000000000132e-04 2.295750000000000102e-04 -2.358607635000000019e-06
9.769784972499999640e+03 9.878997250000040253e+01 5.277805192244477084e+00 2.283284110733830967e-04 2.293890045833333420e-04 -1.053596601414197433e-06
9.770679000000000087e+03 9.968400000000085015e+01 5.299988822438328917e+00 2.292299999999999991e-04 2.292399999999999939e-04 -9.651187392000000505e-09
9.771802391999999600e+03 1.008073920000003625e+02 5.327732753916894382e+00 2.302902738689009384e-04 2.290539676136027448e-04 1.230200474479582977e-06
9.772707999999998719e+03 1.017129999999994823e+02 5.349993428210864543e+00 2.311450000000000104e-04 2.289039999999999890e-04 2.228224785279999576e-06
9.773838861999998699e+03 1.028438619999994614e+02 5.377661675786836071e+00 2.321135214589843828e-04 2.287190201318359262e-04 3.375985422553678975e-06
9.774755999999999403e+03 1.037610000000001662e+02 5.399996735496340072e+00 2.328990000000000075e-04 2.285689999999999998e-04 4.305462825399999284e-06
9.775894381999998586e+03 1.048993819999993491e+02 5.427591908227055839e+00 2.337845918026124862e-04 2.283988209782293187e-04 5.354957152044134626e-06
9.776822999999998501e+03 1.058279999999992640e+02 5.449998780035217649e+00 2.345070000000000097e-04 2.282600000000000135e-04 6.209904604000000647e-06
9.777968950999998924e+03 1.069739509999996869e+02 5.477523391439464540e+00 2.352519230853307897e-04 2.280902498279003036e-04 7.119240242317334574e-06
9.778908999999999651e+03 1.079140000000004136e+02 5.499999596267537427e+00 2.358630000000000015e-04 2.279510000000000000e-04 7.864172729399999969e-06
9.780062570999998570e+03 1.090675709999993330e+02 5.527456139012487668e+00 2.364422515662707822e-04 2.277811154346793458e-04 8.607825488939139426e-06
9.781013999999999214e+03 1.100189999999999770e+02 5.549999217391235362e+00 2.369200000000000017e-04 2.276409999999999979e-04 9.220325535800000206e-06
9.782175239999998666e+03 1.111802399999994293e+02 5.577390069928454430e+00 2.373092668926553566e-04 2.274720625423728851e-04 9.773992582258336919e-06
9.783137999999999010e+03 1.121429999999997733e+02 5.599997675417962562e+00 2.376319999999999908e-04 2.273320000000000115e-04 1.023239518559999946e-05
9.784306958999999551e+03 1.133119590000003143e+02 5.627325176007156315e+00 2.378556459122725122e-04 2.271989034083061055e-04 1.058599300059697609e-05
9.785280999999999040e+03 1.142859999999998024e+02 5.649995001225474489e+00 2.380419999999999954e-04 2.270879999999999915e-04 1.088030838239999855e-05
9.786457728999999745e+03 1.154627290000005075e+02 5.677261449355405887e+00 2.380322029962997289e-04 2.269546518940795661e-04 1.100076864889381497e-05
9.787442999999999302e+03 1.164480000000000643e+02 5.699991224607465767e+00 2.380240000000000101e-04 2.268430000000000099e-04 1.110151494560000154e-05
9.788627547999998569e+03 1.176325479999993320e+02 5.727198813612027983e+00 2.377719916221916513e-04 2.267099352315451620e-04 1.098161148665305941e-05
9.789623999999999796e+03 1.186290000000005591e+02 5.749986374320760874e+00 2.375599999999999956e-04 2.265980000000000012e-04 1.088085074340000032e-05
9.790816417000000001e+03 1.198214170000007641e+02 5.777137263203914408e+00 2.370716510377272759e-04 2.264652081068181764e-04 1.052582686866193310e-05
9.791823999999998705e+03 1.208289999999994677e+02 5.799980478130010830e+00 2.366590000000000121e-04 2.263529999999999926e-04 1.022615319869999933e-05
9.793024335999998584e+03 1.220293359999993470e+02 5.827076770226748081e+00 2.360058441945945878e-04 2.262691927567567619e-04 9.659618609449953933e-06
9.794043999999999869e+03 1.230490000000006319e+02 5.849995996096007289e+00 2.354509999999999925e-04 2.261979999999999915e-04 9.178685063800000194e-06
9.795251304999999775e+03 1.242563050000005376e+02 5.877017307724334394e+00 2.346099863739946518e-04 2.261143841487935557e-04 8.425194361358531692e-06
9.796281999999999243e+03 1.252870000000000061e+02 5.899987897550312610e+00 2.338920000000000029e-04 2.260429999999999905e-04 7.782366634099999972e-06
9.797497323999999935e+03 1.265023240000006979e+02 5.926958849648261030e+00 2.329066021621621564e-04 2.259595373416038798e-04 6.886699368028156959e-06
9.798538999999998850e+03 1.275439999999996132e+02 5.949978834053446519e+00 2.320620000000000018e-04 2.258879999999999894e-04 6.119531807999999788e-06
9.799762392999999065e+03 1.287673929999998279e+02 5.976901370820299597e+00 2.309863597777777743e-04 2.258052584444444314e-04 5.134709145831195735e-06
9.800815999999998894e+03 1.298209999999996569e+02 5.999990702156350331e+00 2.300600000000000030e-04 2.257340000000000041e-04 4.287140127999999875e-06
9.802046510999998645e+03 1.310515109999994081e+02 6.026844825121405513e+00 2.290257273555555565e-04 2.257270297851851713e-04 3.268338057476286198e-06
9.803110999999998967e+03 1.321159999999997297e+02 6.049979599593085844e+00 2.281309999999999881e-04 2.257209999999999891e-04 2.387044719200000028e-06
9.805425999999999476e+03 1.344310000000002390e+02 6.099989118913015318e+00 2.262149999999999881e-04 2.257089999999999899e-04 5.012568042900000236e-07
9.807759999999998399e+03 1.367649999999991621e+02 6.149997418191683884e+00 2.244000000000000064e-04 2.256960000000000021e-04 -1.283363880000000124e-06
9.810111999999999171e+03 1.391169999999999334e+02 6.199983360132773846e+00 2.227569999999999952e-04 2.256840000000000029e-04 -2.895931951200000204e-06
9.812483999999998559e+03 1.414889999999993222e+02 6.249989476304460112e+00 2.213410000000000074e-04 2.256720000000000037e-04 -4.283389963200000203e-06
9.814875000000000000e+03 1.438800000000007628e+02 6.299994455509718705e+00 2.201880000000000135e-04 2.256589999999999887e-04 -5.409723207000000070e-06
9.817284999999999854e+03 1.462900000000006173e+02 6.349998324608631783e+00 2.193200000000000076e-04 2.256469999999999895e-04 -6.253761475600000302e-06
9.819712999999999738e+03 1.487180000000005009e+02 6.399980604256773731e+00 2.187470000000000115e-04 2.256340000000000017e-04 -6.806136792999999892e-06
9.822161000000000058e+03 1.511660000000008210e+02 6.449982489358258242e+00 2.184669999999999939e-04 2.256220000000000025e-04 -7.067315841400000561e-06
9.824627999999998792e+03 1.536329999999995550e+02 6.499983337573715936e+00 2.184739999999999957e-04 2.256100000000000032e-04 -7.046386886000000067e-06
9.827113999999999578e+03 1.561190000000003408e+02 6.549983172649164409e+00 2.187550000000000020e-04 2.256640000000000132e-04 -6.821529356800000607e-06
9.829618999999998778e+03 1.586239999999995405e+02 6.599982017610428464e+00 2.192910000000000117e-04 2.257179999999999961e-04 -6.344662118399999891e-06
9.832143999999998414e+03 1.611489999999991767e+02 6.649999629278909197e+00 2.200530000000000021e-04 2.257720000000000061e-04 -5.646015867200000452e-06
9.834686999999999898e+03 1.636920000000006610e+02 6.699996413080377522e+00 2.209970000000000120e-04 2.258259999999999890e-04 -4.766351303800000460e-06
9.837248999999999796e+03 1.662540000000005591e+02 6.749992273974302570e+00 2.220760000000000063e-04 2.258799999999999990e-04 -3.754916179999999652e-06
9.839829999999999927e+03 1.688350000000006901e+02 6.799987232317323382e+00 2.232330000000000089e-04 2.259340000000000090e-04 -2.665817859399999921e-06
9.842430999999998676e+03 1.714359999999994386e+02 6.850000466166318525e+00 2.244149999999999986e-04 2.259890000000000076e-04 -1.553150080520000071e-06
9.845049999999999272e+03 1.740550000000000352e+02 6.899993539310790958e+00 2.255699999999999969e-04 2.260429999999999905e-04 -4.662611565300000083e-07
9.847688000000000102e+03 1.766930000000008647e+02 6.949985769490864662e+00 2.266579999999999973e-04 2.260970000000000004e-04 5.540846130500000377e-07
9.850345999999999549e+03 1.793510000000003117e+02 6.999995922538436055e+00 2.276489999999999883e-04 2.261510000000000104e-04 1.477849293290000197e-06
9.853021999999999025e+03 1.820269999999997879e+02 7.049986387521265385e+00 2.284069999999999970e-04 2.260650000000000116e-04 2.310045202500000348e-06
9.855717999999998938e+03 1.847229999999997005e+02 7.099994547797226829e+00 2.290349999999999916e-04 2.259800000000000014e-04 3.014934768000000049e-06
9.858431999999998880e+03 1.874369999999996423e+02 7.149983323233474408e+00 2.295270000000000133e-04 2.258940000000000026e-04 3.586293144000000408e-06
9.861165999999999258e+03 1.901710000000000207e+02 7.199989571667311239e+00 2.298819999999999922e-04 2.258089999999999924e-04 4.022222812499999695e-06
9.863918999999999869e+03 1.929240000000006319e+02 7.249994830292107117e+00 2.300989999999999936e-04 2.257229999999999935e-04 4.321760274899999992e-06
9.866690999999998894e+03 1.956959999999996569e+02 7.299999119448512097e+00 2.301749999999999977e-04 2.256380000000000104e-04 4.482998347799999895e-06
9.869480999999999767e+03 1.984860000000005300e+02 7.349984603921801529e+00 2.301089999999999885e-04 2.255520000000000116e-04 4.502491579200000291e-06
9.872290999999999258e+03 2.012960000000000207e+02 7.399987133614512658e+00 2.298939999999999914e-04 2.254670000000000014e-04 4.376494843599999575e-06
9.875119999999998981e+03 2.041249999999997442e+02 7.449988749989903347e+00 2.295309999999999950e-04 2.253810000000000026e-04 4.103241409800000301e-06
9.877967999999998938e+03 2.069729999999997005e+02 7.499989471314939316e+00 2.290229999999999924e-04 2.252959999999999924e-04 3.685977737599999572e-06
9.880834999999999127e+03 2.098399999999998897e+02 7.549989315372358512e+00 2.281899999999999955e-04 2.250209999999999992e-04 3.135757643400000181e-06
9.883720999999999549e+03 2.127260000000003117e+02 7.599988299476625464e+00 2.272449999999999969e-04 2.247460000000000061e-04 2.474273663200000188e-06
9.886625999999998385e+03 2.156309999999991476e+02 7.649986440489222161e+00 2.262149999999999881e-04 2.244699999999999972e-04 1.727532343500000042e-06
9.889549999999999272e+03 2.185550000000000352e+02 7.699983754833501948e+00 2.251309999999999965e-04 2.241950000000000041e-04 9.271494546999999045e-07
9.892493999999998778e+03 2.214989999999995405e+02 7.749997191971426780e+00 2.240289999999999925e-04 2.239200000000000110e-04 1.083833258400000057e-07
9.895456000000000131e+03 2.244610000000008938e+02 7.799992792027558686e+00 2.229470000000000052e-04 2.236449999999999907e-04 -6.923221713499999252e-07
9.898436999999999898e+03 2.274420000000006610e+02 7.849987613578844226e+00 2.219180000000000122e-04 2.233699999999999976e-04 -1.440019482299999932e-06
9.901438000000000102e+03 2.304430000000008647e+02 7.899998283343832028e+00 2.209740000000000022e-04 2.230939999999999887e-04 -2.103673796759999990e-06
9.904456999999998516e+03 2.334619999999992785e+02 7.949991487390438039e+00 2.201410000000000053e-04 2.228189999999999956e-04 -2.657985569099999717e-06
9.907495999999999185e+03 2.365009999999999479e+02 8.000000361760031709e+00 2.194379999999999953e-04 2.225440000000000024e-04 -3.084348568000000266e-06
9.910552999999999884e+03 2.395580000000006464e+02 8.049992009684984851e+00 2.188170000000000024e-04 2.222199999999999967e-04 -3.380321752000000191e-06
9.913629999999999200e+03 2.426349999999999625e+02 8.099999153682540864e+00 2.183400000000000000e-04 2.218959999999999910e-04 -3.533738179199999986e-06
9.916724999999998545e+03 2.457299999999993076e+02 8.149989303831929988e+00 2.180069999999999881e-04 2.215730000000000011e-04 -3.543594831700000135e-06
9.919840000000000146e+03 2.488450000000009084e+02 8.199994779347552054e+00 2.178150000000000008e-04 2.212489999999999954e-04 -3.413540196499999872e-06
9.922973999999998341e+03 2.519789999999991039e+02 8.249999394401276831e+00 2.177559999999999934e-04 2.209249999999999897e-04 -3.151649772499999474e-06
9.926125999999998385e+03 2.551309999999991476e+02 8.299987353193223782e+00 2.178159999999999894e-04 2.206010000000000111e-04 -2.770373538300000138e-06
9.929297999999998865e+03 2.583029999999995994e+02 8.349990388290772003e+00 2.179790000000000080e-04 2.202770000000000053e-04 -2.286607426200000036e-06
9.932488999999999578e+03 2.614940000000003124e+02 8.399992607346277396e+00 2.182239999999999896e-04 2.199539999999999883e-04 -1.721755921199999785e-06
9.935698999999998705e+03 2.647039999999994393e+02 8.449994024846317231e+00 2.185239999999999969e-04 2.196300000000000097e-04 -1.101424683300000031e-06
9.938927999999999884e+03 2.679330000000006180e+02 8.499994654936456229e+00 2.188500000000000070e-04 2.193060000000000040e-04 -4.546344963599999536e-07
9.942175999999999476e+03 2.711810000000002105e+02 8.549994511431027178e+00 2.192750000000000038e-04 2.190829999999999893e-04 1.910903269239999895e-07
9.945442999999999302e+03 2.744480000000000359e+02 8.599993607822977282e+00 2.196719999999999934e-04 2.188590000000000132e-04 8.093296390500001124e-07
9.948728999999999360e+03 2.777340000000000941e+02 8.649991957293050149e+00 2.200109999999999913e-04 2.186359999999999985e-04 1.370137153000000008e-06
9.952033999999999651e+03 2.810390000000003852e+02 8.699989572718800801e+00 2.202659999999999948e-04 2.184130000000000110e-04 1.846579260890000147e-06
9.955358000000000175e+03 2.843630000000009090e+02 8.749986466683264297e+00 2.204139999999999940e-04 2.181890000000000077e-04 2.216778421099999934e-06
9.958701999999999316e+03 2.877070000000000505e+02 8.799997564471196299e+00 2.204399999999999968e-04 2.179659999999999931e-04 2.465631391999999686e-06
9.962063999999998487e+03 2.910689999999992210e+02 8.849992967879067862e+00 2.203370000000000014e-04 2.177430000000000056e-04 2.585937642300000067e-06
9.965444999999999709e+03 2.944500000000004434e+02 8.899987686837684819e+00 2.201059999999999963e-04 2.175199999999999909e-04 2.578677847999999665e-06
9.968845999999999549e+03 2.978510000000002833e+02 8.949996395867998444e+00 2.197559999999999878e-04 2.172959999999999876e-04 2.452663411199999916e-06
9.972264999999999418e+03 3.012700000000001523e+02 8.999989698632392177e+00 2.193019999999999952e-04 2.170730000000000001e-04 2.223370202500000030e-06
9.975703999999999724e+03 3.047090000000004579e+02 9.049996852527790736e+00 2.188869999999999932e-04 2.169569999999999897e-04 1.925059461000000223e-06
9.979161000000000058e+03 3.081660000000007926e+02 9.099988786547374531e+00 2.184060000000000092e-04 2.168419999999999950e-04 1.560303958359999882e-06
9.982637999999999010e+03 3.116429999999997449e+02 9.149994435279580784e+00 2.178810000000000100e-04 2.167270000000000004e-04 1.152135902889999914e-06
9.986134000000000015e+03 3.151390000000007490e+02 9.199999310519000773e+00 2.173359999999999940e-04 2.166109999999999900e-04 7.233594378399999890e-07
9.989647999999999229e+03 3.186529999999999632e+02 9.249989237329071301e+00 2.167910000000000052e-04 2.164959999999999953e-04 2.950515735999999970e-07
9.993181999999998880e+03 3.221869999999996139e+02 9.299992679227871761e+00 2.162649999999999902e-04 2.163800000000000120e-04 -1.145372909200000132e-07
9.996734999999998763e+03 3.257399999999994975e+02 9.349995383647168978e+00 2.157729999999999956e-04 2.162649999999999902e-04 -4.904998332500000087e-07
1.000030699999999888e+04 3.293119999999996139e+02 9.399997362355891894e+00 2.153260000000000048e-04 2.161490000000000069e-04 -8.213856534099999776e-07
1.000389799999999923e+04 3.329029999999999632e+02 9.449998626873716390e+00 2.149329999999999969e-04 2.160340000000000123e-04 -1.098951995960000052e-06
1.000750799999999981e+04 3.365130000000005452e+02 9.499999188477623591e+00 2.145989999999999964e-04 2.159180000000000019e-04 -1.317691415319999929e-06
1.001113699999999881e+04 3.401419999999995412e+02 9.549999058208248570e+00 2.142989999999999891e-04 2.157860000000000106e-04 -1.485110461380000070e-06
1.001478499999999985e+04 3.437900000000005889e+02 9.599998246876134900e+00 2.140610000000000093e-04 2.156530000000000035e-04 -1.589972907990000144e-06
1.001845199999999932e+04 3.474570000000000505e+02 9.649996765067530902e+00 2.138870000000000072e-04 2.155210000000000123e-04 -1.631427158490000095e-06
1.002213799999999901e+04 3.511429999999997449e+02 9.699994623150352879e+00 2.137759999999999942e-04 2.153880000000000052e-04 -1.610154532800000044e-06
1.002584299999999894e+04 3.548479999999996721e+02 9.749991831279691823e+00 2.137259999999999930e-04 2.152559999999999868e-04 -1.528537161120000083e-06
1.002956699999999910e+04 3.585719999999998322e+02 9.799988399403272155e+00 2.137309999999999904e-04 2.151230000000000069e-04 -1.390785253609999949e-06
1.003331099999999969e+04 3.623160000000004288e+02 9.849997660542436861e+00 2.137870000000000048e-04 2.149909999999999885e-04 -1.203126184470000029e-06
1.003707299999999850e+04 3.660779999999992356e+02 9.899992910411349101e+00 2.138839999999999871e-04 2.148580000000000086e-04 -9.737514960600001294e-07
1.004085399999999936e+04 3.698590000000000941e+02 9.949987549602360204e+00 2.140119999999999967e-04 2.147259999999999902e-04 -7.127013611199999349e-07
1.004465499999999884e+04 3.736599999999995703e+02 9.999994710704767087e+00 2.141610000000000117e-04 2.145930000000000103e-04 -4.314435183600000211e-07
1.004847399999999834e+04 3.774789999999990755e+02 1.004998809055293663e+01 2.141950000000000050e-04 2.143369999999999911e-04 -1.415475117889999847e-07
1.005231300000000010e+04 3.813180000000008363e+02 1.009999388080129812e+01 2.142260000000000052e-04 2.140800000000000103e-04 1.459646678400000130e-07
1.005617099999999846e+04 3.851759999999991919e+02 1.014999896855825234e+01 2.142430000000000018e-04 2.138239999999999911e-04 4.186331801600000024e-07
1.006004699999999866e+04 3.890519999999993956e+02 1.019999049805906211e+01 2.142330000000000070e-04 2.135679999999999989e-04 6.648542694399999485e-07
1.006394299999999930e+04 3.929480000000000359e+02 1.024999427439310828e+01 2.141859999999999988e-04 2.133109999999999911e-04 8.745175060300000318e-07
1.006785800000000017e+04 3.968630000000009090e+02 1.029999737802058313e+01 2.140950000000000025e-04 2.130549999999999989e-04 1.039542217099999967e-06
1.007179199999999946e+04 4.007970000000001960e+02 1.034999981869143859e+01 2.139529999999999893e-04 2.127979999999999911e-04 1.154231247859999808e-06
1.007574399999999878e+04 4.047489999999995121e+02 1.039998898729445465e+01 2.137580000000000090e-04 2.125419999999999989e-04 1.215491565860000015e-06
1.007971599999999853e+04 4.087209999999992647e+02 1.044999019093385861e+01 2.135089999999999915e-04 2.122860000000000068e-04 1.222837414380000103e-06
1.008370699999999852e+04 4.127119999999992501e+02 1.049999075918283076e+01 2.132079999999999956e-04 2.120289999999999989e-04 1.178276957350000115e-06
1.008771699999999873e+04 4.167219999999994684e+02 1.054999070107546366e+01 2.128590000000000028e-04 2.117730000000000068e-04 1.086092654609999987e-06
1.009174599999999919e+04 4.207509999999999195e+02 1.059999002547529479e+01 2.124689999999999879e-04 2.115169999999999876e-04 9.524525903200000020e-07
1.009579399999999987e+04 4.247990000000006034e+02 1.064998874107929261e+01 2.120450000000000069e-04 2.112600000000000068e-04 7.850442726000000027e-07
1.009986199999999917e+04 4.288669999999999050e+02 1.069999912130323594e+01 2.115960000000000117e-04 2.110039999999999876e-04 5.926384946400000240e-07
1.010394799999999850e+04 4.329529999999992356e+02 1.074999658771645983e+01 2.111319999999999972e-04 2.107470000000000068e-04 3.846132750000000225e-07
1.010805299999999988e+04 4.370580000000006180e+02 1.079999347099268014e+01 2.106619999999999966e-04 2.104909999999999876e-04 1.705505432409999975e-07
1.011217699999999968e+04 4.411820000000004143e+02 1.084998977919316232e+01 2.101940000000000004e-04 2.102349999999999954e-04 -4.020639257500000016e-08
1.011632099999999991e+04 4.453260000000006471e+02 1.089999756007047793e+01 2.097389999999999921e-04 2.099779999999999876e-04 -2.389171679600000025e-07
1.012048300000000017e+04 4.494880000000009090e+02 1.094999268674367343e+01 2.093040000000000005e-04 2.097219999999999954e-04 -4.177809045399999381e-07
1.012466499999999905e+04 4.536699999999997885e+02 1.099999919253505354e+01 2.088960000000000003e-04 2.094649999999999876e-04 -5.702140015999999474e-07
1.012886499999999978e+04 4.578700000000005161e+02 1.104999317018139138e+01 2.085549999999999980e-04 2.092530000000000106e-04 -6.978524774100000554e-07
1.013308499999999913e+04 4.620899999999998613e+02 1.109999843478247072e+01 2.082479999999999889e-04 2.090399999999999908e-04 -7.919584919999999881e-07
1.013732299999999850e+04 4.663279999999992356e+02 1.114999129472944439e+01 2.079770000000000045e-04 2.088269999999999981e-04 -8.497859759100000518e-07
1.014158100000000013e+04 4.705860000000008654e+02 1.119999535083594466e+01 2.077439999999999951e-04 2.086140000000000054e-04 -8.701602861000000576e-07
1.014585800000000017e+04 4.748630000000009090e+02 1.124999878855521018e+01 2.075479999999999990e-04 2.084010000000000127e-04 -8.534625312900000366e-07
1.015015299999999843e+04 4.791579999999991628e+02 1.129999000245094898e+01 2.073870000000000119e-04 2.081879999999999929e-04 -8.015779288799999557e-07
1.015446799999999894e+04 4.834729999999996721e+02 1.134999227904249786e+01 2.072569999999999979e-04 2.079759999999999888e-04 -7.177709307199999616e-07
1.015880199999999968e+04 4.878070000000004143e+02 1.139999396099402773e+01 2.071560000000000068e-04 2.077629999999999961e-04 -6.065246035299999788e-07
1.016315499999999884e+04 4.921599999999995703e+02 1.144999505609582258e+01 2.070759999999999940e-04 2.075500000000000034e-04 -4.733530584999999643e-07
1.016752700000000004e+04 4.965320000000007781e+02 1.149999557200265876e+01 2.070119999999999892e-04 2.073370000000000107e-04 -3.245840001299999863e-07
1.017191799999999967e+04 5.009230000000003997e+02 1.154999551623658682e+01 2.069569999999999906e-04 2.071239999999999908e-04 -1.670983226199999885e-07
1.017632799999999952e+04 5.053330000000002542e+02 1.159999489618994417e+01 2.069030000000000077e-04 2.069109999999999981e-04 -8.054258968199999588e-09
1.018075699999999961e+04 5.097620000000003415e+02 1.164999371912806048e+01 2.068440000000000003e-04 2.066989999999999941e-04 1.454133665969999756e-07
1.018520499999999993e+04 5.142100000000007185e+02 1.169999199219199504e+01 2.067729999999999937e-04 2.064860000000000014e-04 2.865220384600000176e-07
1.018967199999999866e+04 5.186769999999994525e+02 1.174998972240115869e+01 2.066830000000000132e-04 2.062730000000000086e-04 4.091837501000000343e-07
1.019415899999999965e+04 5.231640000000004420e+02 1.179999803820086335e+01 2.065690000000000072e-04 2.060599999999999888e-04 5.083273533999999600e-07
1.019866399999999885e+04 5.276689999999996417e+02 1.184999465636193072e+01 2.064280000000000097e-04 2.058469999999999961e-04 5.801838864400000119e-07
1.020318799999999828e+04 5.321929999999990741e+02 1.189999075241705384e+01 2.062579999999999893e-04 2.056340000000000034e-04 6.224973011399999602e-07
1.020773199999999997e+04 5.367370000000007622e+02 1.194999731486378813e+01 2.060580000000000116e-04 2.054219999999999993e-04 6.346409979000000224e-07
1.021229399999999987e+04 5.412990000000006603e+02 1.199999234050350871e+01 2.058279999999999951e-04 2.052090000000000066e-04 6.175826417700000124e-07
1.021687599999999838e+04 5.458809999999991760e+02 1.204999775455864253e+01 2.055699999999999986e-04 2.049890000000000121e-04 5.801619176900000209e-07
1.022147599999999875e+04 5.504809999999995398e+02 1.209999173664368399e+01 2.052869999999999879e-04 2.047689999999999905e-04 5.171891586800000127e-07
1.022609599999999955e+04 5.551010000000003402e+02 1.214999603023216501e+01 2.049829999999999990e-04 2.045489999999999960e-04 4.326824996999999851e-07
1.023073499999999876e+04 5.597399999999995543e+02 1.219999975163982775e+01 2.046620000000000134e-04 2.043290000000000015e-04 3.315994042299999781e-07
1.023539199999999983e+04 5.643970000000006166e+02 1.224999219487988000e+01 2.043290000000000015e-04 2.041090000000000070e-04 2.194947364199999796e-07
1.024006899999999951e+04 5.690740000000002965e+02 1.229999483638340863e+01 2.039920000000000080e-04 2.038890000000000125e-04 1.021640884529999989e-07
1.024476499999999942e+04 5.737700000000002092e+02 1.234999692603370569e+01 2.036549999999999873e-04 2.036700000000000066e-04 -1.468733617800000240e-08
1.024947999999999956e+04 5.784850000000003547e+02 1.239999847050670034e+01 2.033240000000000069e-04 2.034500000000000121e-04 -1.257398311000000037e-07
1.025421399999999994e+04 5.832190000000007331e+02 1.244999947637099247e+01 2.030029999999999942e-04 2.032299999999999905e-04 -2.262844111999999887e-07
1.025896699999999873e+04 5.879719999999995252e+02 1.249999995009000209e+01 2.026970000000000009e-04 2.030099999999999960e-04 -3.123816375000000062e-07
1.026373899999999958e+04 5.927440000000003693e+02 1.254999989802412586e+01 2.024080000000000041e-04 2.027900000000000015e-04 -3.809673777000000089e-07
1.026852999999999884e+04 5.975349999999996271e+02 1.259999932643266618e+01 2.021389999999999971e-04 2.025700000000000070e-04 -4.298859512000000131e-07
1.027334000000000015e+04 6.023450000000009368e+02 1.264999824147597351e+01 2.018909999999999954e-04 2.023500000000000125e-04 -4.579119795000000359e-07
1.027816899999999987e+04 6.071740000000006603e+02 1.269999664921724758e+01 2.016649999999999877e-04 2.021299999999999909e-04 -4.647352746999999656e-07
1.028301699999999983e+04 6.120220000000006166e+02 1.274999455562457662e+01 2.014589999999999968e-04 2.019110000000000121e-04 -4.509197598600000056e-07
1.028788400000000001e+04 6.168890000000008058e+02 1.279999196657273153e+01 2.012720000000000069e-04 2.016909999999999905e-04 -4.178714814399999941e-07
1.029277099999999882e+04 6.217759999999996126e+02 1.284999910062373907e+01 2.011019999999999865e-04 2.014709999999999960e-04 -3.677812810800000018e-07
1.029767599999999948e+04 6.266810000000002674e+02 1.289999549833204462e+01 2.009470000000000125e-04 2.012510000000000015e-04 -3.035307832200000265e-07
1.030259999999999854e+04 6.316049999999993361e+02 1.294999141796957609e+01 2.008020000000000063e-04 2.010310000000000070e-04 -2.285742573100000016e-07
1.030754399999999987e+04 6.365490000000006603e+02 1.299999695999270699e+01 2.006640000000000019e-04 2.008110000000000125e-04 -1.467900296460000059e-07
1.031250599999999940e+04 6.415110000000001946e+02 1.304999190127734465e+01 2.004560000000000066e-04 2.005189999999999956e-04 -6.308748829899999442e-08
1.031748799999999937e+04 6.464930000000001655e+02 1.309999639896224366e+01 2.002469999999999955e-04 2.002270000000000059e-04 2.030481984300000242e-08
1.032248899999999958e+04 6.514940000000003693e+02 1.315000036425042218e+01 2.000349999999999915e-04 1.999349999999999890e-04 9.955643363999998031e-08
1.032750799999999981e+04 6.565130000000006021e+02 1.319999386121069129e+01 1.998140000000000083e-04 1.996429999999999993e-04 1.711617299770000190e-07
1.033254699999999866e+04 6.615519999999994525e+02 1.324999681728444756e+01 1.995830000000000032e-04 1.993499999999999938e-04 2.321231399999999719e-07
1.033760499999999956e+04 6.666100000000003547e+02 1.329999925855785392e+01 1.993390000000000103e-04 1.990580000000000040e-04 2.801044647000000122e-07
1.034268099999999868e+04 6.716859999999994670e+02 1.334999136053959212e+01 1.990799999999999981e-04 1.987659999999999872e-04 3.135155994599999703e-07
1.034777700000000004e+04 6.767820000000008349e+02 1.339999282616073906e+01 1.988059999999999936e-04 1.984739999999999974e-04 3.315647101799999788e-07
1.035289199999999983e+04 6.818970000000006166e+02 1.344999379380449156e+01 1.985169999999999968e-04 1.981820000000000077e-04 3.342418702800000428e-07
1.035802599999999984e+04 6.870310000000006312e+02 1.349999426900405730e+01 1.982130000000000079e-04 1.978899999999999908e-04 3.222539704999999674e-07
1.036317900000000009e+04 6.921840000000008786e+02 1.354999425721090311e+01 1.978949999999999882e-04 1.975970000000000124e-04 2.969388917499999874e-07
1.036835099999999875e+04 6.973559999999995398e+02 1.359999376379625602e+01 1.975660000000000122e-04 1.973049999999999956e-04 2.601466425000000069e-07
1.037354199999999946e+04 7.025470000000002528e+02 1.364999279405264687e+01 1.972280000000000029e-04 1.970130000000000058e-04 2.141019076200000334e-07
1.037875199999999859e+04 7.077569999999993797e+02 1.369999135319522132e+01 1.968829999999999918e-04 1.967209999999999890e-04 1.612771872669999908e-07
1.038398199999999997e+04 7.129870000000007622e+02 1.374999899066882669e+01 1.965330000000000104e-04 1.964289999999999992e-04 1.042788525169999888e-07
1.038922999999999956e+04 7.182350000000003547e+02 1.379999658834792697e+01 1.961820000000000133e-04 1.961370000000000095e-04 4.572639949500000613e-08
1.039449699999999939e+04 7.235020000000001801e+02 1.384999373035879877e+01 1.958329999999999934e-04 1.958440000000000040e-04 -1.184531098959999983e-08
1.039978399999999965e+04 7.287890000000004420e+02 1.389999986292721168e+01 1.954860000000000050e-04 1.955519999999999871e-04 -6.607428307200000493e-08
1.040508899999999994e+04 7.340940000000007331e+02 1.394999607444483125e+01 1.951450000000000027e-04 1.952599999999999974e-04 -1.148501746599999945e-07
1.041041299999999865e+04 7.394179999999994379e+02 1.399999184507685257e+01 1.948110000000000022e-04 1.949680000000000076e-04 -1.563803233759999983e-07
1.041575699999999961e+04 7.447620000000003984e+02 1.404999652004390676e+01 1.945449999999999881e-04 1.947370000000000025e-04 -1.917129291270000154e-07
1.042111899999999878e+04 7.501239999999995689e+02 1.409999138983865308e+01 1.942889999999999960e-04 1.945070000000000132e-04 -2.177447512900000122e-07
1.042650099999999838e+04 7.555059999999991760e+02 1.414999510740682886e+01 1.940420000000000100e-04 1.942769999999999968e-04 -2.335947792600000063e-07
1.043190200000000004e+04 7.609070000000008349e+02 1.419999833743982087e+01 1.938069999999999962e-04 1.940459999999999917e-04 -2.388376381800000018e-07
1.043732099999999991e+04 7.663260000000007039e+02 1.424999187565385839e+01 1.935809999999999885e-04 1.938160000000000024e-04 -2.335192075999999948e-07
1.044275999999999840e+04 7.717649999999991905e+02 1.429999417814365792e+01 1.933659999999999914e-04 1.935849999999999973e-04 -2.181277062999999836e-07
1.044821799999999894e+04 7.772229999999997290e+02 1.434999600805615394e+01 1.931609999999999892e-04 1.933550000000000080e-04 -1.935870260000000132e-07
1.045369499999999971e+04 7.827000000000005002e+02 1.439999737031419258e+01 1.929629999999999887e-04 1.931240000000000029e-04 -1.611971265680000099e-07
1.045919099999999889e+04 7.881959999999996853e+02 1.444999826977243274e+01 1.927710000000000014e-04 1.928939999999999865e-04 -1.225824009539999741e-07
1.046470599999999831e+04 7.937109999999991032e+02 1.449999871121855932e+01 1.925829999999999957e-04 1.926630000000000085e-04 -7.961567279400000699e-08
1.047023999999999978e+04 7.992450000000005730e+02 1.454999869937440948e+01 1.923980000000000102e-04 1.924329999999999921e-04 -3.434101588099999852e-08
1.047579299999999967e+04 8.047980000000004566e+02 1.459999823889704196e+01 1.922140000000000133e-04 1.922019999999999870e-04 1.112286428139999970e-08
1.048136499999999978e+04 8.103700000000005730e+02 1.464999733437993967e+01 1.920269999999999963e-04 1.919719999999999977e-04 5.467861687200000386e-08
1.048695599999999831e+04 8.159609999999991032e+02 1.469999599035402760e+01 1.918359999999999976e-04 1.917409999999999926e-04 9.435286998499998898e-08
1.049256599999999889e+04 8.215709999999996853e+02 1.474999421128880250e+01 1.916400000000000015e-04 1.915110000000000033e-04 1.283968263510000100e-07
1.049819499999999971e+04 8.272000000000005002e+02 1.479999200159327266e+01 1.914359999999999879e-04 1.912809999999999868e-04 1.553758347709999954e-07
1.050384399999999914e+04 8.328489999999999327e+02 1.484999820293695727e+01 1.912249999999999996e-04 1.910500000000000089e-04 1.742419941500000166e-07
1.050951099999999860e+04 8.385159999999993943e+02 1.489999511531759246e+01 1.910050000000000051e-04 1.908199999999999924e-04 1.843884119000000136e-07
1.051519799999999850e+04 8.442029999999992924e+02 1.495000038834715639e+01 1.907749999999999886e-04 1.905889999999999874e-04 1.856632272949999919e-07
1.052090299999999843e+04 8.499079999999992197e+02 1.499999644053035652e+01 1.905379999999999975e-04 1.903589999999999980e-04 1.783679058720000100e-07
1.052662699999999859e+04 8.556319999999993797e+02 1.504999208364607632e+01 1.902299999999999998e-04 1.900650000000000039e-04 1.643651709599999954e-07
1.053237099999999919e+04 8.613759999999999764e+02 1.509999601276538961e+01 1.899159999999999889e-04 1.897719999999999984e-04 1.435515112239999939e-07
1.053813400000000001e+04 8.671390000000008058e+02 1.514999948352456727e+01 1.895970000000000077e-04 1.894789999999999929e-04 1.171188646899999882e-07
1.054391499999999905e+04 8.729199999999998454e+02 1.519999386662078678e+01 1.892730000000000020e-04 1.891859999999999874e-04 8.647521792599999403e-08
1.054971599999999853e+04 8.787209999999993215e+02 1.524999646248021534e+01 1.889460000000000033e-04 1.888930000000000090e-04 5.316355706400000280e-08
1.055553600000000006e+04 8.845410000000008495e+02 1.529999861318791687e+01 1.886179999999999888e-04 1.885989999999999878e-04 1.878068842000000082e-08
1.056137500000000000e+04 8.903800000000007913e+02 1.535000032309406492e+01 1.882909999999999901e-04 1.883060000000000094e-04 -1.510018281759999957e-08
1.056723199999999997e+04 8.962370000000007622e+02 1.539999307479307689e+01 1.879659999999999957e-04 1.880130000000000039e-04 -4.700099384399999976e-08
1.057310899999999856e+04 9.021139999999993506e+02 1.544999394350029398e+01 1.876439999999999944e-04 1.877199999999999984e-04 -7.559991243999999988e-08
1.057900499999999920e+04 9.080099999999999909e+02 1.549999438394286955e+01 1.873269999999999905e-04 1.874269999999999929e-04 -9.978069941700000293e-08
1.058491999999999825e+04 9.139249999999990450e+02 1.554999440025197188e+01 1.870150000000000111e-04 1.871329999999999988e-04 -1.186709533490000000e-07
1.059085399999999936e+04 9.198590000000001510e+02 1.559999399650584273e+01 1.867080000000000020e-04 1.868399999999999933e-04 -1.316683900800000087e-07
1.059680699999999888e+04 9.258119999999996708e+02 1.564999317673051138e+01 1.864079999999999947e-04 1.865469999999999878e-04 -1.384492138959999777e-07
1.060277999999999884e+04 9.317849999999996271e+02 1.570000030376558620e+01 1.861149999999999892e-04 1.862540000000000094e-04 -1.389698832740000231e-07
1.060877099999999882e+04 9.377759999999996126e+02 1.574999863727037663e+01 1.858270000000000082e-04 1.859610000000000039e-04 -1.334571431820000018e-07
1.061478099999999904e+04 9.437859999999998308e+02 1.579999656668763386e+01 1.855450000000000133e-04 1.856670000000000098e-04 -1.223868590580000127e-07
1.062080999999999949e+04 9.498150000000002819e+02 1.584999409584136920e+01 1.852679999999999887e-04 1.853740000000000043e-04 -1.064621419400000006e-07
1.062685899999999856e+04 9.558639999999993506e+02 1.589999948222973103e+01 1.849940000000000113e-04 1.850809999999999988e-04 -8.657404380299999442e-08
1.063292599999999948e+04 9.619310000000002674e+02 1.594999619626465837e+01 1.847239999999999885e-04 1.847879999999999933e-04 -6.376516473599999226e-08
1.063901199999999881e+04 9.680169999999995980e+02 1.599999252138421646e+01 1.844550000000000085e-04 1.844949999999999878e-04 -3.917935820000000133e-08
1.064511799999999857e+04 9.741229999999993652e+02 1.604999663780897734e+01 1.842009999999999936e-04 1.842160000000000130e-04 -1.452130516160000070e-08
1.065124299999999857e+04 9.802479999999993652e+02 1.610000032175624085e+01 1.839470000000000059e-04 1.839370000000000111e-04 9.803713344100000364e-09
1.065738599999999860e+04 9.863909999999993943e+02 1.614999545128956981e+01 1.836909999999999867e-04 1.836580000000000092e-04 3.274750700599999907e-08
1.066354899999999907e+04 9.925539999999998599e+02 1.619999830736508173e+01 1.834329999999999902e-04 1.833790000000000073e-04 5.335980479900000482e-08
1.066972999999999956e+04 9.987350000000003547e+02 1.624999266676266174e+01 1.831720000000000006e-04 1.831009999999999940e-04 7.083317115299999269e-08
1.067593099999999868e+04 1.004935999999999467e+03 1.629999471002624389e+01 1.829059999999999866e-04 1.828219999999999921e-04 8.453597868999999675e-08
1.068215099999999984e+04 1.011156000000000631e+03 1.634999634010571157e+01 1.826370000000000066e-04 1.825429999999999902e-04 9.403939950899999555e-08
1.068838999999999942e+04 1.017395000000000209e+03 1.639999756078028526e+01 1.823630000000000021e-04 1.822639999999999883e-04 9.912719262399998044e-08
1.069464799999999923e+04 1.023653000000000020e+03 1.644999837578324531e+01 1.820849999999999888e-04 1.819850000000000135e-04 9.979493246500001091e-08
1.070092499999999927e+04 1.029930000000000064e+03 1.649999878880258208e+01 1.818029999999999939e-04 1.817070000000000002e-04 9.623893206600001039e-08
1.070722099999999955e+04 1.036226000000000340e+03 1.654999880348167807e+01 1.815169999999999902e-04 1.814279999999999983e-04 8.883132164400000633e-08
1.071353600000000006e+04 1.042541000000000849e+03 1.659999842341998999e+01 1.812270000000000048e-04 1.811489999999999964e-04 7.809532653900000948e-08
1.071986999999999898e+04 1.048874999999999773e+03 1.664999765217370253e+01 1.809349999999999880e-04 1.808699999999999945e-04 6.466880240999998971e-08
1.072622299999999996e+04 1.055228000000000748e+03 1.669999649325643176e+01 1.806409999999999938e-04 1.805909999999999926e-04 4.926992016599999973e-08
1.073259499999999935e+04 1.061600000000000136e+03 1.674999495013974382e+01 1.803449999999999953e-04 1.803119999999999907e-04 3.266045349599999934e-08
1.073898599999999897e+04 1.067990999999999758e+03 1.679999302625390101e+01 1.800489999999999968e-04 1.800340000000000046e-04 1.561060411279999909e-08
1.074539699999999903e+04 1.074401999999999816e+03 1.684999851336750964e+01 1.797539999999999869e-04 1.797550000000000027e-04 -1.135523120300000071e-09
1.075182599999999911e+04 1.080830999999999904e+03 1.689999581503042947e+01 1.794590000000000041e-04 1.794760000000000008e-04 -1.688966077039999899e-08
1.075827399999999943e+04 1.087279000000000224e+03 1.694999274610900386e+01 1.791659999999999987e-04 1.791969999999999989e-04 -3.104749302299999682e-08
1.076474199999999837e+04 1.093746999999999161e+03 1.699999702953162384e+01 1.788749999999999975e-04 1.789179999999999970e-04 -4.311029210000000235e-08
1.077122799999999916e+04 1.100232999999999947e+03 1.704999320657553596e+01 1.785900000000000096e-04 1.786430000000000038e-04 -5.325437151499999984e-08
1.077773399999999856e+04 1.106738999999999351e+03 1.709999669737669947e+01 1.783079999999999876e-04 1.783689999999999993e-04 -6.072055334899999220e-08
1.078425899999999820e+04 1.113263999999998987e+03 1.714999978582679674e+01 1.780279999999999970e-04 1.780940000000000062e-04 -6.533218105400000517e-08
1.079080199999999968e+04 1.119807000000000471e+03 1.719999484554213609e+01 1.777519999999999881e-04 1.778190000000000131e-04 -6.703527353399999901e-08
1.079736499999999978e+04 1.126370000000000573e+03 1.724999716189330812e+01 1.774780000000000107e-04 1.775439999999999928e-04 -6.589119454399999499e-08
1.080394700000000012e+04 1.132952000000000908e+03 1.729999908617111259e+01 1.772069999999999993e-04 1.772689999999999997e-04 -6.206896765999999677e-08
1.081054699999999866e+04 1.139551999999999452e+03 1.734999305783625800e+01 1.769379999999999922e-04 1.769940000000000066e-04 -5.583364227000000447e-08
1.081716699999999946e+04 1.146172000000000253e+03 1.739999422983371247e+01 1.766709999999999895e-04 1.767190000000000134e-04 -4.753423005800000654e-08
1.082380599999999868e+04 1.152810999999999467e+03 1.744999501968608868e+01 1.764059999999999912e-04 1.764439999999999932e-04 -3.758945331599999630e-08
1.083046399999999994e+04 1.159469000000000733e+03 1.749999543066898866e+01 1.761429999999999973e-04 1.761690000000000001e-04 -2.647326796799999617e-08
1.083714099999999962e+04 1.166146000000000413e+03 1.754999546602061855e+01 1.758789999999999876e-04 1.758940000000000069e-04 -1.469773781879999995e-08
1.084383699999999953e+04 1.172842000000000326e+03 1.759999512894239260e+01 1.756159999999999937e-04 1.756189999999999867e-04 -2.793413375899999818e-09
1.085055199999999968e+04 1.179557000000000471e+03 1.764999442259942697e+01 1.753529999999999998e-04 1.753439999999999936e-04 8.711686089600000154e-09
1.085728600000000006e+04 1.186291000000000849e+03 1.769999335012103003e+01 1.750889999999999901e-04 1.750690000000000004e-04 1.931571290799999972e-08
1.086403999999999905e+04 1.193044999999999845e+03 1.774999930807606319e+01 1.748230000000000031e-04 1.747940000000000073e-04 2.856693300800000330e-08
1.087081199999999990e+04 1.199817000000000689e+03 1.779999749180669255e+01 1.745560000000000004e-04 1.745200000000000028e-04 3.608776915999999850e-08
1.087760299999999916e+04 1.206607999999999947e+03 1.784999531869660672e+01 1.742860000000000047e-04 1.742450000000000097e-04 4.159472093000000276e-08
1.088441399999999885e+04 1.213418999999999642e+03 1.790000012325396739e+01 1.740149999999999933e-04 1.739699999999999894e-04 4.491505268999999927e-08
1.089124299999999857e+04 1.220247999999999365e+03 1.794999722497873762e+01 1.737409999999999888e-04 1.736949999999999963e-04 4.599582556000000170e-08
1.089809099999999853e+04 1.227095999999999322e+03 1.799999397884732133e+01 1.734650000000000070e-04 1.734200000000000032e-04 4.490416085999999696e-08
1.090495899999999892e+04 1.233963999999999714e+03 1.804999765834250525e+01 1.731530000000000005e-04 1.731109999999999897e-04 4.240042345199999631e-08
1.091184499999999935e+04 1.240850000000000136e+03 1.809999370505557081e+01 1.728400000000000054e-04 1.728020000000000033e-04 3.810888907000000218e-08
1.091875100000000020e+04 1.247756000000000995e+03 1.814999664313377892e+01 1.725259999999999945e-04 1.724929999999999899e-04 3.231483861999999638e-08
1.092567599999999948e+04 1.254681000000000267e+03 1.819999920511059344e+01 1.722100000000000063e-04 1.721840000000000035e-04 2.536735216799999974e-08
1.093261899999999878e+04 1.261623999999999569e+03 1.824999420316445153e+01 1.718930000000000024e-04 1.718760000000000058e-04 1.765458709199999947e-08
1.093958199999999852e+04 1.268586999999999307e+03 1.829999604182691897e+01 1.715759999999999985e-04 1.715669999999999923e-04 9.577830715200000052e-09
1.094656399999999849e+04 1.275568999999999278e+03 1.834999751345401720e+01 1.712589999999999946e-04 1.712580000000000059e-04 1.528203637200000077e-09
1.095356499999999869e+04 1.282569999999999482e+03 1.839999862103797668e+01 1.709430000000000064e-04 1.709489999999999925e-04 -6.134231346600000484e-09
1.096058499999999913e+04 1.289589999999999918e+03 1.844999936753855607e+01 1.706269999999999911e-04 1.706400000000000061e-04 -1.309593744000000117e-08
1.096762399999999980e+04 1.296629000000000588e+03 1.849999975588350765e+01 1.703119999999999916e-04 1.703309999999999926e-04 -1.910023701599999750e-08
1.097468199999999888e+04 1.303686999999999671e+03 1.854999978896898227e+01 1.699989999999999965e-04 1.700229999999999949e-04 -2.395284023999999753e-08
1.098175899999999820e+04 1.310763999999998987e+03 1.859999946965998063e+01 1.696860000000000013e-04 1.697140000000000085e-04 -2.752285880800000352e-08
1.098885499999999956e+04 1.317860000000000355e+03 1.864999880079077599e+01 1.693750000000000106e-04 1.694049999999999950e-04 -2.974091120499999867e-08
1.099596999999999935e+04 1.324975000000000136e+03 1.869999778516526234e+01 1.690650000000000085e-04 1.690960000000000087e-04 -3.059623024000000140e-08
1.100310399999999936e+04 1.332109000000000151e+03 1.874999642555744828e+01 1.687570000000000107e-04 1.687869999999999952e-04 -3.013084251799999743e-08
1.101025699999999961e+04 1.339262000000000398e+03 1.879999472471179800e+01 1.684500000000000016e-04 1.684780000000000088e-04 -2.843554836200000323e-08
1.101742999999999847e+04 1.346434999999999263e+03 1.884999964736870126e+01 1.681440000000000083e-04 1.681689999999999954e-04 -2.564375447199999982e-08
1.102462099999999919e+04 1.353625999999999976e+03 1.889999725374743278e+01 1.678390000000000036e-04 1.678609999999999976e-04 -2.192701098599999983e-08
1.103183099999999831e+04 1.360835999999999103e+03 1.894999452704573883e+01 1.675339999999999989e-04 1.675520000000000113e-04 -1.748706713600000163e-08
1.103906099999999969e+04 1.368066000000000486e+03 1.899999837695523297e+01 1.672300000000000099e-04 1.672429999999999978e-04 -1.255088472939999975e-08
1.104630899999999929e+04 1.375314000000000078e+03 1.904999497382586071e+01 1.669610000000000029e-04 1.669680000000000047e-04 -7.503909249599999196e-09
1.105357699999999932e+04 1.382582000000000107e+03 1.909999811641651135e+01 1.666910000000000071e-04 1.666930000000000115e-04 -2.328917910900000066e-09
1.106086299999999937e+04 1.389868000000000166e+03 1.914999404753665502e+01 1.664210000000000114e-04 1.664179999999999913e-04 2.747461329199999997e-09
1.106816899999999987e+04 1.397174000000000660e+03 1.919999649375225559e+01 1.661509999999999886e-04 1.661439999999999868e-04 7.504408806399999146e-09
1.107549399999999878e+04 1.404498999999999569e+03 1.924999858693634280e+01 1.658809999999999929e-04 1.658689999999999937e-04 1.173725535179999860e-08
1.108283799999999974e+04 1.411843000000000529e+03 1.930000032983281955e+01 1.656089999999999928e-04 1.655940000000000005e-04 1.526813110679999893e-08
1.109019999999999891e+04 1.419204999999999700e+03 1.934999494303017897e+01 1.653369999999999927e-04 1.653190000000000074e-04 1.795595786600000180e-08
1.109758199999999852e+04 1.426586999999999307e+03 1.939999601094996962e+01 1.650640000000000039e-04 1.650439999999999872e-04 1.970476820399999628e-08
1.110498300000000017e+04 1.433988000000000966e+03 1.944999673655498640e+01 1.647899999999999994e-04 1.647689999999999940e-04 2.046925286999999791e-08
1.111240299999999843e+04 1.441407999999999220e+03 1.949999712247841188e+01 1.645150000000000063e-04 1.644949999999999895e-04 2.025805273500000066e-08
1.111984199999999873e+04 1.448846999999999525e+03 1.954999717132657011e+01 1.642389999999999974e-04 1.642199999999999964e-04 1.913228687999999966e-08
1.112729999999999927e+04 1.456305000000000064e+03 1.959999688567909004e+01 1.639619999999999999e-04 1.639450000000000033e-04 1.720127334500000083e-08
1.113477699999999822e+04 1.463781999999999016e+03 1.964999626808936739e+01 1.636850000000000024e-04 1.636700000000000101e-04 1.461391426300000127e-08
1.114227299999999923e+04 1.471278000000000020e+03 1.969999532108485951e+01 1.634069999999999891e-04 1.633949999999999899e-04 1.154784358799999822e-08
1.114978799999999865e+04 1.478792999999999438e+03 1.974999404716739093e+01 1.631290000000000030e-04 1.631210000000000125e-04 8.196308262800000483e-09
1.115732299999999850e+04 1.486327999999999292e+03 1.979999907680209859e+01 1.628509999999999897e-04 1.628459999999999923e-04 4.754060985600000177e-09
1.116487600000000020e+04 1.493881000000000995e+03 1.984999713976887392e+01 1.625719999999999878e-04 1.625709999999999991e-04 1.404397220570000082e-09
1.117244799999999850e+04 1.501452999999999292e+03 1.989999488326172639e+01 1.622940000000000016e-04 1.622960000000000060e-04 -1.692666132000000128e-09
1.118003999999999905e+04 1.509044999999999845e+03 1.994999888783677733e+01 1.620170000000000041e-04 1.620210000000000129e-04 -4.408980260400000690e-09
1.118764999999999964e+04 1.516655000000000427e+03 1.999999598311923421e+01 1.617400000000000066e-04 1.617459999999999926e-04 -6.653486408399999719e-09
