# r  chir_mag  chir_re  chir_im
0.000000000000000000e+00 1.007332684598402812e-02 -1.007332684598402812e-02 0.000000000000000000e+00
3.067961575771282340e-02 1.039494738074945440e-02 -1.033267865517659319e-02 1.136082240600557553e-03
6.135923151542564680e-02 1.121925143448990712e-02 -1.085209881696628381e-02 2.846674202837899247e-03
9.203884727313846326e-02 1.223486600161301056e-02 -1.101061089907174641e-02 5.334640916375574249e-03
1.227184630308512936e-01 1.313610314136967779e-02 -1.019855350138170608e-02 8.279294186110144199e-03
1.533980787885641239e-01 1.371001885324204216e-02 -8.189813006702259188e-03 1.099507070789009291e-02
1.840776945462769265e-01 1.385922548330136526e-02 -5.292282950863901221e-03 1.280897623407059073e-02
2.147573103039897569e-01 1.361180961695515786e-02 -2.185492086068652022e-03 1.343521437826595416e-02
2.454369260617025872e-01 1.313303259099516361e-02 4.617763553662259800e-04 1.312491171908466113e-02
2.761165418194154175e-01 1.272165804765619176e-02 2.369875426229808846e-03 1.249897091546530586e-02
3.067961575771282479e-01 1.273719579496909379e-02 3.797623375287781725e-03 1.215788688131478820e-02
3.374757733348410782e-01 1.341657508874905848e-02 5.368632127127927027e-03 1.229562020378035560e-02
3.681553890925538530e-01 1.470476157080231536e-02 7.668848876071995141e-03 1.254666369080298036e-02
3.988350048502666834e-01 1.629631202802267476e-02 1.084527831877599678e-02 1.216345855022179547e-02
4.295146206079795137e-01 1.781277734476222410e-02 1.443918138869611408e-02 1.043096723982997118e-02
4.601942363656923440e-01 1.893132569460645800e-02 1.755464630594810727e-02 7.087276319456516788e-03
4.908738521234051744e-01 1.943516833375582425e-02 1.927177521658407500e-02 2.514845554478643917e-03
5.215534678811180047e-01 1.922560226292925264e-02 1.907517902358064205e-02 -2.400276565460651192e-03
5.522330836388308350e-01 1.831596106234082907e-02 1.706520808805617531e-02 -6.652300545565226556e-03
5.829126993965436654e-01 1.680790353179355268e-02 1.385368461183272490e-02 -9.517407410106353688e-03
6.135923151542564957e-01 1.484452575107700172e-02 1.023697349623816505e-02 -1.075008457695592057e-02
6.442719309119693261e-01 1.254002985864414305e-02 6.869617327065216661e-03 -1.049098215780448068e-02
6.749515466696821564e-01 9.906012258244020416e-03 4.148131721587164367e-03 -8.995670185197047683e-03
7.056311624273949867e-01 6.836593041803116708e-03 2.360791237523134512e-03 -6.416047782869512515e-03
7.363107781851077061e-01 3.444919801334401024e-03 1.958976873726042331e-03 -2.833704650423609760e-03
7.669903939428205364e-01 3.958410915940737199e-03 3.689626879542474112e-03 1.433760952598601849e-03
7.976700097005333667e-01 1.000131227499106122e-02 8.384724491469980681e-03 5.451847615628150137e-03
8.283496254582461971e-01 1.806227799712087356e-02 1.641820934506523291e-02 7.529162526263430237e-03
8.590292412159590274e-01 2.765744228565214513e-02 2.709419576647888184e-02 5.553257562178877046e-03
8.897088569736718577e-01 3.842605328041544255e-02 3.836172744839836529e-02 -2.222484619547676014e-03
9.203884727313846881e-01 4.988036589909017327e-02 4.715265791659624395e-02 -1.626891986665282910e-02
9.510680884890975184e-01 6.144023104420248682e-02 5.033035594184233352e-02 -3.523857632669682993e-02
9.817477042468103487e-01 7.252484621952839938e-02 4.587088257905898997e-02 -5.617575500680364181e-02
1.012427320004523068e+00 8.268215445301317634e-02 3.368747571236468258e-02 -7.550822898943378159e-02
1.043106935762236009e+00 9.174875224607294266e-02 1.560609372056968175e-02 -9.041174358177189729e-02
1.073786551519948729e+00 1.000208239551614309e-01 -5.602357733732622053e-03 -9.986380131205041533e-02
1.104466167277661670e+00 1.083798399675421076e-01 -2.771323564713770379e-02 -1.047767449454135996e-01
1.135145783035374389e+00 1.182579796583230897e-01 -5.029151348878163619e-02 -1.070313665421312316e-01
1.165825398793087331e+00 1.313165940165069434e-01 -7.495202385816013280e-02 -1.078250526717325769e-01
1.196505014550800050e+00 1.488826603808675320e-01 -1.043574013690336671e-01 -1.061865308859233359e-01
1.227184630308512991e+00 1.714751044847435957e-01 -1.403463094422575386e-01 -9.852220503009372077e-02
1.257864246066225711e+00 1.987459566289568047e-01 -1.821161816048789961e-01 -7.958424262388820447e-02
1.288543861823938652e+00 2.298021585977947923e-01 -2.254528303096697828e-01 -4.449779097399393646e-02
1.319223477581651371e+00 2.636624281812698922e-01 -2.635037365611120896e-01 9.146412016487815919e-03
1.349903093339364313e+00 2.996905134624454625e-01 -2.887459706813745863e-01 8.025065902941232177e-02
1.380582709097077032e+00 3.379606442198405669e-01 -2.950546768187998214e-01 1.648033213525844365e-01
1.411262324854789973e+00 3.795187139566612022e-01 -2.786000411724071646e-01 2.577139330770671921e-01
1.441941940612502693e+00 4.264511747063806091e-01 -2.369039457721211495e-01 3.545943102843753247e-01
1.472621556370215412e+00 4.816479874318456145e-01 -1.665657886498866924e-01 4.519298859874046892e-01
1.503301172127928353e+00 5.482240378584287699e-01 -6.133168307798936292e-02 5.447825440821512100e-01
1.533980787885641073e+00 6.287474214545372142e-01 8.738066169925549909e-02 6.226459185979859035e-01
1.564660403643354014e+00 7.245664393468576048e-01 2.861422349269401866e-01 6.656719510530687556e-01
1.595340019401066733e+00 8.354661497934618986e-01 5.318521771285501520e-01 6.443112207111814094e-01
1.626019635158779675e+00 9.596759658212581368e-01 8.034879524075582147e-01 5.247714452129368379e-01
1.656699250916492394e+00 1.094098843568505952e+00 1.057525664419692646e+00 2.805204958494645351e-01
1.687378866674205335e+00 1.234624383059764963e+00 1.231119715637009504e+00 -9.296027654624336445e-02
1.718058482431918055e+00 1.376450120277503242e+00 1.254897029506325756e+00 -5.655513937284154524e-01
1.748738098189630996e+00 1.514387576751965891e+00 1.073478657833086380e+00 -1.068182242783302982e+00
1.779417713947343715e+00 1.643151472878742414e+00 6.679695258312795536e-01 -1.501253967649816445e+00
1.810097329705056657e+00 1.757633045791173965e+00 7.235539460214403251e-02 -1.756143109353314413e+00
1.840776945462769376e+00 1.853154484310066907e+00 -6.236873826174247348e-01 -1.745048879396315256e+00
1.871456561220482318e+00 1.925697549177849410e+00 -1.289371124456182738e+00 -1.430326240522830750e+00
1.902136176978195037e+00 1.972097423386028670e+00 -1.782781236499071165e+00 -8.431247298666177947e-01
1.932815792735907978e+00 1.990192797809723135e+00 -1.988438833549856843e+00 -8.353668466355690381e-02
1.963495408493620697e+00 1.978924686565146418e+00 -1.851001135804257958e+00 6.999555059775656174e-01
1.994175024251333417e+00 1.938378985533725007e+00 -1.393888115131749927e+00 1.346992581291081237e+00
2.024854640009046136e+00 1.869770904020547020e+00 -7.159204887440977494e-01 1.727281415206632031e+00
2.055534255766759077e+00 1.775372751763641510e+00 3.392701432535939754e-02 1.775048552970811544e+00
2.086213871524472019e+00 1.658389847476700041e+00 6.962756905404530183e-01 1.505143531021612358e+00
2.116893487282184960e+00 1.522792277430401464e+00 1.143332662756328943e+00 1.005826397782535464e+00
2.147573103039897457e+00 1.373112670494466503e+00 1.310180997640753908e+00 4.109308449040109945e-01
2.178252718797610399e+00 1.214221921545422411e+00 1.206211545673274266e+00 -1.392428879546423470e-01
2.208932334555323340e+00 1.051095801224771531e+00 9.043629845616378837e-01 -5.356584504207051456e-01
2.239611950313036282e+00 8.885856204800334224e-01 5.131859658829150961e-01 -7.254133782504328387e-01
2.270291566070748779e+00 7.312056494589198596e-01 1.419795584370371899e-01 -7.172889980939793908e-01
2.300971181828461720e+00 5.829490578411162804e-01 -1.293878602897289010e-01 -5.684086431850686738e-01
2.331650797586174662e+00 4.471433812072849734e-01 -2.670959488489636491e-01 -3.586041793760290086e-01
2.362330413343887603e+00 3.263579297573214189e-01 -2.830851772666452826e-01 -1.623954455254111306e-01
2.393010029101600100e+00 2.223872630497936431e-01 -2.206179042910467458e-01 -2.799705472017824381e-02
2.423689644859313042e+00 1.364011656057715072e-01 -1.328418343230465259e-01 3.095682529429267735e-02
2.454369260617025983e+00 6.983255759452407230e-02 -6.280873983575334385e-02 3.052291435032331718e-02
2.485048876374738480e+00 3.160925502549410959e-02 -3.150145730028487689e-02 2.608292779780098901e-03
2.515728492132451422e+00 4.214879268928693745e-02 -3.644537989868321115e-02 -2.117203365775581839e-02
2.546408107890164363e+00 6.304262310168926020e-02 -5.919968961596293322e-02 -2.167415689052970204e-02
2.577087723647877304e+00 7.715975695164424553e-02 -7.709393391567960496e-02 3.186447275829187419e-03
2.607767339405589802e+00 8.476882768531067425e-02 -7.389888764636841356e-02 4.152961054201340790e-02
2.638446955163302743e+00 8.815679866284907573e-02 -4.558632648089317591e-02 7.545533770688145347e-02
2.669126570921015684e+00 8.972441006423377552e-02 -2.149430970552582294e-06 8.972441003848796726e-02
2.699806186678728626e+00 9.133453776232293431e-02 4.811526178433515183e-02 7.763323625665807803e-02
2.730485802436441123e+00 9.393450612525526544e-02 8.382249336353267410e-02 4.239671033601713490e-02
2.761165418194154064e+00 9.754720407737482724e-02 9.739172853013329523e-02 -5.505291747567282214e-03
2.791845033951867006e+00 1.016291338217466533e-01 8.667372048285186537e-02 -5.306738187454657085e-02
2.822524649709579947e+00 1.055216918285509370e-01 5.625963506861930696e-02 -8.927306933395677546e-02
2.853204265467292444e+00 1.087423611191576239e-01 1.461592978926034431e-02 -1.077556295427978816e-01
2.883883881225005386e+00 1.110674336449080785e-01 -2.913932740585250050e-02 -1.071768371188503988e-01
2.914563496982718327e+00 1.124759465187129687e-01 -6.750733302813109737e-02 -8.996442926351158609e-02
2.945243112740430824e+00 1.130349241348609646e-01 -9.545926399434649656e-02 -6.053447771172586200e-02
2.975922728498143766e+00 1.127857398771519026e-01 -1.102156682932161763e-01 -2.394012494362381116e-02
3.006602344255856707e+00 1.116715558415435350e-01 -1.106981778294448687e-01 1.471223332168077567e-02
3.037281960013569648e+00 1.095242670931710349e-01 -9.726733676878465684e-02 5.034511178062973935e-02
3.067961575771282146e+00 1.061053903683533417e-01 -7.189320288896645927e-02 7.803666602044551093e-02
3.098641191528995087e+00 1.011774020883177555e-01 -3.843513643952556347e-02 9.359277205113748777e-02
3.129320807286708028e+00 9.457777373451368985e-02 -2.517931179231527785e-03 9.454425052404571983e-02
3.160000423044420970e+00 8.627579945067309630e-02 2.932694515001471602e-02 8.113842406049548428e-02
3.190680038802133467e+00 7.640485596013465996e-02 5.116306406205524404e-02 5.674542175427859519e-02
3.221359654559846408e+00 6.527474190258890363e-02 5.929288594306590665e-02 2.729735531131494489e-02
3.252039270317559350e+00 5.338164158035963586e-02 5.338130311905729675e-02 -1.900924125378634574e-04
3.282718886075272291e+00 4.145904318810531702e-02 3.656929999503879397e-02 -1.953301205513469085e-02
3.313398501832984788e+00 3.068545471572172584e-02 1.450180423407471456e-02 -2.704246299927543992e-02
3.344078117590697730e+00 2.324447228646897567e-02 -6.364087693529352045e-03 -2.235629396177936726e-02
3.374757733348410671e+00 2.212873342364261864e-02 -2.054619080821956656e-02 -8.217961195264413335e-03
3.405437349106123612e+00 2.699412575358658278e-02 -2.482554449999202148e-02 1.060071532866354617e-02
3.436116964863836110e+00 3.430781605533921030e-02 -1.871425407880028188e-02 2.875418120484563370e-02
3.466796580621549051e+00 4.184469233173881281e-02 -4.137667975054688287e-03 4.163962031606542602e-02
3.497476196379261992e+00 4.872935002654366771e-02 1.537066803856944157e-02 4.624167079656087836e-02
3.528155812136974490e+00 5.463053977829189500e-02 3.559527532987776660e-02 4.144239677742744127e-02
3.558835427894687431e+00 5.941369361397708798e-02 5.243409198092147810e-02 2.794016798431621026e-02
3.589515043652400372e+00 6.300399031741600597e-02 6.249741675868394214e-02 7.973436800302774116e-03
3.620194659410113314e+00 6.532985687442002809e-02 6.357443776029306215e-02 -1.504264147996722464e-02
3.650874275167825811e+00 6.630646979949987585e-02 5.503021491824190009e-02 -3.698950369123781695e-02
3.681553890925538752e+00 6.584324412678449479e-02 3.808642345422821873e-02 -5.370993525973155602e-02
3.712233506683251694e+00 6.386446900632239410e-02 1.581957347914166034e-02 -6.187415855102638279e-02
3.742913122440964635e+00 6.033375131451159529e-02 -7.308748826665411799e-03 -5.988942926986402793e-02
3.773592738198677132e+00 5.527485040684571027e-02 -2.644230961269223787e-02 -4.853981200875931434e-02
3.804272353956390074e+00 4.878414344137782521e-02 -3.765364263839810627e-02 -3.101766992165490289e-02
3.834951969714103015e+00 4.103271054958837483e-02 -3.918650330061052706e-02 -1.216968751108843047e-02
3.865631585471815956e+00 3.225835816365805325e-02 -3.212611752016142352e-02 2.917917835652895746e-03
3.896311201229528454e+00 2.274975242393115216e-02 -2.015022891901438115e-02 1.056027981927930293e-02
3.926990816987241395e+00 1.282769462285465213e-02 -8.344303441483897146e-03 9.742810139464597174e-03
3.957670432744954336e+00 2.889745119722690950e-03 -1.446603002704230801e-03 2.501592814494039887e-03
3.988350048502666834e+00 7.120453430004494363e-03 -2.151365068689418871e-03 -6.787671573528417795e-03
4.019029664260379775e+00 1.646512505464839057e-02 -1.011391414010609502e-02 -1.299265499548772455e-02
4.049709280018092272e+00 2.515617331266635157e-02 -2.205051390857451846e-02 -1.210817459837230936e-02
4.080388895775805658e+00 3.302184366251392778e-02 -3.290781470228554273e-02 -2.741877165656920242e-03
4.111068511533518155e+00 3.996035387795233290e-02 -3.766629304353842633e-02 1.334467123646995365e-02
4.141748127291231540e+00 4.592033349344962212e-02 -3.310929149526072035e-02 3.181904845892609413e-02
4.172427743048944038e+00 5.088857119378235178e-02 -1.892465775838086256e-02 4.723879768657125722e-02
4.203107358806656535e+00 5.487777121705792599e-02 2.216360984290213255e-03 5.483299661462126551e-02
4.233786974564369920e+00 5.791613990911285981e-02 2.556362998706628378e-02 5.196903004536741061e-02
4.264466590322082418e+00 6.004057211992879645e-02 4.578945735438732373e-02 3.883549788117972301e-02
4.295146206079794915e+00 6.129410371748125058e-02 5.853107210385190967e-02 1.819562444388863817e-02
4.325825821837508300e+00 6.172701789100012992e-02 6.147279984711664230e-02 -5.596393184202372827e-03
4.356505437595220798e+00 6.140002895257064969e-02 5.469411318823170359e-02 -2.790192713647953945e-02
4.387185053352934183e+00 6.038761212993960098e-02 4.029865491272836137e-02 -4.497423830350950891e-02
4.417864669110646680e+00 5.877984297624059412e-02 2.157072337863255238e-02 -5.467882435855781625e-02
4.448544284868359178e+00 5.668187319031869897e-02 2.004464749422783451e-03 -5.664641974063048396e-02
4.479223900626072563e+00 5.421109298232785340e-02 -1.549082372108939905e-02 -5.195071686493584612e-02
4.509903516383785060e+00 5.149278045639373719e-02 -2.903909272210859413e-02 -4.252337631241367988e-02
4.540583132141497558e+00 4.865532706970920190e-02 -3.788086158824052752e-02 -3.053491735035385526e-02
4.571262747899210943e+00 4.582577144996417828e-02 -4.218202116712255895e-02 -1.790749617452915693e-02
4.601942363656923440e+00 4.312538994538046150e-02 -4.270120870779448713e-02 -6.033741197175995601e-03
4.632621979414635938e+00 4.066385529327765785e-02 -4.043572170526251591e-02 4.301341359063109299e-03
4.663301595172349323e+00 3.852985366472276574e-02 -3.632715768982186511e-02 1.284084255817220625e-02
4.693981210930061820e+00 3.677724182573802875e-02 -3.107061587977661549e-02 1.967694958981671197e-02
4.724660826687775206e+00 3.540937671477877025e-02 -2.504596089831929648e-02 2.503045748700925485e-02
4.755340442445487703e+00 3.436841328426673559e-02 -1.837087204797441600e-02 2.904649534582639039e-02
4.786020058203200200e+00 3.353709215786584985e-02 -1.105289474507019712e-02 3.166338687126799695e-02
4.816699673960913586e+00 3.275549388089879499e-02 -3.189012120482838733e-03 3.259988621263902597e-02
4.847379289718626083e+00 3.184787101329857040e-02 4.863213591319470730e-03 3.147437118744247225e-02
4.878058905476338580e+00 3.065100409591809544e-02 1.242166957722954344e-02 2.802117372634696860e-02
4.908738521234051966e+00 2.903723372617091417e-02 1.857094421934246675e-02 2.232220807335932519e-02
4.939418136991764463e+00 2.692922223518091213e-02 2.239744963636051620e-02 1.495116249588828231e-02
4.970097752749476960e+00 2.430641764532205304e-02 2.329172964365234383e-02 6.949623655697474006e-03
5.000777368507190346e+00 2.120442861850256600e-02 2.120096442945452325e-02 -3.832757469168791278e-04
5.031456984264902843e+00 1.770881192722124561e-02 1.672232141982399681e-02 -5.828034506228406582e-03
5.062136600022616229e+00 1.394495099413842198e-02 1.098480549551171699e-02 -8.590442739154820900e-03
5.092816215780328726e+00 1.006661149219614110e-02 5.350811131309512331e-03 -8.526751267151494451e-03
5.123495831538041223e+00 6.251286461812694852e-03 1.041688623089756906e-03 -6.163884103401689671e-03
5.154175447295754608e+00 2.773864176320402306e-03 -1.178883114576706340e-03 -2.510887705740658463e-03
5.184855063053467106e+00 1.711763419197197397e-03 -1.156997205395362931e-03 1.261543288995268857e-03
5.215534678811179603e+00 4.210370498925702573e-03 7.006475774675439321e-04 4.151663848436278580e-03
5.246214294568892988e+00 6.637476919671725720e-03 3.634124882291022221e-03 5.554208872475730266e-03
5.276893910326605486e+00 8.636706744584565082e-03 6.799045347115778917e-03 5.325944588504070119e-03
5.307573526084318871e+00 1.018947537357362335e-02 9.493279398865869453e-03 3.701763720678592599e-03
5.338253141842031368e+00 1.133228937941460103e-02 1.127595924473688387e-02 1.128505954714375831e-03
5.368932757599743866e+00 1.212167855851092532e-02 1.197172138861424956e-02 -1.900783540874550516e-03
5.399612373357457251e+00 1.261540925867589598e-02 1.160206052057856894e-02 -4.953861366723706465e-03
5.430291989115169748e+00 1.285935579148522398e-02 1.030313010845654645e-02 -7.694708658566660163e-03
5.460971604872882246e+00 1.288160037727520066e-02 8.272648063629942095e-03 -9.874154257207872626e-03
5.491651220630595631e+00 1.269499991124727056e-02 5.753326249191235801e-03 -1.131645968564971676e-02
5.522330836388308128e+00 1.230674368052297150e-02 3.029886247593643368e-03 -1.192793902334913191e-02
5.553010452146020626e+00 1.173114050652160172e-02 4.088023112581681590e-04 -1.172401544924186155e-02
5.583690067903734011e+00 1.100129026462913495e-02 -1.833280829446170233e-03 -1.084746370756818623e-02
5.614369683661446508e+00 1.017595112305259147e-02 -3.518013735262159707e-03 -9.548484728859447934e-03
5.645049299419159894e+00 9.338399005831712549e-03 -4.615745354407739358e-03 -8.117917886710979483e-03
5.675728915176872391e+00 8.583678957938906118e-03 -5.244617239467747744e-03 -6.795111070795004787e-03
5.706408530934584888e+00 7.991761157237367227e-03 -5.609316658468880591e-03 -5.692434718057945257e-03
5.737088146692298274e+00 7.593161726711880090e-03 -5.903510013502779458e-03 -4.775424015569146134e-03
5.767767762450010771e+00 7.349464613519328220e-03 -6.222330937055191129e-03 -3.911167065613364684e-03
5.798447378207723268e+00 7.169448725033631363e-03 -6.529035913316315679e-03 -2.961871885060553527e-03
5.829126993965436654e+00 6.950836398430692252e-03 -6.693010206828753882e-03 -1.875564184195004005e-03
5.859806609723149151e+00 6.618762241655876989e-03 -6.578808323145755171e-03 -7.261505758984608148e-04
5.890486225480861648e+00 6.146589154674161545e-03 -6.138322842282785928e-03 3.186705513024498280e-04
5.921165841238575034e+00 5.562697240071305844e-03 -5.455911075378559218e-03 1.084728040689690413e-03
5.951845456996287531e+00 4.949744236508047367e-03 -4.721064032690422060e-03 1.487118827155883448e-03
5.982525072754000917e+00 4.433917904923694898e-03 -4.141882392486264351e-03 1.582541700687594343e-03
