0.000000000000000000e+00 -6.701470000000000482e-01
5.000000000000000278e-02 -6.967643000000000031e-01
1.000000000000000056e-01 -7.229349000000000469e-01
1.499999999999999944e-01 -7.981846000000000219e-01
2.000000000000000111e-01 -8.691480000000000317e-01
2.500000000000000000e-01 -9.758721999999999674e-01
2.999999999999999889e-01 -1.069722000000000062e+00
3.499999999999999778e-01 -1.176446000000000103e+00
4.000000000000000222e-01 -1.257266999999999912e+00
4.500000000000000111e-01 -1.321830999999999978e+00
5.000000000000000000e-01 -1.347142999999999979e+00
5.500000000000000444e-01 -1.330742000000000091e+00
5.999999999999999778e-01 -1.269336999999999938e+00
6.500000000000000222e-01 -1.156641000000000030e+00
6.999999999999999556e-01 -1.007798999999999889e+00
7.500000000000000000e-01 -8.200790000000000024e-01
8.000000000000000444e-01 -6.194973000000000285e-01
8.499999999999999778e-01 -4.084651000000000254e-01
9.000000000000000222e-01 -2.134408000000000138e-01
9.499999999999999556e-01 -3.783870999999999762e-02
1.000000000000000000e+00 1.007515999999999967e-01
1.050000000000000044e+00 2.025104000000000071e-01
1.100000000000000089e+00 2.624208000000000096e-01
1.149999999999999911e+00 2.866800999999999933e-01
1.199999999999999956e+00 2.806578000000000128e-01
1.250000000000000000e+00 2.548328000000000260e-01
1.300000000000000044e+00 2.187336000000000003e-01
1.350000000000000089e+00 1.832746000000000097e-01
1.399999999999999911e+00 1.550694999999999990e-01
1.449999999999999956e+00 1.414439000000000113e-01
1.500000000000000000e+00 1.409652000000000127e-01
1.550000000000000044e+00 1.544074000000000002e-01
1.600000000000000089e+00 1.728770000000000029e-01
1.649999999999999911e+00 1.906859999999999944e-01
1.699999999999999956e+00 1.988585999999999965e-01
1.750000000000000000e+00 1.915744000000000058e-01
1.800000000000000044e+00 1.668866999999999989e-01
1.850000000000000089e+00 1.315126000000000073e-01
1.899999999999999911e+00 8.295358999999999372e-02
1.949999999999999956e+00 5.229508000000000073e-02
2.000000000000000000e+00 1.186222999999999965e-02
2.049999999999999822e+00 1.338844999999999966e-03
2.100000000000000089e+00 6.823530999999999867e-03
2.149999999999999911e+00 2.649042999999999884e-02
2.200000000000000178e+00 5.356082000000000204e-02
2.250000000000000000e+00 7.559367000000000170e-02
2.299999999999999822e+00 9.166011999999999771e-02
2.350000000000000089e+00 9.797464000000000173e-02
2.399999999999999911e+00 9.366581000000000212e-02
2.450000000000000178e+00 8.070542999999999467e-02
2.500000000000000000e+00 6.479239000000000526e-02
2.549999999999999822e+00 4.785179999999999989e-02
2.600000000000000089e+00 3.133248000000000283e-02
2.649999999999999911e+00 1.325575000000000017e-02
2.700000000000000178e+00 -4.422317000000000262e-03
2.750000000000000000e+00 -2.171864999999999907e-02
2.799999999999999822e+00 -3.882846999999999688e-02
2.850000000000000089e+00 -5.524922000000000166e-02
2.899999999999999911e+00 -7.089238000000000484e-02
2.950000000000000178e+00 -8.555366999999999833e-02
3.000000000000000000e+00 -9.874924000000000202e-02
3.049999999999999822e+00 -1.084364000000000022e-01
3.100000000000000089e+00 -1.148972000000000049e-01
3.149999999999999911e+00 -1.173527999999999932e-01
3.200000000000000178e+00 -1.152012000000000036e-01
3.250000000000000000e+00 -1.078183999999999948e-01
3.299999999999999822e+00 -9.610997000000000290e-02
3.350000000000000089e+00 -8.045194999999999430e-02
3.399999999999999911e+00 -6.174854999999999927e-02
3.450000000000000178e+00 -4.145965000000000067e-02
3.500000000000000000e+00 -2.075638999999999956e-02
3.549999999999999822e+00 -7.379580000000000384e-04
3.600000000000000089e+00 1.767832999999999904e-02
3.649999999999999911e+00 3.358631000000000116e-02
3.700000000000000178e+00 4.688607999999999665e-02
3.750000000000000000e+00 5.747958999999999707e-02
3.799999999999999822e+00 6.546393999999999824e-02
3.850000000000000089e+00 7.106302000000000452e-02
3.899999999999999911e+00 7.460089000000000303e-02
3.950000000000000178e+00 7.630220000000000058e-02
4.000000000000000000e+00 7.631930000000000658e-02
4.049999999999999822e+00 7.487417000000000378e-02
4.099999999999999645e+00 7.182895000000000252e-02
4.150000000000000355e+00 6.711037999999999726e-02
4.200000000000000178e+00 6.063582000000000000e-02
4.250000000000000000e+00 5.251287000000000316e-02
4.299999999999999822e+00 4.263958999999999805e-02
4.349999999999999645e+00 3.118262000000000117e-02
4.400000000000000355e+00 1.845758000000000121e-02
4.450000000000000178e+00 4.932892999999999827e-03
4.500000000000000000e+00 -8.879764999999999533e-03
4.549999999999999822e+00 -2.233198999999999948e-02
4.599999999999999645e+00 -3.475861000000000228e-02
4.650000000000000355e+00 -4.565240000000000270e-02
4.700000000000000178e+00 -5.441338999999999898e-02
4.750000000000000000e+00 -6.067788999999999822e-02
4.799999999999999822e+00 -6.426682000000000228e-02
4.849999999999999645e+00 -6.526579000000000408e-02
4.900000000000000355e+00 -6.373940999999999635e-02
4.950000000000000178e+00 -5.998850000000000016e-02
5.000000000000000000e+00 -5.439581000000000277e-02
5.049999999999999822e+00 -4.736788000000000110e-02
5.099999999999999645e+00 -3.927256999999999970e-02
5.150000000000000355e+00 -3.046420000000000031e-02
5.200000000000000178e+00 -2.123852999999999852e-02
5.250000000000000000e+00 -1.173954999999999964e-02
5.299999999999999822e+00 -2.239135000000000170e-03
5.349999999999999645e+00 7.063990000000000026e-03
5.400000000000000355e+00 1.596097000000000141e-02
5.450000000000000178e+00 2.434301999999999994e-02
5.500000000000000000e+00 3.180834999999999912e-02
5.549999999999999822e+00 3.806501000000000329e-02
5.599999999999999645e+00 4.283399000000000234e-02
5.650000000000000355e+00 4.594336999999999727e-02
5.700000000000000178e+00 4.712588000000000193e-02
5.750000000000000000e+00 4.632514000000000076e-02
5.799999999999999822e+00 4.360676000000000135e-02
5.849999999999999645e+00 3.916950999999999766e-02
5.900000000000000355e+00 3.326209000000000110e-02
5.950000000000000178e+00 2.625597000000000000e-02
6.000000000000000000e+00 1.856338000000000085e-02
6.049999999999999822e+00 1.058958999999999942e-02
6.099999999999999645e+00 2.677754000000000072e-03
6.150000000000000355e+00 -4.833699000000000329e-03
6.200000000000000178e+00 -1.166869000000000066e-02
6.250000000000000000e+00 -1.761636000000000105e-02
6.299999999999999822e+00 -2.252666000000000043e-02
6.349999999999999645e+00 -2.630209999999999840e-02
6.400000000000000355e+00 -2.888904999999999945e-02
6.450000000000000178e+00 -3.027099000000000109e-02
6.500000000000000000e+00 -3.046505000000000046e-02
6.549999999999999822e+00 -2.976739999999999942e-02
6.599999999999999645e+00 -2.796181999999999834e-02
6.650000000000000355e+00 -2.514397000000000160e-02
6.700000000000000178e+00 -2.145462999999999884e-02
6.750000000000000000e+00 -1.707656999999999925e-02
6.799999999999999822e+00 -1.222591999999999950e-02
6.849999999999999645e+00 -7.138618000000000220e-03
6.900000000000000355e+00 -2.053851000000000201e-03
6.950000000000000178e+00 2.802907999999999789e-03
7.000000000000000000e+00 7.234876999999999801e-03
7.049999999999999822e+00 1.121289999999999960e-02
7.099999999999999645e+00 1.450468000000000070e-02
7.150000000000000355e+00 1.702559000000000017e-02
7.200000000000000178e+00 1.873968000000000161e-02
7.250000000000000000e+00 1.965394000000000169e-02
7.299999999999999822e+00 1.980940999999999952e-02
7.349999999999999645e+00 1.927121999999999863e-02
7.400000000000000355e+00 1.811897999999999981e-02
7.450000000000000178e+00 1.643905000000000019e-02
7.500000000000000000e+00 1.431919000000000074e-02
7.549999999999999822e+00 1.183138000000000072e-02
7.599999999999999645e+00 9.072708000000000508e-03
7.650000000000000355e+00 6.132132000000000208e-03
7.700000000000000178e+00 3.095579000000000212e-03
7.750000000000000000e+00 4.730604000000000016e-05
7.799999999999999822e+00 -2.928708999999999826e-03
7.849999999999999645e+00 -5.747926000000000424e-03
7.900000000000000355e+00 -8.325351999999999406e-03
7.950000000000000178e+00 -1.057686000000000043e-02
8.000000000000000000e+00 -1.242179000000000026e-02
8.050000000000000711e+00 -1.381448000000000051e-02
8.099999999999999645e+00 -1.467463999999999921e-02
8.150000000000000355e+00 -1.495791999999999955e-02
8.199999999999999289e+00 -1.463999000000000029e-02
8.250000000000000000e+00 -1.372142999999999974e-02
8.300000000000000711e+00 -1.223172999999999969e-02
8.349999999999999645e+00 -1.023169999999999982e-02
8.400000000000000355e+00 -7.813311999999999341e-03
8.449999999999999289e+00 -5.096559999999999979e-03
8.500000000000000000e+00 -2.223023000000000186e-03
8.550000000000000711e+00 6.682453000000000308e-04
8.599999999999999645e+00 3.439320000000000051e-03
8.650000000000000355e+00 5.945266999999999739e-03
8.699999999999999289e+00 8.060439000000000839e-03
8.750000000000000000e+00 9.688294000000000072e-03
8.800000000000000711e+00 1.076835999999999939e-02
8.849999999999999645e+00 1.127940000000000019e-02
8.900000000000000355e+00 1.123837999999999920e-02
8.949999999999999289e+00 1.069555999999999979e-02
9.000000000000000000e+00 9.726475999999999525e-03
9.050000000000000711e+00 8.475745999999999281e-03
9.099999999999999645e+00 6.960126999999999980e-03
9.150000000000000355e+00 5.269479999999999997e-03
9.199999999999999289e+00 3.487001999999999897e-03
9.250000000000000000e+00 1.685546000000000006e-03
9.300000000000000711e+00 -7.335138999999999635e-05
9.349999999999999645e+00 -1.738224000000000019e-03
9.400000000000000355e+00 -3.265076999999999910e-03
9.449999999999999289e+00 -4.614537000000000153e-03
9.500000000000000000e+00 -5.749775000000000372e-03
9.550000000000000711e+00 -6.679720999999999576e-03
9.599999999999999645e+00 -7.334203000000000076e-03
9.650000000000000355e+00 -7.683917000000000178e-03
9.699999999999999289e+00 -7.709014000000000144e-03
9.750000000000000000e+00 -7.403172999999999872e-03
9.800000000000000711e+00 -6.776962000000000090e-03
9.849999999999999645e+00 -5.859645999999999605e-03
9.900000000000000355e+00 -4.698868999999999616e-03
9.949999999999999289e+00 -3.358051999999999825e-03
1.000000000000000000e+01 -1.911752999999999977e-03
1.005000000000000071e+01 -4.377698000000000179e-04
1.009999999999999964e+01 9.993009999999999653e-04
1.015000000000000036e+01 2.327337999999999976e-03
1.019999999999999929e+01 3.484531999999999820e-03
1.025000000000000000e+01 4.423185999999999958e-03
1.030000000000000071e+01 5.111833999999999996e-03
1.034999999999999964e+01 5.535626000000000088e-03
1.040000000000000036e+01 5.695188999999999807e-03
1.044999999999999929e+01 5.604342000000000004e-03
1.050000000000000000e+01 5.287174000000000387e-03
1.055000000000000071e+01 4.774973000000000065e-03
1.059999999999999964e+01 4.103398000000000288e-03
1.065000000000000036e+01 3.310177000000000085e-03
1.069999999999999929e+01 2.433414999999999970e-03
1.075000000000000000e+01 1.510477000000000087e-03
1.080000000000000071e+01 5.773015999999999955e-04
1.084999999999999964e+01 -3.320511000000000166e-04
1.090000000000000036e+01 -1.185801999999999906e-03
1.094999999999999929e+01 -1.954936000000000000e-03
1.100000000000000000e+01 -2.613840999999999994e-03
1.105000000000000071e+01 -3.168672999999999889e-03
1.109999999999999964e+01 -3.582138999999999809e-03
1.115000000000000036e+01 -3.840670000000000021e-03
1.119999999999999929e+01 -3.936432999999999599e-03
1.125000000000000000e+01 -3.867974000000000152e-03
1.130000000000000071e+01 -3.640617000000000072e-03
1.134999999999999964e+01 -3.266517000000000032e-03
1.140000000000000036e+01 -2.764308999999999950e-03
1.144999999999999929e+01 -2.158361000000000134e-03
1.150000000000000000e+01 -1.477652000000000089e-03
1.155000000000000071e+01 -7.543601999999999946e-04
1.159999999999999964e+01 -2.224635000000000089e-05
1.165000000000000036e+01 6.850699000000000458e-04
1.169999999999999929e+01 1.335835999999999968e-03
1.175000000000000000e+01 1.901801999999999963e-03
1.180000000000000071e+01 2.359663000000000125e-03
1.184999999999999964e+01 2.692228999999999976e-03
1.190000000000000036e+01 2.889225999999999947e-03
1.194999999999999929e+01 2.947677000000000110e-03
1.200000000000000000e+01 2.871799999999999874e-03
1.205000000000000071e+01 2.703215000000000132e-03
1.209999999999999964e+01 2.417410999999999952e-03
1.215000000000000036e+01 2.031494000000000008e-03
1.219999999999999929e+01 1.566742999999999999e-03
1.225000000000000000e+01 1.047369999999999942e-03
1.230000000000000071e+01 4.992033999999999578e-04
1.234999999999999964e+01 -5.162863999999999838e-05
1.240000000000000036e+01 -5.799318999999999828e-04
1.244999999999999929e+01 -1.062564000000000000e-03
1.250000000000000000e+01 -1.479400000000000073e-03
1.255000000000000071e+01 -1.814117000000000073e-03
1.259999999999999964e+01 -2.054797000000000134e-03
1.265000000000000036e+01 -2.194309000000000190e-03
1.269999999999999929e+01 -2.230474000000000085e-03
1.275000000000000000e+01 -2.165976999999999920e-03
1.280000000000000071e+01 -2.008052000000000187e-03
1.284999999999999964e+01 -1.767941000000000087e-03
1.290000000000000036e+01 -1.460165000000000031e-03
1.294999999999999929e+01 -1.101673000000000062e-03
1.300000000000000000e+01 -7.109107999999999834e-04
1.305000000000000071e+01 -3.125054000000000048e-04
1.309999999999999964e+01 8.667002999999999730e-05
1.315000000000000036e+01 4.698257000000000171e-04
1.319999999999999929e+01 8.208412999999999907e-04
1.325000000000000000e+01 1.124949000000000088e-03
1.330000000000000071e+01 1.369558000000000103e-03
1.334999999999999964e+01 1.545067999999999919e-03
1.340000000000000036e+01 1.645505000000000015e-03
1.344999999999999929e+01 1.668828000000000021e-03
1.350000000000000000e+01 1.616872000000000101e-03
1.355000000000000071e+01 1.494962999999999978e-03
1.359999999999999964e+01 1.311366999999999915e-03
1.365000000000000036e+01 1.076689000000000031e-03
1.369999999999999929e+01 8.033387999999999597e-04
1.375000000000000000e+01 5.050855000000000145e-04
1.380000000000000071e+01 1.966097999999999891e-04
1.384999999999999964e+01 -1.070305999999999981e-04
1.390000000000000036e+01 -3.911221000000000207e-04
1.394999999999999929e+01 -6.422058000000000237e-04
1.400000000000000000e+01 -8.490775000000000102e-04
1.405000000000000071e+01 -1.016421999999999898e-03
1.409999999999999964e+01 -1.129722000000000105e-03
1.415000000000000036e+01 -1.186435000000000007e-03
1.419999999999999929e+01 -1.187202000000000049e-03
1.425000000000000000e+01 -1.135490000000000067e-03
1.430000000000000071e+01 -1.037058999999999898e-03
1.434999999999999964e+01 -8.993156000000000197e-04
1.440000000000000036e+01 -7.306641999999999694e-04
1.444999999999999929e+01 -5.399206000000000361e-04
1.450000000000000000e+01 -3.358476999999999795e-04
1.455000000000000071e+01 -1.268416000000000020e-04
1.459999999999999964e+01 7.923943999999999497e-05
1.465000000000000036e+01 2.751329000000000166e-04
1.469999999999999929e+01 4.541702999999999908e-04
1.475000000000000000e+01 6.102701000000000306e-04
1.480000000000000071e+01 7.379776000000000001e-04
1.484999999999999964e+01 8.325833000000000149e-04
1.490000000000000036e+01 8.903293000000000275e-04
1.494999999999999929e+01 9.086854000000000329e-04
1.500000000000000000e+01 8.866546000000000540e-04
1.505000000000000071e+01 8.310210000000000383e-04
1.509999999999999964e+01 7.386527000000000370e-04
1.515000000000000036e+01 6.135620000000000050e-04
1.519999999999999929e+01 4.617375999999999750e-04
1.525000000000000000e+01 2.908736999999999998e-04
1.530000000000000071e+01 1.099062999999999950e-04
1.534999999999999964e+01 -7.159803000000000337e-05
1.540000000000000036e+01 -2.441359999999999949e-04
1.544999999999999929e+01 -3.989654000000000139e-04
1.550000000000000000e+01 -5.287265000000000411e-04
1.555000000000000071e+01 -6.279179999999999874e-04
1.559999999999999964e+01 -6.931774999999999612e-04
1.565000000000000036e+01 -7.233470000000000524e-04
1.569999999999999929e+01 -7.193313999999999481e-04
1.575000000000000000e+01 -6.837886000000000485e-04
1.580000000000000071e+01 -6.207089999999999960e-04
1.584999999999999964e+01 -5.349552000000000040e-04
1.590000000000000036e+01 -4.318268999999999905e-04
1.594999999999999929e+01 -3.167059999999999862e-04
1.600000000000000000e+01 -1.948087000000000039e-04
1.605000000000000071e+01 -7.357877000000000568e-05
1.610000000000000142e+01 4.609302000000000207e-05
1.614999999999999858e+01 1.602282000000000120e-04
1.619999999999999929e+01 2.650505000000000265e-04
1.625000000000000000e+01 3.569824999999999995e-04
1.630000000000000071e+01 4.327013000000000105e-04
1.635000000000000142e+01 4.892683000000000535e-04
1.639999999999999858e+01 5.243195000000000407e-04
1.644999999999999929e+01 5.362925000000000157e-04
1.650000000000000000e+01 5.246464999999999853e-04
1.655000000000000071e+01 4.900322000000000141e-04
1.660000000000000142e+01 4.343694000000000157e-04
1.664999999999999858e+01 3.608036000000000229e-04
1.669999999999999929e+01 2.735330000000000118e-04
1.675000000000000000e+01 1.775175999999999892e-04
1.680000000000000071e+01 7.810186999999999631e-05
1.685000000000000142e+01 -1.940216999999999994e-05
1.689999999999999858e+01 -1.101178999999999982e-04
1.694999999999999929e+01 -1.899435999999999952e-04
1.700000000000000000e+01 -2.557893000000000211e-04
1.705000000000000071e+01 -3.088564999999999930e-04
1.710000000000000142e+01 -3.451560000000000001e-04
1.714999999999999858e+01 -3.644205999999999986e-04
1.719999999999999929e+01 -3.672190000000000090e-04
1.725000000000000000e+01 -3.547631999999999782e-04
1.730000000000000071e+01 -3.287148000000000262e-04
1.735000000000000142e+01 -2.910192000000000139e-04
1.739999999999999858e+01 -2.437863999999999873e-04
1.744999999999999929e+01 -1.892227999999999868e-04
1.750000000000000000e+01 -1.296040999999999947e-04
1.755000000000000071e+01 -6.727232999999999835e-05
1.760000000000000142e+01 -4.634742999999999986e-06
1.764999999999999858e+01 5.585838999999999968e-05
1.769999999999999929e+01 1.117705000000000033e-04
1.775000000000000000e+01 1.607760999999999869e-04
1.780000000000000071e+01 2.007916000000000106e-04
1.785000000000000142e+01 2.301255000000000043e-04
1.789999999999999858e+01 2.476231999999999977e-04
1.794999999999999929e+01 2.527833000000000163e-04
1.800000000000000000e+01 2.458232000000000082e-04
1.805000000000000071e+01 2.308117000000000046e-04
1.810000000000000142e+01 2.058190999999999959e-04
1.814999999999999858e+01 1.725482000000000025e-04
1.819999999999999929e+01 1.331115000000000011e-04
1.825000000000000000e+01 8.985066999999999468e-05
1.830000000000000071e+01 4.514658999999999833e-05
1.835000000000000142e+01 1.244599999999999908e-06
1.839999999999999858e+01 -3.988502999999999715e-05
1.844999999999999929e+01 -7.663900999999999656e-05
1.850000000000000000e+01 -1.078211999999999969e-04
1.855000000000000071e+01 -1.326361000000000022e-04
1.860000000000000142e+01 -1.506473000000000035e-04
1.864999999999999858e+01 -1.617169999999999968e-04
1.869999999999999929e+01 -1.659417999999999907e-04
1.875000000000000000e+01 -1.635998000000000053e-04
1.880000000000000071e+01 -1.551159000000000034e-04
1.885000000000000142e+01 -1.410472999999999870e-04
1.889999999999999858e+01 -1.220867000000000046e-04
1.894999999999999929e+01 -9.907151999999999636e-05
1.900000000000000000e+01 -7.299173000000000325e-05
1.905000000000000071e+01 -4.581870000000000230e-05
1.910000000000000142e+01 -1.728950000000000108e-05
1.914999999999999858e+01 1.137645999999999916e-05
1.919999999999999929e+01 3.889426000000000190e-05
1.925000000000000000e+01 6.398876999999999755e-05
1.930000000000000071e+01 8.548131999999999898e-05
1.935000000000000142e+01 1.023769999999999991e-04
1.939999999999999858e+01 1.139411000000000059e-04
1.944999999999999929e+01 1.197553000000000018e-04
1.950000000000000000e+01 1.197456999999999943e-04
1.955000000000000071e+01 1.141801999999999948e-04
1.960000000000000142e+01 1.036375999999999986e-04
1.964999999999999858e+01 8.895068000000000061e-05
1.969999999999999929e+01 7.113430999999999487e-05
1.975000000000000000e+01 5.130447000000000111e-05
1.980000000000000071e+01 3.059871000000000303e-05
1.985000000000000142e+01 1.010437999999999964e-05
1.989999999999999858e+01 -9.200184999999999396e-06
1.994999999999999929e+01 -2.648899999999999999e-05
2.000000000000000000e+01 -4.111620999999999847e-05
