0.000000000000000000e+00 -8.404686000000000101e-01
5.000000000000000278e-02 -8.585774999999999935e-01
1.000000000000000056e-01 -8.762733999999999801e-01
1.499999999999999944e-01 -9.265052999999999761e-01
2.000000000000000111e-01 -9.729164000000000145e-01
2.500000000000000000e-01 -1.040712999999999999e+00
2.999999999999999889e-01 -1.097649000000000097e+00
3.499999999999999778e-01 -1.157723000000000058e+00
4.000000000000000222e-01 -1.197219000000000033e+00
4.500000000000000111e-01 -1.218298000000000103e+00
5.000000000000000000e-01 -1.210010000000000030e+00
5.500000000000000444e-01 -1.166449999999999987e+00
5.999999999999999778e-01 -1.091463999999999990e+00
6.500000000000000222e-01 -9.776437000000000044e-01
6.999999999999999556e-01 -8.412758999999999654e-01
7.500000000000000000e-01 -6.783624000000000320e-01
8.000000000000000444e-01 -5.112491999999999592e-01
8.499999999999999778e-01 -3.399427999999999894e-01
9.000000000000000222e-01 -1.846557000000000059e-01
9.499999999999999556e-01 -4.584908000000000039e-02
1.000000000000000000e+00 6.417183999999999389e-02
1.050000000000000044e+00 1.474078000000000055e-01
1.100000000000000089e+00 2.008844999999999936e-01
1.149999999999999911e+00 2.302240999999999871e-01
1.199999999999999956e+00 2.389942999999999929e-01
1.250000000000000000e+00 2.347712000000000132e-01
1.300000000000000044e+00 2.228923999999999905e-01
1.350000000000000089e+00 2.107482999999999995e-01
1.399999999999999911e+00 2.006412999999999947e-01
1.449999999999999956e+00 1.974669000000000008e-01
1.500000000000000000e+00 1.980338000000000098e-01
1.550000000000000044e+00 2.028532000000000113e-01
1.600000000000000089e+00 2.051492000000000038e-01
1.649999999999999911e+00 2.012861999999999985e-01
1.699999999999999956e+00 1.870005999999999891e-01
1.750000000000000000e+00 1.596721000000000112e-01
1.800000000000000044e+00 1.211789999999999951e-01
1.850000000000000089e+00 8.091547000000000323e-02
1.899999999999999911e+00 3.488282000000000188e-02
1.949999999999999956e+00 1.347657000000000022e-02
2.000000000000000000e+00 -1.012207000000000037e-02
2.049999999999999822e+00 -3.408205999999999996e-03
2.100000000000000089e+00 1.772527000000000130e-02
2.149999999999999911e+00 4.845693000000000222e-02
2.200000000000000178e+00 8.089768999999999433e-02
2.250000000000000000e+00 1.033353999999999939e-01
2.299999999999999822e+00 1.142631000000000063e-01
2.350000000000000089e+00 1.116903999999999952e-01
2.399999999999999911e+00 9.718760999999999373e-02
2.450000000000000178e+00 7.587749000000000577e-02
2.500000000000000000e+00 5.440149999999999847e-02
2.549999999999999822e+00 3.535697000000000145e-02
2.600000000000000089e+00 1.990969999999999893e-02
2.649999999999999911e+00 3.015454999999999785e-03
2.700000000000000178e+00 -1.230904000000000026e-02
2.750000000000000000e+00 -2.661161999999999903e-02
2.799999999999999822e+00 -4.064008000000000204e-02
2.850000000000000089e+00 -5.398816000000000032e-02
2.899999999999999911e+00 -6.701769999999999949e-02
2.950000000000000178e+00 -7.980540999999999330e-02
3.000000000000000000e+00 -9.197415999999999925e-02
3.049999999999999822e+00 -1.011425999999999992e-01
3.100000000000000089e+00 -1.079521999999999982e-01
3.149999999999999911e+00 -1.114399999999999974e-01
3.200000000000000178e+00 -1.107645000000000018e-01
3.250000000000000000e+00 -1.051857999999999960e-01
3.299999999999999822e+00 -9.536292999999999853e-02
3.350000000000000089e+00 -8.145484000000000058e-02
3.399999999999999911e+00 -6.424420000000000130e-02
3.450000000000000178e+00 -4.529738999999999988e-02
3.500000000000000000e+00 -2.555806000000000050e-02
3.549999999999999822e+00 -6.142565000000000004e-03
3.600000000000000089e+00 1.199315999999999924e-02
3.649999999999999911e+00 2.793943000000000121e-02
3.700000000000000178e+00 4.160780000000000034e-02
3.750000000000000000e+00 5.287068000000000323e-02
3.799999999999999822e+00 6.179866999999999999e-02
3.850000000000000089e+00 6.864375000000000338e-02
3.899999999999999911e+00 7.360511000000000137e-02
3.950000000000000178e+00 7.680710999999999788e-02
4.000000000000000000e+00 7.828847999999999363e-02
4.049999999999999822e+00 7.815107000000000304e-02
4.099999999999999645e+00 7.611215999999999815e-02
4.150000000000000355e+00 7.200642999999999627e-02
4.200000000000000178e+00 6.570550000000000002e-02
4.250000000000000000e+00 5.731594000000000272e-02
4.299999999999999822e+00 4.678844000000000058e-02
4.349999999999999645e+00 3.440340000000000065e-02
4.400000000000000355e+00 2.061527999999999972e-02
4.450000000000000178e+00 6.016699000000000352e-03
4.500000000000000000e+00 -8.738410000000000274e-03
4.549999999999999822e+00 -2.291862000000000066e-02
4.599999999999999645e+00 -3.582558999999999744e-02
4.650000000000000355e+00 -4.698726999999999765e-02
4.700000000000000178e+00 -5.583050999999999986e-02
4.750000000000000000e+00 -6.205660999999999816e-02
4.799999999999999822e+00 -6.555260000000000253e-02
4.849999999999999645e+00 -6.645236999999999672e-02
4.900000000000000355e+00 -6.485715000000000230e-02
4.950000000000000178e+00 -6.107325999999999727e-02
5.000000000000000000e+00 -5.546565999999999996e-02
5.049999999999999822e+00 -4.841904999999999820e-02
5.099999999999999645e+00 -4.026528000000000052e-02
5.150000000000000355e+00 -3.133157999999999777e-02
5.200000000000000178e+00 -2.190307000000000018e-02
5.250000000000000000e+00 -1.214609000000000001e-02
5.299999999999999822e+00 -2.346280999999999974e-03
5.349999999999999645e+00 7.258449999999999624e-03
5.400000000000000355e+00 1.641410999999999912e-02
5.450000000000000178e+00 2.497009999999999855e-02
5.500000000000000000e+00 3.250619999999999898e-02
5.549999999999999822e+00 3.872048000000000156e-02
5.599999999999999645e+00 4.334343999999999697e-02
5.650000000000000355e+00 4.623668000000000222e-02
5.700000000000000178e+00 4.716888999999999804e-02
5.750000000000000000e+00 4.612676000000000276e-02
5.799999999999999822e+00 4.321636000000000227e-02
5.849999999999999645e+00 3.866775000000000073e-02
5.900000000000000355e+00 3.274591999999999781e-02
5.950000000000000178e+00 2.582365000000000008e-02
6.000000000000000000e+00 1.829957999999999932e-02
6.049999999999999822e+00 1.055795999999999991e-02
6.099999999999999645e+00 2.913717000000000130e-03
6.150000000000000355e+00 -4.329989999999999707e-03
6.200000000000000178e+00 -1.093008999999999994e-02
6.250000000000000000e+00 -1.670229000000000158e-02
6.299999999999999822e+00 -2.151404000000000163e-02
6.349999999999999645e+00 -2.527524999999999911e-02
6.400000000000000355e+00 -2.793001000000000164e-02
6.450000000000000178e+00 -2.945149999999999851e-02
6.500000000000000000e+00 -2.984078000000000078e-02
6.549999999999999822e+00 -2.937354999999999827e-02
6.599999999999999645e+00 -2.782601000000000172e-02
6.650000000000000355e+00 -2.527242999999999851e-02
6.700000000000000178e+00 -2.183279999999999943e-02
6.750000000000000000e+00 -1.767188000000000092e-02
6.799999999999999822e+00 -1.299256000000000022e-02
6.849999999999999645e+00 -8.024049999999999586e-03
6.900000000000000355e+00 -3.005923000000000189e-03
6.950000000000000178e+00 1.829951999999999924e-03
7.000000000000000000e+00 6.276946000000000261e-03
7.049999999999999822e+00 1.029183000000000008e-02
7.099999999999999645e+00 1.364229999999999957e-02
7.150000000000000355e+00 1.624352000000000087e-02
7.200000000000000178e+00 1.806355000000000113e-02
7.250000000000000000e+00 1.911559999999999995e-02
7.299999999999999822e+00 1.944629000000000149e-02
7.349999999999999645e+00 1.912227999999999845e-02
7.400000000000000355e+00 1.821797000000000000e-02
7.450000000000000178e+00 1.680620999999999851e-02
7.500000000000000000e+00 1.495355999999999942e-02
7.549999999999999822e+00 1.270862000000000033e-02
7.599999999999999645e+00 1.015075000000000005e-02
7.650000000000000355e+00 7.343747000000000295e-03
7.700000000000000178e+00 4.353163999999999645e-03
7.750000000000000000e+00 1.252276999999999991e-03
7.799999999999999822e+00 -1.873291999999999926e-03
7.849999999999999645e+00 -4.923844000000000137e-03
7.900000000000000355e+00 -7.787559999999999795e-03
7.950000000000000178e+00 -1.034614000000000020e-02
8.000000000000000000e+00 -1.248334000000000076e-02
8.050000000000000711e+00 -1.412835999999999953e-02
8.099999999999999645e+00 -1.518508000000000011e-02
8.150000000000000355e+00 -1.559772000000000068e-02
8.199999999999999289e+00 -1.534110999999999982e-02
8.250000000000000000e+00 -1.442448999999999988e-02
8.300000000000000711e+00 -1.289269999999999999e-02
8.349999999999999645e+00 -1.082475999999999924e-02
8.400000000000000355e+00 -8.329780999999999644e-03
8.449999999999999289e+00 -5.540505999999999730e-03
8.500000000000000000e+00 -2.604935000000000063e-03
8.550000000000000711e+00 3.362009000000000221e-04
8.599999999999999645e+00 3.153054000000000186e-03
8.650000000000000355e+00 5.709533000000000143e-03
8.699999999999999289e+00 7.889198000000000044e-03
8.750000000000000000e+00 9.601998000000000477e-03
8.800000000000000711e+00 1.078878999999999949e-02
8.849999999999999645e+00 1.142331000000000076e-02
8.900000000000000355e+00 1.151144999999999946e-02
8.949999999999999289e+00 1.108809000000000010e-02
9.000000000000000000e+00 1.021192999999999927e-02
9.050000000000000711e+00 9.018442999999999252e-03
9.099999999999999645e+00 7.510621000000000311e-03
9.150000000000000355e+00 5.773717000000000259e-03
9.199999999999999289e+00 3.894661000000000216e-03
9.250000000000000000e+00 1.958291000000000025e-03
9.300000000000000711e+00 4.471050999999999894e-05
9.349999999999999645e+00 -1.772415999999999965e-03
9.400000000000000355e+00 -3.426985999999999921e-03
9.449999999999999289e+00 -4.861403999999999725e-03
9.500000000000000000e+00 -6.027692999999999766e-03
9.550000000000000711e+00 -6.936796999999999755e-03
9.599999999999999645e+00 -7.521609999999999754e-03
9.650000000000000355e+00 -7.767025999999999791e-03
9.699999999999999289e+00 -7.673501000000000107e-03
9.750000000000000000e+00 -7.257683000000000016e-03
9.800000000000000711e+00 -6.551851000000000029e-03
9.849999999999999645e+00 -5.602005000000000179e-03
9.900000000000000355e+00 -4.464660999999999977e-03
9.949999999999999289e+00 -3.202695000000000194e-03
1.000000000000000000e+01 -1.880736000000000040e-03
1.005000000000000071e+01 -5.564076999999999955e-04
1.009999999999999964e+01 7.222072999999999861e-04
1.015000000000000036e+01 1.906392000000000026e-03
1.019999999999999929e+01 2.956477999999999797e-03
1.025000000000000000e+01 3.842213000000000139e-03
1.030000000000000071e+01 4.542171000000000229e-03
1.034999999999999964e+01 5.042592999999999728e-03
1.040000000000000036e+01 5.336083999999999619e-03
1.044999999999999929e+01 5.420590000000000304e-03
1.050000000000000000e+01 5.298922000000000181e-03
1.055000000000000071e+01 4.978909999999999586e-03
1.059999999999999964e+01 4.474040999999999782e-03
1.065000000000000036e+01 3.804281000000000069e-03
1.069999999999999929e+01 2.996669999999999889e-03
1.075000000000000000e+01 2.085326000000000193e-03
1.080000000000000071e+01 1.110567000000000021e-03
1.084999999999999964e+01 1.171037999999999951e-04
1.090000000000000036e+01 -8.485953000000000506e-04
1.094999999999999929e+01 -1.741420999999999941e-03
1.100000000000000000e+01 -2.520815000000000035e-03
1.105000000000000071e+01 -3.184515000000000175e-03
1.109999999999999964e+01 -3.685616999999999973e-03
1.115000000000000036e+01 -4.005988000000000257e-03
1.119999999999999929e+01 -4.137942999999999830e-03
1.125000000000000000e+01 -4.084001999999999771e-03
1.130000000000000071e+01 -3.855826000000000132e-03
1.134999999999999964e+01 -3.472569999999999910e-03
1.140000000000000036e+01 -2.958974999999999973e-03
1.144999999999999929e+01 -2.343466000000000212e-03
1.150000000000000000e+01 -1.656478000000000074e-03
1.155000000000000071e+01 -9.291326000000000359e-04
1.159999999999999964e+01 -1.922519999999999882e-04
1.165000000000000036e+01 5.243745000000000394e-04
1.169999999999999929e+01 1.192611000000000105e-03
1.175000000000000000e+01 1.786622999999999987e-03
1.180000000000000071e+01 2.283652000000000164e-03
1.184999999999999964e+01 2.664928000000000002e-03
1.190000000000000036e+01 2.916657000000000017e-03
1.194999999999999929e+01 3.030946999999999981e-03
1.200000000000000000e+01 3.006509999999999998e-03
1.205000000000000071e+01 2.881560000000000024e-03
1.209999999999999964e+01 2.623994000000000153e-03
1.215000000000000036e+01 2.248983999999999879e-03
1.219999999999999929e+01 1.778101000000000030e-03
1.225000000000000000e+01 1.237639999999999921e-03
1.230000000000000071e+01 6.567351000000000135e-04
1.234999999999999964e+01 6.550599000000000536e-05
1.240000000000000036e+01 -5.066381000000000443e-04
1.244999999999999929e+01 -1.032488999999999933e-03
1.250000000000000000e+01 -1.488338999999999981e-03
1.255000000000000071e+01 -1.855096000000000089e-03
1.259999999999999964e+01 -2.119170000000000081e-03
1.265000000000000036e+01 -2.273045000000000013e-03
1.269999999999999929e+01 -2.315433999999999895e-03
1.275000000000000000e+01 -2.250946000000000197e-03
1.280000000000000071e+01 -2.089295000000000128e-03
1.284999999999999964e+01 -1.844146000000000066e-03
1.290000000000000036e+01 -1.531830999999999991e-03
1.294999999999999929e+01 -1.170114000000000093e-03
1.300000000000000000e+01 -7.772181000000000185e-04
1.305000000000000071e+01 -3.744393000000000049e-04
1.309999999999999964e+01 2.899261999999999890e-05
1.315000000000000036e+01 4.163506999999999777e-04
1.319999999999999929e+01 7.720497999999999684e-04
1.325000000000000000e+01 1.082136999999999943e-03
1.330000000000000071e+01 1.334780000000000038e-03
1.334999999999999964e+01 1.520740999999999933e-03
1.340000000000000036e+01 1.633813000000000019e-03
1.344999999999999929e+01 1.671151999999999967e-03
1.350000000000000000e+01 1.633483000000000027e-03
1.355000000000000071e+01 1.525106000000000031e-03
1.359999999999999964e+01 1.353676999999999962e-03
1.365000000000000036e+01 1.129762000000000084e-03
1.369999999999999929e+01 8.661816000000000350e-04
1.375000000000000000e+01 5.771949000000000394e-04
1.380000000000000071e+01 2.775976000000000203e-04
1.384999999999999964e+01 -1.817508000000000014e-05
1.390000000000000036e+01 -2.968603000000000214e-04
1.394999999999999929e+01 -5.470221000000000154e-04
1.400000000000000000e+01 -7.595018999999999729e-04
1.405000000000000071e+01 -9.390506999999999977e-04
1.409999999999999964e+01 -1.071834999999999932e-03
1.415000000000000036e+01 -1.154831000000000043e-03
1.419999999999999929e+01 -1.187233999999999902e-03
1.425000000000000000e+01 -1.170156000000000104e-03
1.430000000000000071e+01 -1.106297999999999917e-03
1.434999999999999964e+01 -9.996570999999999669e-04
1.440000000000000036e+01 -8.553195999999999889e-04
1.444999999999999929e+01 -6.793307999999999638e-04
1.450000000000000000e+01 -4.786413000000000213e-04
1.455000000000000071e+01 -2.610784999999999907e-04
1.459999999999999964e+01 -3.529095000000000132e-05
1.465000000000000036e+01 1.893905999999999888e-04
1.469999999999999929e+01 4.032150999999999878e-04
1.475000000000000000e+01 5.964138000000000122e-04
1.480000000000000071e+01 7.597301999999999788e-04
1.484999999999999964e+01 8.850327999999999537e-04
1.490000000000000036e+01 9.659455000000000168e-04
1.494999999999999929e+01 9.984147000000000074e-04
1.500000000000000000e+01 9.811322000000000793e-04
1.505000000000000071e+01 9.216310000000000127e-04
1.509999999999999964e+01 8.181932000000000050e-04
1.515000000000000036e+01 6.774755999999999617e-04
1.519999999999999929e+01 5.083696000000000395e-04
1.525000000000000000e+01 3.212307999999999874e-04
1.530000000000000071e+01 1.269940999999999908e-04
1.534999999999999964e+01 -6.371128999999999356e-05
1.540000000000000036e+01 -2.413398000000000030e-04
1.544999999999999929e+01 -3.980138999999999943e-04
1.550000000000000000e+01 -5.278655999999999626e-04
1.555000000000000071e+01 -6.271259999999999855e-04
1.559999999999999964e+01 -6.939939999999999694e-04
1.565000000000000036e+01 -7.283454999999999877e-04
1.569999999999999929e+01 -7.313616999999999471e-04
1.575000000000000000e+01 -7.051577000000000062e-04
1.580000000000000071e+01 -6.524764999999999862e-04
1.584999999999999964e+01 -5.764909000000000136e-04
1.590000000000000036e+01 -4.807211999999999943e-04
1.594999999999999929e+01 -3.690494999999999908e-04
1.600000000000000000e+01 -2.457838999999999966e-04
1.605000000000000071e+01 -1.182940999999999962e-04
1.610000000000000142e+01 1.221151000000000059e-05
1.614999999999999858e+01 1.402498999999999868e-04
1.619999999999999929e+01 2.600303000000000098e-04
1.625000000000000000e+01 3.658296999999999916e-04
1.630000000000000071e+01 4.524471999999999869e-04
1.635000000000000142e+01 5.156701000000000080e-04
1.639999999999999858e+01 5.526786000000000112e-04
1.644999999999999929e+01 5.623231000000000236e-04
1.650000000000000000e+01 5.452278999999999980e-04
1.655000000000000071e+01 5.037051999999999762e-04
1.660000000000000142e+01 4.414889000000000075e-04
1.664999999999999858e+01 3.633317000000000165e-04
1.669999999999999929e+01 2.745237999999999888e-04
1.675000000000000000e+01 1.804028000000000001e-04
1.680000000000000071e+01 8.592171000000000172e-05
1.685000000000000142e+01 -4.674398000000000032e-06
1.689999999999999858e+01 -8.803090000000000448e-05
1.694999999999999929e+01 -1.617223999999999951e-04
1.700000000000000000e+01 -2.241668000000000100e-04
1.705000000000000071e+01 -2.773895999999999979e-04
1.710000000000000142e+01 -3.182476999999999854e-04
1.714999999999999858e+01 -3.462207000000000240e-04
1.719999999999999929e+01 -3.609147999999999957e-04
1.725000000000000000e+01 -3.620451999999999807e-04
1.730000000000000071e+01 -3.495047999999999948e-04
1.735000000000000142e+01 -3.234980000000000256e-04
1.739999999999999858e+01 -2.847023999999999866e-04
1.744999999999999929e+01 -2.344122999999999986e-04
1.750000000000000000e+01 -1.746232000000000123e-04
1.755000000000000071e+01 -1.080257000000000049e-04
1.760000000000000142e+01 -3.789368999999999870e-05
1.764999999999999858e+01 3.212520000000000203e-05
1.769999999999999929e+01 9.829312999999999787e-05
1.775000000000000000e+01 1.570986999999999872e-04
1.780000000000000071e+01 2.055609999999999924e-04
1.785000000000000142e+01 2.414775999999999934e-04
1.789999999999999858e+01 2.635809000000000025e-04
1.794999999999999929e+01 2.715870000000000003e-04
1.800000000000000000e+01 2.661364000000000156e-04
1.805000000000000071e+01 2.519684999999999915e-04
1.810000000000000142e+01 2.273377000000000037e-04
1.814999999999999858e+01 1.941610000000000135e-04
1.819999999999999929e+01 1.545553999999999873e-04
1.825000000000000000e+01 1.106746999999999993e-04
1.830000000000000071e+01 6.459174000000000306e-05
1.835000000000000142e+01 1.823259000000000156e-05
1.839999999999999858e+01 -2.664651000000000045e-05
1.844999999999999929e+01 -6.845477000000000528e-05
1.850000000000000000e+01 -1.057548000000000060e-04
1.855000000000000071e+01 -1.372614999999999935e-04
1.860000000000000142e+01 -1.618636000000000066e-04
1.864999999999999858e+01 -1.786714999999999918e-04
1.869999999999999929e+01 -1.870850000000000019e-04
1.875000000000000000e+01 -1.868670000000000118e-04
1.880000000000000071e+01 -1.782056000000000070e-04
1.885000000000000142e+01 -1.617456999999999988e-04
1.889999999999999858e+01 -1.385782000000000008e-04
1.894999999999999929e+01 -1.101807000000000003e-04
1.900000000000000000e+01 -7.831241999999999381e-05
1.905000000000000071e+01 -4.570096999999999961e-05
1.910000000000000142e+01 -1.269755000000000009e-05
1.914999999999999858e+01 1.900977000000000011e-05
1.919999999999999929e+01 4.793591999999999759e-05
1.925000000000000000e+01 7.288539000000000454e-05
1.930000000000000071e+01 9.299934000000000531e-05
1.935000000000000142e+01 1.077630999999999983e-04
1.939999999999999858e+01 1.169807999999999964e-04
1.944999999999999929e+01 1.207277000000000063e-04
1.950000000000000000e+01 1.192940999999999934e-04
1.955000000000000071e+01 1.131326000000000017e-04
1.960000000000000142e+01 1.028157000000000056e-04
1.964999999999999858e+01 8.900798999999999820e-05
1.969999999999999929e+01 7.245024000000000245e-05
1.975000000000000000e+01 5.394926999999999991e-05
1.980000000000000071e+01 3.436607000000000079e-05
1.985000000000000142e+01 1.459511999999999995e-05
1.989999999999999858e+01 -4.469157999999999605e-06
1.994999999999999929e+01 -2.197852999999999843e-05
2.000000000000000000e+01 -3.718518999999999693e-05
