# # Once                                                         FEFF 10.0.0 
# # POT  SCF 100  9.0000   0, NO core-hole, FOLP (folp(0)= 1.150)
# # Abs   Z=30 Rmt= 1.380 Rnm= 1.522 K  shell
# #   RGRID 0.0100
# # Pot 1 Z= 6 Rmt= 0.895 Rnm= 1.120
# # Pot 2 Z= 6 Rmt= 0.930 Rnm= 1.168
# # Pot 3 Z= 1 Rmt= 0.548 Rnm= 0.953
# # Pot 4 Z=16 Rmt= 1.257 Rnm= 1.477
# # Gam_ch=1.897E+00 H-L exch Vi=-5.000E-01 Vr= 0.000E+00
# # Mu=-6.981E+00eV kf=1.329E+00 Vint=-9.057E+00eV Rs_int= 2.729
# FMS rfms= 9.0000
# # PATH  Rmax= 0.100,  Keep_limit= 0.00, Heap_limit 0.00  Pwcrit= 2.50%
#  S02=1.000  Temp=  10.00  Debye_temp= 315.00  Global_sig2= 0.00000
#  Energy zero shift, vr, vi    0.00000E+00   0.00000E+00
#  Curved wave amplitude ratio filter   4.000%
#     file         sig2 tot  cw amp ratio   deg  nlegs   reff  inp sig2
#     0/   0 paths used
#  xsedge+ 50, used to normalize mu           1.0000E+00
#  -----------------------------------------------------------------------
#  omega    e    k    mu    mu0     chi     @#
      9653.6565317903      -16.9805045000       -1.6200872587    2.7449916576E-06    3.9848497396E-06   -1.2398580820E-06
      9654.1565317903      -16.4805045000       -1.5790658039    2.8694468412E-06    4.2170199451E-06   -1.3475731038E-06
      9654.6565317903      -15.9805045000       -1.5369497306    3.0046980060E-06    4.4759556923E-06   -1.4712576864E-06
      9655.1565317903      -15.4805045000       -1.4936466613    3.1521907644E-06    4.7664066854E-06   -1.6142159210E-06
      9655.6565317903      -14.9805045000       -1.4490501841    3.3136427541E-06    5.0942960086E-06   -1.7806532545E-06
      9656.1565317903      -14.4805045000       -1.4030367413    3.4911122934E-06    5.4671025926E-06   -1.9759902992E-06
      9656.6565317903      -13.9805045000       -1.3554622724    3.6870897166E-06    5.8944028733E-06   -2.2073131566E-06
      9657.1565317903      -13.4805045000       -1.3061560932    3.9046210665E-06    6.3886544874E-06   -2.4840334208E-06
      9657.6565317903      -12.9805045000       -1.2549141860    4.1474791092E-06    6.9663580050E-06   -2.8188788958E-06
      9658.1565317903      -12.4805045000       -1.2014889076    4.4204056029E-06    7.6498275564E-06   -3.2294219535E-06
      9658.6565317903      -11.9805045000       -1.1455747332    4.7294646191E-06    8.4699775692E-06   -3.7405129501E-06
      9659.1565317903      -11.4805045000       -1.0867876258    5.0825762565E-06    9.4708766824E-06   -4.3883004259E-06
      9659.6565317903      -10.9805045000       -1.0246331595    5.4903584921E-06    1.0717528703E-05   -5.2271702111E-06
      9660.1565317903      -10.4805045000       -0.9584566200    5.9675289655E-06    1.2309901535E-05   -6.3423725698E-06
      9660.6565317603       -9.9805045300       -0.8873583607    6.5354057721E-06    1.4409949095E-05   -7.8745433233E-06
      9661.1565317603       -9.4805045300       -0.8100436294    7.2267866641E-06    1.7298176903E-05   -1.0071390239E-05
      9661.6565317603       -8.9805045300       -0.7245250921    8.0966613370E-06    2.1505522501E-05   -1.3408861164E-05
      9662.1565317603       -8.4805045300       -0.6274570930    9.2497804649E-06    2.8168511820E-05   -1.8918731355E-05
      9662.6565317603       -7.9805045300       -0.5123165798    1.0928617572E-05    4.0194084476E-05   -2.9265466903E-05
      9663.1565317603       -7.4805045300       -0.3622625460    1.3875037376E-05    6.7107333711E-05   -5.3232296335E-05
      9663.6565317603       -6.9805045300        0.0000000000    2.0357528654E-05    1.3872530797E-04   -1.1836777932E-04
      9664.1565317603       -6.4805045300        0.3622625460    2.6996952995E-05    2.2673668063E-04   -1.9973972764E-04
      9664.6565317603       -5.9805045300        0.5123165798    3.2473828232E-05    2.8640534533E-04   -2.5393151709E-04
      9665.1565317603       -5.4805045300        0.6274570930    3.8981957494E-05    3.2668138769E-04   -2.8769943020E-04
      9665.6565317603       -4.9805045300        0.7245250921    4.8263922642E-05    3.5131951687E-04   -3.0305559422E-04
      9666.1565317603       -4.4805045300        0.8100436294    6.2269560577E-05    3.6331987831E-04   -3.0105031773E-04
      9666.6565317603       -3.9805045300        0.8873583607    8.4039965798E-05    3.6606835349E-04   -2.8202838769E-04
      9667.1565317603       -3.4805045300        0.9584566200    1.1768558967E-04    3.6269923699E-04   -2.4501364732E-04
      9667.6565317603       -2.9805045300        1.0246331595    1.6618587745E-04    3.5564716390E-04   -1.8946128644E-04
      9668.1565317603       -2.4805045300        1.0867876258    2.2580564152E-04    3.4663480465E-04   -1.2082916313E-04
      9668.6565317603       -1.9805045300        1.1455747332    2.8480336532E-04    3.3678187226E-04   -5.1978506932E-05
      9669.1565317603       -1.4805045300        1.2014889076    3.3320655470E-04    3.2678735311E-04    6.4192015883E-06
      9669.6565317613       -0.9805045290        1.2549141860    3.6698419001E-04    3.1705263305E-04    4.9931556955E-05
      9670.1565317613       -0.4805045290        1.3061560932    3.8314995845E-04    3.0779977090E-04    7.5350187552E-05
      9670.6565317610        0.0194954707        1.3554622724    3.8136055957E-04    2.9914746814E-04    8.2213091429E-05
      9671.1565317613        0.5194954710        1.4030367413    3.6733793254E-04    2.9112934474E-04    7.6208587808E-05
      9671.6565317603        1.0194954700        1.4490501841    3.4964245303E-04    2.8374823682E-04    6.5894216208E-05
      9672.1565317603        1.5194954700        1.4936466613    3.3352539106E-04    2.7698985430E-04    5.6535536765E-05
      9672.6565317603        2.0194954700        1.5369497306    3.1980528070E-04    2.7081125169E-04    4.8994029005E-05
      9673.1565317603        2.5194954700        1.5790658039    3.0790520631E-04    2.6515946594E-04    4.2745740370E-05
      9673.6565317603        3.0194954700        1.6200872587    2.9785804845E-04    2.5990387093E-04    3.7954177515E-05
      9674.2833074003        3.6462711100        1.6700872977    2.8943374516E-04    2.5405891807E-04    3.5374827084E-05
      9674.9291329603        4.2920966700        1.7200873036    2.8621642097E-04    2.4948054616E-04    3.6735874810E-05
      9675.5940084403        4.9569721500        1.7700872793    2.8688106238E-04    2.4922762675E-04    3.7653435621E-05
      9676.2779338503        5.6408975600        1.8200872856    2.8229189864E-04    2.4857506361E-04    3.3716835029E-05
      9676.9809091703        6.3438728800        1.8700873770    2.7385584071E-04    2.4640698332E-04    2.7448857393E-05
      9677.7029344103        7.0658981200        1.9200873252    2.6465230842E-04    2.4320955344E-04    2.1442754980E-05
      9678.4440095703        7.8069732800        1.9700873572    2.5631459129E-04    2.3953346370E-04    1.6781127591E-05
      9679.2041346503        8.5670983600        2.0200873613    2.4917815034E-04    2.3553446311E-04    1.3643687231E-05
      9679.9833096503        9.3462733600        2.0700873396    2.4330806447E-04    2.3123555625E-04    1.2072508219E-05
      9680.7815345903       10.1444983000        2.1200873943    2.3883019549E-04    2.2672757546E-04    1.2102620024E-05
      9681.5988093903       10.9617731000        2.1700873240    2.3570097866E-04    2.2209452755E-04    1.3606451115E-05
      9682.4351341903       11.7980979000        2.2200873288    2.3397386979E-04    2.1785128097E-04    1.6122588814E-05
      9683.2905088903       12.6534726000        2.2700873101    2.3338884267E-04    2.1442306996E-04    1.8965772706E-05
      9684.1649334903       13.5278972000        2.3200873610    2.3329733612E-04    2.1174220171E-04    2.1555134408E-05
      9685.0584079903       14.4213717000        2.3700872976    2.3316059308E-04    2.0965267989E-04    2.3507913187E-05
      9685.9709323903       15.3338961000        2.4200873029    2.3270802579E-04    2.0804666686E-04    2.4661358934E-05
      9686.9025067903       16.2654705000        2.4700872865    2.3185657211E-04    2.0686636722E-04    2.4990204893E-05
      9687.8531310903       17.2160948000        2.5200873342    2.3055263886E-04    2.0607355146E-04    2.4479087396E-05
      9688.8228052903       18.1857690000        2.5700872766    2.2865945984E-04    2.0562360025E-04    2.3035859585E-05
      9689.8115293903       19.1744931000        2.6200872821    2.2599687096E-04    2.0546287395E-04    2.0533997011E-05
      9690.8193034903       20.1822672000        2.6700872676    2.2243946087E-04    2.0554757791E-04    1.6891882962E-05
      9691.8461273903       21.2090911000        2.7200873124    2.1796431441E-04    2.0584956950E-04    1.2114744911E-05
      9692.8920012903       22.2549650000        2.7700872596    2.1266518280E-04    2.0635287288E-04    6.3123099161E-06
      9693.9569250903       23.3198888000        2.8200872653    2.0676399882E-04    2.0703046959E-04   -2.6647076610E-07
      9695.0408987903       24.4038625000        2.8700873265    2.0063704837E-04    2.0785601456E-04   -7.2189661952E-06
      9696.1439224903       25.5068862000        2.9200872946    1.9481394240E-04    2.0881483386E-04   -1.4000891465E-05
      9697.2659959903       26.6289597000        2.9700873176    1.8987501512E-04    2.0989288712E-04   -2.0017872001E-05
      9698.4071194903       27.7700832000        3.0200872517    1.8630937323E-04    2.1107347896E-04   -2.4764105727E-05
      9699.5672928903       28.9302566000        3.0700872401    1.8443168101E-04    2.1235440567E-04   -2.7922724657E-05
      9700.7465162903       30.1094800000        3.1200872801    1.8432846719E-04    2.1371054751E-04   -2.9382080320E-05
      9701.9447894903       31.3077532000        3.1700872349    1.8592674763E-04    2.1512556223E-04   -2.9198814605E-05
      9703.1621126903       32.5250764000        3.2200872408    1.8904832591E-04    2.1659279450E-04   -2.7544468590E-05
      9704.3984857903       33.7614495000        3.2700871651    1.9345107898E-04    2.1810807503E-04   -2.4656996045E-05
      9705.6539087903       35.0168725000        3.3200872682    1.9882623586E-04    2.1963857153E-04   -2.0812335673E-05
      9706.9283816903       36.2913454000        3.3700874155    2.0489408744E-04    2.2119249640E-04   -1.6298408961E-05
      9708.2219044903       37.5848682000        3.4200874809    2.1133850292E-04    2.2273664133E-04   -1.1398138408E-05
      9709.5344772903       38.8974410000        3.4700874677    2.1789694265E-04    2.2427508419E-04   -6.3781415414E-06
      9710.8660999903       40.2290637000        3.5200873794    2.2432398127E-04    2.2579991687E-04   -1.4759355949E-06
      9712.2167725903       41.5797363000        3.5700874575    2.3038319378E-04    2.2727547276E-04    3.1077210213E-06
      9713.5864950903       42.9494588000        3.6200873425    2.3594037234E-04    2.2872008803E-04    7.2202843059E-06
      9714.9752675903       44.3382313000        3.6700873901    2.4085952772E-04    2.3009581055E-04    1.0763717169E-05
      9716.3830898903       45.7460536000        3.7200873650    2.4511858646E-04    2.3141996660E-04    1.3698619865E-05
      9717.8099621903       47.1729259000        3.7700873829    2.4867799065E-04    2.3265526872E-04    1.6022721932E-05
      9719.2558843903       48.6188481000        3.8200872194    2.5157378582E-04    2.3381458157E-04    1.7759204247E-05
      9720.7208565903       50.0838203000        3.8700873213    2.5381148936E-04    2.3488513179E-04    1.8926357571E-05
      9722.2048785903       51.5678423000        3.9200871357    2.5539197748E-04    2.3586333034E-04    1.9528647137E-05
      9723.7079505903       53.0709143000        3.9700873166    2.5628174871E-04    2.3673519988E-04    1.9546548829E-05
      9725.2300724903       54.5930362000        4.0200872151    2.5645423293E-04    2.3750456562E-04    1.8949667304E-05
      9726.7712442903       56.1342080000        4.0700872600    2.5587963082E-04    2.3816563714E-04    1.7713993684E-05
      9728.3314659903       57.6944297000        4.1200870326    2.5457238404E-04    2.3872268602E-04    1.5849698021E-05
      9729.9107376903       59.2737014000        4.1700873594    2.5258141580E-04    2.3916376353E-04    1.3417652272E-05
      9731.5090591903       60.8720229000        4.2200870102    2.5002620317E-04    2.3949461892E-04    1.0531584245E-05
      9733.1264306903       62.4893944000        4.2700874045    2.4705885540E-04    2.3972238970E-04    7.3364657022E-06
      9734.7628520903       64.1258158000        4.3200871369    2.4381757848E-04    2.3984233213E-04    3.9752463514E-06
      9736.4183233903       65.7812871000        4.3700873990    2.4042960470E-04    2.3986168219E-04    5.6792251204E-07
      9738.0928446903       67.4558084000        4.4200875951    2.3698606088E-04    2.3978929110E-04   -2.8032302247E-06
      9739.7864158903       69.1493796000        4.4700873463    2.3354717138E-04    2.3962659351E-04   -6.0794221303E-06
      9741.4990369903       70.8620007000        4.5200876093    2.3017276759E-04    2.3937586187E-04   -9.2030942849E-06
      9743.2307079903       72.5936717000        4.5700872495    2.2696469493E-04    2.3905210055E-04   -1.2087405617E-05
      9744.9814288903       74.3443926000        4.6200875770    2.2405619352E-04    2.3865869222E-04   -1.4602498701E-05
      9746.7511996903       76.1141634000        4.6700872937    2.2161033397E-04    2.3819797036E-04   -1.6587636387E-05
      9748.5400204903       77.9029842000        4.7200875012    2.1980484534E-04    2.3768514385E-04   -1.7880298506E-05
      9750.3478911903       79.7108549000        4.7700872916    2.1876927521E-04    2.3713039380E-04   -1.8361118592E-05
      9752.1748117903       81.5377755000        4.8200875611    2.1855015538E-04    2.3653661725E-04   -1.7986461866E-05
      9754.0207822903       83.3837460000        4.8700872460    2.1911191325E-04    2.3591275809E-04   -1.6800844843E-05
      9755.8858027903       85.2487665000        4.9200874025    2.2034072733E-04    2.3526894412E-04   -1.4928216785E-05
      9757.7698731903       87.1328369000        4.9700873309    2.2207096817E-04    2.3461369840E-04   -1.2542730225E-05
      9759.6729934903       89.0359572000        5.0200875471    2.2411609762E-04    2.3394918377E-04   -9.8330861496E-06
      9761.5951636903       90.9581274000        5.0700872027    2.2630768835E-04    2.3328457619E-04   -6.9768878446E-06
      9763.5363837903       92.8993475000        5.1200874783    2.2851112477E-04    2.3262838616E-04   -4.1172613885E-06
      9765.4966538903       94.8596176000        5.1700872031    2.3062521606E-04    2.3198394894E-04   -1.3587328726E-06
      9767.4759737903       96.8389375000        5.2200873716    2.3258858904E-04    2.3135915352E-04    1.2294355231E-06
      9769.4743436903       98.8373074000        5.2700871633    2.3436734553E-04    2.3076181047E-04    3.6055350638E-06
      9771.4917632903      100.8547270000        5.3200873890    2.3592637396E-04    2.3018780471E-04    5.7385692506E-06
      9773.5282332903      102.8911970000        5.3700870854    2.3725357895E-04    2.2965099392E-04    7.6025850368E-06
      9775.5837532903      104.9467170000        5.4200875237    2.3832275398E-04    2.2915435708E-04    9.1683969053E-06
      9777.6583222903      107.0212860000        5.4700872829    2.3909856647E-04    2.2869723493E-04    1.0401331548E-05
      9779.7519422903      109.1149060000        5.5200873067    2.3953920905E-04    2.2827364954E-04    1.1265559512E-05
      9781.8646112903      111.2275750000        5.5700872823    2.3963288343E-04    2.2790457636E-04    1.1728307063E-05
      9783.9963302903      113.3592940000        5.6200875141    2.3934342090E-04    2.2757738021E-04    1.1766040693E-05
      9786.1471002903      115.5100640000        5.6700870942    2.3866211650E-04    2.2729307292E-04    1.1369043580E-05
      9788.3169192903      117.6798830000        5.7200875283    2.3761326083E-04    2.2706429209E-04    1.0548968735E-05
      9790.5057882903      119.8687520000        5.7700870235    2.3622146733E-04    2.2687730733E-04    9.3441599995E-06
      9792.7137072903      122.0766710000        5.8200873593    2.3456020776E-04    2.2673892575E-04    7.8212820147E-06
      9794.9406762903      124.3036400000        5.8700870640    2.3271477543E-04    2.2664191717E-04    6.0728582618E-06
      9797.1866952903      126.5496590000        5.9200873040    2.3079268219E-04    2.2658594499E-04    4.2067372078E-06
      9799.4517642903      128.8147280000        5.9700872103    2.2891840173E-04    2.2657950310E-04    2.3388986332E-06
      9801.7358822903      131.0988460000        6.0200873568    2.2722787217E-04    2.2663739965E-04    5.9047251935E-07
