9.654097926999998890e+03 -1.685507300000035258e+01 -1.583967664086619598e+00 2.753604993600000017e-06 4.009031913500000271e-06 -1.255426919900000042e-06
9.654597926999998890e+03 -1.635507300000035258e+01 -1.541985543059646524e+00 2.878856714999999874e-06 4.242871667399999762e-06 -1.364014952499999962e-06
9.655097926999998890e+03 -1.585507300000035258e+01 -1.498827965157403685e+00 3.015010134300000071e-06 4.503779454399999647e-06 -1.488769320100000000e-06
9.655597926999998890e+03 -1.535507300000035258e+01 -1.454390292621211778e+00 3.163530129100000072e-06 4.796579458599999785e-06 -1.633049329499999925e-06
9.656097926999998890e+03 -1.485507300000035258e+01 -1.408551375493185542e+00 3.326158164100000164e-06 5.127292798100000228e-06 -1.801134634000000063e-06
9.656597926999998890e+03 -1.435507300000035258e+01 -1.361169655677305856e+00 3.504982307400000073e-06 5.503529325000000299e-06 -1.998547017599999803e-06
9.657097926999998890e+03 -1.385507300000035258e+01 -1.312078002890683992e+00 3.702530425500000010e-06 5.935043174600000075e-06 -2.232512749100000065e-06
9.657597926999998890e+03 -1.335507300000035258e+01 -1.261076738268744890e+00 3.921896463500000234e-06 6.434537620200000216e-06 -2.512641156699999982e-06
9.658097926999998890e+03 -1.285507300000035258e+01 -1.207924001721742080e+00 4.166915125700000300e-06 7.018859891700000019e-06 -2.851944766000000142e-06
9.658597926999998890e+03 -1.235507300000035258e+01 -1.152322111246849801e+00 4.442409451100000392e-06 7.710825110900000211e-06 -3.268415659799999818e-06
9.659097926999998890e+03 -1.185507300000035258e+01 -1.093897665324013779e+00 4.754552010899999989e-06 8.542091932000000723e-06 -3.787539921099999887e-06
9.659597926999998890e+03 -1.135507300000035258e+01 -1.032171476225854034e+00 5.111410668299999631e-06 9.557870792599999530e-06 -4.446460124299999899e-06
9.660097926999998890e+03 -1.085507300000035258e+01 -9.665111538245119149e-01 5.523809535400000215e-06 1.082498581000000053e-05 -5.301176274999999762e-06
9.660597926999998890e+03 -1.035507300000035258e+01 -8.960522666675867498e-01 6.006762459600000138e-06 1.244644502999999919e-05 -6.439682570800000201e-06
9.661097926999998890e+03 -9.855073000000352579e+00 -8.195581240723873728e-01 6.582029578100000050e-06 1.458958061899999930e-05 -8.007551040499999797e-06
9.661597926999998890e+03 -9.355073000000352579e+00 -7.351471776902779309e-01 7.283101958299999903e-06 1.754513342800000135e-05 -1.026203146900000072e-05
9.662097926999998890e+03 -8.855073000000352579e+00 -6.396930724956396697e-01 8.166135356199999277e-06 2.186548346700000039e-05 -1.369934811100000084e-05
9.662597926999998890e+03 -8.355073000000352579e+00 -5.272315251688221016e-01 9.338052075799999232e-06 2.873836420100000090e-05 -1.940031212500000025e-05
9.663097926999998890e+03 -7.855073000000353467e+00 -3.830651840937426278e-01 1.104606480600000045e-05 4.121791724800000212e-05 -3.017185244099999966e-05
9.663597926999998890e+03 -7.355073000000353467e+00 -1.245182291783154260e-01 1.404526985899999921e-05 6.936881065700000067e-05 -5.532354079800000146e-05
9.663656999999999243e+03 -7.296000000000000263e+00 0.000000000000000000e+00 1.482479403743060211e-05 7.825595710259118036e-05 -6.343116306516057316e-05
9.663665999999999258e+03 -7.286999999999985711e+00 4.860261953445584038e-02 1.494355756062860661e-05 7.960994823238523349e-05 -6.466639067175661672e-05
9.663694999999999709e+03 -7.257999999999534602e+00 9.986888948025554602e-02 1.532624002426660471e-05 8.397280853949921648e-05 -6.864656851523261855e-05
9.663741999999998370e+03 -7.211000000000873378e+00 1.493646705120479090e-01 1.594644953430060164e-05 9.104365110620117022e-05 -7.509720157190057197e-05
9.663808999999999287e+03 -7.143999999999956607e+00 1.997377789593159370e-01 1.683057798477460403e-05 1.011233628502232029e-04 -8.429278486544859207e-05
9.663894999999998618e+03 -7.058000000000625995e+00 2.499348983886820197e-01 1.796542942866660857e-05 1.140615003126992468e-04 -9.609607088403263487e-05
9.664000000000000000e+03 -6.952999999999243563e+00 3.000443701604951774e-01 1.935100386597660171e-05 1.298580634936291936e-04 -1.105070596276525784e-04
9.664097926999998890e+03 -6.855073000000353467e+00 3.401901769148631960e-01 2.064324337000000040e-05 1.445905400900000088e-04 -1.239472967200000084e-04
9.664122999999999593e+03 -6.829999999999651017e+00 3.497287862733068908e-01 2.098805764877944348e-05 1.491329520668143642e-04 -1.281448944180850718e-04
9.664265999999999622e+03 -6.686999999999621913e+00 3.998039390328587128e-01 2.295465286536544158e-05 1.750399002853943186e-04 -1.520852474203650306e-04
9.664427999999999884e+03 -6.524999999999359979e+00 4.498478108507243944e-01 2.518254394988944130e-05 2.043890304351143059e-04 -1.792064864858850285e-04
9.664597926999998890e+03 -6.355073000000353467e+00 4.969542255947073661e-01 2.751945042099999931e-05 2.351742751199999918e-04 -2.076548247000000098e-04
9.664608999999998559e+03 -6.344000000000684203e+00 4.998697967778416573e-01 2.764578112558859272e-05 2.364659296741679643e-04 -2.088201485494243581e-04
9.664808999999999287e+03 -6.143999999999956607e+00 5.498758696994616724e-01 2.992756031078859763e-05 2.597957328741679842e-04 -2.298681725614243668e-04
9.665027999999998428e+03 -5.925000000000815170e+00 5.998700092247406523e-01 3.242610851858259948e-05 2.853418673781680332e-04 -2.529157588545644054e-04
9.665097926999998890e+03 -5.855073000000353467e+00 6.149777623650343195e-01 3.322389838400000142e-05 2.934987831200000009e-04 -2.602748847299999908e-04
9.665265999999999622e+03 -5.686999999999621913e+00 6.498549695126818460e-01 3.545372363368152140e-05 3.061360387544844147e-04 -2.706823151171559015e-04
9.665523999999999432e+03 -5.428999999999811088e+00 7.000202144707585727e-01 3.887661079829351997e-05 3.255348235307243990e-04 -2.866582127323958999e-04
9.665597926999998890e+03 -5.355073000000353467e+00 7.137449082624506280e-01 3.985740064099999817e-05 3.310933272599999927e-04 -2.912359266200000084e-04
9.665799999999999272e+03 -5.152999999999971159e+00 7.499796991827626380e-01 4.360013032237173907e-05 3.399796494813801546e-04 -2.963795191608167563e-04
9.666094999999999345e+03 -4.857999999999898399e+00 7.999360569744666805e-01 4.906402335115173785e-05 3.529525110477801757e-04 -3.038884876996167362e-04
9.666097926999998890e+03 -4.855073000000353467e+00 8.004161042468120879e-01 4.911823628300000138e-05 3.530812282200000165e-04 -3.039629919399999890e-04
9.666408999999999651e+03 -4.543999999999592809e+00 8.498898392453323458e-01 5.776508849507575581e-05 3.592708410453124626e-04 -3.015057525513702131e-04
9.666597926999998890e+03 -4.355073000000353467e+00 8.785784460164686172e-01 6.301666560999999965e-05 3.630300389900000023e-04 -3.000133733800000027e-04
9.666742999999998574e+03 -4.210000000000669651e+00 8.999873045167785524e-01 6.939113907749463821e-05 3.634332423228782091e-04 -2.940421032459638630e-04
9.667094999999999345e+03 -3.857999999999898399e+00 9.499294642140519995e-01 8.485793621106263093e-05 3.644115606396782143e-04 -2.795536244306038882e-04
9.667097926999998890e+03 -3.855073000000353467e+00 9.503337475180928529e-01 8.498654790200000394e-05 3.644196956900000147e-04 -2.794331477900000114e-04
9.667466999999998734e+03 -3.486000000000509580e+00 1.000002095751271414e+00 1.111244283090252521e-04 3.613557194869988407e-04 -2.502312911784973395e-04
9.667597926999998890e+03 -3.355073000000353467e+00 1.017039024589937668e+00 1.203967247599999979e-04 3.602687875999999894e-04 -2.398720628399999915e-04
9.667856999999999971e+03 -3.095999999999272667e+00 1.049936581553178483e+00 1.482418688720612600e-04 3.564275639555151889e-04 -2.081856950834539018e-04
9.668097926999998890e+03 -2.855073000000353467e+00 1.079630734744950304e+00 1.741366824399999923e-04 3.528553874299999830e-04 -1.787187049899999908e-04
9.668266999999999825e+03 -2.685999999999418186e+00 1.099990374909949997e+00 1.972228615752984540e-04 3.497770300141989260e-04 -1.525541684389004448e-04
9.668597926999998890e+03 -2.355073000000353467e+00 1.138787367893142166e+00 2.424094969499999931e-04 3.437517534499999776e-04 -1.013422564999999980e-04
9.668694999999999709e+03 -2.257999999999534602e+00 1.149919672740976173e+00 2.545440945266029564e-04 3.418516353166538898e-04 -8.730754078985677991e-05
9.669097926999998890e+03 -1.855073000000353467e+00 1.195019169360918676e+00 3.049119310799999869e-04 3.339646955999999800e-04 -2.905276451899999963e-05
9.669143000000000029e+03 -1.809999999999214459e+00 1.199958769480723442e+00 3.082214221537965819e-04 3.330770535187303912e-04 -2.485563136339295133e-05
9.669597926999998890e+03 -1.355073000000353467e+00 1.248721330404477969e+00 3.416244981800000270e-04 3.241179793699999886e-04 1.750651881699999998e-05
9.669609999999998763e+03 -1.343000000000480476e+00 1.249989496233149255e+00 3.420380552877935157e-04 3.238875719600400101e-04 1.815048333453618627e-05
9.670095999999999549e+03 -8.569999999996946727e-01 1.300012819350716997e+00 3.586858441047934671e-04 3.146124952400400332e-04 4.407334886278818187e-05
9.670097926999998890e+03 -8.550730000003534670e-01 1.300207332264434967e+00 3.587518529299999924e-04 3.145757193700000269e-04 4.417613355799999872e-05
9.670597926999998890e+03 -3.550730000003534670e-01 1.349730807509878394e+00 3.677941371600000012e-04 3.055371725200000071e-04 6.225696463899999379e-05
9.670599999999998545e+03 -3.530000000006987548e-01 1.349932349975339507e+00 3.677865778698932589e-04 3.055021439546137221e-04 6.228443391428783061e-05
9.671097926999998890e+03 1.449269999996465330e-01 1.397500410951044270e+00 3.659708641000000164e-04 2.970884109699999868e-04 6.888245313100000279e-05
9.671123999999999796e+03 1.710000000005527099e-01 1.399946689834637992e+00 3.652590576394327171e-04 2.966809224429708155e-04 6.857813519735757454e-05
9.671597926999998890e+03 6.449269999996465330e-01 1.443690252261684792e+00 3.523206040500000027e-04 2.892740335100000139e-04 6.304657053900000209e-05
9.671666999999999462e+03 7.140000000002180158e-01 1.449955522349051007e+00 3.498564648746394401e-04 2.882808539185537848e-04 6.157561095563824575e-05
9.672097926999998890e+03 1.144926999999646533e+00 1.488447409330432736e+00 3.344833943199999947e-04 2.820846860700000104e-04 5.239870825299999878e-05
9.672228999999999360e+03 1.276000000000116152e+00 1.499959398365525276e+00 3.306804537039724750e-04 2.803572753385468971e-04 5.032317836659055315e-05
9.672597926999998890e+03 1.644926999999646533e+00 1.531897462694401746e+00 3.199764378299999848e-04 2.754951873499999928e-04 4.448125047599999746e-05
9.672809999999999491e+03 1.857000000000247120e+00 1.549958797595160975e+00 3.165270611198562874e-04 2.729424152190251546e-04 4.358464589725530525e-05
9.673097926999998890e+03 2.144926999999646533e+00 1.574148653106375306e+00 3.118439157499999889e-04 2.694765708100000084e-04 4.236734493699999992e-05
9.673409999999999854e+03 2.457000000000610918e+00 1.599954139743766879e+00 3.103824944059031506e-04 2.660312273437388472e-04 4.435126706166094224e-05
9.673597926999998890e+03 2.644926999999646533e+00 1.615295059097155983e+00 3.095024422099999740e-04 2.639564786100000258e-04 4.554596360100000277e-05
9.674028999999998632e+03 3.075999999999388557e+00 1.649945793614544076e+00 3.100425318991367253e-04 2.595231671915859358e-04 5.051936470337792565e-05
9.674097926999998890e+03 3.144926999999646533e+00 1.655419062899408100e+00 3.101288902699999824e-04 2.588142968699999971e-04 5.131459339499999726e-05
9.674667999999999665e+03 3.715000000000421743e+00 1.700011282399241486e+00 3.094994549021800787e-04 2.536838548016949121e-04 5.581560009821377657e-05
9.674724702640000032e+03 3.771702640000788698e+00 1.704382881087000756e+00 3.094368477499999837e-04 2.531735524200000266e-04 5.626329532799999712e-05
9.675324999999998909e+03 4.371999999999665043e+00 1.749994293691794933e+00 3.030784562587334049e-04 2.491590464177162326e-04 5.391940984273521263e-05
9.675370528199999171e+03 4.417528199999927629e+00 1.753405183302947590e+00 3.025962183900000142e-04 2.488545752600000217e-04 5.374164313199999993e-05
9.676000999999998385e+03 5.047999999999141174e+00 1.799974609033689665e+00 2.937322058778358831e-04 2.491258149232629285e-04 4.460639095467646884e-05
9.676035403679999945e+03 5.082403680000701307e+00 1.802481197761952147e+00 2.932485131099999863e-04 2.491406159700000123e-04 4.410789714000000103e-05
9.676695999999999913e+03 5.743000000000669125e+00 1.849952446935221095e+00 2.821954007759683520e-04 2.484013948492356464e-04 3.379400592866446245e-05
9.676719329079998715e+03 5.766329079999471752e+00 1.851606653611027165e+00 2.818050580899999764e-04 2.483752891199999743e-04 3.342976897200000273e-05
9.677411000000000058e+03 6.458000000000814644e+00 1.899997074869211211e+00 2.706261484842445333e-04 2.461155225469996324e-04 2.451062593432529353e-05
9.677422304409999924e+03 6.469304410000680683e+00 1.900777718117846016e+00 2.704434445800000240e-04 2.460785897699999786e-04 2.436485480700000035e-05
9.678143999999998414e+03 7.190999999999170278e+00 1.949968754198961873e+00 2.606372070501358036e-04 2.428513066510531657e-04 1.778590040008083914e-05
9.678144329650000145e+03 7.191329650000901630e+00 1.949990939728971195e+00 2.606327278399999748e-04 2.428498325199999921e-04 1.778289532099999989e-05
9.678885404809998363e+03 7.932404809999119344e+00 1.999243205894773556e+00 2.527103375500000071e-04 2.391778154899999948e-04 1.353252206199999938e-05
9.678896999999999025e+03 7.943999999999781458e+00 2.000004191502662287e+00 2.526147562818021209e-04 2.391170001513170094e-04 1.349775613255831951e-05
9.679645529890000034e+03 8.692529890000791681e+00 2.048531700406104328e+00 2.464272558929338133e-04 2.351551370547434435e-04 1.127188959083648501e-05
9.679667999999999665e+03 8.715000000000422631e+00 2.049970687340530340e+00 2.462914758901395685e-04 2.350306802303604606e-04 1.126056006774828956e-05
9.680424704889999703e+03 9.471704890000459898e+00 2.097853869739402910e+00 2.417555331917307492e-04 2.308415692968593771e-04 1.091367465376225391e-05
9.680458999999998923e+03 9.505999999999680483e+00 2.099998151836547589e+00 2.416251236560689505e-04 2.306484575080827335e-04 1.097639012903291119e-05
9.681222929799998383e+03 1.026992979999914013e+01 2.147207392714447938e+00 2.387564947616545947e-04 2.263912386986704974e-04 1.236608545968612289e-05
9.681268000000000029e+03 1.031500000000078643e+01 2.149960252127960825e+00 2.386692625238250271e-04 2.261424987018944004e-04 1.252769711507265187e-05
9.682040204699998867e+03 1.108720469999962432e+01 2.196590160728189023e+00 2.371158456092263404e-04 2.219666570462624318e-04 1.515318042807882295e-05
9.682096999999999753e+03 1.114400000000050994e+01 2.199980749819791637e+00 2.370715497365114878e-04 2.216936014189944601e-04 1.538226798987584129e-05
9.682876529399998617e+03 1.192352939999937433e+01 2.246000233649118272e+00 2.365028209684975360e-04 2.183420807200755391e-04 1.817513002421368049e-05
9.682944999999999709e+03 1.199200000000046629e+01 2.249997424658124245e+00 2.364806392955210205e-04 2.181295781177894106e-04 1.836661500104433300e-05
9.683731904099999156e+03 1.277890409999991306e+01 2.295435859668842227e+00 2.363443459892164834e-04 2.158896683505178392e-04 2.048674146095121030e-05
9.683810999999999694e+03 1.285800000000045173e+01 2.299953467270577701e+00 2.362905476399367380e-04 2.157457225237815698e-04 2.057891613455283458e-05
9.684606328699999722e+03 1.365332870000047905e+01 2.344895417042323515e+00 2.359887178988693027e-04 2.144808338355419476e-04 2.156958704305068203e-05
9.684697000000000116e+03 1.374400000000087374e+01 2.349964437621665514e+00 2.358891694077387636e-04 2.144062382444087323e-04 2.154835021216348968e-05
9.685499803199998496e+03 1.454680319999925331e+01 2.394377422752892670e+00 2.353511951454066871e-04 2.138996256189211226e-04 2.156103523287092078e-05
9.685601999999998952e+03 1.464899999999970959e+01 2.399972221111235982e+00 2.352478035576842114e-04 2.138935310206901681e-04 2.147019594409340187e-05
9.686412327699999878e+03 1.545932770000063528e+01 2.443880518615772601e+00 2.342073991482896181e-04 2.140178514302305129e-04 2.034130403264365587e-05
9.686525999999999840e+03 1.557300000000059725e+01 2.449977012885667271e+00 2.340629400085521132e-04 2.140859276371846038e-04 2.013416065953672071e-05
9.687343901999998707e+03 1.639090199999946407e+01 2.493403437956604574e+00 2.331149803670870221e-04 2.146654280432406690e-04 1.864377218223111485e-05
9.687468999999999141e+03 1.651599999999989876e+01 2.499978992466393990e+00 2.330003900911460971e-04 2.147941842224363547e-04 1.840634015961057856e-05
9.688294526300000143e+03 1.734152630000090056e+01 2.542945032932515836e+00 2.320506710999318948e-04 2.156938595418770286e-04 1.658575960179896634e-05
9.688430999999998676e+03 1.747799999999943310e+01 2.549978325284629754e+00 2.319214884139866948e-04 2.158720805481523317e-04 1.628300371177054186e-05
9.689264200499999788e+03 1.831120050000054533e+01 2.592504227832372887e+00 2.306386596005121454e-04 2.169712450716622843e-04 1.390511802686298853e-05
9.689411999999998443e+03 1.845899999999920027e+01 2.599975164037636954e+00 2.304134765778866967e-04 2.171829363791502251e-04 1.346818346420138316e-05
9.690252924599999460e+03 1.929992460000021737e+01 2.642080032257164035e+00 2.280388887287888183e-04 2.180259136351245870e-04 1.019874517436518390e-05
9.690411999999998443e+03 1.945899999999920027e+01 2.649969649891612100e+00 2.275576240423769401e-04 2.181844355058205171e-04 9.548279049713282466e-06
9.691260698699999921e+03 2.030769870000067812e+01 2.691671533328880539e+00 2.244546660871675351e-04 2.189549843376876310e-04 5.589599620217758323e-06
9.691430999999998676e+03 2.047799999999943310e+01 2.699961913550601000e+00 2.237898253603669198e-04 2.191008802475915185e-04 4.760964729858689906e-06
9.692287522699998590e+03 2.133452269999934714e+01 2.741277874372518131e+00 2.199872098619572050e-04 2.197430643065413202e-04 1.985980033736479915e-07
9.692469999999999345e+03 2.151700000000010249e+01 2.749999798133768714e+00 2.191370013364529474e-04 2.198640357681416844e-04 -7.981764845725373841e-07
9.693333396499998344e+03 2.238039649999910097e+01 2.790898259374522627e+00 2.148275617799689878e-04 2.203360738323718155e-04 -5.723928127232372920e-06
9.693527000000000044e+03 2.257400000000080098e+01 2.799987120345187375e+00 2.138341683696787807e-04 2.204215203300665456e-04 -6.835187706857799887e-06
9.694398320299998886e+03 2.344532029999964351e+01 2.840531961586228782e+00 2.098157682894740284e-04 2.209023261048689997e-04 -1.146572547770771314e-05
9.694602999999999156e+03 2.364999999999991331e+01 2.849972588640921511e+00 2.088642547517406288e-04 2.209945985352331952e-04 -1.254073852897570832e-05
9.695482294099998398e+03 2.452929409999915578e+01 2.890178294909043544e+00 2.052018847560345112e-04 2.212982254464539937e-04 -1.662097513452808056e-05
9.695698999999998705e+03 2.474599999999946220e+01 2.900001552369435576e+00 2.042998187586388397e-04 2.213515864429606284e-04 -1.760427413497361496e-05
9.696585317699998996e+03 2.563231769999975285e+01 2.939836610493505198e+00 2.011840560757425502e-04 2.214870909950007890e-04 -2.094178035432989272e-05
9.696813000000000102e+03 2.586000000000085919e+01 2.949982827193631252e+00 2.003823269962360851e-04 2.215019359376512256e-04 -2.177967828346366258e-05
9.697707391299998562e+03 2.675439129999931964e+01 2.989506320011684259e+00 1.979115251692208511e-04 2.214930472886206801e-04 -2.429373703525515322e-05
9.697947000000000116e+03 2.699400000000087374e+01 3.000006287254053383e+00 1.972420000000000065e-04 2.214739999999999873e-04 -2.495701916399999888e-05
9.698848514799999975e+03 2.789551480000073269e+01 3.039186860509379251e+00 1.959069442284722162e-04 2.215819939604166502e-04 -2.640339897583250263e-05
9.699098999999998341e+03 2.814599999999909841e+01 3.049983802521107012e+00 1.955360000000000062e-04 2.216119999999999917e-04 -2.680552268399999911e-05
9.700008688199999597e+03 2.905568820000035402e+01 3.088877709380244418e+00 1.949080667629692965e-04 2.217191134569965877e-04 -2.752062613218863923e-05
9.700270999999998821e+03 2.931799999999957862e+01 3.100002263475568842e+00 1.947270000000000077e-04 2.217499999999999962e-04 -2.772695475000000191e-05
9.701187911499999245e+03 3.023491150000000260e+01 3.138578377009270337e+00 1.948048219004201731e-04 2.218563309134453660e-04 -2.771597608858829056e-05
9.701460999999999331e+03 3.050800000000008794e+01 3.149976396850841187e+00 1.948279999999999988e-04 2.218880000000000006e-04 -2.771270176000000280e-05
9.702386184699998921e+03 3.143318469999967846e+01 3.188288404217043404e+00 1.956079077636363808e-04 2.219927523172727265e-04 -2.698334602442244894e-05
9.702670999999998457e+03 3.171799999999921482e+01 3.199990302128349562e+00 1.958480000000000127e-04 2.220249999999999893e-04 -2.675867502499999794e-05
9.703603507899999386e+03 3.265050790000014302e+01 3.238007363990594190e+00 1.974626271856793963e-04 2.222723536008136709e-04 -2.532393060672650373e-05
9.703899999999999636e+03 3.294700000000039353e+01 3.250001763731375171e+00 1.979759999999999897e-04 2.223509999999999994e-04 -2.486706878700000240e-05
9.704839880999999878e+03 3.388688100000063486e+01 3.287734847088567669e+00 2.001858886062550069e-04 2.225967106704089765e-04 -2.283119419259743282e-05
9.705146999999999025e+03 3.419399999999978235e+01 3.299971124729633498e+00 2.009079999999999948e-04 2.226770000000000095e-04 -2.216495683220000277e-05
9.706095303999998578e+03 3.514230399999933496e+01 3.337470472524647569e+00 2.036930348729281835e-04 2.229209992928176700e-04 -1.955135488392391012e-05
9.706413999999998850e+03 3.546099999999960772e+01 3.349978619286468007e+00 2.046290000000000088e-04 2.230029999999999925e-04 -1.867170668549999920e-05
9.707369776899999124e+03 3.641677689999988132e+01 3.387213881628748702e+00 2.078880059926127501e-04 2.232452887009331224e-04 -1.558617611837963840e-05
9.707699999999998909e+03 3.674699999999966593e+01 3.399983966557281967e+00 2.090139999999999880e-04 2.233290000000000026e-04 -1.451855129130000024e-05
9.708663299799998640e+03 3.771029979999939741e+01 3.436964740258525719e+00 2.126442746485823927e-04 2.236670776309578534e-04 -1.116801874316343794e-05
9.709004999999999200e+03 3.805199999999995697e+01 3.449987259912667525e+00 2.139320000000000110e-04 2.237870000000000039e-04 -9.977073442300001026e-06
9.709975872499999241e+03 3.902287249999999830e+01 3.486722722002192576e+00 2.176856981325528666e-04 2.241228456231117829e-04 -6.512059517173681865e-06
9.710328999999999724e+03 3.937600000000048084e+01 3.499988587383657812e+00 2.190510000000000005e-04 2.242450000000000053e-04 -5.249171809000000195e-06
9.711307495199998812e+03 4.035449519999956891e+01 3.536487533617171941e+00 2.227398467591958379e-04 2.245786938209977694e-04 -1.859667296826714864e-06
9.711671999999998661e+03 4.071899999999941855e+01 3.549988032038209784e+00 2.241140000000000027e-04 2.247030000000000067e-04 -5.944427983800000564e-07
9.712658167799998409e+03 4.170516779999916679e+01 3.586258887119510241e+00 2.275648632414096746e-04 2.250353428929515300e-04 2.545348924356866865e-06
9.713033999999999651e+03 4.208100000000040808e+01 3.599985672326583064e+00 2.288799999999999906e-04 2.251619999999999967e-04 3.744376511399999999e-06
9.714027890399998796e+03 4.307489039999955338e+01 3.636036517475507157e+00 2.319602685821868136e-04 2.255326397943519055e-04 6.463737505535666644e-06
9.714414999999999054e+03 4.346199999999981145e+01 3.649981582397556323e+00 2.331599999999999970e-04 2.256770000000000011e-04 7.525312403500000127e-06
9.715416662799998448e+03 4.446366279999920579e+01 3.685820163254149406e+00 2.357900803234285630e-04 2.260461842891428488e-04 9.786883548497182385e-06
9.715814999999998690e+03 4.486199999999944765e+01 3.699975832389863939e+00 2.368360000000000072e-04 2.261929999999999941e-04 1.068829782900000114e-05
9.716824485199998890e+03 4.587148519999964691e+01 3.735609590982978290e+00 2.389964405090140858e-04 2.265598270163380180e-04 1.247533826446637264e-05
9.717234999999998763e+03 4.628199999999952041e+01 3.750003484602589143e+00 2.398749999999999895e-04 2.267089999999999871e-04 1.320369085629999892e-05
9.718251357499999358e+03 4.729835750000011529e+01 3.785404569045149881e+00 2.416009701077886061e-04 2.270737013004172603e-04 1.455289351257377187e-05
9.718672999999998865e+03 4.771999999999962228e+01 3.799994149738296745e+00 2.423170000000000044e-04 2.272250000000000073e-04 1.511387087500000228e-05
9.719697279699999854e+03 4.874427970000061094e+01 3.835204881249826947e+00 2.436541173571722609e-04 2.275708789378174301e-04 1.609417139900588446e-05
9.720129999999999200e+03 4.917699999999995697e+01 3.849983355691555253e+00 2.442190000000000008e-04 2.277170000000000019e-04 1.650918646790000002e-05
9.721162251799998558e+03 5.020925179999931487e+01 3.885010322468568589e+00 2.452666272499661663e-04 2.280608509719701988e-04 1.719992712712891005e-05
9.721606999999999971e+03 5.065400000000072822e+01 3.900004808457745220e+00 2.457180000000000215e-04 2.282089999999999965e-04 1.749815328399999912e-05
9.722646273799999108e+03 5.169327379999986505e+01 3.934820697938262501e+00 2.465278688809364582e-04 2.285510218793310980e-04 1.795245122111070090e-05
9.723101999999998952e+03 5.214899999999970959e+01 3.949990835702761771e+00 2.468829999999999874e-04 2.287009999999999911e-04 1.815206698030000075e-05
9.724149345799998628e+03 5.319634579999938495e+01 3.984635825908892759e+00 2.474772338455746476e-04 2.290413527963011838e-04 1.839277544945996736e-05
9.724615999999999985e+03 5.366300000000074277e+01 3.999975574403118905e+00 2.477420000000000143e-04 2.291930000000000128e-04 1.850022976700000128e-05
9.725671467699999994e+03 5.471846770000075111e+01 4.034455527084308102e+00 2.480640070949152471e-04 2.294709719366362459e-04 1.853567730161178985e-05
9.726149999999999636e+03 5.519700000000039353e+01 4.049991475959133780e+00 2.482100000000000105e-04 2.295970000000000042e-04 1.855175903579999862e-05
9.727212639499999568e+03 5.625963950000032554e+01 4.084279634113688218e+00 2.482599502147456692e-04 2.298734368048937549e-04 1.831835642424339421e-05
9.727702999999999520e+03 5.675000000000027711e+01 4.100005391753128947e+00 2.482830000000000215e-04 2.300009999999999956e-04 1.821044417550000017e-05
9.728772861199999170e+03 5.781986119999992724e+01 4.134107987699556119e+00 2.479990202925525184e-04 2.302761266230426334e-04 1.764634967194251750e-05
9.729273999999999432e+03 5.832100000000018980e+01 4.149985770905611382e+00 2.478660000000000151e-04 2.304049999999999870e-04 1.738163799749999956e-05
9.730352132899999560e+03 5.939913290000031765e+01 4.183940439256329746e+00 2.471924210543054363e-04 2.306787685050911373e-04 1.643233608315108687e-05
9.730864999999999782e+03 5.991200000000053905e+01 4.199996303673152909e+00 2.468719999999999769e-04 2.308090000000000055e-04 1.597994571050000026e-05
9.731950454499999978e+03 6.099745450000073532e+01 4.233776840982330647e+00 2.457042936683229671e-04 2.309842907888198858e-04 1.464168190813077760e-05
9.732474999999998545e+03 6.152199999999930213e+01 4.250005047121683255e+00 2.451399999999999738e-04 2.310690000000000064e-04 1.399423184699999979e-05
9.733567825899999661e+03 6.261482590000041881e+01 4.283617051942890441e+00 2.435625178961916268e-04 2.312435299348894360e-04 1.225074122682565184e-05
9.734102999999999156e+03 6.314999999999991331e+01 4.299981544088662844e+00 2.427899999999999980e-04 2.313290000000000073e-04 1.139596052700000116e-05
9.735204247300000134e+03 6.425124730000088391e+01 4.333460946761976906e+00 2.408614807598300953e-04 2.315027404720873940e-04 9.304978132764675654e-06
9.735750999999998385e+03 6.479799999999913496e+01 4.349987244151502175e+00 2.399040000000000124e-04 2.315890000000000082e-04 8.265666157900000737e-06
9.736859718699999576e+03 6.590671870000032584e+01 4.383308399768807817e+00 2.377251382956209046e-04 2.317619255320935981e-04 5.927871468722263168e-06
9.737417999999999665e+03 6.646500000000041553e+01 4.399991325741668291e+00 2.366280000000000119e-04 2.318490000000000091e-04 4.749380395200000505e-06
9.738534239900000102e+03 6.758123990000085257e+01 4.433159285015656259e+00 2.342141146646500665e-04 2.319099098877817422e-04 2.289612739199332484e-06
9.739103999999999360e+03 6.815100000000010994e+01 4.449993843418842410e+00 2.329820000000000133e-04 2.319409999999999940e-04 1.033580123020000080e-06
9.740227811099999599e+03 6.927481110000034903e+01 4.483013493858179821e+00 2.305814603951906333e-04 2.320022987872727340e-04 -1.411889105305468835e-06
9.740808999999999287e+03 6.985600000000003718e+01 4.499994849316196088e+00 2.293399999999999963e-04 2.320339999999999946e-04 -2.677092274999999781e-06
9.741940432199999123e+03 7.098743219999987275e+01 4.532870913738802798e+00 2.270882924140371216e-04 2.320943780524361893e-04 -4.974144489806409534e-06
9.742532999999999447e+03 7.158000000000019725e+01 4.549994393273687265e+00 2.259089999999999948e-04 2.321260000000000066e-04 -6.177662088400000153e-06
9.743672103199998674e+03 7.271910319999942374e+01 4.582731439854912381e+00 2.239203074942053750e-04 2.321867783118760785e-04 -8.213141169650167166e-06
9.744275999999999840e+03 7.332300000000059015e+01 4.599992522962911501e+00 2.228660000000000038e-04 2.322190000000000072e-04 -9.292684501100000269e-06
9.745422824100000071e+03 7.446982410000082098e+01 4.632594971909512971e+00 2.211002033011918338e-04 2.321701851262769601e-04 -1.099954461872014504e-05
9.746037999999998647e+03 7.508499999999939689e+01 4.649989284003773982e+00 2.201530000000000045e-04 2.321439999999999918e-04 -1.191483722880000037e-05
9.747192594999998619e+03 7.623959499999936895e+01 4.682461416674429167e+00 2.187851193430657168e-04 2.320953786496350363e-04 -1.322697470838293841e-05
9.747818999999999505e+03 7.686600000000025545e+01 4.699984720073955735e+00 2.180430000000000128e-04 2.320690000000000036e-04 -1.393862110560000050e-05
9.748981415700000071e+03 7.802841570000082072e+01 4.732330676526393276e+00 2.170949854179999986e-04 2.320212117990000031e-04 -1.483361409083640758e-05
9.749618999999998778e+03 7.866599999999952786e+01 4.749978873010902269e+00 2.165749999999999923e-04 2.319950000000000039e-04 -1.532436012649999907e-05
9.750789286399998673e+03 7.983628639999942322e+01 4.782202668885707553e+00 2.160457990619780121e-04 2.319467739120879162e-04 -1.580352486441917030e-05
9.751438999999998487e+03 8.048599999999923682e+01 4.799999123438042581e+00 2.157519999999999902e-04 2.319199999999999886e-04 -1.606945849599999773e-05
9.752616206999999122e+03 8.166320699999987198e+01 4.832077306429773067e+00 2.155284715761697566e-04 2.317861391387377693e-04 -1.615902476768020171e-05
9.753277000000000044e+03 8.232400000000079388e+01 4.849990546920038170e+00 2.154029999999999975e-04 2.317110000000000046e-04 -1.620925032060000273e-05
9.754462177599998540e+03 8.350917759999929046e+01 4.881954510776078671e+00 2.155497909789983835e-04 2.315769734539580059e-04 -1.593120836512253665e-05
9.755134000000000015e+03 8.418100000000076477e+01 4.899980808428132661e+00 2.156329999999999868e-04 2.315010000000000050e-04 -1.577373733680000078e-05
9.756327197999999044e+03 8.537419799999979375e+01 4.931834198726104290e+00 2.161104063388385695e-04 2.313675042194991976e-04 -1.516730950470345598e-05
9.757010999999998603e+03 8.605799999999935324e+01 4.949996455205663004e+00 2.163839999999999937e-04 2.312910000000000053e-04 -1.482008647049999935e-05
9.758211268399998517e+03 8.725826839999926676e+01 4.981716300946800402e+00 2.171472313572559440e-04 2.311586221131398371e-04 -1.393014024593045809e-05
9.758905999999999040e+03 8.795299999999978979e+01 4.999984231913630062e+00 2.175889999999999931e-04 2.310819999999999942e-04 -1.341548861819999944e-05
9.760114388699999836e+03 8.916138870000058603e+01 5.031600743026515943e+00 2.185329945144647457e-04 2.308952203367101717e-04 -1.229177661638076892e-05
9.760820999999999913e+03 8.986800000000066291e+01 5.049996940400661494e+00 2.190849999999999937e-04 2.307859999999999957e-04 -1.163551468339999927e-05
9.762036558899999363e+03 9.108355890000011357e+01 5.081487456054686547e+00 2.202112627987066746e-04 2.306004904937920342e-04 -1.033021732120357192e-05
9.762753999999998996e+03 9.180099999999974614e+01 5.099982382908581080e+00 2.208760000000000042e-04 2.304910000000000129e-04 -9.560789729100001048e-06
9.763977778999998918e+03 9.302477899999966837e+01 5.131376373797578161e+00 2.221273500578597028e-04 2.303061485893497277e-04 -8.132213557664730902e-06
9.764706999999998516e+03 9.375399999999926592e+01 5.149992318415099746e+00 2.228730000000000056e-04 2.301960000000000030e-04 -7.282043283599999495e-06
9.765938049099999262e+03 9.498504910000001189e+01 5.181267435102398622e+00 2.241895733021805406e-04 2.300118420463995845e-04 -5.789376471469156184e-06
9.766679000000000087e+03 9.572600000000083753e+01 5.200000802984041215e+00 2.249820000000000086e-04 2.299009999999999932e-04 -4.892109359200000461e-06
9.767917369099999632e+03 9.696436910000038267e+01 5.231160576129153306e+00 2.263012675839196086e-04 2.296981314941708532e-04 -3.377200072386532351e-06
9.768668999999999869e+03 9.771600000000061925e+01 5.249982881075474950e+00 2.271019999999999951e-04 2.295750000000000102e-04 -2.459023740000000232e-06
9.769915738899999269e+03 9.896273890000001927e+01 5.281055735447874433e+00 2.283871955227860929e-04 2.293727925963184237e-04 -9.795979042562616959e-07
9.770679000000000087e+03 9.972600000000083753e+01 5.299988822438328917e+00 2.291740000000000118e-04 2.292490000000000001e-04 -7.516983010399999850e-08
9.771933159000000160e+03 1.009801590000009099e+02 5.330952868696575031e+00 2.303824183563331688e-04 2.290481120379497251e-04 1.327268618858964534e-06
9.772707999999998719e+03 1.017549999999994697e+02 5.349993428210864543e+00 2.311290000000000024e-04 2.289240000000000057e-04 2.192489849879999994e-06
9.773969627999998920e+03 1.030166279999996704e+02 5.380851886817128005e+00 2.322286122949218635e-04 2.287231744492187547e-04 3.486035097538987713e-06
9.774755999999999403e+03 1.038030000000001536e+02 5.399996735496340072e+00 2.329139999999999997e-04 2.285979999999999956e-04 4.291150216800000096e-06
9.776025147999998808e+03 1.050721479999995580e+02 5.430752788600193171e+00 2.339135998761490069e-04 2.284113425292694666e-04 5.470001497452239324e-06
9.776822999999998501e+03 1.058699999999992514e+02 5.449998780035217649e+00 2.345419999999999916e-04 2.282940000000000067e-04 6.210099046799999943e-06
9.778099717999999484e+03 1.071467180000002344e+02 5.480655498649030122e+00 2.353853928111217751e-04 2.281079394669223231e-04 7.233038878036383276e-06
9.778908999999999651e+03 1.079560000000004010e+02 5.499999596267537427e+00 2.359200000000000045e-04 2.279899999999999906e-04 7.880588344999999952e-06
9.780193336999998792e+03 1.092403369999995419e+02 5.530559944286274288e+00 2.365844384764845558e-04 2.278045185520189949e-04 8.724723602699272648e-06
9.781013999999999214e+03 1.100609999999999644e+02 5.549999217391235362e+00 2.370089999999999936e-04 2.276860000000000017e-04 9.263382141400001589e-06
9.782306006999999227e+03 1.113530069999999768e+02 5.580466125982835202e+00 2.374700834774011405e-04 2.275010799774011285e-04 9.904337964201270539e-06
9.783137999999999010e+03 1.121849999999997607e+02 5.599997675417962562e+00 2.377670000000000022e-04 2.273820000000000127e-04 1.031652598379999991e-05
9.784437726000000112e+03 1.134847260000008617e+02 5.630373950958259321e+00 2.380484152421838537e-04 2.272352273952403350e-04 1.073994098748522113e-05
9.785280999999999040e+03 1.143279999999997898e+02 5.649995001225474489e+00 2.382309999999999896e-04 2.271399999999999971e-04 1.101435930999999994e-05
9.786588494999999966e+03 1.156354950000007165e+02 5.680283399001674560e+00 2.382515619010175834e-04 2.269936476456984231e-04 1.117870781716817595e-05
9.787442999999999302e+03 1.164900000000000517e+02 5.699991224607465767e+00 2.382650000000000100e-04 2.268980000000000085e-04 1.128599727919999973e-05
9.788758313999998791e+03 1.178053139999995409e+02 5.730194427702779869e+00 2.380086916781293249e-04 2.267514519477304043e-04 1.117435483194333663e-05
9.789623999999999796e+03 1.186710000000005465e+02 5.749986374320760874e+00 2.378400000000000132e-04 2.266550000000000043e-04 1.110094993150000086e-05
9.790947182999998404e+03 1.199941829999991540e+02 5.780106996114838580e+00 2.373037531867333203e-04 2.265095159990913106e-04 1.071099187418518976e-05
9.791824999999998909e+03 1.208719999999996588e+02 5.800003104738912008e+00 2.369480000000000089e-04 2.264129999999999886e-04 1.045255991669999942e-05
9.793155101999998806e+03 1.222021019999995559e+02 5.830021064692060939e+00 2.362047253357368165e-04 2.263200906669670862e-04 9.805365936950878613e-06
9.794043999999999869e+03 1.230910000000006193e+02 5.849995996096007289e+00 2.357080000000000004e-04 2.262579999999999876e-04 9.373144914399998782e-06
9.795382070999999996e+03 1.244290710000007465e+02 5.879936595230287999e+00 2.347340421541554978e-04 2.261653275223413746e-04 8.497168981497211479e-06
9.796281999999999243e+03 1.253289999999999935e+02 5.899987897550312610e+00 2.340789999999999928e-04 2.261029999999999865e-04 7.908427241299999152e-06
9.797628089999998338e+03 1.266750899999990878e+02 5.929853550810537222e+00 2.329320216297608472e-04 2.260105978963684685e-04 6.861420226342602340e-06
9.798539999999999054e+03 1.275869999999998043e+02 5.950000890250001007e+00 2.321550000000000024e-04 2.259480000000000125e-04 6.152609229600000543e-06
9.799893158999999287e+03 1.289401590000000510e+02 5.979771895745734867e+00 2.309058844204745181e-04 2.258558472561511543e-04 5.004727370889001409e-06
9.800815999999998894e+03 1.298629999999996585e+02 5.999990702156350331e+00 2.300539999999999898e-04 2.257930000000000115e-04 4.222419417199999761e-06
9.802177277999999205e+03 1.312242779999999698e+02 6.029691595529409476e+00 2.288593244033101080e-04 2.257835137421602934e-04 3.047473225259875012e-06
9.803111999999999171e+03 1.321589999999999350e+02 6.050001291221705380e+00 2.280390000000000032e-04 2.257770000000000035e-04 2.240753187510000143e-06
9.805425999999999476e+03 1.344730000000002406e+02 6.099989118913015318e+00 2.260730000000000020e-04 2.257600000000000069e-04 3.094830960000000497e-07
9.807759999999998399e+03 1.368069999999991637e+02 6.149997418191683884e+00 2.242520000000000071e-04 2.257439999999999989e-04 -1.476207739199999896e-06
9.810111999999999171e+03 1.391589999999999350e+02 6.199983360132773846e+00 2.226449999999999935e-04 2.257279999999999909e-04 -3.049698143999999830e-06
9.812483999999998559e+03 1.415309999999993238e+02 6.249989476304460112e+00 2.212890000000000018e-04 2.257109999999999943e-04 -4.373669760300000161e-06
9.814875000000000000e+03 1.439220000000007644e+02 6.299994455509718705e+00 2.201980000000000083e-04 2.256950000000000134e-04 -5.434780739000000581e-06
9.817284999999999854e+03 1.463320000000006189e+02 6.349998324608631783e+00 2.193709999999999974e-04 2.256790000000000055e-04 -6.234675757699999716e-06
9.819713999999999942e+03 1.487610000000007062e+02 6.400001109621363149e+00 2.188000000000000058e-04 2.256620000000000088e-04 -6.780398415399999650e-06
9.822161999999998443e+03 1.512089999999992074e+02 6.450002835760574982e+00 2.184800000000000088e-04 2.256460000000000009e-04 -7.077702694400000980e-06
9.824628999999998996e+03 1.536759999999997603e+02 6.500003527462714814e+00 2.184099999999999909e-04 2.256299999999999929e-04 -7.128306026999999951e-06
9.827114999999999782e+03 1.561620000000005462e+02 6.550003208417458644e+00 2.185939999999999878e-04 2.256790000000000055e-04 -6.994469247000000475e-06
9.829619999999998981e+03 1.586669999999997458e+02 6.600001901596151299e+00 2.190380000000000126e-04 2.257279999999999909e-04 -6.604349823999999919e-06
9.832143999999998414e+03 1.611909999999991783e+02 6.649999629278909197e+00 2.197359999999999982e-04 2.257770000000000035e-04 -5.963741411100000440e-06
9.834686999999999898e+03 1.637340000000006626e+02 6.699996413080377522e+00 2.206649999999999888e-04 2.258259999999999890e-04 -5.094544229599999519e-06
9.837248999999999796e+03 1.662960000000005607e+02 6.749992273974302570e+00 2.217850000000000051e-04 2.258759999999999902e-04 -4.036901047200000080e-06
9.839829999999999927e+03 1.688770000000006917e+02 6.799987232317323382e+00 2.230400000000000058e-04 2.259250000000000028e-04 -2.847106850000000308e-06
9.842430999999998676e+03 1.714779999999994402e+02 6.850000466166318525e+00 2.243609999999999886e-04 2.259739999999999882e-04 -1.592079479340000046e-06
9.845049999999999272e+03 1.740970000000000368e+02 6.899993539310790958e+00 2.256770000000000011e-04 2.260230000000000008e-04 -3.416089019699999860e-07
9.847688000000000102e+03 1.767350000000008663e+02 6.949985769490864662e+00 2.269229999999999956e-04 2.260730000000000020e-04 8.394452206800000495e-07
9.850345999999999549e+03 1.793930000000003133e+02 6.999995922538436055e+00 2.280449999999999893e-04 2.261219999999999875e-04 1.897410052980000045e-06
9.853021999999999025e+03 1.820689999999997895e+02 7.049986387521265385e+00 2.289000000000000073e-04 2.260359999999999887e-04 2.825834261199999505e-06
9.855717999999998938e+03 1.847649999999997021e+02 7.099994547797226829e+00 2.295669999999999926e-04 2.259510000000000056e-04 3.569393137200000214e-06
9.858432999999999083e+03 1.874799999999998477e+02 7.150001677678725187e+00 2.300330000000000116e-04 2.258650000000000067e-04 4.114785983499999792e-06
9.861165999999999258e+03 1.902130000000000223e+02 7.199989571667311239e+00 2.302980000000000099e-04 2.257799999999999965e-04 4.461819203999999991e-06
9.863918999999999869e+03 1.929660000000006335e+02 7.249994830292107117e+00 2.303709999999999937e-04 2.256939999999999977e-04 4.620091596399999914e-06
9.866690999999998894e+03 1.957379999999996585e+02 7.299999119448512097e+00 2.302700000000000027e-04 2.256089999999999875e-04 4.605807734999999805e-06
9.869481999999999971e+03 1.985290000000007353e+02 7.350002458923351689e+00 2.300140000000000105e-04 2.255229999999999887e-04 4.438563267600000024e-06
9.872290999999999258e+03 2.013380000000000223e+02 7.399987133614512658e+00 2.296250000000000114e-04 2.254369999999999898e-04 4.139541825100000205e-06
9.875119999999998981e+03 2.041669999999997458e+02 7.449988749989903347e+00 2.291240000000000106e-04 2.253520000000000067e-04 3.729755881600000237e-06
9.877967999999998938e+03 2.070149999999997021e+02 7.499989471314939316e+00 2.285309999999999978e-04 2.252660000000000079e-04 3.229188110000000211e-06
9.880834999999999127e+03 2.098819999999998913e+02 7.549989315372358512e+00 2.276719999999999981e-04 2.249940000000000078e-04 2.649821836199999762e-06
9.883720999999999549e+03 2.127680000000003133e+02 7.599988299476625464e+00 2.267620000000000085e-04 2.247220000000000077e-04 2.019608075080000007e-06
9.886625999999998385e+03 2.156729999999991492e+02 7.649986440489222161e+00 2.258189999999999872e-04 2.244500000000000076e-04 1.356582533500000073e-06
9.889550999999999476e+03 2.185980000000002406e+02 7.700000798246167122e+00 2.248600000000000121e-04 2.241769999999999917e-04 6.767926047699999431e-07
9.892493999999998778e+03 2.215409999999995421e+02 7.749997191971426780e+00 2.238999999999999942e-04 2.239049999999999916e-04 -4.718976998999999901e-09
9.895455999999998312e+03 2.245029999999990764e+02 7.799992792027528488e+00 2.229540000000000070e-04 2.236329999999999915e-04 -6.727126636299999369e-07
9.898436999999999898e+03 2.274840000000006626e+02 7.849987613578844226e+00 2.220389999999999929e-04 2.233609999999999914e-04 -1.310671179949999925e-06
9.901438000000000102e+03 2.304850000000008663e+02 7.899998283343832028e+00 2.211729999999999913e-04 2.230880000000000027e-04 -1.900250198720000044e-06
9.904456999999998516e+03 2.335039999999992801e+02 7.949991487390438039e+00 2.203770000000000078e-04 2.228160000000000026e-04 -2.421497443199999898e-06
9.907495999999999185e+03 2.365429999999999495e+02 8.000000361760031709e+00 2.196699999999999890e-04 2.225440000000000024e-04 -2.853792984000000064e-06
9.910552999999999884e+03 2.396000000000006480e+02 8.049992009684984851e+00 2.190179999999999959e-04 2.222210000000000125e-04 -3.181249169700000400e-06
9.913629999999999200e+03 2.426769999999999641e+02 8.099999153682540864e+00 2.184900000000000037e-04 2.218979999999999954e-04 -3.386385377999999993e-06
9.916724999999998545e+03 2.457719999999993092e+02 8.149989303831929988e+00 2.180969999999999957e-04 2.215750000000000055e-04 -3.457323355000000039e-06
9.919840000000000146e+03 2.488870000000009099e+02 8.199994779347552054e+00 2.178450000000000124e-04 2.212530000000000041e-04 -3.387759560099999692e-06
9.922973999999998341e+03 2.520209999999991055e+02 8.249999394401276831e+00 2.177339999999999994e-04 2.209299999999999871e-04 -3.177835026999999569e-06
9.926125999999998385e+03 2.551729999999991492e+02 8.299987353193223782e+00 2.177570000000000091e-04 2.206069999999999971e-04 -2.835020556999999887e-06
9.929297999999998865e+03 2.583449999999996294e+02 8.349990388290772003e+00 2.178989999999999953e-04 2.202840000000000071e-04 -2.373912554400000146e-06
9.932488999999999578e+03 2.615360000000003424e+02 8.399992607346277396e+00 2.181370000000000021e-04 2.199620000000000058e-04 -1.815946882259999804e-06
9.935698999999998705e+03 2.647459999999994693e+02 8.449994024846317231e+00 2.184449999999999999e-04 2.196389999999999888e-04 -1.188383166179999849e-06
9.938927999999999884e+03 2.679750000000006480e+02 8.499994654936456229e+00 2.187909999999999996e-04 2.193159999999999988e-04 -5.231278753200000684e-07
9.942175999999999476e+03 2.712230000000002406e+02 8.549994511431027178e+00 2.192410000000000105e-04 2.190930000000000113e-04 1.478634556770000180e-07
9.945442999999999302e+03 2.744900000000000659e+02 8.599993607822977282e+00 2.196669999999999959e-04 2.188690000000000080e-04 7.942974879000000897e-07
9.948728999999999360e+03 2.777760000000001241e+02 8.649991957293050149e+00 2.200330000000000124e-04 2.186459999999999934e-04 1.382247215100000010e-06
9.952033999999999651e+03 2.810810000000004152e+02 8.699989572718800801e+00 2.203109999999999986e-04 2.184230000000000058e-04 1.881388694730000061e-06
9.955358999999998559e+03 2.844059999999993238e+02 8.750001464881682622e+00 2.204739999999999901e-04 2.181990000000000025e-04 2.267480368199999974e-06
9.958701999999999316e+03 2.877490000000000805e+02 8.799997564471196299e+00 2.205080000000000104e-04 2.179759999999999879e-04 2.524489043999999784e-06
9.962063999999998487e+03 2.911109999999992510e+02 8.849992967879067862e+00 2.204060000000000036e-04 2.177530000000000004e-04 2.645698949999999719e-06
9.965445999999999913e+03 2.944930000000006771e+02 8.900002432255522677e+00 2.201709999999999898e-04 2.175289999999999971e-04 2.633949896499999781e-06
9.968845999999999549e+03 2.978930000000003133e+02 8.949996395867998444e+00 2.198140000000000066e-04 2.173060000000000096e-04 2.500757448000000067e-06
9.972264999999999418e+03 3.013120000000001824e+02 8.999989698632392177e+00 2.193530000000000122e-04 2.170829999999999949e-04 2.264240814899999922e-06
9.975703999999999724e+03 3.047510000000004879e+02 9.049996852527790736e+00 2.189290000000000040e-04 2.169639999999999915e-04 1.960141731239999963e-06
9.979161000000000058e+03 3.082080000000008226e+02 9.099988786547374531e+00 2.184420000000000068e-04 2.168460000000000038e-04 1.592664479280000099e-06
9.982637999999999010e+03 3.116849999999997749e+02 9.149994435279580784e+00 2.179139999999999875e-04 2.167270000000000004e-04 1.183890742929999917e-06
9.986134000000000015e+03 3.151810000000007790e+02 9.199999310519000773e+00 2.173649999999999899e-04 2.166090000000000127e-04 7.542412023600000955e-07
9.989647999999999229e+03 3.186949999999999932e+02 9.249989237329071301e+00 2.168129999999999992e-04 2.164909999999999979e-04 3.216644927099999825e-07
9.993181999999998880e+03 3.222289999999996439e+02 9.299992679227871761e+00 2.162739999999999964e-04 2.163719999999999945e-04 -9.836682226800000638e-08
9.996734999999998763e+03 3.257819999999995275e+02 9.349995383647168978e+00 2.157609999999999964e-04 2.162540000000000068e-04 -4.924081954599999996e-07
1.000030699999999888e+04 3.293539999999996439e+02 9.399997362355891894e+00 2.152859999999999984e-04 2.161359999999999920e-04 -8.484850951999999813e-07
1.000389799999999923e+04 3.329449999999999932e+02 9.449998626873716390e+00 2.148600000000000130e-04 2.160169999999999885e-04 -1.155684469489999978e-06
1.000750799999999981e+04 3.365550000000005753e+02 9.499999188477623591e+00 2.144919999999999921e-04 2.158990000000000008e-04 -1.404176870140000139e-06
1.001113699999999881e+04 3.401839999999995712e+02 9.549999058208248570e+00 2.141680000000000135e-04 2.157659999999999938e-04 -1.596148403939999882e-06
1.001478499999999985e+04 3.438320000000006189e+02 9.599998246876134900e+00 2.139160000000000031e-04 2.156340000000000025e-04 -1.715743673160000149e-06
1.001845199999999932e+04 3.474990000000000805e+02 9.649996765067530902e+00 2.137399999999999966e-04 2.155009999999999955e-04 -1.758710126029999879e-06
1.002213799999999901e+04 3.511849999999997749e+02 9.699994623150352879e+00 2.136419999999999986e-04 2.153690000000000042e-04 -1.724466044070000105e-06
1.002584299999999894e+04 3.548899999999997021e+02 9.749991831279691823e+00 2.136180000000000002e-04 2.152359999999999972e-04 -1.616390074600000117e-06
1.002956799999999930e+04 3.586150000000000659e+02 9.800001790649350397e+00 2.136600000000000109e-04 2.151029999999999902e-04 -1.441831106939999978e-06
1.003331099999999969e+04 3.623580000000004588e+02 9.849997660542436861e+00 2.137580000000000090e-04 2.149709999999999989e-04 -1.211591603970000006e-06
1.003707299999999850e+04 3.661199999999992656e+02 9.899992910411349101e+00 2.138990000000000064e-04 2.148379999999999919e-04 -9.391041623600000090e-07
1.004085499999999956e+04 3.699020000000003279e+02 9.950000738971519709e+00 2.140660000000000067e-04 2.147060000000000006e-04 -6.394696150999999432e-07
1.004465499999999884e+04 3.737019999999996003e+02 9.999994710704767087e+00 2.142450000000000062e-04 2.145729999999999936e-04 -3.283524789800000084e-07
1.004847499999999854e+04 3.775219999999993092e+02 1.005000114868389538e+01 2.142980000000000004e-04 2.143179999999999901e-04 -2.019383493659999985e-08
1.005231300000000010e+04 3.813600000000008663e+02 1.009999388080129812e+01 2.143369999999999911e-04 2.140629999999999866e-04 2.729817001199999774e-07
1.005617099999999846e+04 3.852179999999992219e+02 1.014999896855825234e+01 2.143480000000000016e-04 2.138089999999999988e-04 5.390295937200000637e-07
1.006004699999999866e+04 3.890939999999994257e+02 1.019999049805906211e+01 2.143219999999999988e-04 2.135539999999999953e-04 7.680085212799999637e-07
1.006394299999999930e+04 3.929900000000000659e+02 1.024999427439310828e+01 2.142509999999999922e-04 2.132989999999999919e-04 9.525378762599999953e-07
1.006785799999999836e+04 3.969049999999991201e+02 1.029999737802056003e+01 2.141319999999999888e-04 2.130439999999999884e-04 1.087919838199999896e-06
1.007179199999999946e+04 4.008390000000002260e+02 1.034999981869143859e+01 2.139610000000000069e-04 2.127890000000000120e-04 1.172077986130000020e-06
1.007574499999999898e+04 4.047919999999997458e+02 1.040000160596803624e+01 2.137390000000000080e-04 2.125340000000000085e-04 1.205299442060000016e-06
1.007971599999999853e+04 4.087629999999992947e+02 1.044999019093385861e+01 2.134690000000000123e-04 2.122790000000000050e-04 1.189842900110000149e-06
1.008370699999999852e+04 4.127539999999992801e+02 1.049999075918283076e+01 2.131540000000000127e-04 2.120240000000000015e-04 1.129479411120000118e-06
1.008771699999999873e+04 4.167639999999994984e+02 1.054999070107546366e+01 2.127979999999999911e-04 2.117689999999999980e-04 1.029053337079999987e-06
1.009174599999999919e+04 4.207929999999999495e+02 1.059999002547529479e+01 2.124080000000000033e-04 2.115139999999999946e-04 8.941606290199999960e-07
1.009579500000000007e+04 4.248420000000008372e+02 1.065000106354020559e+01 2.119900000000000083e-04 2.112589999999999911e-04 7.309603651799999831e-07
1.009986199999999917e+04 4.289089999999999350e+02 1.069999912130323594e+01 2.115510000000000079e-04 2.110050000000000033e-04 5.461273611000000644e-07
1.010394799999999850e+04 4.329949999999992656e+02 1.074999658771645983e+01 2.110959999999999996e-04 2.107499999999999998e-04 3.468776400000000086e-07
1.010805299999999988e+04 4.371000000000006480e+02 1.079999347099268014e+01 2.106359999999999938e-04 2.104949999999999963e-04 1.409946028799999842e-07
1.011217799999999988e+04 4.412250000000006480e+02 1.085000187451079867e+01 2.101770000000000038e-04 2.102399999999999929e-04 -6.326352864000000119e-08
1.011632099999999991e+04 4.453680000000006771e+02 1.089999756007047793e+01 2.097280000000000086e-04 2.099849999999999894e-04 -2.574311107499999757e-07
1.012048299999999836e+04 4.495299999999991201e+02 1.094999268674365211e+01 2.092969999999999987e-04 2.097300000000000130e-04 -4.332665258999999906e-07
1.012466499999999905e+04 4.537119999999998186e+02 1.099999919253505354e+01 2.088919999999999915e-04 2.094750000000000095e-04 -5.833187482499999970e-07
1.012886499999999978e+04 4.579120000000005462e+02 1.104999317018139138e+01 2.085540000000000093e-04 2.092619999999999897e-04 -7.082660725799999018e-07
1.013308499999999913e+04 4.621319999999998913e+02 1.109999843478247072e+01 2.082499999999999933e-04 2.090489999999999970e-04 -7.985462751000000753e-07
1.013732299999999850e+04 4.663699999999992656e+02 1.114999129472944439e+01 2.079840000000000063e-04 2.088349999999999885e-04 -8.510172434499999756e-07
1.014158099999999831e+04 4.706279999999990764e+02 1.119999535083592512e+01 2.077570000000000100e-04 2.086219999999999958e-04 -8.647027242600000341e-07
1.014585799999999836e+04 4.749049999999991201e+02 1.124999878855518887e+01 2.075679999999999886e-04 2.084090000000000031e-04 -8.407239900900000514e-07
1.015015399999999863e+04 4.792009999999993966e+02 1.130000161609648579e+01 2.074129999999999876e-04 2.081949999999999946e-04 -7.820678618999999135e-07
1.015446799999999894e+04 4.835149999999997021e+02 1.134999227904249786e+01 2.072879999999999981e-04 2.079820000000000019e-04 -6.931811279799999965e-07
1.015880199999999968e+04 4.878490000000004443e+02 1.139999396099402773e+01 2.071890000000000114e-04 2.077690000000000092e-04 -5.794968286599999751e-07
1.016315499999999884e+04 4.922019999999996003e+02 1.144999505609582258e+01 2.071080000000000100e-04 2.075550000000000008e-04 -4.470091279500000592e-07
1.016752700000000004e+04 4.965740000000008081e+02 1.149999557200265876e+01 2.070399999999999964e-04 2.073420000000000081e-04 -3.019542280199999947e-07
1.017191799999999967e+04 5.009650000000004297e+02 1.154999551623658682e+01 2.069779999999999960e-04 2.071289999999999883e-04 -1.505595845519999824e-07
1.017632799999999952e+04 5.053750000000002842e+02 1.159999489618994417e+01 2.069159999999999955e-04 2.069150000000000069e-04 1.055926558850000027e-09
1.018075699999999961e+04 5.098040000000003715e+02 1.164999371912806048e+01 2.068489999999999977e-04 2.067019999999999871e-04 1.469783509279999863e-07
1.018520499999999993e+04 5.142520000000006348e+02 1.169999199219199504e+01 2.067709999999999893e-04 2.064889999999999944e-04 2.815911141899999589e-07
1.018967299999999886e+04 5.187199999999995725e+02 1.175000089126910119e+01 2.066760000000000114e-04 2.062750000000000130e-04 3.997114440000000207e-07
1.019415899999999965e+04 5.232060000000003583e+02 1.179999803820086335e+01 2.065600000000000010e-04 2.060619999999999932e-04 4.968093001400000556e-07
1.019866399999999885e+04 5.277109999999995580e+02 1.184999465636193072e+01 2.064190000000000035e-04 2.058490000000000005e-04 5.692260057399999411e-07
1.020318899999999849e+04 5.322359999999991942e+02 1.190000178050000201e+01 2.062509999999999875e-04 2.056349999999999921e-04 6.144229855500000331e-07
1.020773199999999997e+04 5.367790000000006785e+02 1.194999731486378813e+01 2.060549999999999914e-04 2.054219999999999993e-04 6.311693661000000046e-07
1.021229399999999987e+04 5.413410000000005766e+02 1.199999234050350871e+01 2.058299999999999995e-04 2.052090000000000066e-04 6.196183150500000516e-07
1.021687600000000020e+04 5.459230000000009113e+02 1.204999775455866207e+01 2.055779999999999890e-04 2.049879999999999964e-04 5.883032607200000419e-07
1.022147599999999875e+04 5.505229999999994561e+02 1.209999173664368399e+01 2.053000000000000029e-04 2.047680000000000019e-04 5.309142796799999475e-07
1.022609599999999955e+04 5.551430000000002565e+02 1.214999603023216501e+01 2.049990000000000070e-04 2.045480000000000074e-04 4.503062855600000411e-07
1.023073499999999876e+04 5.597819999999994707e+02 1.219999975163982775e+01 2.046790000000000100e-04 2.043269999999999971e-04 3.504780165600000060e-07
1.023539199999999983e+04 5.644390000000005330e+02 1.224999219487988000e+01 2.043439999999999937e-04 2.041070000000000026e-04 2.364253023800000350e-07
1.024006899999999951e+04 5.691160000000002128e+02 1.229999483638340863e+01 2.040009999999999870e-04 2.038859999999999924e-04 1.139168170079999861e-07
1.024476499999999942e+04 5.738120000000001255e+02 1.234999692603370569e+01 2.036549999999999873e-04 2.036659999999999979e-04 -1.078969514840000003e-08
1.024947999999999956e+04 5.785270000000002710e+02 1.239999847050670034e+01 2.033140000000000121e-04 2.034460000000000034e-04 -1.313160517139999998e-07
1.025421399999999994e+04 5.832610000000006494e+02 1.244999947637099247e+01 2.029830000000000046e-04 2.032249999999999931e-04 -2.415633962500000119e-07
1.025896699999999873e+04 5.880139999999994416e+02 1.249999995009000209e+01 2.026680000000000050e-04 2.030049999999999986e-04 -3.361336489499999973e-07
1.026373899999999958e+04 5.927860000000002856e+02 1.254999989802412586e+01 2.023729999999999952e-04 2.027850000000000041e-04 -4.106862655499999703e-07
1.026852999999999884e+04 5.975769999999995434e+02 1.259999932643266618e+01 2.021009999999999951e-04 2.025639999999999938e-04 -4.622206634000000219e-07
1.027334000000000015e+04 6.023870000000008531e+02 1.264999824147597351e+01 2.018540000000000091e-04 2.023439999999999993e-04 -4.892273231999999614e-07
1.027816899999999987e+04 6.072160000000005766e+02 1.269999664921724758e+01 2.016309999999999945e-04 2.021240000000000048e-04 -4.916767362000000278e-07
1.028301699999999983e+04 6.120640000000005330e+02 1.274999455562457662e+01 2.014309999999999896e-04 2.019029999999999946e-04 -4.709003859300000180e-07
1.028788400000000001e+04 6.169310000000007221e+02 1.279999196657273153e+01 2.012519999999999901e-04 2.016830000000000001e-04 -4.293710060200000187e-07
1.029277099999999882e+04 6.218179999999995289e+02 1.284999910062373907e+01 2.010910000000000030e-04 2.014619999999999898e-04 -3.704140770599999614e-07
1.029767599999999948e+04 6.267230000000001837e+02 1.289999549833204462e+01 2.009430000000000038e-04 2.012419999999999953e-04 -2.979428058399999704e-07
1.030260099999999875e+04 6.316479999999994561e+02 1.295000155188320790e+01 2.008049999999999993e-04 2.010220000000000008e-04 -2.161770485800000199e-07
1.030754399999999987e+04 6.365910000000005766e+02 1.299999695999270699e+01 2.006719999999999923e-04 2.008009999999999906e-04 -1.294343165900000063e-07
1.031250699999999961e+04 6.415540000000003147e+02 1.305000195753610193e+01 2.004669999999999900e-04 2.005099999999999895e-04 -4.252275722999999293e-08
1.031748799999999937e+04 6.465350000000000819e+02 1.309999639896224366e+01 2.002600000000000105e-04 2.002179999999999997e-04 4.205499002800000269e-08
1.032248899999999958e+04 6.515360000000002856e+02 1.315000036425042218e+01 2.000469999999999907e-04 1.999260000000000100e-04 1.207489063679999966e-07
1.032750799999999981e+04 6.565550000000005184e+02 1.319999386121069129e+01 1.998260000000000075e-04 1.996350000000000088e-04 1.904995027649999887e-07
1.033254699999999866e+04 6.615939999999993688e+02 1.324999681728444756e+01 1.995920000000000094e-04 1.993429999999999920e-04 2.488159457399999930e-07
1.033760499999999956e+04 6.666520000000002710e+02 1.329999925855785392e+01 1.993460000000000121e-04 1.990510000000000022e-04 2.938251526299999925e-07
1.034268199999999888e+04 6.717289999999995871e+02 1.335000119081543346e+01 1.990849999999999955e-04 1.987600000000000011e-04 3.242888655999999833e-07
1.034777700000000004e+04 6.768240000000007512e+02 1.339999282616073906e+01 1.988079999999999980e-04 1.984680000000000114e-04 3.395886714000000154e-07
1.035289199999999983e+04 6.819390000000005330e+02 1.344999379380449156e+01 1.985169999999999968e-04 1.981759999999999945e-04 3.397212262399999839e-07
1.035802599999999984e+04 6.870730000000005475e+02 1.349999426900405730e+01 1.982110000000000035e-04 1.978849999999999934e-04 3.252774264499999564e-07
1.036317900000000009e+04 6.922260000000007949e+02 1.354999425721090311e+01 1.978910000000000066e-04 1.975930000000000037e-04 2.974130317400000088e-07
1.036835099999999875e+04 6.973979999999994561e+02 1.359999376379625602e+01 1.975599999999999991e-04 1.973009999999999868e-04 2.578309737899999515e-07
1.037354199999999946e+04 7.025890000000001692e+02 1.364999279405264687e+01 1.972189999999999967e-04 1.970089999999999971e-04 2.087211850500000003e-07
1.037875299999999879e+04 7.077999999999994998e+02 1.370000093233265481e+01 1.968709999999999926e-04 1.967179999999999959e-04 1.526812986739999830e-07
1.038398199999999997e+04 7.130290000000006785e+02 1.374999899066882669e+01 1.965190000000000068e-04 1.964260000000000062e-04 9.257655593000000592e-08
1.038922999999999956e+04 7.182770000000002710e+02 1.379999658834792697e+01 1.961660000000000053e-04 1.961339999999999893e-04 3.139379644200000067e-08
1.039449699999999939e+04 7.235440000000000964e+02 1.384999373035879877e+01 1.958150000000000081e-04 1.958429999999999882e-04 -2.795071295999999514e-08
1.039978399999999965e+04 7.288310000000003583e+02 1.389999986292721168e+01 1.954679999999999927e-04 1.955509999999999985e-04 -8.278592919700000274e-08
1.040508899999999994e+04 7.341360000000006494e+02 1.394999607444483125e+01 1.951280000000000061e-04 1.952590000000000087e-04 -1.308371981300000219e-07
1.041041399999999885e+04 7.394609999999995580e+02 1.400000121894674088e+01 1.947969999999999986e-04 1.949680000000000076e-04 -1.703312586160000005e-07
1.041575699999999961e+04 7.448040000000003147e+02 1.404999652004390676e+01 1.945329999999999889e-04 1.947359999999999868e-04 -2.027863862399999803e-07
1.042111999999999898e+04 7.501669999999996890e+02 1.410000069722749849e+01 1.942790000000000012e-04 1.945050000000000088e-04 -2.248964062499999956e-07
1.042650100000000020e+04 7.555480000000009113e+02 1.414999510740684485e+01 1.940370000000000126e-04 1.942729999999999880e-04 -2.361349460399999721e-07
1.043190200000000004e+04 7.609490000000007512e+02 1.419999833743982087e+01 1.938049999999999918e-04 1.940420000000000100e-04 -2.365430192600000375e-07
1.043732200000000012e+04 7.663690000000008240e+02 1.425000108506987928e+01 1.935829999999999929e-04 1.938110000000000050e-04 -2.266929742600000342e-07
1.044275999999999840e+04 7.718069999999991069e+02 1.429999417814365792e+01 1.933709999999999889e-04 1.935790000000000113e-04 -2.076115417100000058e-07
1.044821799999999894e+04 7.772649999999996453e+02 1.434999600805615394e+01 1.931670000000000023e-04 1.933480000000000062e-04 -1.806711383799999852e-07
1.045369499999999971e+04 7.827420000000004165e+02 1.439999737031419258e+01 1.929680000000000132e-04 1.931160000000000125e-04 -1.474610602080000099e-07
1.045919099999999889e+04 7.882379999999996016e+02 1.444999826977243274e+01 1.927750000000000101e-04 1.928850000000000074e-04 -1.096790402400000078e-07
1.046470600000000013e+04 7.937530000000008386e+02 1.449999871121857709e+01 1.925840000000000115e-04 1.926529999999999866e-04 -6.902390949299999976e-08
1.047023999999999978e+04 7.992870000000004893e+02 1.454999869937440948e+01 1.923949999999999901e-04 1.924220000000000086e-04 -2.713688981600000042e-08
1.047579299999999967e+04 8.048400000000003729e+02 1.459999823889704196e+01 1.922050000000000071e-04 1.921899999999999878e-04 1.442774173799999800e-08
1.048136499999999978e+04 8.104120000000004893e+02 1.464999733437993967e+01 1.920129999999999927e-04 1.919590000000000098e-04 5.420211911699999871e-08
1.048695600000000013e+04 8.160030000000008386e+02 1.469999599035404358e+01 1.918190000000000010e-04 1.917280000000000048e-04 9.079471168000000610e-08
1.049256599999999889e+04 8.216129999999996016e+02 1.474999421128880250e+01 1.916189999999999961e-04 1.914960000000000110e-04 1.228904515440000072e-07
1.049819599999999991e+04 8.272430000000006203e+02 1.480000086876742849e+01 1.914139999999999939e-04 1.912650000000000060e-04 1.492779334050000060e-07
1.050384399999999914e+04 8.328909999999998490e+02 1.484999820293695727e+01 1.912030000000000055e-04 1.910330000000000123e-04 1.688962869930000019e-07
1.050951099999999860e+04 8.385579999999993106e+02 1.489999511531759246e+01 1.909830000000000110e-04 1.908020000000000072e-04 1.809113967260000173e-07
1.051519799999999850e+04 8.442449999999992087e+02 1.495000038834715639e+01 1.907559999999999876e-04 1.905700000000000135e-04 1.847831513800000099e-07
1.052090299999999843e+04 8.499499999999991360e+02 1.499999644053035652e+01 1.905200000000000123e-04 1.903390000000000084e-04 1.803315463969999986e-07
1.052662799999999879e+04 8.556749999999994998e+02 1.505000080352494152e+01 1.902159999999999962e-04 1.900469999999999915e-04 1.690017653609999775e-07
1.053237099999999919e+04 8.614179999999998927e+02 1.509999601276538961e+01 1.899050000000000054e-04 1.897550000000000018e-04 1.500571154699999992e-07
1.053813400000000001e+04 8.671810000000007221e+02 1.514999948352456727e+01 1.895870000000000129e-04 1.894619999999999963e-04 1.243300798739999858e-07
1.054391499999999905e+04 8.729619999999997617e+02 1.519999386662078678e+01 1.892630000000000072e-04 1.891700000000000065e-04 9.307334252999998860e-08
1.054971599999999853e+04 8.787629999999992378e+02 1.524999646248021534e+01 1.889360000000000085e-04 1.888779999999999897e-04 5.789847324199999502e-08
1.055553600000000006e+04 8.845830000000007658e+02 1.529999861318791687e+01 1.886059999999999896e-04 1.885859999999999999e-04 2.068222661999999863e-08
1.056137500000000000e+04 8.904220000000007076e+02 1.535000032309406492e+01 1.882769999999999865e-04 1.882929999999999944e-04 -1.656309959850000008e-08
1.056723300000000017e+04 8.962800000000008822e+02 1.540000159649233424e+01 1.879489999999999991e-04 1.880010000000000047e-04 -5.184071174700000193e-08
1.057310899999999856e+04 9.021559999999992669e+02 1.544999394350029398e+01 1.876249999999999934e-04 1.877089999999999878e-04 -8.332158488300000072e-08
1.057900499999999920e+04 9.080519999999999072e+02 1.549999438394286955e+01 1.873070000000000008e-04 1.874169999999999981e-04 -1.094826392220000058e-07
1.058492000000000007e+04 9.139670000000007803e+02 1.554999440025198609e+01 1.869949999999999943e-04 1.871250000000000083e-04 -1.292075669999999923e-07
1.059085399999999936e+04 9.199010000000000673e+02 1.559999399650584273e+01 1.866899999999999896e-04 1.868320000000000028e-04 -1.418421070719999957e-07
1.059680799999999908e+04 9.258549999999997908e+02 1.565000156230034989e+01 1.863930000000000025e-04 1.865400000000000131e-04 -1.472005794000000106e-07
1.060277999999999884e+04 9.318269999999995434e+02 1.570000030376558620e+01 1.861020000000000014e-04 1.862479999999999962e-04 -1.455181698719999819e-07
1.060877099999999882e+04 9.378179999999995289e+02 1.574999863727037663e+01 1.858180000000000021e-04 1.859560000000000065e-04 -1.373796439000000139e-07
1.061478099999999904e+04 9.438279999999997472e+02 1.579999656668763386e+01 1.855399999999999888e-04 1.856630000000000010e-04 -1.236283501250000131e-07
1.062080999999999949e+04 9.498570000000001983e+02 1.584999409584136920e+01 1.852660000000000114e-04 1.853710000000000112e-04 -1.052801618530000053e-07
1.062685899999999856e+04 9.559059999999992669e+02 1.589999948222973103e+01 1.849949999999999999e-04 1.850789999999999944e-04 -8.344416270299999205e-08
1.063292599999999948e+04 9.619730000000001837e+02 1.594999619626465837e+01 1.847270000000000086e-04 1.847870000000000046e-04 -5.926636493600000037e-08
1.063901299999999901e+04 9.680599999999997181e+02 1.600000072352006342e+01 1.844609999999999945e-04 1.844949999999999878e-04 -3.388730361999999815e-08
1.064511799999999857e+04 9.741649999999992815e+02 1.604999663780897734e+01 1.842070000000000068e-04 1.842160000000000130e-04 -8.989943437600000902e-09
1.065124299999999857e+04 9.802899999999992815e+02 1.610000032175624085e+01 1.839520000000000033e-04 1.839370000000000111e-04 1.528279191270000183e-08
1.065738599999999860e+04 9.864329999999993106e+02 1.614999545128956981e+01 1.836960000000000112e-04 1.836580000000000092e-04 3.804640762199999956e-08
1.066354899999999907e+04 9.925959999999997763e+02 1.619999830736508173e+01 1.834379999999999876e-04 1.833790000000000073e-04 5.847589552000000142e-08
1.066973099999999977e+04 9.987780000000004748e+02 1.625000074271174100e+01 1.831760000000000094e-04 1.831000000000000054e-04 7.582482270000000041e-08
1.067593099999999868e+04 1.004977999999999383e+03 1.629999471002624389e+01 1.829110000000000111e-04 1.828219999999999921e-04 8.945261073600000571e-08
1.068215099999999984e+04 1.011198000000000548e+03 1.634999634010571157e+01 1.826420000000000040e-04 1.825429999999999902e-04 9.885634419300000305e-08
1.068838999999999942e+04 1.017437000000000126e+03 1.639999756078028526e+01 1.823679999999999995e-04 1.822639999999999883e-04 1.037078514719999977e-07
1.069464799999999923e+04 1.023694999999999936e+03 1.644999837578324531e+01 1.820889999999999976e-04 1.819850000000000135e-04 1.038835894600000061e-07
1.070092499999999927e+04 1.029971999999999980e+03 1.649999878880258208e+01 1.818059999999999869e-04 1.817060000000000116e-04 9.948748741400000798e-08
1.070722099999999955e+04 1.036268000000000256e+03 1.654999880348167807e+01 1.815189999999999946e-04 1.814279999999999983e-04 9.085914239999999892e-08
1.071353600000000006e+04 1.042583000000000766e+03 1.659999842341998999e+01 1.812279999999999935e-04 1.811489999999999964e-04 7.855997372400000019e-08
1.071986999999999898e+04 1.048916999999999689e+03 1.664999765217370253e+01 1.809330000000000107e-04 1.808699999999999945e-04 6.334429139999999161e-08
1.072622299999999996e+04 1.055270000000000664e+03 1.669999649325643176e+01 1.806370000000000122e-04 1.805909999999999926e-04 4.610650761900000026e-08
1.073259499999999935e+04 1.061642000000000053e+03 1.674999495013974382e+01 1.803399999999999979e-04 1.803119999999999907e-04 2.781673223999999691e-08
1.073898699999999917e+04 1.068033999999999878e+03 1.680000083781163056e+01 1.800430000000000108e-04 1.800340000000000046e-04 9.447284150000000570e-09
1.074539699999999903e+04 1.074443999999999733e+03 1.684999851336750964e+01 1.797470000000000122e-04 1.797550000000000027e-04 -8.096309004000000002e-09
1.075182599999999911e+04 1.080872999999999820e+03 1.689999581503042947e+01 1.794520000000000024e-04 1.794760000000000008e-04 -2.403560539600000030e-08
1.075827499999999964e+04 1.087322000000000344e+03 1.695000048853803776e+01 1.791589999999999969e-04 1.791969999999999989e-04 -3.776182541600000058e-08
1.076474199999999837e+04 1.093788999999999078e+03 1.699999702953162384e+01 1.788690000000000115e-04 1.789179999999999970e-04 -4.885713825999999544e-08
1.077122899999999936e+04 1.100276000000000067e+03 1.705000090359421705e+01 1.785850000000000122e-04 1.786430000000000038e-04 -5.767471390699999781e-08
1.077773399999999856e+04 1.106780999999999267e+03 1.709999669737669947e+01 1.783040000000000059e-04 1.783669999999999950e-04 -6.355733474300000189e-08
1.078425900000000001e+04 1.113306000000000722e+03 1.714999978582681095e+01 1.780250000000000040e-04 1.780920000000000018e-04 -6.652341712800000265e-08
1.079080199999999968e+04 1.119849000000000387e+03 1.719999484554213609e+01 1.777500000000000109e-04 1.778170000000000087e-04 -6.669791198100000990e-08
1.079736499999999978e+04 1.126412000000000489e+03 1.724999716189330812e+01 1.774769999999999950e-04 1.775409999999999998e-04 -6.428226986999999668e-08
1.080394700000000012e+04 1.132994000000000824e+03 1.729999908617111259e+01 1.772060000000000106e-04 1.772660000000000067e-04 -5.952982265199999855e-08
1.081054799999999886e+04 1.139594999999999573e+03 1.735000062176534996e+01 1.769379999999999922e-04 1.769899999999999978e-04 -5.272992274000000252e-08
1.081716699999999946e+04 1.146214000000000169e+03 1.739999422983371247e+01 1.766709999999999895e-04 1.767150000000000047e-04 -4.420543396500000022e-08
1.082380599999999868e+04 1.152852999999999383e+03 1.744999501968608868e+01 1.764050000000000026e-04 1.764400000000000115e-04 -3.431175748000000058e-08
1.083046399999999994e+04 1.159511000000000649e+03 1.749999543066898866e+01 1.761409999999999929e-04 1.761640000000000027e-04 -2.344108649600000342e-08
1.083714099999999962e+04 1.166188000000000329e+03 1.754999546602061855e+01 1.758770000000000103e-04 1.758890000000000095e-04 -1.202370168440000052e-08
1.084383699999999953e+04 1.172884000000000242e+03 1.759999512894239260e+01 1.756130000000000007e-04 1.756130000000000007e-04 -5.208435721799999832e-10
1.085055199999999968e+04 1.179599000000000387e+03 1.764999442259942697e+01 1.753480000000000023e-04 1.753380000000000075e-04 1.058801306940000118e-08
1.085728700000000026e+04 1.186334000000000970e+03 1.770000076448078730e+01 1.750830000000000040e-04 1.750619999999999986e-04 2.082695107800000113e-08
1.086403999999999905e+04 1.193086999999999762e+03 1.774999930807606319e+01 1.748169999999999900e-04 1.747870000000000055e-04 2.975119441800000131e-08
1.087081199999999990e+04 1.199859000000000606e+03 1.779999749180669255e+01 1.745489999999999986e-04 1.745120000000000124e-04 3.697630060800000076e-08
1.087760299999999916e+04 1.206649999999999864e+03 1.784999531869660672e+01 1.742779999999999872e-04 1.742360000000000035e-04 4.220658016799999907e-08
1.088441399999999885e+04 1.213460999999999558e+03 1.790000012325396739e+01 1.740059999999999871e-04 1.739610000000000104e-04 4.525925940899999816e-08
1.089124299999999857e+04 1.220289999999999281e+03 1.794999722497873762e+01 1.737320000000000097e-04 1.736850000000000015e-04 4.607689364999999961e-08
1.089809199999999873e+04 1.227138999999999442e+03 1.800000126963416491e+01 1.734550000000000122e-04 1.734100000000000084e-04 4.473371064999999668e-08
1.090495899999999892e+04 1.234005999999999631e+03 1.804999765834250525e+01 1.731439999999999943e-04 1.731020000000000106e-04 4.202449184600000445e-08
1.091184599999999955e+04 1.240893000000000256e+03 1.810000095556193855e+01 1.728309999999999992e-04 1.727929999999999972e-04 3.757867605400000258e-08
1.091875100000000020e+04 1.247798000000000911e+03 1.814999664313377892e+01 1.725169999999999883e-04 1.724849999999999994e-04 3.169256638499999815e-08
1.092567599999999948e+04 1.254723000000000184e+03 1.819999920511059344e+01 1.722010000000000001e-04 1.721770000000000017e-04 2.471893535899999929e-08
1.093261999999999898e+04 1.261666999999999689e+03 1.825000139407742239e+01 1.718850000000000120e-04 1.718679999999999882e-04 1.703844354239999858e-08
1.093958199999999852e+04 1.268628999999999223e+03 1.829999604182691897e+01 1.715689999999999967e-04 1.715599999999999905e-04 9.034280975999999996e-09
1.094656399999999849e+04 1.275610999999999194e+03 1.834999751345401720e+01 1.712530000000000085e-04 1.712510000000000041e-04 1.068106187080000047e-09
1.095356499999999869e+04 1.282611999999999398e+03 1.839999862103797668e+01 1.709369999999999932e-04 1.709430000000000064e-04 -6.535082512799999707e-09
1.096058499999999913e+04 1.289631999999999834e+03 1.844999936753855607e+01 1.706210000000000051e-04 1.706350000000000087e-04 -1.349606818199999975e-08
1.096762399999999980e+04 1.296671000000000504e+03 1.849999975588350765e+01 1.703069999999999942e-04 1.703259999999999952e-04 -1.958357250199999988e-08
1.097468199999999888e+04 1.303728999999999587e+03 1.854999978896898227e+01 1.699930000000000104e-04 1.700179999999999975e-04 -2.461231573400000045e-08
1.098175900000000001e+04 1.310806000000000722e+03 1.859999946965999484e+01 1.696810000000000039e-04 1.697099999999999997e-04 -2.843949266999999947e-08
1.098885499999999956e+04 1.317902000000000271e+03 1.864999880079077599e+01 1.693700000000000132e-04 1.694010000000000134e-04 -3.096108196800000327e-08
1.099596999999999935e+04 1.325017000000000053e+03 1.869999778516526234e+01 1.690609999999999997e-04 1.690929999999999885e-04 -3.211295890899999594e-08
1.100310399999999936e+04 1.332151000000000067e+03 1.874999642555744828e+01 1.687530000000000020e-04 1.687849999999999908e-04 -3.187420332499999714e-08
1.101025699999999961e+04 1.339304000000000315e+03 1.879999472471179800e+01 1.684459999999999929e-04 1.684760000000000044e-04 -3.027277853599999845e-08
1.101743000000000029e+04 1.346477000000000999e+03 1.884999964736871192e+01 1.681399999999999995e-04 1.681680000000000067e-04 -2.739507170400000009e-08
1.102462099999999919e+04 1.353667999999999893e+03 1.889999725374743278e+01 1.678360000000000106e-04 1.678589999999999932e-04 -2.338779447000000187e-08
1.103183199999999852e+04 1.360878999999999223e+03 1.895000145233121813e+01 1.675330000000000103e-04 1.675509999999999955e-04 -1.846143938400000104e-08
1.103906099999999969e+04 1.368108000000000402e+03 1.899999837695523297e+01 1.672300000000000099e-04 1.672429999999999978e-04 -1.288229345819999945e-08
1.104630899999999929e+04 1.375355999999999995e+03 1.904999497382586071e+01 1.669599999999999871e-04 1.669669999999999889e-04 -7.084443203399999120e-09
1.105357699999999932e+04 1.382624000000000024e+03 1.909999811641651135e+01 1.666910000000000071e-04 1.666919999999999958e-04 -1.140338305079999957e-09
1.106086399999999958e+04 1.389911000000000286e+03 1.915000090049556647e+01 1.664210000000000114e-04 1.664170000000000026e-04 4.630236832699999897e-09
1.106816899999999987e+04 1.397216000000000577e+03 1.919999649375225559e+01 1.661509999999999886e-04 1.661420000000000095e-04 9.922432209200000286e-09
1.107549399999999878e+04 1.404540999999999485e+03 1.924999858693634280e+01 1.658809999999999929e-04 1.658660000000000006e-04 1.446981810799999933e-08
1.108283799999999974e+04 1.411885000000000446e+03 1.930000032983281955e+01 1.656089999999999928e-04 1.655910000000000075e-04 1.806399100800000047e-08
1.109019999999999891e+04 1.419246999999999616e+03 1.934999494303017897e+01 1.653360000000000040e-04 1.653159999999999873e-04 2.056696356000000043e-08
1.109758199999999852e+04 1.426628999999999223e+03 1.939999601094996962e+01 1.650619999999999995e-04 1.650400000000000055e-04 2.191714695999999819e-08
1.110498300000000017e+04 1.434030000000000882e+03 1.944999673655498640e+01 1.647870000000000064e-04 1.647650000000000124e-04 2.212793950000000356e-08
1.111240299999999843e+04 1.441449999999999136e+03 1.949999712247841188e+01 1.645109999999999975e-04 1.644899999999999921e-04 2.127826191000000095e-08
1.111984199999999873e+04 1.448888999999999442e+03 1.954999717132657011e+01 1.642340000000000000e-04 1.642140000000000104e-04 1.950106935599999940e-08
1.112729999999999927e+04 1.456346999999999980e+03 1.959999688567909004e+01 1.639559999999999867e-04 1.639389999999999901e-04 1.696801437799999813e-08
1.113477700000000004e+04 1.463824000000000751e+03 1.964999626808937805e+01 1.636780000000000006e-04 1.636639999999999970e-04 1.387309352479999931e-08
1.114227299999999923e+04 1.471319999999999936e+03 1.969999532108485951e+01 1.633989999999999987e-04 1.633879999999999881e-04 1.041941614799999805e-08
1.114978899999999885e+04 1.478835999999999558e+03 1.975000069193515273e+01 1.631199999999999968e-04 1.631129999999999950e-04 6.806362952699999168e-09
1.115732299999999850e+04 1.486369999999999209e+03 1.979999907680209859e+01 1.628409999999999949e-04 1.628380000000000018e-04 3.219746922600000411e-09
1.116487600000000020e+04 1.493923000000000911e+03 1.984999713976887392e+01 1.625619999999999930e-04 1.625619999999999930e-04 -1.751638062399999980e-10
1.117244899999999870e+04 1.501495999999999412e+03 1.990000147794302876e+01 1.622840000000000068e-04 1.622869999999999998e-04 -3.238956403400000425e-09
1.118003999999999905e+04 1.509086999999999762e+03 1.994999888783677733e+01 1.620059999999999935e-04 1.620120000000000067e-04 -5.861626562400000577e-09
1.118764999999999964e+04 1.516697000000000344e+03 1.999999598311923421e+01 1.617289999999999960e-04 1.617369999999999865e-04 -7.964819433500000057e-09
