0.000000000000000000e+00 -7.310750000000000304e-01
5.000000000000000278e-02 -7.452718999999999872e-01
1.000000000000000056e-01 -7.592086999999999586e-01
1.499999999999999944e-01 -7.991770000000000262e-01
2.000000000000000111e-01 -8.366310999999999609e-01
2.500000000000000000e-01 -8.935005000000000308e-01
2.999999999999999889e-01 -9.428820999999999453e-01
3.499999999999999778e-01 -9.987835999999999936e-01
4.000000000000000222e-01 -1.039576999999999973e+00
4.500000000000000111e-01 -1.068918999999999953e+00
5.000000000000000000e-01 -1.075085999999999986e+00
5.500000000000000444e-01 -1.052332000000000045e+00
5.999999999999999778e-01 -1.002850999999999937e+00
6.500000000000000222e-01 -9.168532000000000348e-01
6.999999999999999556e-01 -8.100515999999999828e-01
7.500000000000000000e-01 -6.750350999999999990e-01
8.000000000000000444e-01 -5.344862000000000224e-01
8.499999999999999778e-01 -3.860150999999999999e-01
9.000000000000000222e-01 -2.499020000000000130e-01
9.499999999999999556e-01 -1.270035999999999943e-01
1.000000000000000000e+00 -2.731242000000000045e-02
1.050000000000000044e+00 4.881668000000000118e-02
1.100000000000000089e+00 1.023107999999999934e-01
1.149999999999999911e+00 1.351826999999999890e-01
1.199999999999999956e+00 1.550520999999999983e-01
1.250000000000000000e+00 1.658680999999999905e-01
1.300000000000000044e+00 1.750493999999999939e-01
1.350000000000000089e+00 1.873064000000000118e-01
1.399999999999999911e+00 2.037274000000000029e-01
1.449999999999999956e+00 2.280766999999999933e-01
1.500000000000000000e+00 2.525902999999999898e-01
1.550000000000000044e+00 2.780040999999999762e-01
1.600000000000000089e+00 2.914276000000000089e-01
1.649999999999999911e+00 2.899326999999999877e-01
1.699999999999999956e+00 2.656550999999999774e-01
1.750000000000000000e+00 2.172724000000000044e-01
1.800000000000000044e+00 1.492775000000000074e-01
1.850000000000000089e+00 7.427591999999999528e-02
1.899999999999999911e+00 -3.746473000000000164e-03
1.949999999999999956e+00 -4.974226999999999815e-02
2.000000000000000000e+00 -8.525551000000000657e-02
2.049999999999999822e+00 -7.559183999999999348e-02
2.100000000000000089e+00 -3.732817000000000079e-02
2.149999999999999911e+00 2.009692000000000076e-02
2.200000000000000178e+00 8.163641000000000647e-02
2.250000000000000000e+00 1.310756999999999894e-01
2.299999999999999822e+00 1.594663000000000053e-01
2.350000000000000089e+00 1.628477000000000119e-01
2.399999999999999911e+00 1.443017000000000050e-01
2.450000000000000178e+00 1.151587000000000027e-01
2.500000000000000000e+00 8.221847000000000183e-02
2.549999999999999822e+00 5.083494999999999681e-02
2.600000000000000089e+00 2.479788999999999952e-02
2.649999999999999911e+00 -9.257680000000000444e-05
2.700000000000000178e+00 -2.136667000000000080e-02
2.750000000000000000e+00 -3.916969000000000006e-02
2.799999999999999822e+00 -5.428158000000000288e-02
2.850000000000000089e+00 -6.752278000000000446e-02
2.899999999999999911e+00 -7.863454999999999750e-02
2.950000000000000178e+00 -8.832845000000000280e-02
3.000000000000000000e+00 -9.694073000000000273e-02
3.049999999999999822e+00 -1.024343000000000059e-01
3.100000000000000089e+00 -1.059847000000000011e-01
3.149999999999999911e+00 -1.071334000000000036e-01
3.200000000000000178e+00 -1.053252999999999967e-01
3.250000000000000000e+00 -9.947662999999999645e-02
3.299999999999999822e+00 -9.071803000000000505e-02
3.350000000000000089e+00 -7.887075000000000335e-02
3.399999999999999911e+00 -6.424512000000000278e-02
3.450000000000000178e+00 -4.810579000000000244e-02
3.500000000000000000e+00 -3.102165000000000131e-02
3.549999999999999822e+00 -1.369048999999999960e-02
3.600000000000000089e+00 3.225909999999999802e-03
3.649999999999999911e+00 1.877403000000000058e-02
3.700000000000000178e+00 3.299367999999999745e-02
3.750000000000000000e+00 4.561562999999999729e-02
3.799999999999999822e+00 5.645725000000000049e-02
3.850000000000000089e+00 6.541173999999999600e-02
3.899999999999999911e+00 7.250043999999999933e-02
3.950000000000000178e+00 7.760802999999999452e-02
4.000000000000000000e+00 8.060399999999999510e-02
4.049999999999999822e+00 8.156805000000000305e-02
4.099999999999999645e+00 8.020204000000000222e-02
4.150000000000000355e+00 7.639551999999999454e-02
4.200000000000000178e+00 7.011425000000000296e-02
4.250000000000000000e+00 6.161185000000000273e-02
4.299999999999999822e+00 5.088672999999999808e-02
4.349999999999999645e+00 3.828068999999999916e-02
4.400000000000000355e+00 2.428403000000000159e-02
4.450000000000000178e+00 9.506030999999999856e-03
4.500000000000000000e+00 -5.427940000000000022e-03
4.549999999999999822e+00 -1.979440999999999840e-02
4.599999999999999645e+00 -3.290354999999999669e-02
4.650000000000000355e+00 -4.428085999999999828e-02
4.700000000000000178e+00 -5.336198000000000330e-02
4.750000000000000000e+00 -5.986106000000000066e-02
4.799999999999999822e+00 -6.368585999999999692e-02
4.849999999999999645e+00 -6.499362999999999668e-02
4.900000000000000355e+00 -6.391842000000000357e-02
4.950000000000000178e+00 -6.079550999999999705e-02
5.000000000000000000e+00 -5.600416999999999895e-02
5.049999999999999822e+00 -4.991513000000000200e-02
5.099999999999999645e+00 -4.283200999999999675e-02
5.150000000000000355e+00 -3.501387000000000249e-02
5.200000000000000178e+00 -2.665023000000000045e-02
5.250000000000000000e+00 -1.780730000000000160e-02
5.299999999999999822e+00 -8.646387999999999643e-03
5.349999999999999645e+00 6.916294999999999821e-04
5.400000000000000355e+00 1.001485000000000049e-02
5.450000000000000178e+00 1.918939999999999882e-02
5.500000000000000000e+00 2.776336000000000082e-02
5.549999999999999822e+00 3.534672999999999982e-02
5.599999999999999645e+00 4.154208000000000206e-02
5.650000000000000355e+00 4.607580000000000009e-02
5.700000000000000178e+00 4.855082000000000148e-02
5.750000000000000000e+00 4.881839999999999791e-02
5.799999999999999822e+00 4.688682999999999740e-02
5.849999999999999645e+00 4.294632999999999784e-02
5.900000000000000355e+00 3.724892999999999954e-02
5.950000000000000178e+00 3.021507999999999833e-02
6.000000000000000000e+00 2.232577000000000172e-02
6.049999999999999822e+00 1.407426999999999984e-02
6.099999999999999645e+00 5.862769000000000313e-03
6.150000000000000355e+00 -1.919904999999999962e-03
6.200000000000000178e+00 -8.974229999999999707e-03
6.250000000000000000e+00 -1.509428999999999979e-02
6.299999999999999822e+00 -2.015921999999999853e-02
6.349999999999999645e+00 -2.411628999999999856e-02
6.400000000000000355e+00 -2.696089999999999945e-02
6.450000000000000178e+00 -2.871813999999999964e-02
6.500000000000000000e+00 -2.942917999999999923e-02
6.549999999999999822e+00 -2.940388999999999850e-02
6.599999999999999645e+00 -2.840372999999999856e-02
6.650000000000000355e+00 -2.646737999999999869e-02
6.700000000000000178e+00 -2.365864999999999982e-02
6.750000000000000000e+00 -2.007497000000000101e-02
6.799999999999999822e+00 -1.585179000000000102e-02
6.849999999999999645e+00 -1.116145999999999978e-02
6.900000000000000355e+00 -6.206424000000000316e-03
6.950000000000000178e+00 -1.207360999999999894e-03
7.000000000000000000e+00 3.612113000000000129e-03
7.049999999999999822e+00 8.166003999999999277e-03
7.099999999999999645e+00 1.216544999999999953e-02
7.150000000000000355e+00 1.545102999999999928e-02
7.200000000000000178e+00 1.791867999999999933e-02
7.250000000000000000e+00 1.952227000000000129e-02
7.299999999999999822e+00 2.026883000000000157e-02
7.349999999999999645e+00 2.020865999999999982e-02
7.400000000000000355e+00 1.942295999999999953e-02
7.450000000000000178e+00 1.801161999999999902e-02
7.500000000000000000e+00 1.608284000000000102e-02
7.549999999999999822e+00 1.372945000000000068e-02
7.599999999999999645e+00 1.107500999999999972e-02
7.650000000000000355e+00 8.222665000000000529e-03
7.700000000000000178e+00 5.261535999999999817e-03
7.750000000000000000e+00 2.268220000000000045e-03
7.799999999999999822e+00 -6.895011999999999842e-04
7.849999999999999645e+00 -3.547967999999999868e-03
7.900000000000000355e+00 -6.243132000000000195e-03
7.950000000000000178e+00 -8.707279000000000060e-03
8.000000000000000000e+00 -1.086781000000000032e-02
8.050000000000000711e+00 -1.266670999999999943e-02
8.099999999999999645e+00 -1.402626000000000046e-02
8.150000000000000355e+00 -1.487963999999999953e-02
8.199999999999999289e+00 -1.516927000000000032e-02
8.250000000000000000e+00 -1.485473000000000002e-02
8.300000000000000711e+00 -1.392101999999999923e-02
8.349999999999999645e+00 -1.238579000000000069e-02
8.400000000000000355e+00 -1.030422999999999929e-02
8.449999999999999289e+00 -7.770232999999999654e-03
8.500000000000000000e+00 -4.913045999999999906e-03
8.550000000000000711e+00 -1.887800999999999932e-03
8.599999999999999645e+00 1.166347000000000087e-03
8.650000000000000355e+00 4.075343000000000368e-03
8.699999999999999289e+00 6.675508000000000136e-03
8.750000000000000000e+00 8.828126999999999849e-03
8.800000000000000711e+00 1.043135000000000069e-02
8.849999999999999645e+00 1.142779000000000017e-02
8.900000000000000355e+00 1.180676999999999942e-02
8.949999999999999289e+00 1.160123000000000057e-02
9.000000000000000000e+00 1.087989999999999964e-02
9.050000000000000711e+00 9.801841999999999847e-03
9.099999999999999645e+00 8.385092999999999713e-03
9.150000000000000355e+00 6.730960000000000241e-03
9.199999999999999289e+00 4.934855000000000144e-03
9.250000000000000000e+00 3.080480999999999931e-03
9.300000000000000711e+00 1.237585999999999938e-03
9.349999999999999645e+00 -5.371440999999999586e-04
9.400000000000000355e+00 -2.197019000000000142e-03
9.449999999999999289e+00 -3.701467999999999859e-03
9.500000000000000000e+00 -5.012721999999999838e-03
9.550000000000000711e+00 -6.137651000000000044e-03
9.599999999999999645e+00 -7.005410999999999583e-03
9.650000000000000355e+00 -7.580995000000000095e-03
9.699999999999999289e+00 -7.837152999999999481e-03
9.750000000000000000e+00 -7.759038999999999693e-03
9.800000000000000711e+00 -7.348308999999999917e-03
9.849999999999999645e+00 -6.625635000000000378e-03
9.900000000000000355e+00 -5.630938000000000263e-03
9.949999999999999289e+00 -4.421099000000000383e-03
1.000000000000000000e+01 -3.065422999999999846e-03
1.005000000000000071e+01 -1.642603999999999983e-03
1.009999999999999964e+01 -2.106006999999999909e-04
1.015000000000000036e+01 1.160753999999999952e-03
1.019999999999999929e+01 2.410480000000000001e-03
1.025000000000000000e+01 3.489753999999999860e-03
1.030000000000000071e+01 4.363495000000000221e-03
1.034999999999999964e+01 5.010315999999999902e-03
1.040000000000000036e+01 5.421190000000000210e-03
1.044999999999999929e+01 5.597394000000000328e-03
1.050000000000000000e+01 5.548275000000000082e-03
1.055000000000000071e+01 5.289320999999999606e-03
1.059999999999999964e+01 4.840805999999999581e-03
1.065000000000000036e+01 4.227059000000000025e-03
1.069999999999999929e+01 3.476190000000000096e-03
1.075000000000000000e+01 2.619977999999999804e-03
1.080000000000000071e+01 1.693595999999999904e-03
1.084999999999999964e+01 7.349102999999999625e-04
1.090000000000000036e+01 -2.167655000000000103e-04
1.094999999999999929e+01 -1.122404999999999931e-03
1.100000000000000000e+01 -1.945305000000000038e-03
1.105000000000000071e+01 -2.679288000000000156e-03
1.109999999999999964e+01 -3.281604000000000031e-03
1.115000000000000036e+01 -3.729610999999999864e-03
1.119999999999999929e+01 -4.008218000000000024e-03
1.125000000000000000e+01 -4.110403000000000320e-03
1.130000000000000071e+01 -4.037174000000000144e-03
1.134999999999999964e+01 -3.797093000000000083e-03
1.140000000000000036e+01 -3.405505999999999985e-03
1.144999999999999929e+01 -2.883609000000000085e-03
1.150000000000000000e+01 -2.257429000000000033e-03
1.155000000000000071e+01 -1.556733999999999939e-03
1.159999999999999964e+01 -8.138654000000000157e-04
1.165000000000000036e+01 -6.242570999999999494e-05
1.169999999999999929e+01 6.641611999999999863e-04
1.175000000000000000e+01 1.334207999999999922e-03
1.180000000000000071e+01 1.919342000000000097e-03
1.184999999999999964e+01 2.395983999999999874e-03
1.190000000000000036e+01 2.746572999999999983e-03
1.194999999999999929e+01 2.960406999999999969e-03
1.200000000000000000e+01 3.034021000000000027e-03
1.205000000000000071e+01 3.008172999999999837e-03
1.209999999999999964e+01 2.848873000000000030e-03
1.215000000000000036e+01 2.566679000000000096e-03
1.219999999999999929e+01 2.177522999999999785e-03
1.225000000000000000e+01 1.701838000000000005e-03
1.230000000000000071e+01 1.163523000000000075e-03
1.234999999999999964e+01 5.888124000000000005e-04
1.240000000000000036e+01 5.094904999999999630e-06
1.244999999999999929e+01 -5.603224999999999872e-04
1.250000000000000000e+01 -1.081481000000000022e-03
1.255000000000000071e+01 -1.535050999999999950e-03
1.259999999999999964e+01 -1.901551999999999930e-03
1.265000000000000036e+01 -2.166430000000000005e-03
1.269999999999999929e+01 -2.320836000000000166e-03
1.275000000000000000e+01 -2.362032999999999928e-03
1.280000000000000071e+01 -2.293325000000000138e-03
1.284999999999999964e+01 -2.123536000000000087e-03
1.290000000000000036e+01 -1.866117000000000036e-03
1.294999999999999929e+01 -1.537993000000000086e-03
1.300000000000000000e+01 -1.158340000000000107e-03
1.305000000000000071e+01 -7.534313000000000381e-04
1.309999999999999964e+01 -3.335883999999999790e-04
1.315000000000000036e+01 8.229578999999999833e-05
1.319999999999999929e+01 4.767276999999999995e-04
1.325000000000000000e+01 8.341197999999999755e-04
1.330000000000000071e+01 1.141181000000000010e-03
1.334999999999999964e+01 1.387240000000000088e-03
1.340000000000000036e+01 1.564510999999999983e-03
1.344999999999999929e+01 1.668301000000000072e-03
1.350000000000000000e+01 1.697118000000000064e-03
1.355000000000000071e+01 1.652655999999999960e-03
1.359999999999999964e+01 1.539638999999999982e-03
1.365000000000000036e+01 1.365532000000000031e-03
1.369999999999999929e+01 1.140147999999999899e-03
1.375000000000000000e+01 8.751739000000000133e-04
1.380000000000000071e+01 5.836488000000000353e-04
1.384999999999999964e+01 2.794025000000000002e-04
1.390000000000000036e+01 -2.354402000000000163e-05
1.394999999999999929e+01 -3.116115000000000031e-04
1.400000000000000000e+01 -5.723176000000000175e-04
1.405000000000000071e+01 -8.060686000000000500e-04
1.409999999999999964e+01 -9.959115999999999195e-04
1.415000000000000036e+01 -1.134613999999999935e-03
1.419999999999999929e+01 -1.217867999999999989e-03
1.425000000000000000e+01 -1.244338999999999905e-03
1.430000000000000071e+01 -1.215497000000000062e-03
1.434999999999999964e+01 -1.135287000000000015e-03
1.440000000000000036e+01 -1.009684999999999966e-03
1.444999999999999929e+01 -8.462072999999999644e-04
1.450000000000000000e+01 -6.534222000000000337e-04
1.455000000000000071e+01 -4.405063999999999876e-04
1.459999999999999964e+01 -2.168581000000000100e-04
1.465000000000000036e+01 8.224107000000000574e-06
1.469999999999999929e+01 2.258069000000000081e-04
1.475000000000000000e+01 4.275460999999999823e-04
1.480000000000000071e+01 6.058854000000000453e-04
1.484999999999999964e+01 7.542410000000000043e-04
1.490000000000000036e+01 8.671809999999999631e-04
1.494999999999999929e+01 9.406024000000000459e-04
1.500000000000000000e+01 9.719006000000000303e-04
1.505000000000000071e+01 9.664666000000000142e-04
1.509999999999999964e+01 9.192901000000000501e-04
1.515000000000000036e+01 8.320878999999999992e-04
1.519999999999999929e+01 7.085626000000000251e-04
1.525000000000000000e+01 5.543733999999999598e-04
1.530000000000000071e+01 3.769517999999999914e-04
1.534999999999999964e+01 1.851555000000000063e-04
1.540000000000000036e+01 -1.122965000000000013e-05
1.544999999999999929e+01 -2.021062000000000065e-04
1.550000000000000000e+01 -3.777459999999999846e-04
1.555000000000000071e+01 -5.294689000000000426e-04
1.559999999999999964e+01 -6.502428000000000418e-04
1.565000000000000036e+01 -7.351389999999999965e-04
1.569999999999999929e+01 -7.815905000000000378e-04
1.575000000000000000e+01 -7.894290000000000205e-04
1.580000000000000071e+01 -7.607074000000000344e-04
1.584999999999999964e+01 -6.993436000000000444e-04
1.590000000000000036e+01 -6.106434000000000428e-04
1.594999999999999929e+01 -5.007730000000000384e-04
1.600000000000000000e+01 -3.762495999999999831e-04
1.605000000000000071e+01 -2.467721000000000085e-04
1.610000000000000142e+01 -1.139953000000000027e-04
1.614999999999999858e+01 1.696308999999999957e-05
1.619999999999999929e+01 1.414905999999999900e-04
1.625000000000000000e+01 2.554904999999999893e-04
1.630000000000000071e+01 3.553675999999999753e-04
1.635000000000000142e+01 4.380246999999999873e-04
1.639999999999999858e+01 5.008920999999999946e-04
1.644999999999999929e+01 5.420019000000000529e-04
1.650000000000000000e+01 5.601011999999999831e-04
1.655000000000000071e+01 5.547840000000000063e-04
1.660000000000000142e+01 5.266112999999999567e-04
1.664999999999999858e+01 4.771857000000000008e-04
1.669999999999999929e+01 4.091508999999999793e-04
1.675000000000000000e+01 3.260979999999999803e-04
1.680000000000000071e+01 2.323748999999999899e-04
1.685000000000000142e+01 1.328140000000000061e-04
1.689999999999999858e+01 3.240571000000000114e-05
1.694999999999999929e+01 -6.404221999999999617e-05
1.700000000000000000e+01 -1.522193999999999880e-04
1.705000000000000071e+01 -2.314582999999999994e-04
1.710000000000000142e+01 -2.966183000000000057e-04
1.714999999999999858e+01 -3.456652999999999852e-04
1.719999999999999929e+01 -3.775060000000000004e-04
1.725000000000000000e+01 -3.919188999999999789e-04
1.730000000000000071e+01 -3.894382999999999742e-04
1.735000000000000142e+01 -3.712184000000000100e-04
1.739999999999999858e+01 -3.388999999999999977e-04
1.744999999999999929e+01 -2.944943000000000105e-04
1.750000000000000000e+01 -2.402922999999999897e-04
1.755000000000000071e+01 -1.787957999999999865e-04
1.760000000000000142e+01 -1.126628000000000015e-04
1.764999999999999858e+01 -4.465339000000000108e-05
1.769999999999999929e+01 2.243501999999999920e-05
1.775000000000000000e+01 8.585203000000000615e-05
1.780000000000000071e+01 1.429997000000000126e-04
1.785000000000000142e+01 1.915545999999999905e-04
1.789999999999999858e+01 2.295963999999999893e-04
1.794999999999999929e+01 2.557265000000000189e-04
1.800000000000000000e+01 2.691632000000000117e-04
1.805000000000000071e+01 2.732697999999999768e-04
1.810000000000000142e+01 2.652415999999999780e-04
1.814999999999999858e+01 2.458051999999999958e-04
1.819999999999999929e+01 2.162610000000000086e-04
1.825000000000000000e+01 1.783867999999999977e-04
1.830000000000000071e+01 1.343108000000000084e-04
1.835000000000000142e+01 8.636560000000000536e-05
1.839999999999999858e+01 3.694062999999999871e-05
1.844999999999999929e+01 -1.165443000000000016e-05
1.850000000000000000e+01 -5.730473000000000251e-05
1.855000000000000071e+01 -9.817753000000000189e-05
1.860000000000000142e+01 -1.327801999999999997e-04
1.864999999999999858e+01 -1.599915999999999947e-04
1.869999999999999929e+01 -1.790708999999999866e-04
1.875000000000000000e+01 -1.896518999999999993e-04
1.880000000000000071e+01 -1.917258999999999934e-04
1.885000000000000142e+01 -1.856205000000000094e-04
1.889999999999999858e+01 -1.719740000000000038e-04
1.894999999999999929e+01 -1.517067000000000090e-04
1.900000000000000000e+01 -1.259867999999999980e-04
1.905000000000000071e+01 -9.748617000000000653e-05
1.910000000000000142e+01 -6.582388000000000377e-05
1.914999999999999858e+01 -3.248683999999999811e-05
1.919999999999999929e+01 9.704620000000000776e-07
1.925000000000000000e+01 3.300532000000000200e-05
1.930000000000000071e+01 6.217145000000000256e-05
1.935000000000000142e+01 8.720188000000000136e-05
1.939999999999999858e+01 1.070822000000000028e-04
1.944999999999999929e+01 1.211068000000000040e-04
1.950000000000000000e+01 1.289132999999999978e-04
1.955000000000000071e+01 1.304901999999999928e-04
1.960000000000000142e+01 1.261601000000000053e-04
1.964999999999999858e+01 1.165388000000000030e-04
1.969999999999999929e+01 1.024766999999999941e-04
1.975000000000000000e+01 8.498844999999999772e-05
1.980000000000000071e+01 6.517783999999999394e-05
1.985000000000000142e+01 4.416523999999999797e-05
1.989999999999999858e+01 2.302257000000000004e-05
1.994999999999999929e+01 2.720010999999999884e-06
2.000000000000000000e+01 -1.591348999999999864e-05
