# # Once                                                         FEFF 10.0.0 
# # POT  SCF 100  9.0000   0, core-hole, FOLP (folp(0)= 1.150)
# # Abs   Z=30 Rmt= 1.379 Rnm= 1.524 K  shell
# #   RGRID 0.0100
# # Pot 1 Z= 6 Rmt= 0.898 Rnm= 1.123
# # Pot 2 Z= 6 Rmt= 0.923 Rnm= 1.165
# # Pot 3 Z= 1 Rmt= 0.550 Rnm= 0.958
# # Pot 4 Z=16 Rmt= 1.253 Rnm= 1.471
# # Gam_ch=1.897E+00 H-L exch Vi= 0.000E+00 Vr= 0.000E+00
# # Mu=-6.931E+00eV kf=1.982E+00 Vint=-1.286E+01eV Rs_int= 1.829
# # PATH  Rmax= 6.000,  Keep_limit= 0.00, Heap_limit 0.00  Pwcrit= 2.50%
#  S02=1.000  Temp=  10.00  Debye_temp= 315.00  Global_sig2= 0.00000
#  Energy zero shift, vr, vi    0.00000E+00   0.00000E+00
#  Curved wave amplitude ratio filter   4.000%
#     file         sig2 tot  cw amp ratio   deg  nlegs   reff  inp sig2
#           1       0.00290    100.00      1.00     2   2.3477
#           2       0.00294     99.25      1.00     2   2.3543
#           3       0.00298     99.02      1.00     2   2.3564
#           4       0.00303     98.26      1.00     2   2.3634
#           5       0.02228     12.16      1.00     2   3.0898
#           6       0.02243     11.51      1.00     2   3.1546
#           7       0.02497     10.91      1.00     2   3.2180
#           8       0.00582     40.81      1.00     2   3.2266
#           9       0.00589     38.90      1.00     2   3.2839
#          10       0.00558     38.37      1.00     2   3.3004
#          11       0.00585     38.29      1.00     2   3.3032
#          12       0.02605     10.15      1.00     2   3.3059
#          13       0.02521     10.00      1.00     2   3.3239
#          14       0.02472      9.84      1.00     2   3.3441
#          15       0.02469      8.16      1.00     2   3.5836
#          16       0.02395      7.57      1.00     2   3.6825
#          17       0.00402     43.94      2.00     3   3.7041
#          18       0.00411     43.46      2.00     3   3.7324
#          19       0.00401     43.61      2.00     3   3.7367
#          20       0.01112     14.27      2.00     3   3.7428
#          21       0.00412     42.88      2.00     3   3.7467
#          22       0.01212     10.79      2.00     3   3.7687
#          23       0.01102     12.66      2.00     3   3.7740
#          24       0.01269      9.62      2.00     3   3.8127
#          25       0.01237      9.53      2.00     3   3.8507
#          26       0.01226      9.31      2.00     3   3.8603
#          27       0.01464      7.56      2.00     3   3.9284
#          28       0.01462      7.55      2.00     3   3.9515
#          29       0.01279      8.70      2.00     3   3.9887
#          30       0.01505      7.32      2.00     3   3.9913
#          31       0.01533      7.14      2.00     3   4.0359
#          32       0.01306      9.66      2.00     3   4.0394
#          33       0.01509      7.10      2.00     3   4.0448
#          34       0.01491      7.05      2.00     3   4.0555
#          36       0.01487      6.66      2.00     3   4.1730
#          37       0.00438     14.98      1.00     4   4.1729
#          38       0.00458     15.22      1.00     4   4.1809
#          39       0.00439     16.15      1.00     4   4.1817
#          40       0.01888      7.85      1.00     4   4.1825
#          42       0.00459     14.76      1.00     4   4.1902
#          45       0.01457      6.45      2.00     3   4.2305
#          46       0.00418      9.29      2.00     3   4.2338
#          47       0.00415      9.36      2.00     3   4.2400
#          50       0.01815      7.34      1.00     4   4.2476
#          51       0.00430      9.38      2.00     3   4.2531
#          54       0.00412     10.39      2.00     3   4.2927
#          56       0.00434     10.82      2.00     3   4.3090
#          58       0.01850      6.80      1.00     4   4.3109
#          59       0.00423     10.99      2.00     3   4.3394
#          60       0.01710      4.45      2.00     4   4.3548
#          63       0.01835      6.24      1.00     4   4.3987
#          64       0.01853      6.18      1.00     4   4.4175
#          65       0.01061      5.16      2.00     4   4.4249
#          66       0.01720      4.23      2.00     4   4.4270
#          67       0.01834      6.08      1.00     4   4.4366
#          68       0.01706      4.19      2.00     4   4.4623
#          69       0.01763      4.23      2.00     4   4.4790
#          70       0.01075      6.33      2.00     4   4.4829
#          72       0.00950      4.00      2.00     4   4.5874
#          74       0.00626     14.61      1.00     2   4.6430
#          75       0.00548     14.41      1.00     2   4.6649
#          76       0.01841      4.87      1.00     4   4.6770
#          77       0.00557     14.26      1.00     2   4.6811
#          78       0.00581      8.81      1.00     4   4.6953
#          79       0.00466      4.79      2.00     4   4.7020
#          80       0.00567     49.23      2.00     3   4.7033
#          81       0.00447      4.24      2.00     4   4.7041
#          82       0.00588      8.68      1.00     4   4.7087
#          85       0.00550     13.98      1.00     2   4.7122
#          86       0.00596      8.64      1.00     4   4.7128
#          88       0.00458      5.15      2.00     4   4.7198
#          89       0.00605      8.50      1.00     4   4.7267
#          90       0.00568     39.04      2.00     3   4.7306
#          91       0.00631     50.05      1.00     4   4.7417
#          92       0.00543     41.97      2.00     3   4.7486
#          93       0.00571     46.35      2.00     3   4.7558
#          95       0.00640     46.65      1.00     4   4.7994
#          96       0.00616     40.91      1.00     4   4.8161
#          97       0.00631     36.99      1.00     4   4.8182
#          99       0.00504     21.29      2.00     3   4.8931
#         100       0.00479     22.33      2.00     3   4.8994
#         101       0.00484     23.33      2.00     3   4.9023
#         102       0.00487     23.97      2.00     3   4.9218
#         103       0.00450     41.58      2.00     4   4.9378
#         104       0.00903      6.53      2.00     3   4.9426
#         105       0.00458     42.69      2.00     4   4.9654
#         106       0.00450     38.39      2.00     4   4.9698
#         107       0.00464     33.16      2.00     4   4.9807
#         109       0.00864      6.14      2.00     3   4.9970
#         110       0.00902      5.79      2.00     3   5.0170
#         111       0.00934     12.24      2.00     4   5.0302
#         112       0.02141      6.16      2.00     2   5.0524
#         113       0.00622      6.20      1.00     4   5.0539
#         114       0.00971     13.42      2.00     4   5.0554
#         115       0.02234      5.29      2.00     3   5.0565
#         116       0.00918      5.31      2.00     3   5.0611
#         118       0.00899     12.48      2.00     4   5.0645
#         119       0.00902      5.28      2.00     3   5.0945
#         120       0.02216      6.29      2.00     3   5.0986
#         121       0.01026     12.98      2.00     4   5.0995
#         122       0.00889      5.19      2.00     3   5.1030
#         123       0.00662      6.17      1.00     4   5.1085
#         124       0.01751      4.70      2.00     3   5.1113
#         125       0.00525     11.74      1.00     4   5.1235
#         126       0.00645      6.19      1.00     4   5.1257
#         127       0.00659      6.09      1.00     4   5.1300
#         128       0.00535     12.73      1.00     4   5.1314
#         129       0.00525     10.60      1.00     4   5.1339
#         130       0.00998     12.45      2.00     4   5.1382
#         131       0.00542      9.44      1.00     4   5.1431
#         132       0.00992     12.38      2.00     4   5.1467
#         135       0.01697      5.08      2.00     3   5.1645
#         136       0.02147      7.26      2.00     3   5.1688
#         137       0.01206      7.59      2.00     4   5.1702
#         138       0.00485     26.08      2.00     4   5.1741
#         139       0.00466     29.42      2.00     4   5.1808
#         140       0.00466     28.63      2.00     4   5.1849
#         141       0.01671      6.07      2.00     3   5.1924
#         142       0.02162      7.92      2.00     3   5.1940
#         143       0.02125      7.87      2.00     3   5.1951
#         144       0.02158      8.02      2.00     3   5.2008
#         145       0.00472     30.20      2.00     4   5.2043
#         146       0.00857      4.07      2.00     3   5.2074
#         147       0.01641      6.31      2.00     3   5.2206
#         148       0.01193      7.49      2.00     4   5.2222
#         149       0.02159      9.17      2.00     3   5.2380
#         150       0.01271      7.41      2.00     4   5.2455
#         152       0.01655      5.86      2.00     3   5.2492
#         153       0.02164      8.95      2.00     3   5.2493
#         154       0.01644      5.91      2.00     3   5.2553
#         155       0.01063     10.78      2.00     4   5.2749
#         156       0.01287      7.12      2.00     4   5.2894
#         157       0.01580      6.09      2.00     3   5.3062
#         158       0.01575      6.11      2.00     3   5.3108
#         160       0.01275      6.95      2.00     4   5.3226
#         161       0.01117     10.03      2.00     4   5.3247
#         162       0.02411      7.94      1.00     4   5.3284
#         164       0.01260      6.86      2.00     4   5.3321
#         165       0.01170      7.89      2.00     4   5.3349
#         166       0.02398      5.84      1.00     4   5.3355
#         167       0.02399      6.02      1.00     4   5.3371
#         168       0.02387      5.78      1.00     4   5.3382
#         169       0.02394      4.83      1.00     4   5.3416
#         170       0.02418      7.63      1.00     4   5.3441
#         174       0.01591      8.37      2.00     4   5.3636
#         175       0.01592      7.36      2.00     4   5.3651
#         177       0.01542      7.91      2.00     3   5.3843
#         179       0.01138      7.97      2.00     4   5.3883
#         180       0.01485      6.51      1.00     4   5.3889
#         182       0.01596      7.91      2.00     4   5.3908
#         183       0.01596      8.09      2.00     4   5.3917
#         184       0.01600      5.19      2.00     4   5.3958
#         185       0.01597      9.65      2.00     4   5.3965
#         186       0.01135      4.31      2.00     3   5.4051
#         187       0.01612      9.50      2.00     4   5.4055
#         189       0.01149      8.53      2.00     4   5.4154
#         190       0.01522      7.16      2.00     3   5.4285
#         193       0.01234      6.20      2.00     4   5.4369
#         194       0.01142      8.51      2.00     4   5.4435
#         195       0.01496      7.36      2.00     3   5.4444
#         197       0.01532      7.62      2.00     3   5.4450
#         198       0.01149      5.27      2.00     3   5.4454
#         201       0.01491      6.27      1.00     4   5.4472
#         202       0.00647     10.07      2.00     3   5.4591
#         203       0.01113      4.83      2.00     3   5.4610
#         204       0.00613      7.79      2.00     3   5.4617
#         206       0.01465      5.84      1.00     4   5.4635
#         208       0.00624      8.47      2.00     3   5.4655
#         209       0.01480      5.49      1.00     4   5.4660
#         211       0.01229      6.01      2.00     4   5.4668
#         212       0.01142      8.14      2.00     4   5.4725
#         213       0.01134      8.14      2.00     4   5.4785
#         214       0.00629      8.34      2.00     3   5.4836
#         218       0.01119      7.88      2.00     4   5.5285
#         219       0.01137      7.77      2.00     4   5.5331
#         220       0.01179      8.80      2.00     4   5.5402
#         223       0.01161      6.06      2.00     4   5.5481
#         224       0.01166      4.96      2.00     4   5.5498
#         225       0.01166      8.19      2.00     4   5.5513
#         228       0.01154      7.12      2.00     3   5.5645
#         230       0.01096      6.78      2.00     3   5.5697
#         231       0.01169      5.47      2.00     4   5.5704
#         232       0.01169      5.68      2.00     4   5.5712
#         233       0.01084      4.15      2.00     4   5.5734
#         234       0.01082      4.91      2.00     4   5.5736
#         235       0.00681      9.49      2.00     4   5.5742
#         236       0.01079     11.42      2.00     4   5.5743
#         237       0.00903      4.91      2.00     4   5.5809
#         240       0.01093      6.95      2.00     3   5.6007
#         241       0.01085      6.23      2.00     4   5.6016
#         242       0.01080     11.04      2.00     4   5.6021
#         243       0.01157      9.56      2.00     4   5.6081
#         244       0.01146      4.47      2.00     4   5.6116
#         245       0.00530     10.10      2.00     4   5.6160
#         247       0.01063      5.66      2.00     4   5.6195
#         248       0.01056     11.22      2.00     4   5.6198
#         249       0.00530      9.15      2.00     4   5.6228
#         250       0.01091      6.73      2.00     3   5.6249
#         251       0.01084      4.11      2.00     4   5.6257
#         252       0.01084      4.26      2.00     4   5.6257
#         253       0.01080     11.31      2.00     4   5.6271
#         254       0.00537      9.86      2.00     4   5.6364
#         255       0.00670      7.16      2.00     4   5.6383
#         256       0.01141      4.82      2.00     4   5.6385
#         257       0.01128      4.95      2.00     4   5.6396
#         258       0.00905      4.76      2.00     4   5.6403
#         259       0.01135      4.91      2.00     4   5.6445
#         260       0.00878      4.76      2.00     4   5.6481
#         261       0.01167      8.85      2.00     4   5.6521
#         263       0.00666      7.03      2.00     4   5.6575
#         264       0.00544      9.39      2.00     4   5.6588
#         265       0.00647      6.28      2.00     4   5.6638
#         266       0.00906      4.67      2.00     4   5.6665
#         267       0.01132      9.01      2.00     4   5.6682
#         268       0.01156      9.24      2.00     4   5.6686
#         270       0.01129      5.80      2.00     4   5.6822
#         271       0.01143      5.78      2.00     4   5.6955
#         274       0.01040      5.52      1.00     4   5.7381
#         276       0.01169      4.82      2.00     4   5.7496
#         278       0.00975      4.97      1.00     4   5.7597
#         281       0.00991      5.35      1.00     4   5.7761
#         282       0.01174      5.11      2.00     4   5.7778
#         283       0.01170      4.91      2.00     4   5.7820
#         284       0.01185      4.46      2.00     4   5.7928
#         285       0.00971      7.95      2.00     4   5.8042
#         286       0.00988      5.07      1.00     4   5.8071
#         287       0.00999      7.70      2.00     4   5.8146
#         288       0.00977      8.34      2.00     4   5.8219
#         289       0.00977      8.54      2.00     4   5.8345
#         290       0.01402      5.11      2.00     4   5.8720
#         291       0.01391      5.30      2.00     4   5.8807
#         292       0.01409      5.33      2.00     4   5.8935
#         293       0.00981      4.45      2.00     4   5.9289
#         294       0.00960      4.22      2.00     4   5.9350
#         295       0.00964      4.73      2.00     4   5.9383
#         297       0.00967      4.65      2.00     4   5.9578
#   236/ 286 paths used
#  xsedge+50, used to normalize mu           1.0000E+00
#  -----------------------------------------------------------------------
#  omega    e    k    mu    mu0     chi     @#
    9923.626     -6.931   0.000 -6.87428E-05  1.45860E-04 -7.31075E-01
    9923.636     -6.921   0.050 -7.13363E-05  1.47730E-04 -7.45272E-01
    9923.664     -6.892   0.100 -7.38646E-05  1.49601E-04 -7.59209E-01
    9923.712     -6.845   0.150 -8.09062E-05  1.55227E-04 -7.99177E-01
    9923.778     -6.778   0.200 -8.72923E-05  1.60852E-04 -8.36631E-01
    9923.864     -6.692   0.250 -9.67128E-05  1.69792E-04 -8.93501E-01
    9923.969     -6.588   0.300 -1.04077E-04  1.78731E-04 -9.42882E-01
    9924.093     -6.464   0.350 -1.11915E-04  1.89573E-04 -9.98784E-01
    9924.236     -6.321   0.400 -1.15377E-04  2.00416E-04 -1.03958E+00
    9924.398     -6.159   0.450 -1.15571E-04  2.11085E-04 -1.06892E+00
    9924.579     -5.978   0.500 -1.08748E-04  2.21755E-04 -1.07509E+00
    9924.779     -5.778   0.550 -9.42310E-05  2.30729E-04 -1.05233E+00
    9924.998     -5.559   0.600 -7.13611E-05  2.39703E-04 -1.00285E+00
    9925.236     -5.321   0.650 -3.84924E-05  2.46493E-04 -9.16853E-01
    9925.493     -5.064   0.700  9.68067E-07  2.53283E-04 -8.10052E-01
    9925.769     -4.787   0.750  4.78984E-05  2.57990E-04 -6.75035E-01
    9926.064     -4.492   0.800  9.64817E-05  2.62696E-04 -5.34486E-01
    9926.379     -4.178   0.850  1.46004E-04  2.65574E-04 -3.86015E-01
    9926.712     -3.844   0.900  1.91350E-04  2.68452E-04 -2.49902E-01
    9927.065     -3.492   0.950  2.30858E-04  2.69772E-04 -1.27004E-01
    9927.436     -3.121   1.000  2.62781E-04  2.71091E-04 -2.73124E-02
    9927.827     -2.730   1.050  2.85829E-04  2.71117E-04  4.88167E-02
    9928.236     -2.320   1.100  3.01679E-04  2.71143E-04  1.02311E-01
    9928.665     -1.892   1.150  3.10023E-04  2.70147E-04  1.35183E-01
    9929.112     -1.444   1.200  3.14349E-04  2.69151E-04  1.55052E-01
    9929.579     -0.977   1.250  3.15095E-04  2.67386E-04  1.65868E-01
    9930.065     -0.492   1.300  3.15294E-04  2.65620E-04  1.75049E-01
    9930.570      0.013   1.350  3.15717E-04  2.63325E-04  1.87306E-01
    9931.094      0.537   1.400  3.17187E-04  2.61030E-04  2.03727E-01
    9931.637      1.080   1.450  3.20345E-04  2.58409E-04  2.28077E-01
    9932.199      1.642   1.500  3.23348E-04  2.55788E-04  2.52590E-01
    9932.780      2.223   1.550  3.26252E-04  2.53008E-04  2.78004E-01
    9933.380      2.823   1.600  3.25842E-04  2.50228E-04  2.91428E-01
    9933.999      3.442   1.650  3.21542E-04  2.47423E-04  2.89933E-01
    9934.637      4.080   1.700  3.11515E-04  2.44618E-04  2.65655E-01
    9935.294      4.738   1.750  2.95820E-04  2.41884E-04  2.17272E-01
    9935.970      5.414   1.800  2.75673E-04  2.39149E-04  1.49278E-01
    9936.666      6.109   1.850  2.54480E-04  2.36550E-04  7.42759E-02
    9937.380      6.824   1.900  2.33059E-04  2.33951E-04 -3.74647E-03
    9938.114      7.557   1.950  2.19800E-04  2.31497E-04 -4.97423E-02
    9938.866      8.309   2.000  2.09247E-04  2.29043E-04 -8.52555E-02
    9939.638      9.081   2.050  2.09573E-04  2.26921E-04 -7.55918E-02
    9940.428      9.871   2.100  2.16333E-04  2.24800E-04 -3.73282E-02
    9941.238     10.681   2.150  2.27183E-04  2.22678E-04  2.00969E-02
    9942.066     11.510   2.200  2.38634E-04  2.20557E-04  8.16364E-02
    9942.914     12.358   2.250  2.49182E-04  2.20340E-04  1.31076E-01
    9943.781     13.224   2.300  2.54989E-04  2.20122E-04  1.59466E-01
    9944.667     14.110   2.350  2.55284E-04  2.19905E-04  1.62848E-01
    9945.572     15.015   2.400  2.50836E-04  2.19688E-04  1.44302E-01
    9946.495     15.939   2.450  2.44559E-04  2.19771E-04  1.15159E-01
    9947.438     16.882   2.500  2.37502E-04  2.19854E-04  8.22185E-02
    9948.400     17.844   2.550  2.30818E-04  2.19937E-04  5.08349E-02
    9949.382     18.825   2.600  2.25313E-04  2.20020E-04  2.47979E-02
    9950.382     19.825   2.650  2.19557E-04  2.19577E-04 -9.25768E-05
    9951.401     20.844   2.700  2.14594E-04  2.19134E-04 -2.13667E-02
    9952.439     21.882   2.750  2.10387E-04  2.18690E-04 -3.91697E-02
    9953.496     22.940   2.800  2.06766E-04  2.18247E-04 -5.42816E-02
    9954.573     24.016   2.850  2.03760E-04  2.18049E-04 -6.75228E-02
    9955.668     25.111   2.900  2.01202E-04  2.17851E-04 -7.86345E-02
    9956.782     26.226   2.950  1.98941E-04  2.17653E-04 -8.83285E-02
    9957.916     27.359   3.000  1.96907E-04  2.17455E-04 -9.69407E-02
    9959.068     28.512   3.050  1.95735E-04  2.17493E-04 -1.02434E-01
    9960.240     29.683   3.100  1.94970E-04  2.17532E-04 -1.05985E-01
    9961.431     30.874   3.150  1.94715E-04  2.17570E-04 -1.07133E-01
    9962.640     32.084   3.200  1.95091E-04  2.17609E-04 -1.05325E-01
    9963.869     33.312   3.250  1.96507E-04  2.17840E-04 -9.94766E-02
    9965.117     34.560   3.300  1.98556E-04  2.18071E-04 -9.07180E-02
    9966.384     35.827   3.350  2.01283E-04  2.18301E-04 -7.88707E-02
    9967.669     37.113   3.400  2.04627E-04  2.18532E-04 -6.42451E-02
    9968.974     38.418   3.450  2.08452E-04  2.18901E-04 -4.81058E-02
    9970.298     39.742   3.500  2.12507E-04  2.19269E-04 -3.10217E-02
    9971.641     41.085   3.550  2.16643E-04  2.19637E-04 -1.36905E-02
    9973.003     42.447   3.600  2.20714E-04  2.20006E-04  3.22591E-03
    9974.385     43.828   3.650  2.24587E-04  2.20451E-04  1.87740E-02
    9975.785     45.228   3.700  2.28190E-04  2.20897E-04  3.29937E-02
    9977.204     46.647   3.750  2.31462E-04  2.21343E-04  4.56156E-02
    9978.642     48.086   3.800  2.34356E-04  2.21788E-04  5.64572E-02
    9980.100     49.543   3.850  2.36849E-04  2.22241E-04  6.54117E-02
    9981.576     51.019   3.900  2.38936E-04  2.22695E-04  7.25004E-02
    9983.071     52.515   3.950  2.40588E-04  2.23148E-04  7.76080E-02
    9984.586     54.029   4.000  2.41771E-04  2.23601E-04  8.06040E-02
    9986.119     55.563   4.050  2.42430E-04  2.23997E-04  8.15680E-02
    9987.672     57.115   4.100  2.42561E-04  2.24393E-04  8.02020E-02
    9989.243     58.687   4.150  2.42137E-04  2.24789E-04  7.63955E-02
    9990.834     60.278   4.200  2.41146E-04  2.25184E-04  7.01142E-02
    9992.444     61.887   4.250  2.39520E-04  2.25472E-04  6.16119E-02
    9994.073     63.516   4.300  2.37381E-04  2.25759E-04  5.08867E-02
    9995.720     65.164   4.350  2.34803E-04  2.26047E-04  3.82807E-02
    9997.387     66.831   4.400  2.31898E-04  2.26334E-04  2.42840E-02
    9999.073     68.517   4.450  2.28657E-04  2.26477E-04  9.50603E-03
   10000.778     70.222   4.500  2.25375E-04  2.26620E-04 -5.42794E-03
   10002.502     71.946   4.550  2.22218E-04  2.26763E-04 -1.97944E-02
   10004.245     73.689   4.600  2.19345E-04  2.26906E-04 -3.29035E-02
   10006.007     75.451   4.650  2.16727E-04  2.26901E-04 -4.42809E-02
   10007.789     77.232   4.700  2.14637E-04  2.26896E-04 -5.33620E-02
   10009.589     79.032   4.750  2.13140E-04  2.26890E-04 -5.98611E-02
   10011.408     80.852   4.800  2.12258E-04  2.26885E-04 -6.36859E-02
   10013.246     82.690   4.850  2.11831E-04  2.26747E-04 -6.49936E-02
   10015.104     84.547   4.900  2.11951E-04  2.26609E-04 -6.39184E-02
   10016.980     86.424   4.950  2.12540E-04  2.26471E-04 -6.07955E-02
   10018.876     88.319   5.000  2.13510E-04  2.26333E-04 -5.60042E-02
   10020.790     90.234   5.050  2.14682E-04  2.26097E-04 -4.99151E-02
   10022.724     92.167   5.100  2.16077E-04  2.25862E-04 -4.28320E-02
   10024.676     94.120   5.150  2.17637E-04  2.25626E-04 -3.50139E-02
   10026.648     96.091   5.200  2.19317E-04  2.25390E-04 -2.66502E-02
   10028.639     98.082   5.250  2.21055E-04  2.25108E-04 -1.78073E-02
   10030.649    100.092   5.300  2.22860E-04  2.24825E-04 -8.64639E-03
   10032.677    102.121   5.350  2.24699E-04  2.24542E-04  6.91629E-04
   10034.725    104.169   5.400  2.26530E-04  2.24260E-04  1.00149E-02
   10036.792    106.236   5.450  2.28317E-04  2.23972E-04  1.91894E-02
   10038.878    108.321   5.500  2.29962E-04  2.23684E-04  2.77634E-02
   10040.983    110.427   5.550  2.31379E-04  2.23396E-04  3.53467E-02
   10043.107    112.551   5.600  2.32479E-04  2.23108E-04  4.15421E-02
   10045.250    114.694   5.650  2.33240E-04  2.22857E-04  4.60758E-02
   10047.412    116.856   5.700  2.33535E-04  2.22605E-04  4.85508E-02
   10049.594    119.037   5.750  2.33333E-04  2.22354E-04  4.88184E-02
   10051.794    121.237   5.800  2.32637E-04  2.22102E-04  4.68868E-02
   10054.013    123.457   5.850  2.31559E-04  2.21916E-04  4.29463E-02
   10056.252    125.695   5.900  2.30088E-04  2.21729E-04  3.72489E-02
   10058.509    127.952   5.950  2.28319E-04  2.21543E-04  3.02151E-02
   10060.785    130.229   6.000  2.26360E-04  2.21357E-04  2.23258E-02
   10063.081    132.524   6.050  2.24443E-04  2.21289E-04  1.40743E-02
   10065.396    134.839   6.100  2.22535E-04  2.21221E-04  5.86277E-03
   10067.729    137.173   6.150  2.20723E-04  2.21154E-04 -1.91990E-03
   10070.082    139.525   6.200  2.19076E-04  2.21086E-04 -8.97423E-03
   10072.454    141.897   6.250  2.17637E-04  2.21018E-04 -1.50943E-02
   10074.844    144.288   6.300  2.16435E-04  2.20950E-04 -2.01592E-02
   10077.254    146.698   6.350  2.15482E-04  2.20883E-04 -2.41163E-02
   10079.683    149.126   6.400  2.14778E-04  2.20815E-04 -2.69609E-02
   10082.131    151.574   6.450  2.14317E-04  2.20747E-04 -2.87181E-02
   10084.598    154.041   6.500  2.14091E-04  2.20680E-04 -2.94292E-02
   10087.084    156.527   6.550  2.14106E-04  2.20690E-04 -2.94039E-02
   10089.589    159.032   6.600  2.14340E-04  2.20701E-04 -2.84037E-02
   10092.113    161.556   6.650  2.14784E-04  2.20711E-04 -2.64674E-02
   10094.656    164.100   6.700  2.15423E-04  2.20722E-04 -2.36586E-02
   10097.218    166.662   6.750  2.16236E-04  2.20732E-04 -2.00750E-02
   10099.800    169.243   6.800  2.17192E-04  2.20743E-04 -1.58518E-02
   10102.400    171.843   6.850  2.18253E-04  2.20753E-04 -1.11615E-02
   10105.019    174.463   6.900  2.19373E-04  2.20764E-04 -6.20642E-03
   10107.658    177.101   6.950  2.20504E-04  2.20774E-04 -1.20736E-03
   10110.315    179.759   7.000  2.21594E-04  2.20785E-04  3.61211E-03
   10112.992    182.435   7.050  2.22534E-04  2.20705E-04  8.16600E-03
   10115.687    185.131   7.100  2.23349E-04  2.20626E-04  1.21655E-02
   10118.402    187.845   7.150  2.24003E-04  2.20547E-04  1.54510E-02
   10121.136    190.579   7.200  2.24473E-04  2.20468E-04  1.79187E-02
   10123.888    193.332   7.250  2.24749E-04  2.20388E-04  1.95223E-02
   10126.660    196.104   7.300  2.24834E-04  2.20309E-04  2.02688E-02
   10129.451    198.894   7.350  2.24739E-04  2.20230E-04  2.02087E-02
   10132.261    201.704   7.400  2.24481E-04  2.20151E-04  1.94230E-02
   10135.090    204.533   7.450  2.24085E-04  2.20072E-04  1.80116E-02
   10137.938    207.381   7.500  2.23574E-04  2.19992E-04  1.60828E-02
   10140.805    210.248   7.550  2.22812E-04  2.19759E-04  1.37295E-02
   10143.691    213.134   7.600  2.21985E-04  2.19526E-04  1.10750E-02
   10146.596    216.039   7.650  2.21115E-04  2.19292E-04  8.22267E-03
   10149.520    218.963   7.700  2.20224E-04  2.19059E-04  5.26154E-03
   10152.463    221.907   7.750  2.19327E-04  2.18826E-04  2.26822E-03
   10155.425    224.869   7.800  2.18440E-04  2.18592E-04 -6.89501E-04
   10158.407    227.850   7.850  2.17577E-04  2.18359E-04 -3.54797E-03
   10161.407    230.851   7.900  2.16751E-04  2.18126E-04 -6.24313E-03
   10164.427    233.870   7.950  2.15978E-04  2.17892E-04 -8.70728E-03
   10167.465    236.908   8.000  2.15274E-04  2.17659E-04 -1.08678E-02
   10170.523    239.966   8.050  2.14590E-04  2.17366E-04 -1.26667E-02
   10173.599    243.043   8.100  2.14005E-04  2.17073E-04 -1.40263E-02
   10176.695    246.138   8.150  2.13530E-04  2.16780E-04 -1.48796E-02
   10179.809    249.253   8.200  2.13180E-04  2.16488E-04 -1.51693E-02
   10182.943    252.387   8.250  2.12961E-04  2.16195E-04 -1.48547E-02
   10186.096    255.539   8.300  2.12876E-04  2.15902E-04 -1.39210E-02
   10189.268    258.711   8.350  2.12921E-04  2.15609E-04 -1.23858E-02
   10192.459    261.902   8.400  2.13084E-04  2.15316E-04 -1.03042E-02
   10195.668    265.112   8.450  2.13343E-04  2.15023E-04 -7.77023E-03
   10198.897    268.341   8.500  2.13670E-04  2.14730E-04 -4.91305E-03
   10202.145    271.589   8.550  2.14096E-04  2.14503E-04 -1.88780E-03
   10205.412    274.856   8.600  2.14527E-04  2.14276E-04  1.16635E-03
   10208.699    278.142   8.650  2.14926E-04  2.14049E-04  4.07534E-03
   10212.004    281.447   8.700  2.15256E-04  2.13822E-04  6.67551E-03
   10215.328    284.771   8.750  2.15489E-04  2.13594E-04  8.82813E-03
   10218.671    288.115   8.800  2.15603E-04  2.13367E-04  1.04314E-02
   10222.034    291.477   8.850  2.15586E-04  2.13140E-04  1.14278E-02
   10225.415    294.858   8.900  2.15437E-04  2.12913E-04  1.18068E-02
   10228.815    298.259   8.950  2.15163E-04  2.12686E-04  1.16012E-02
   10232.235    301.678   9.000  2.14779E-04  2.12458E-04  1.08799E-02
   10235.673    305.117   9.050  2.14405E-04  2.12316E-04  9.80184E-03
   10239.131    308.574   9.100  2.13960E-04  2.12174E-04  8.38509E-03
   10242.607    312.051   9.150  2.13464E-04  2.12032E-04  6.73096E-03
   10246.103    315.547   9.200  2.12939E-04  2.11890E-04  4.93485E-03
   10249.618    319.061   9.250  2.12402E-04  2.11748E-04  3.08048E-03
   10253.152    322.595   9.300  2.11868E-04  2.11606E-04  1.23759E-03
   10256.704    326.148   9.350  2.11350E-04  2.11464E-04 -5.37144E-04
   10260.276    329.720   9.400  2.10856E-04  2.11322E-04 -2.19702E-03
   10263.867    333.311   9.450  2.10396E-04  2.11179E-04 -3.70147E-03
   10267.477    336.921   9.500  2.09977E-04  2.11037E-04 -5.01272E-03
   10271.106    340.550   9.550  2.09599E-04  2.10896E-04 -6.13765E-03
   10274.754    344.198   9.600  2.09275E-04  2.10755E-04 -7.00541E-03
   10278.421    347.865   9.650  2.09014E-04  2.10614E-04 -7.58100E-03
   10282.107    351.551   9.700  2.08820E-04  2.10472E-04 -7.83715E-03
   10285.813    355.256   9.750  2.08696E-04  2.10331E-04 -7.75904E-03
   10289.537    358.980   9.800  2.08643E-04  2.10190E-04 -7.34831E-03
   10293.280    362.724   9.850  2.08655E-04  2.10048E-04 -6.62563E-03
   10297.043    366.486   9.900  2.08724E-04  2.09907E-04 -5.63094E-03
   10300.824    370.267   9.950  2.08838E-04  2.09766E-04 -4.42110E-03
   10304.624    374.068  10.000  2.08982E-04  2.09625E-04 -3.06542E-03
   10308.444    377.887  10.050  2.09043E-04  2.09387E-04 -1.64260E-03
   10312.283    381.726  10.100  2.09106E-04  2.09150E-04 -2.10601E-04
   10316.140    385.584  10.150  2.09156E-04  2.08913E-04  1.16075E-03
   10320.017    389.460  10.200  2.09179E-04  2.08676E-04  2.41048E-03
   10323.913    393.356  10.250  2.09167E-04  2.08439E-04  3.48975E-03
   10327.827    397.271  10.300  2.09110E-04  2.08202E-04  4.36350E-03
   10331.761    401.204  10.350  2.09007E-04  2.07964E-04  5.01032E-03
   10335.714    405.157  10.400  2.08854E-04  2.07727E-04  5.42119E-03
   10339.686    409.129  10.450  2.08652E-04  2.07490E-04  5.59739E-03
   10343.677    413.120  10.500  2.08403E-04  2.07253E-04  5.54828E-03
   10347.687    417.130  10.550  2.08111E-04  2.07016E-04  5.28932E-03
   10351.716    421.159  10.600  2.07779E-04  2.06778E-04  4.84081E-03
   10355.764    425.207  10.650  2.07414E-04  2.06541E-04  4.22706E-03
   10359.831    429.275  10.700  2.07021E-04  2.06304E-04  3.47619E-03
   10363.917    433.361  10.750  2.06607E-04  2.06067E-04  2.61998E-03
   10368.023    437.466  10.800  2.06178E-04  2.05830E-04  1.69360E-03
   10372.147    441.590  10.850  2.05744E-04  2.05593E-04  7.34910E-04
   10376.290    445.734  10.900  2.05311E-04  2.05355E-04 -2.16765E-04
   10380.453    449.896  10.950  2.04888E-04  2.05118E-04 -1.12241E-03
   10384.634    454.078  11.000  2.04483E-04  2.04881E-04 -1.94531E-03
   10388.835    458.278  11.050  2.04121E-04  2.04669E-04 -2.67929E-03
   10393.054    462.498  11.100  2.03787E-04  2.04457E-04 -3.28160E-03
   10397.293    466.736  11.150  2.03484E-04  2.04246E-04 -3.72961E-03
   10401.550    470.994  11.200  2.03216E-04  2.04034E-04 -4.00822E-03
   10405.827    475.271  11.250  2.02984E-04  2.03822E-04 -4.11040E-03
   10410.123    479.566  11.300  2.02788E-04  2.03610E-04 -4.03717E-03
   10414.438    483.881  11.350  2.02626E-04  2.03399E-04 -3.79709E-03
   10418.772    488.215  11.400  2.02495E-04  2.03187E-04 -3.40551E-03
   10423.124    492.568  11.450  2.02389E-04  2.02975E-04 -2.88361E-03
   10427.496    496.940  11.500  2.02305E-04  2.02763E-04 -2.25743E-03
   10431.887    501.331  11.550  2.02236E-04  2.02552E-04 -1.55673E-03
   10436.298    505.741  11.600  2.02175E-04  2.02340E-04 -8.13865E-04
   10440.727    510.170  11.650  2.02115E-04  2.02128E-04 -6.24257E-05
   10445.175    514.618  11.700  2.02051E-04  2.01916E-04  6.64161E-04
   10449.642    519.085  11.750  2.01974E-04  2.01705E-04  1.33421E-03
   10454.128    523.572  11.800  2.01880E-04  2.01493E-04  1.91934E-03
   10458.634    528.077  11.850  2.01764E-04  2.01281E-04  2.39598E-03
   10463.158    532.601  11.900  2.01623E-04  2.01069E-04  2.74657E-03
   10467.701    537.145  11.950  2.01453E-04  2.00858E-04  2.96041E-03
   10472.264    541.707  12.000  2.01256E-04  2.00646E-04  3.03402E-03
   10476.845    546.289  12.050  2.01036E-04  2.00432E-04  3.00817E-03
   10481.446    550.889  12.100  2.00789E-04  2.00218E-04  2.84887E-03
   10486.065    555.509  12.150  2.00518E-04  2.00004E-04  2.56668E-03
   10490.704    560.148  12.200  2.00226E-04  1.99789E-04  2.17752E-03
   10495.362    564.805  12.250  1.99916E-04  1.99575E-04  1.70184E-03
   10500.039    569.482  12.300  1.99594E-04  1.99361E-04  1.16352E-03
   10504.734    574.178  12.350  1.99265E-04  1.99147E-04  5.88812E-04
   10509.449    578.893  12.400  1.98934E-04  1.98933E-04  5.09490E-06
   10514.183    583.627  12.450  1.98607E-04  1.98719E-04 -5.60323E-04
   10518.936    588.379  12.500  1.98290E-04  1.98505E-04 -1.08148E-03
   10523.708    593.151  12.550  1.97986E-04  1.98291E-04 -1.53505E-03
   10528.499    597.943  12.600  1.97699E-04  1.98077E-04 -1.90155E-03
   10533.309    602.753  12.650  1.97433E-04  1.97863E-04 -2.16643E-03
   10538.138    607.582  12.700  1.97189E-04  1.97649E-04 -2.32084E-03
   10542.987    612.430  12.750  1.96967E-04  1.97435E-04 -2.36203E-03
   10547.854    617.297  12.800  1.96767E-04  1.97220E-04 -2.29332E-03
   10552.740    622.184  12.850  1.96587E-04  1.97006E-04 -2.12354E-03
   10557.646    627.089  12.900  1.96424E-04  1.96792E-04 -1.86612E-03
   10562.570    632.013  12.950  1.96275E-04  1.96578E-04 -1.53799E-03
   10567.513    636.957  13.000  1.96136E-04  1.96364E-04 -1.15834E-03
   10572.476    641.919  13.050  1.95940E-04  1.96088E-04 -7.53431E-04
   10577.457    646.901  13.100  1.95747E-04  1.95813E-04 -3.33588E-04
   10582.458    651.901  13.150  1.95553E-04  1.95537E-04  8.22958E-05
   10587.478    656.921  13.200  1.95354E-04  1.95261E-04  4.76728E-04
   10592.516    661.960  13.250  1.95148E-04  1.94985E-04  8.34120E-04
   10597.574    667.018  13.300  1.94932E-04  1.94709E-04  1.14118E-03
   10602.651    672.094  13.350  1.94704E-04  1.94434E-04  1.38724E-03
   10607.747    677.190  13.400  1.94462E-04  1.94158E-04  1.56451E-03
   10612.862    682.305  13.450  1.94206E-04  1.93882E-04  1.66830E-03
   10617.996    687.439  13.500  1.93936E-04  1.93606E-04  1.69712E-03
   10623.149    692.592  13.550  1.93651E-04  1.93331E-04  1.65266E-03
   10628.321    697.764  13.600  1.93353E-04  1.93055E-04  1.53964E-03
   10633.512    702.955  13.650  1.93043E-04  1.92779E-04  1.36553E-03
   10638.722    708.165  13.700  1.92723E-04  1.92503E-04  1.14015E-03
   10643.951    713.395  13.750  1.92396E-04  1.92227E-04  8.75174E-04
   10649.199    718.643  13.800  1.92064E-04  1.91952E-04  5.83649E-04
   10654.467    723.910  13.850  1.91730E-04  1.91676E-04  2.79402E-04
   10659.753    729.197  13.900  1.91396E-04  1.91400E-04 -2.35440E-05
   10665.058    734.502  13.950  1.91065E-04  1.91124E-04 -3.11612E-04
   10670.383    739.826  14.000  1.90739E-04  1.90848E-04 -5.72318E-04
   10675.726    745.170  14.050  1.90465E-04  1.90619E-04 -8.06069E-04
   10681.089    750.532  14.100  1.90199E-04  1.90389E-04 -9.95912E-04
   10686.471    755.914  14.150  1.89942E-04  1.90159E-04 -1.13461E-03
   10691.871    761.315  14.200  1.89697E-04  1.89929E-04 -1.21787E-03
   10697.291    766.734  14.250  1.89462E-04  1.89699E-04 -1.24434E-03
   10702.730    772.173  14.300  1.89238E-04  1.89469E-04 -1.21550E-03
   10708.188    777.631  14.350  1.89024E-04  1.89239E-04 -1.13529E-03
   10713.664    783.108  14.400  1.88818E-04  1.89009E-04 -1.00969E-03
   10719.160    788.604  14.450  1.88619E-04  1.88779E-04 -8.46207E-04
   10724.675    794.119  14.500  1.88426E-04  1.88550E-04 -6.53422E-04
   10730.209    799.653  14.550  1.88236E-04  1.88320E-04 -4.40506E-04
   10735.762    805.206  14.600  1.88049E-04  1.88090E-04 -2.16858E-04
   10741.334    810.778  14.650  1.87861E-04  1.87860E-04  8.22411E-06
   10746.926    816.369  14.700  1.87672E-04  1.87630E-04  2.25807E-04
   10752.536    821.979  14.750  1.87480E-04  1.87400E-04  4.27546E-04
   10758.165    827.608  14.800  1.87284E-04  1.87170E-04  6.05885E-04
   10763.813    833.257  14.850  1.87082E-04  1.86940E-04  7.54241E-04
   10769.481    838.924  14.900  1.86873E-04  1.86710E-04  8.67181E-04
   10775.167    844.610  14.950  1.86657E-04  1.86481E-04  9.40602E-04
   10780.872    850.316  15.000  1.86432E-04  1.86251E-04  9.71901E-04
   10786.597    856.040  15.050  1.86154E-04  1.85973E-04  9.66467E-04
   10792.341    861.784  15.100  1.85867E-04  1.85696E-04  9.19290E-04
   10798.103    867.547  15.150  1.85574E-04  1.85419E-04  8.32088E-04
   10803.885    873.328  15.200  1.85273E-04  1.85142E-04  7.08563E-04
   10809.685    879.129  15.250  1.84967E-04  1.84864E-04  5.54373E-04
   10815.505    884.949  15.300  1.84657E-04  1.84587E-04  3.76952E-04
   10821.344    890.787  15.350  1.84344E-04  1.84310E-04  1.85156E-04
   10827.202    896.645  15.400  1.84031E-04  1.84033E-04 -1.12297E-05
   10833.079    902.522  15.450  1.83718E-04  1.83755E-04 -2.02106E-04
   10838.975    908.418  15.500  1.83409E-04  1.83478E-04 -3.77746E-04
   10844.890    914.333  15.550  1.83104E-04  1.83201E-04 -5.29469E-04
   10850.824    920.267  15.600  1.82805E-04  1.82924E-04 -6.50243E-04
   10856.777    926.220  15.650  1.82512E-04  1.82647E-04 -7.35139E-04
   10862.749    932.192  15.700  1.82226E-04  1.82369E-04 -7.81591E-04
   10868.740    938.184  15.750  1.81948E-04  1.82092E-04 -7.89429E-04
   10874.750    944.194  15.800  1.81676E-04  1.81815E-04 -7.60707E-04
   10880.780    950.223  15.850  1.81410E-04  1.81538E-04 -6.99344E-04
   10886.828    956.272  15.900  1.81149E-04  1.81260E-04 -6.10643E-04
   10892.896    962.339  15.950  1.80892E-04  1.80983E-04 -5.00773E-04
   10898.982    968.425  16.000  1.80638E-04  1.80706E-04 -3.76250E-04
   10905.087    974.531  16.050  1.80390E-04  1.80434E-04 -2.46772E-04
   10911.212    980.655  16.100  1.80142E-04  1.80163E-04 -1.13995E-04
   10917.356    986.799  16.150  1.79894E-04  1.79891E-04  1.69631E-05
   10923.518    992.962  16.200  1.79645E-04  1.79620E-04  1.41491E-04
   10929.700    999.143  16.250  1.79394E-04  1.79348E-04  2.55490E-04
   10935.901   1005.344  16.300  1.79141E-04  1.79077E-04  3.55368E-04
   10942.121   1011.564  16.350  1.78884E-04  1.78805E-04  4.38025E-04
   10948.359   1017.803  16.400  1.78624E-04  1.78534E-04  5.00892E-04
   10954.617   1024.061  16.450  1.78359E-04  1.78262E-04  5.42002E-04
   10960.894   1030.338  16.500  1.78091E-04  1.77991E-04  5.60101E-04
   10967.190   1036.634  16.550  1.77818E-04  1.77719E-04  5.54784E-04
   10973.505   1042.949  16.600  1.77542E-04  1.77448E-04  5.26611E-04
   10979.839   1049.283  16.650  1.77261E-04  1.77176E-04  4.77186E-04
   10986.193   1055.636  16.700  1.76978E-04  1.76905E-04  4.09151E-04
   10992.565   1062.008  16.750  1.76691E-04  1.76633E-04  3.26098E-04
   10998.956   1068.399  16.800  1.76403E-04  1.76362E-04  2.32375E-04
   11005.366   1074.810  16.850  1.76114E-04  1.76091E-04  1.32814E-04
   11011.796   1081.239  16.900  1.75825E-04  1.75819E-04  3.24057E-05
   11018.244   1087.687  16.950  1.75536E-04  1.75548E-04 -6.40422E-05
   11024.711   1094.155  17.000  1.75249E-04  1.75276E-04 -1.52219E-04
   11031.198   1100.641  17.050  1.74969E-04  1.75009E-04 -2.31458E-04
   11037.704   1107.147  17.100  1.74691E-04  1.74743E-04 -2.96618E-04
   11044.228   1113.672  17.150  1.74415E-04  1.74476E-04 -3.45665E-04
   11050.772   1120.215  17.200  1.74143E-04  1.74209E-04 -3.77506E-04
   11057.334   1126.778  17.250  1.73874E-04  1.73942E-04 -3.91919E-04
   11063.916   1133.360  17.300  1.73608E-04  1.73675E-04 -3.89438E-04
   11070.517   1139.960  17.350  1.73344E-04  1.73409E-04 -3.71218E-04
   11077.137   1146.580  17.400  1.73083E-04  1.73142E-04 -3.38900E-04
   11083.776   1153.219  17.450  1.72824E-04  1.72875E-04 -2.94494E-04
   11090.434   1159.877  17.500  1.72567E-04  1.72608E-04 -2.40292E-04
   11097.111   1166.554  17.550  1.72311E-04  1.72342E-04 -1.78796E-04
   11103.807   1173.250  17.600  1.72055E-04  1.72075E-04 -1.12663E-04
   11110.522   1179.965  17.650  1.71800E-04  1.71808E-04 -4.46534E-05
   11117.256   1186.699  17.700  1.71545E-04  1.71541E-04  2.24350E-05
   11124.009   1193.453  17.750  1.71289E-04  1.71275E-04  8.58520E-05
   11130.781   1200.225  17.800  1.71032E-04  1.71008E-04  1.43000E-04
   11137.573   1207.016  17.850  1.70774E-04  1.70741E-04  1.91555E-04
   11144.383   1213.826  17.900  1.70513E-04  1.70474E-04  2.29596E-04
   11151.212   1220.656  17.950  1.70251E-04  1.70208E-04  2.55726E-04
   11158.061   1227.504  18.000  1.69987E-04  1.69941E-04  2.69163E-04
   11164.928   1234.372  18.050  1.69692E-04  1.69645E-04  2.73270E-04
   11171.815   1241.258  18.100  1.69395E-04  1.69350E-04  2.65242E-04
   11178.721   1248.164  18.150  1.69096E-04  1.69055E-04  2.45805E-04
   11185.645   1255.089  18.200  1.68796E-04  1.68759E-04  2.16261E-04
   11192.589   1262.032  18.250  1.68494E-04  1.68464E-04  1.78387E-04
   11199.552   1268.995  18.300  1.68191E-04  1.68169E-04  1.34311E-04
   11206.533   1275.977  18.350  1.67888E-04  1.67873E-04  8.63656E-05
   11213.534   1282.978  18.400  1.67584E-04  1.67578E-04  3.69406E-05
   11220.554   1289.998  18.450  1.67281E-04  1.67282E-04 -1.16544E-05
   11227.593   1297.037  18.500  1.66978E-04  1.66987E-04 -5.73047E-05
   11234.651   1304.095  18.550  1.66675E-04  1.66692E-04 -9.81775E-05
   11241.728   1311.172  18.600  1.66374E-04  1.66396E-04 -1.32780E-04
   11248.824   1318.268  18.650  1.66074E-04  1.66101E-04 -1.59992E-04
   11255.939   1325.383  18.700  1.65776E-04  1.65806E-04 -1.79071E-04
   11263.074   1332.517  18.750  1.65479E-04  1.65510E-04 -1.89652E-04
   11270.227   1339.670  18.800  1.65183E-04  1.65215E-04 -1.91726E-04
   11277.399   1346.843  18.850  1.64889E-04  1.64920E-04 -1.85621E-04
   11284.590   1354.034  18.900  1.64596E-04  1.64624E-04 -1.71974E-04
   11291.801   1361.244  18.950  1.64304E-04  1.64329E-04 -1.51707E-04
   11299.030   1368.474  19.000  1.64013E-04  1.64033E-04 -1.25987E-04
   11306.279   1375.722  19.050  1.63749E-04  1.63765E-04 -9.74862E-05
   11313.546   1382.990  19.100  1.63485E-04  1.63496E-04 -6.58239E-05
   11320.833   1390.276  19.150  1.63222E-04  1.63227E-04 -3.24868E-05
   11328.139   1397.582  19.200  1.62958E-04  1.62958E-04  9.70462E-07
   11335.463   1404.907  19.250  1.62695E-04  1.62689E-04  3.30053E-05
   11342.807   1412.250  19.300  1.62431E-04  1.62420E-04  6.21715E-05
   11350.170   1419.613  19.350  1.62166E-04  1.62152E-04  8.72019E-05
   11357.552   1426.995  19.400  1.61900E-04  1.61883E-04  1.07082E-04
   11364.953   1434.396  19.450  1.61634E-04  1.61614E-04  1.21107E-04
   11372.373   1441.816  19.500  1.61366E-04  1.61345E-04  1.28913E-04
   11379.812   1449.255  19.550  1.61097E-04  1.61076E-04  1.30490E-04
   11387.270   1456.713  19.600  1.60828E-04  1.60807E-04  1.26160E-04
   11394.747   1464.190  19.650  1.60557E-04  1.60539E-04  1.16539E-04
   11402.243   1471.686  19.700  1.60286E-04  1.60270E-04  1.02477E-04
   11409.758   1479.201  19.750  1.60015E-04  1.60001E-04  8.49885E-05
   11417.292   1486.736  19.800  1.59743E-04  1.59732E-04  6.51778E-05
   11424.846   1494.289  19.850  1.59470E-04  1.59463E-04  4.41652E-05
   11432.418   1501.861  19.900  1.59198E-04  1.59194E-04  2.30226E-05
   11440.009   1509.453  19.950  1.58926E-04  1.58926E-04  2.72001E-06
   11447.620   1517.063  20.000  1.58654E-04  1.58657E-04 -1.59135E-05
