9.654106440700001258e+03 -1.685755929999961467e+01 -1.583925102683319652e+00 2.717073232900000129e-06 3.982400404299999974e-06 -1.265327171400000057e-06
9.654606440700001258e+03 -1.635755929999961467e+01 -1.541941822846535137e+00 2.839673250199999990e-06 4.214450008899999583e-06 -1.374776758700000017e-06
9.655106440700001258e+03 -1.585755929999961467e+01 -1.498782986017731078e+00 2.972863191899999970e-06 4.473294480399999770e-06 -1.500431288500000012e-06
9.655606440700001258e+03 -1.535755929999961467e+01 -1.454343939138591946e+00 3.118056075800000026e-06 4.763697383999999636e-06 -1.645641308299999897e-06
9.656106440700001258e+03 -1.485755929999961467e+01 -1.408503513464587575e+00 3.276930016200000103e-06 5.091601268999999930e-06 -1.814671252800000038e-06
9.656606440700001258e+03 -1.435755929999961467e+01 -1.361120127532841062e+00 3.451494959099999797e-06 5.464512662999999820e-06 -2.013017703900000023e-06
9.657106440700001258e+03 -1.385755929999961467e+01 -1.312026621569832407e+00 3.644181413999999900e-06 5.892047599799999810e-06 -2.247866185799999910e-06
9.657606440700001258e+03 -1.335755929999961467e+01 -1.261023278865572195e+00 3.857960552399999664e-06 6.386721361199999796e-06 -2.528760808800000132e-06
9.658106440700001258e+03 -1.285755929999961467e+01 -1.207868189817833171e+00 4.096510153499999696e-06 6.965119903700000218e-06 -2.868609750099999812e-06
9.658606440700001258e+03 -1.235755929999961467e+01 -1.152263606171235466e+00 4.364449544100000103e-06 7.649686481400000493e-06 -3.285236937200000104e-06
9.659106440700001258e+03 -1.185755929999961467e+01 -1.093836035354326164e+00 4.667682005199999784e-06 8.471535679799999382e-06 -3.803853674600000021e-06
9.659606440700001258e+03 -1.135755929999961467e+01 -1.032106160417910257e+00 5.013911648499999610e-06 9.475055769500000254e-06 -4.461144120999999798e-06
9.660106440700001258e+03 -1.085755929999961467e+01 -9.664414004509180867e-01 5.413458145400000329e-06 1.072577971600000040e-05 -5.312321570899999661e-06
9.660606440700001258e+03 -1.035755929999961467e+01 -8.959770279635870249e-01 5.880612412800000379e-06 1.232459116300000079e-05 -6.443978750699999722e-06
9.661106440710000243e+03 -9.857559290000629915e+00 -8.194758606249342714e-01 6.436053614200000325e-06 1.443511938500000041e-05 -7.999065771299999401e-06
9.661606440710000243e+03 -9.357559290000629915e+00 -7.350554674852144421e-01 7.111561767200000287e-06 1.734115991000000141e-05 -1.022959814299999916e-05
9.662106440710000243e+03 -8.857559290000629915e+00 -6.395876753134300818e-01 7.960359845099999836e-06 2.158075041499999951e-05 -1.362039057000000038e-05
9.662606440710000243e+03 -8.357559290000629915e+00 -5.271036411805256616e-01 9.083720687999999611e-06 2.830784689599999927e-05 -1.922412620800000136e-05
9.663106440710000243e+03 -7.857559290000630803e+00 -3.828891519470079552e-01 1.071585231600000043e-05 4.048076977800000155e-05 -2.976491746199999943e-05
9.663606440710000243e+03 -7.357559290000630803e+00 -1.239756299101944514e-01 1.357295143600000076e-05 6.781688339300000223e-05 -5.424393195699999808e-05
9.663665000000000873e+03 -7.299000000000000377e+00 0.000000000000000000e+00 1.430708499244496544e-05 7.635220309267428686e-05 -6.204511809976085291e-05
9.663674000000000888e+03 -7.289999999999985825e+00 4.860261953445584038e-02 1.441991426356496967e-05 7.766399968886034339e-05 -6.324408542475489555e-05
9.663703000000001339e+03 -7.260999999999534715e+00 9.986888948025554602e-02 1.478347524828496898e-05 8.189089983212633579e-05 -6.710742458306887784e-05
9.663751000000000204e+03 -7.213000000000669765e+00 1.502407171473840175e-01 1.538523136092496838e-05 8.888714834511833910e-05 -7.350191698303689292e-05
9.663817000000000917e+03 -7.146999999999956721e+00 1.997377789593159370e-01 1.621264601580496776e-05 9.850699005048231993e-05 -8.229434403299287131e-05
9.663903000000000247e+03 -7.061000000000626109e+00 2.499348983886820197e-01 1.729079238428496900e-05 1.110419353029263586e-04 -9.375114291626889776e-05
9.664008000000001630e+03 -6.955999999999243677e+00 3.000443701604951774e-01 1.860713388068496355e-05 1.263462289250962727e-04 -1.077390950411988486e-04
9.664106440710000243e+03 -6.857559290000630803e+00 3.403882915957008870e-01 1.984124427599999997e-05 1.406944720699999983e-04 -1.208532277900000004e-04
9.664132000000001426e+03 -6.831999999999447404e+00 3.501038306559755009e-01 2.017004019723970358e-05 1.452331790061788138e-04 -1.250631388050413458e-04
9.664274000000001251e+03 -6.689999999999622027e+00 3.998039390328587128e-01 2.199673494564769629e-05 1.704489179776987029e-04 -1.484521830287212558e-04
9.664436000000001513e+03 -6.527999999999360092e+00 4.498478108507243944e-01 2.408071064453570320e-05 1.992161694804188464e-04 -1.751354588332013692e-04
9.664606440710000243e+03 -6.357559290000630803e+00 4.970898660428608173e-01 2.627326803799999913e-05 2.294822853500000132e-04 -2.032090173099999897e-04
9.664617000000000189e+03 -6.347000000000684317e+00 4.998697967778416573e-01 2.638560518290010274e-05 2.307261754279548501e-04 -2.043405702430336048e-04
9.664817000000000917e+03 -6.146999999999956721e+00 5.498758696994616724e-01 2.851334568250010745e-05 2.542862836919548538e-04 -2.257729380070336246e-04
9.665036000000000058e+03 -5.928000000000815284e+00 5.998700092247406523e-01 3.084322152956211246e-05 2.800846022410348707e-04 -2.492413807086137035e-04
9.665106440710000243e+03 -5.857559290000630803e+00 6.150873765487133715e-01 3.159261928700000244e-05 2.883825560099999817e-04 -2.567899367200000122e-04
9.665275000000001455e+03 -5.688999999999418300e+00 6.500568818896668155e-01 3.372545975314576429e-05 3.015249230297618985e-04 -2.677994632756388682e-04
9.665532000000001062e+03 -5.431999999999811202e+00 7.000202144707585727e-01 3.697737188328975555e-05 3.215629068399618556e-04 -2.845855349587788404e-04
9.665606440710000243e+03 -5.357559290000630803e+00 7.138393563377184448e-01 3.791929658300000132e-05 3.273669603099999730e-04 -2.894476637300000201e-04
9.665808000000000902e+03 -5.155999999999971273e+00 7.499796991827626380e-01 4.155846898539695597e-05 3.368011681088630012e-04 -2.952426991256598470e-04
9.666103000000000975e+03 -4.860999999999898513e+00 7.999360569744666805e-01 4.688472241041694857e-05 3.506089727536630218e-04 -3.037242503442598700e-04
9.666106440710000243e+03 -4.857559290000630803e+00 8.005003263732735075e-01 4.694684476099999669e-05 3.507700190299999922e-04 -3.038231742700000094e-04
9.666418000000001484e+03 -4.545999999999389196e+00 8.500442383454196449e-01 5.539156075155301221e-05 3.576568007990349723e-04 -3.022652400484819807e-04
9.666606440710000243e+03 -4.357559290000630803e+00 8.786551760450665993e-01 6.049918658099999702e-05 3.618221397500000170e-04 -3.013229531699999865e-04
9.666751000000000204e+03 -4.213000000000669765e+00 8.999873045167785524e-01 6.651940977908345947e-05 3.624409009179735842e-04 -2.959214911416248078e-04
9.667103000000000975e+03 -3.860999999999898513e+00 9.499294642140519995e-01 8.117857534170745042e-05 3.639475763528535624e-04 -2.827690010181048604e-04
9.667106440710000243e+03 -3.857559290000630803e+00 9.504046844675464456e-01 8.132186493699999571e-05 3.639623037200000058e-04 -2.826404387900000124e-04
9.667475000000000364e+03 -3.489000000000509694e+00 1.000002095751271414e+00 1.046973829037820632e-04 3.612288469118995560e-04 -2.565314640173288474e-04
9.667606440710000243e+03 -3.357559290000630803e+00 1.017105309260022405e+00 1.130338833300000066e-04 3.602540037499999954e-04 -2.472201204299999920e-04
9.667865000000001601e+03 -3.098999999999272781e+00 1.049936581553178483e+00 1.368998396149029447e-04 3.565388409819518229e-04 -2.196390013770488543e-04
9.668106440710000243e+03 -2.857559290000630803e+00 1.079693176783105946e+00 1.591856891400000038e-04 3.530696500799999937e-04 -1.938839609499999931e-04
9.668275000000001455e+03 -2.688999999999418300e+00 1.099990374909949997e+00 1.792614122855814651e-04 3.500282660619379472e-04 -1.707668537829853212e-04
9.668606440710000243e+03 -2.357559290000630803e+00 1.138846566425462115e+00 2.187366137599999912e-04 3.440479461499999759e-04 -1.253113323900000118e-04
9.668704000000001543e+03 -2.259999999999330988e+00 1.150033791698531482e+00 2.309057886741794569e-04 3.421396821859661215e-04 -1.112338935121769232e-04
9.669106440710000243e+03 -1.857559290000630803e+00 1.195075582432397532e+00 2.811047127600000122e-04 3.342679243600000182e-04 -5.316321160199999986e-05
9.669151000000001659e+03 -1.812999999999214573e+00 1.199958769480723442e+00 2.857228683910225829e-04 3.333868297312986653e-04 -4.766396134213344269e-05
9.669606440710000243e+03 -1.357559290000630803e+00 1.248775317498389548e+00 3.329250585400000246e-04 3.243811574399999985e-04 8.543901099599999512e-06
9.669618000000000393e+03 -1.346000000000480590e+00 1.249989496233149255e+00 3.336680108548521371e-04 3.241591614490312522e-04 9.508849405568816382e-06
9.670104000000001179e+03 -8.599999999996947864e-01 1.300012819350716997e+00 3.649047758307397550e-04 3.148255387428950444e-04 5.007923709381350110e-05
9.670106440705001660e+03 -8.575592949992136838e-01 1.300259181143629927e+00 3.650616476999999911e-04 3.147786650399999990e-04 5.028298266600000080e-05
9.670606440705001660e+03 -3.575592949992136838e-01 1.349780754054291654e+00 3.746092973199999774e-04 3.056657849300000070e-04 6.894351239299999852e-05
9.670609000000000378e+03 -3.550000000004951417e-01 1.350029561825121682e+00 3.745683333575555718e-04 3.056221546219036822e-04 6.894617873863145331e-05
9.671106440705001660e+03 1.424407050007863162e-01 1.397548650273915394e+00 3.666063194600000181e-04 2.971418929800000099e-04 6.946442647899999431e-05
9.671132000000001426e+03 1.680000000005525962e-01 1.399946689834637992e+00 3.657586630015830409e-04 2.967386691520451929e-04 6.901999384889570218e-05
9.671606440705001660e+03 6.424407050007863162e-01 1.443736948252523966e+00 3.500241629799999876e-04 2.892538853500000221e-04 6.077027763600000135e-05
9.671675000000001091e+03 7.110000000002179021e-01 1.449955522349051007e+00 3.476521636353768936e-04 2.882584059597067183e-04 5.939375768029900711e-05
9.672106440710000243e+03 1.142440709999369197e+00 1.488492701671241036e+00 3.327252732500000161e-04 2.819938967500000169e-04 5.073137649599999792e-05
9.672237000000000990e+03 1.273000000000116039e+00 1.499959398365525276e+00 3.291709656931983614e-04 2.802583279215438948e-04 4.891263776869891791e-05
9.672606440710000243e+03 1.642440709999369197e+00 1.531941470420988383e+00 3.191134209000000125e-04 2.753472275300000000e-04 4.376619336999999896e-05
9.672818000000001120e+03 1.854000000000247006e+00 1.549958797595160975e+00 3.154703406337007032e-04 2.727763279133172867e-04 4.269401272165280716e-05
9.673106440710000243e+03 2.142440709999369197e+00 1.574191479669067917e+00 3.105033516699999834e-04 2.692711539700000161e-04 4.123219770300000207e-05
9.673418000000001484e+03 2.454000000000610804e+00 1.599954139743766879e+00 3.080403943898980031e-04 2.658081618561717761e-04 4.223223253298751944e-05
9.673606440710000243e+03 2.642440709999369197e+00 1.615336794767505690e+00 3.065507215300000243e-04 2.637136369500000144e-04 4.283708457700000218e-05
9.674038000000000466e+03 3.073999999999592170e+00 1.650025330156514647e+00 3.060157829025753192e-04 2.592567095304727049e-04 4.675907337859695821e-05
9.674106440710000243e+03 3.142440709999369197e+00 1.655459787006869021e+00 3.059309473299999744e-04 2.585498882800000187e-04 4.738105905799999890e-05
9.674676000000001295e+03 3.712000000000421629e+00 1.700011282399241486e+00 3.064407170997363082e-04 2.533318272317570301e-04 5.310888987143569433e-05
9.674733216350001385e+03 3.769216350000511362e+00 1.704422435292524352e+00 3.064919271600000236e-04 2.528076352600000065e-04 5.368429190299999772e-05
9.675333000000000538e+03 4.368999999999664929e+00 1.749994293691794933e+00 3.036408408870559360e-04 2.486282671732903057e-04 5.501257371397948919e-05
9.675379041910000524e+03 4.415041909999650294e+00 1.753443631663053281e+00 3.034219795400000096e-04 2.483074413399999933e-04 5.511453820000000281e-05
9.676009000000000015e+03 5.044999999999141060e+00 1.799974609033689665e+00 2.954806596016319774e-04 2.480789667367786205e-04 4.740169285916843772e-05
9.676043917390001297e+03 5.079917390000423971e+00 1.802518599313592595e+00 2.950404872000000098e-04 2.480663028199999983e-04 4.697418437400000278e-05
9.676705000000001746e+03 5.741000000000872738e+00 1.850023384774743596e+00 2.822548025574964916e-04 2.475023456746730521e-04 3.475245687682345112e-05
9.676727842790000068e+03 5.763842789999194416e+00 1.851643062872188716e+00 2.818130110099999934e-04 2.474828589199999976e-04 3.433015208400000065e-05
9.677419000000001688e+03 6.455000000000814531e+00 1.899997074869211211e+00 2.683187230903406710e-04 2.454426758384896769e-04 2.287604724486776310e-05
9.677430818110000473e+03 6.466818109999599606e+00 1.900813184838128000e+00 2.680879840100000252e-04 2.454077907099999753e-04 2.268019329300000026e-05
9.678152000000000044e+03 7.187999999999170164e+00 1.949968754198961873e+00 2.568708631795100996e-04 2.423043364389848694e-04 1.456652673951822313e-05
9.678152843350000694e+03 7.188843349999820553e+00 1.950025511368057796e+00 2.568577458800000001e-04 2.423007072600000039e-04 1.455703861899999930e-05
9.678893918520001534e+03 7.929918520000660997e+00 1.999276926516925013e+00 2.490021687699999950e-04 2.387165750999999938e-04 1.028559367300000049e-05
9.678905000000000655e+03 7.940999999999781345e+00 2.000004191502662287e+00 2.489273205545217528e-04 2.386597134944436010e-04 1.026760706309113276e-05
9.679654043600001387e+03 8.690043600000514346e+00 2.048564609709637274e+00 2.438494284142134498e-04 2.347797152468959541e-04 9.069535163856686495e-06
9.679676000000001295e+03 8.712000000000422517e+00 2.049970687340530340e+00 2.437572856572915129e-04 2.346602625743392310e-04 9.096830494226815686e-06
9.680433218600001055e+03 9.469218600000182562e+00 2.097886005331714987e+00 2.406751878222517383e-04 2.305407941141871669e-04 1.013410278986889481e-05
9.680467000000000553e+03 9.502999999999680369e+00 2.099998151836547589e+00 2.405991454814957245e-04 2.303537187409105465e-04 1.024509198737745843e-05
9.681231443500000751e+03 1.026744349999987804e+01 2.147238789070566867e+00 2.389810806508069771e-04 2.261615762367495382e-04 1.282058455262000566e-05
9.681277000000000044e+03 1.031299999999917105e+01 2.150021291527466349e+00 2.389390956605296520e-04 2.259134897403793302e-04 1.302670765824325153e-05
9.682048718400001235e+03 1.108471840000036224e+01 2.196620851255298046e+00 2.381303508534587520e-04 2.217922643181147115e-04 1.634362421047598428e-05
9.682105000000001382e+03 1.114100000000050983e+01 2.199980749819791637e+00 2.381113979040672232e-04 2.215134020166903146e-04 1.660389385288411489e-05
9.682885043100000985e+03 1.192104310000011225e+01 2.246030249020157576e+00 2.378325007691697792e-04 2.180485812349098761e-04 1.980666841582400881e-05
9.682953000000001339e+03 1.198900000000046617e+01 2.249997424658124245e+00 2.378450729684851873e-04 2.178268413185926035e-04 2.004293427549505764e-05
9.683740417800001524e+03 1.277641780000065097e+01 2.295465228622575626e+00 2.377105455471415049e-04 2.154663560927276924e-04 2.229237629423292473e-05
9.683820000000001528e+03 1.285600000000065535e+01 2.300010526041509351e+00 2.376790670257119653e-04 2.153145297622680488e-04 2.241559336093956685e-05
9.684614842400000271e+03 1.365084239999939797e+01 2.344924166540844013e+00 2.372400408412705768e-04 2.139846329392564972e-04 2.333364395245845306e-05
9.684705000000001746e+03 1.374100000000087363e+01 2.349964437621665514e+00 2.371263693650809399e-04 2.139061708806842040e-04 2.330192874917598765e-05
9.685508316900000864e+03 1.454431689999999122e+01 2.394405578123815381e+00 2.364202739774278112e-04 2.133638558812611511e-04 2.317477041047310987e-05
9.685610000000000582e+03 1.464599999999970947e+01 2.399972221111235982e+00 2.362667971527083490e-04 2.133542952025881405e-04 2.303601319423312165e-05
9.686420841400000427e+03 1.545684139999955420e+01 2.443908103679611532e+00 2.349794572538135493e-04 2.134465658534525571e-04 2.168050629195217202e-05
9.686534000000001470e+03 1.557000000000059714e+01 2.449977012885667271e+00 2.347572352617726440e-04 2.135117115176875377e-04 2.139646643847629303e-05
9.687352415700001075e+03 1.638841570000020198e+01 2.493430475143727065e+00 2.335034805273712884e-04 2.140726517977784493e-04 1.961121090399956559e-05
9.687477000000000771e+03 1.651299999999989865e+01 2.499978992466393990e+00 2.333053948770140115e-04 2.141983960805395938e-04 1.929191866394161216e-05
9.688303040000000692e+03 1.733903999999981949e+01 2.542971543387250399e+00 2.322528214717670591e-04 2.150809133156891166e-04 1.738779265171137926e-05
9.688439000000000306e+03 1.747499999999943299e+01 2.549978325284629754e+00 2.320956313341352318e-04 2.152550898030625539e-04 1.706154410518508627e-05
9.689272714200000337e+03 1.830871419999946426e+01 2.592530231509346805e+00 2.310042561599661630e-04 2.163338203974016281e-04 1.491226674821658253e-05
9.689420000000000073e+03 1.845599999999920016e+01 2.599975164037636954e+00 2.308263465695227566e-04 2.165417124631938551e-04 1.452984042427381302e-05
9.690261438400000770e+03 1.929743839999989774e+01 2.642105552974791216e+00 2.286531548412022458e-04 2.173977557750439535e-04 1.146478965647004873e-05
9.690420000000000073e+03 1.945599999999920016e+01 2.649969649891612100e+00 2.282299490160555051e-04 2.175594207021722180e-04 1.087241367156226260e-05
9.691269212400000470e+03 2.030521239999959704e+01 2.691696578980295573e+00 2.253997536092374745e-04 2.183494333667684211e-04 7.182424421055373521e-06
9.691440000000000509e+03 2.047599999999963671e+01 2.700010519037955525e+00 2.248039129276537299e-04 2.184992060820804469e-04 6.421982777570830941e-06
9.692296036400000958e+03 2.133203640000008505e+01 2.741302466800402016e+00 2.211505090594083778e-04 2.191588676725415136e-04 2.000023370030252821e-06
9.692478000000000975e+03 2.151400000000010237e+01 2.749999798133768714e+00 2.203419752570040708e-04 2.192834443836531064e-04 1.043126432088185419e-06
9.693341910200000711e+03 2.237791019999983888e+01 2.790922414568595133e+00 2.159180612676669670e-04 2.197741004024572360e-04 -4.017504000329542589e-06
9.693535000000001673e+03 2.257100000000080087e+01 2.799987120345187375e+00 2.149017715751858309e-04 2.198635785425509081e-04 -5.156136579969233845e-06
9.694406834100000196e+03 2.344283409999932388e+01 2.840555699330875594e+00 2.105034854295018121e-04 2.203734912399681902e-04 -1.021071220565484587e-05
9.694611000000000786e+03 2.364699999999991320e+01 2.849972588640921511e+00 2.094613818536732533e-04 2.204723074690977482e-04 -1.138661760066549670e-05
9.695490807800000766e+03 2.452680779999989369e+01 2.890201620358864076e+00 2.052433383157341242e-04 2.208066899096097063e-04 -1.607136682507917156e-05
9.695707000000000335e+03 2.474299999999946209e+01 2.900001552369435576e+00 2.042039404428237640e-04 2.208675242508212734e-04 -1.720410114617516205e-05
9.696593831400001363e+03 2.562983140000049076e+01 2.939859541944070287e+00 2.005138893898176621e-04 2.210329191500726707e-04 -2.116455697286355429e-05
9.696821000000001732e+03 2.585700000000085907e+01 2.949982827193631252e+00 1.995668481072236438e-04 2.210553113729522194e-04 -2.216022484983852097e-05
9.697715905000000930e+03 2.675190500000005756e+01 2.989528870466291455e+00 1.966731464071263776e-04 2.210753922496798874e-04 -2.513886976913174995e-05
9.697955000000001746e+03 2.699100000000087363e+01 3.000006287254053383e+00 1.958940000000000052e-04 2.210640000000000098e-04 -2.592284889599999972e-05
9.698857028500000524e+03 2.789302849999965161e+01 3.039209042342108535e+00 1.944156755138889134e-04 2.211994608771701348e-04 -2.754258019290073704e-05
9.699106999999999971e+03 2.814299999999909829e+01 3.049983802521107012e+00 1.940060000000000124e-04 2.212369999999999962e-04 -2.799179018800000064e-05
9.700017201900000146e+03 2.905320189999927294e+01 3.088899534375846745e+00 1.934988653236348051e-04 2.213705791184300260e-04 -2.860886888166051025e-05
9.700279000000000451e+03 2.931499999999957851e+01 3.100002263475568842e+00 1.933530000000000036e-04 2.214089999999999938e-04 -2.878649113499999761e-05
9.701196425200001613e+03 3.023242520000074052e+01 3.138599856399634458e+00 1.937454112830252107e-04 2.215423735794957896e-04 -2.847880480782092585e-05
9.701469000000000960e+03 3.050500000000008782e+01 3.149976396850841187e+00 1.938619999999999948e-04 2.215820000000000073e-04 -2.838731318400000218e-05
9.702394698400001289e+03 3.143069840000041637e+01 3.188309548714885810e+00 1.950325111999999864e-04 2.217143519200000029e-04 -2.728579247982880994e-05
9.702679000000000087e+03 3.171499999999921471e+01 3.199990302128349562e+00 1.953919999999999887e-04 2.217549999999999936e-04 -2.694722408999999919e-05
9.703612021600001754e+03 3.264802160000088094e+01 3.238028183820977457e+00 1.973620496761594790e-04 2.220267833464605381e-04 -2.517433765898714884e-05
9.703908000000001266e+03 3.294400000000039341e+01 3.250001763731375171e+00 1.979870000000000002e-04 2.221129999999999925e-04 -2.461100885199999985e-05
9.704848394700000426e+03 3.388439469999955378e+01 3.287755352017797339e+00 2.003440149211538357e-04 2.223827606591346107e-04 -2.245020433652840060e-05
9.705156000000000859e+03 3.419199999999998596e+01 3.300010892760984582e+00 2.011150000000000015e-04 2.224709999999999915e-04 -2.174224655970000071e-05
9.706103817700000945e+03 3.513981770000007288e+01 3.337490671887421989e+00 2.037967401274881445e-04 2.227397729496840585e-04 -1.925897672755733130e-05
9.706422000000000480e+03 3.545799999999960761e+01 3.349978619286468007e+00 2.046969999999999953e-04 2.228300000000000061e-04 -1.842398549400000023e-05
9.707378290600001492e+03 3.641429060000061924e+01 3.387233784352675858e+00 2.076327972696734238e-04 2.230962146460342297e-04 -1.569162547987272221e-05
9.707708000000000538e+03 3.674399999999966582e+01 3.399983966557281967e+00 2.086450000000000056e-04 2.231880000000000051e-04 -1.474803985199999938e-05
9.708671813500001008e+03 3.770781350000013532e+01 3.436984354887582693e+00 2.117868104436781724e-04 2.235469374413793012e-04 -1.191287570583680944e-05
9.709013000000000829e+03 3.804899999999995686e+01 3.449987259912667525e+00 2.128990000000000092e-04 2.236739999999999865e-04 -1.090703762939999855e-05
9.709984386200001609e+03 3.902038620000073621e+01 3.486742056718282523e+00 2.161286390123867078e-04 2.240298325581570923e-04 -7.991095395371815223e-06
9.710337000000001353e+03 3.937300000000048072e+01 3.499988587383657812e+00 2.173010000000000122e-04 2.241590000000000065e-04 -6.930301387100000294e-06
9.711316008900001179e+03 4.035200890000030682e+01 3.536506596260117874e+00 2.205660639338049211e-04 2.245132802125093070e-04 -3.986582736088142387e-06
9.711680000000000291e+03 4.071599999999941843e+01 3.549988032038209784e+00 2.217800000000000077e-04 2.246449999999999879e-04 -2.889743421999999801e-06
9.712666681500000777e+03 4.170268149999990470e+01 3.586277685205836008e+00 2.250131567801027708e-04 2.249963513417768104e-04 1.364662338974810094e-08
9.713042000000001281e+03 4.207800000000040797e+01 3.599985672326583064e+00 2.262429999999999953e-04 2.251300000000000078e-04 1.120435989200000045e-06
9.714036404100001164e+03 4.307240410000029129e+01 3.636055058215850622e+00 2.293435822263576915e-04 2.255159526412744302e-04 3.846524758144418863e-06
9.714423000000000684e+03 4.345899999999981134e+01 3.649981582397556323e+00 2.305490000000000046e-04 2.256659999999999905e-04 4.908867364799999229e-06
9.715425176500000816e+03 4.446117649999994370e+01 3.685838453569621809e+00 2.334367848183440536e-04 2.260494165624553776e-04 7.416973393003040671e-06
9.715824000000000524e+03 4.485999999999965127e+01 3.700011301139613185e+00 2.345860000000000068e-04 2.262020000000000003e-04 8.417451444199999648e-06
9.716832998900001257e+03 4.586899890000038482e+01 3.735627637520323230e+00 2.371842254972515794e-04 2.265831299579986087e-04 1.063056329359709137e-05
9.717243000000000393e+03 4.627899999999952030e+01 3.750003484602589143e+00 2.382399999999999958e-04 2.267380000000000101e-04 1.153196270139999944e-05
9.718259871200001726e+03 4.729587120000085321e+01 3.785422378191046100e+00 2.404894209229485223e-04 2.271170284862308853e-04 1.339184404584375731e-05
9.718681000000000495e+03 4.771699999999962216e+01 3.799994149738296745e+00 2.414209999999999913e-04 2.272739999999999927e-04 1.416389749920000096e-05
9.719705793400000402e+03 4.874179339999952987e+01 3.835222459144147056e+00 2.432539523681537372e-04 2.276306027822923837e-04 1.562923606596619192e-05
9.720138000000000829e+03 4.917399999999995686e+01 3.849983355691555253e+00 2.440270000000000134e-04 2.277810000000000067e-04 1.624859818830000165e-05
9.721170765500000925e+03 5.020676550000005278e+01 3.885027675017127979e+00 2.454862969522681143e-04 2.281355105677048106e-04 1.733998850256685732e-05
9.721615000000001601e+03 5.065100000000072811e+01 3.900004808457745220e+00 2.461140000000000224e-04 2.282879999999999935e-04 1.781045903999999878e-05
9.722654787500001476e+03 5.169078750000060296e+01 3.934837830824164051e+00 2.472087327926421134e-04 2.286399280769230559e-04 1.853813436094646586e-05
9.723110000000000582e+03 5.214599999999970947e+01 3.949990835702761771e+00 2.476879999999999772e-04 2.287939999999999917e-04 1.885738451520000048e-05
9.724157859500000995e+03 5.319385950000012286e+01 3.984652744603762731e+00 2.484315306683168188e-04 2.291446698128712922e-04 1.923580364370910327e-05
9.724625000000000000e+03 5.366099999999912740e+01 4.000008383005324575e+00 2.487629999999999898e-04 2.293010000000000057e-04 1.940484935609999818e-05
9.725679981400000543e+03 5.471598139999967003e+01 4.034472236858533734e+00 2.491236068190476132e-04 2.295824660095238147e-04 1.947535603654059771e-05
9.726158000000001266e+03 5.519400000000039341e+01 4.049991475959133780e+00 2.492870000000000003e-04 2.297099999999999945e-04 1.950734073600000079e-05
9.727221153200000117e+03 5.625715319999924446e+01 4.084296140046289381e+00 2.493184906936252729e-04 2.299906779214423561e-04 1.925095202977230807e-05
9.727711000000001150e+03 5.674700000000027700e+01 4.100005391753128947e+00 2.493330000000000199e-04 2.301199999999999990e-04 1.913259101600000087e-05
9.728781374900001538e+03 5.781737490000066515e+01 4.134124294687198997e+00 2.490182239313812980e-04 2.303986653940802063e-04 1.853378023950890704e-05
9.729282000000001062e+03 5.831800000000018969e+01 4.149985770905611382e+00 2.488710000000000097e-04 2.305289999999999878e-04 1.825319400839999889e-05
9.730360646600000109e+03 5.939664659999923657e+01 4.183956552021736996e+00 2.481903204359522074e-04 2.308069667542426171e-04 1.729338728318017748e-05
9.730873000000001412e+03 5.990900000000053893e+01 4.199996303673152909e+00 2.478669999999999767e-04 2.309389999999999924e-04 1.683665398280000168e-05
9.731958968200000527e+03 6.099496819999965425e+01 4.233792764082756399e+00 2.467344903057142958e-04 2.311136992321739195e-04 1.553368291252715507e-05
9.732483000000000175e+03 6.151899999999930202e+01 4.250005047121683255e+00 2.461879999999999949e-04 2.311980000000000046e-04 1.490422530960000063e-05
9.733576339600000210e+03 6.261233959999933774e+01 4.283632789777512606e+00 2.446856654267813504e-04 2.313726119754299737e-04 1.323527448604949312e-05
9.734111000000000786e+03 6.314699999999991320e+01 4.299981544088662844e+00 2.439510000000000094e-04 2.314580000000000055e-04 1.241820776180000107e-05
9.735212761100001444e+03 6.424876110000056428e+01 4.333476506607532031e+00 2.421151771962378753e-04 2.316318215327669910e-04 1.041957593455088089e-05
9.735759000000000015e+03 6.479499999999913484e+01 4.349987244151502175e+00 2.412050000000000056e-04 2.317180000000000064e-04 9.427562688999999816e-06
9.736868232400000124e+03 6.590423239999924476e+01 4.383323779672791964e+00 2.391069737509298214e-04 2.318910056532693493e-04 7.170948551976445888e-06
9.737426000000001295e+03 6.646200000000041541e+01 4.399991325741668291e+00 2.380519999999999902e-04 2.319780000000000073e-04 6.034954065599999547e-06
9.738542753600000651e+03 6.757875359999977150e+01 4.433174491973185027e+00 2.356800577451957440e-04 2.320343013380782912e-04 3.622343773905027914e-06
9.739112000000000990e+03 6.814800000000010982e+01 4.449993843418842410e+00 2.344710000000000121e-04 2.320629999999999904e-04 2.392105403999999631e-06
9.740236324800000148e+03 6.927232479999926795e+01 4.483028531704400521e+00 2.320555151070967338e-04 2.321190513829912098e-04 -6.257812733782333194e-08
9.740817000000000917e+03 6.985300000000003706e+01 4.499994849316196088e+00 2.308079999999999897e-04 2.321480000000000006e-04 -1.330802338880000147e-06
9.741948945900001490e+03 7.098494590000061066e+01 4.532885786183113552e+00 2.284823895720417659e-04 2.322038093976218148e-04 -3.696174105880861595e-06
9.742541000000001077e+03 7.157700000000019713e+01 4.549994393273687265e+00 2.272660000000000023e-04 2.322330000000000108e-04 -4.933813308300000100e-06
9.743680616900001041e+03 7.271661690000016165e+01 4.582746150486227243e+00 2.251541453889844950e-04 2.322885751213425135e-04 -7.086455193799939849e-06
9.744284000000001470e+03 7.332000000000059003e+01 4.599992522962911501e+00 2.240359999999999943e-04 2.323179999999999939e-04 -8.226612697999998561e-06
9.745431337800000620e+03 7.446733779999973990e+01 4.632609524201503071e+00 2.221183440289443739e-04 2.322633028517593723e-04 -1.007771079684019641e-05
9.746046000000000276e+03 7.508199999999939678e+01 4.649989284003773982e+00 2.210910000000000013e-04 2.322339999999999995e-04 -1.106903881219999888e-05
9.747201108700000987e+03 7.623710870000010686e+01 4.682475813990539137e+00 2.195655560570466155e-04 2.321795198591802270e-04 -1.253100551550525405e-05
9.747827000000001135e+03 7.686300000000025534e+01 4.699984720073955735e+00 2.187389999999999940e-04 2.321500000000000050e-04 -1.332287956500000026e-05
9.748989929500001381e+03 7.802592950000050109e+01 4.732344924897271099e+00 2.176477446668517398e-04 2.320951143767351402e-04 -1.435444065837401761e-05
9.749628000000000611e+03 7.866399999999973147e+01 4.750006501294677719e+00 2.170490000000000017e-04 2.320649999999999948e-04 -1.492022466449999889e-05
9.750797800100001041e+03 7.983380010000016114e+01 4.782216765921348589e+00 2.163975390317207160e-04 2.320109795445849266e-04 -1.551406954833404217e-05
9.751447000000000116e+03 8.048299999999923671e+01 4.799999123438042581e+00 2.160359999999999895e-04 2.319810000000000004e-04 -1.584351356459999969e-05
9.752624720800000432e+03 8.166072079999955236e+01 4.832091260678115674e+00 2.157162596957562387e-04 2.318419546171926048e-04 -1.602413862458623061e-05
9.753285000000001673e+03 8.232100000000079376e+01 4.849990546920038170e+00 2.155369999999999931e-04 2.317639999999999989e-04 -1.612530476959999774e-05
9.754470691300000908e+03 8.350669130000002838e+01 4.881968319771090137e+00 2.156027299267491840e-04 2.316248822909580294e-04 -1.592373528474924827e-05
9.755143000000000029e+03 8.417899999999914940e+01 4.900007590938541213e+00 2.156399999999999886e-04 2.315460000000000088e-04 -1.580954409720000076e-05
9.756335711700001411e+03 8.537171170000053166e+01 4.931847868059802131e+00 2.160360870944029953e-04 2.314080370794776220e-04 -1.527927877884869003e-05
9.757019000000000233e+03 8.605499999999935312e+01 4.949996455205663004e+00 2.162630000000000129e-04 2.313290000000000073e-04 -1.497577680200000102e-05
9.758219782100000884e+03 8.725578210000000468e+01 4.981729833409348274e+00 2.169308756376781141e-04 2.311908625341424852e-04 -1.417552146633548413e-05
9.758914000000000669e+03 8.794999999999978968e+01 4.999984231913630062e+00 2.173169999999999930e-04 2.311109999999999901e-04 -1.371329474039999822e-05
9.760122902400000385e+03 8.915890239999950495e+01 5.031614141325441381e+00 2.181433463402610918e-04 2.309203532507571690e-04 -1.270219544872770434e-05
9.760829000000001543e+03 8.986500000000066279e+01 5.049996940400661494e+00 2.186260000000000037e-04 2.308090000000000055e-04 -1.211239470199999991e-05
9.762045072600001731e+03 9.108107260000085148e+01 5.081500722818288018e+00 2.196087929026887262e-04 2.306184777674250214e-04 -1.094575539143293543e-05
9.762763000000000829e+03 9.179899999999994975e+01 5.100008115118021657e+00 2.201890000000000021e-04 2.305060000000000052e-04 -1.025790886020000060e-05
9.763986292700001286e+03 9.302229270000040628e+01 5.131389511577701512e+00 2.212788084043545165e-04 2.303161138892930381e-04 -8.985348816182548538e-06
9.764715000000000146e+03 9.375099999999926581e+01 5.149992318415099746e+00 2.219280000000000070e-04 2.302030000000000048e-04 -8.228283950799999822e-06
9.765946562800001630e+03 9.498256280000074980e+01 5.181280446377540372e+00 2.230814972066937052e-04 2.300137690018255645e-04 -6.892965323115748325e-06
9.766687000000001717e+03 9.572300000000083742e+01 5.200000802984041215e+00 2.237750000000000047e-04 2.299000000000000045e-04 -6.091200500000000771e-06
9.767925882800000181e+03 9.696188279999930160e+01 5.231173463307165150e+00 2.249473029609241426e-04 2.296927935849321797e-04 -4.718410141025879237e-06
9.768678000000001703e+03 9.771400000000082287e+01 5.250007878077645351e+00 2.256589999999999887e-04 2.295669999999999926e-04 -3.886202002800000186e-06
9.769924252700000579e+03 9.896025269999969964e+01 5.281068503353758103e+00 2.268363955324041736e-04 2.293604284972125518e-04 -2.509266561376058476e-06
9.770687000000001717e+03 9.972300000000083742e+01 5.299988822438328917e+00 2.275570000000000034e-04 2.292340000000000079e-04 -1.667757581899999942e-06
9.771941672000000835e+03 1.009776719999999557e+02 5.330965497402665676e+00 2.287145879664859432e-04 2.290287012794480219e-04 -3.111252674880480931e-07
9.772716000000000349e+03 1.017519999999994695e+02 5.349993428210864543e+00 2.294289999999999882e-04 2.289020000000000117e-04 5.249157773800000486e-07
9.773978142000001753e+03 1.030141420000008736e+02 5.380864422801015401e+00 2.305444672949218674e-04 2.286967786689453157e-04 1.838273309537825577e-06
9.774764000000001033e+03 1.038000000000001535e+02 5.399996735496340072e+00 2.312389999999999997e-04 2.285689999999999998e-04 2.654828935000000011e-06
9.776033662000001641e+03 1.050696620000007613e+02 5.430765209396466453e+00 2.323231574407353534e-04 2.283804241731978736e-04 3.919791214135953697e-06
9.776831000000000131e+03 1.058669999999992513e+02 5.449998780035217649e+00 2.330040000000000073e-04 2.282619999999999907e-04 4.713108123599999768e-06
9.778108231000000160e+03 1.071442309999992801e+02 5.480667782406196231e+00 2.339922314640460147e-04 2.280740278441994247e-04 5.882064501870583698e-06
9.778917000000001281e+03 1.079530000000004009e+02 5.499999596267537427e+00 2.346179999999999956e-04 2.279550000000000087e-04 6.621272112000000088e-06
9.780201851000001625e+03 1.092378510000007452e+02 5.530572140931358405e+00 2.354725327315914502e-04 2.277682235600950156e-04 7.656353886707905972e-06
9.781022000000000844e+03 1.100579999999999643e+02 5.549999217391235362e+00 2.360180000000000025e-04 2.276489999999999883e-04 8.316177324300000017e-06
9.782314520000001721e+03 1.113505200000008415e+02 5.580478190036743058e+00 2.366959036158192240e-04 2.274621809604519709e-04 9.174117931676027056e-06
9.783146000000000640e+03 1.121819999999997606e+02 5.599997675417962562e+00 2.371320000000000058e-04 2.273420000000000063e-04 9.725281544400000985e-06
9.784446240000001126e+03 1.134822400000002460e+02 5.630385931384375375e+00 2.376404466262249172e-04 2.271951693513765593e-04 1.037525332937565488e-05
9.785289000000000669e+03 1.143249999999997897e+02 5.649995001225474489e+00 2.379700000000000001e-04 2.270999999999999907e-04 1.079608418999999947e-05
9.786597009000000980e+03 1.156330090000001007e+02 5.680295274162761920e+00 2.382083698177613279e-04 2.269535901119333924e-04 1.117634297971744473e-05
9.787451000000000931e+03 1.164870000000000516e+02 5.699991224607465767e+00 2.383639999999999967e-04 2.268580000000000021e-04 1.142434202200000022e-05
9.788766828000001624e+03 1.178028280000007442e+02 5.730206199429323632e+00 2.383000487079321565e-04 2.267119979935809150e-04 1.150393962459070960e-05
9.789632000000001426e+03 1.186680000000005464e+02 5.749986374320760874e+00 2.382580000000000082e-04 2.266159999999999865e-04 1.155621493519999810e-05
9.790955697000001237e+03 1.199916970000003573e+02 5.780118666189991039e+00 2.378797149418446081e-04 2.264698580776919659e-04 1.132356843638741905e-05
9.791833000000000538e+03 1.208689999999996587e+02 5.800003104738912008e+00 2.376289999999999978e-04 2.263730000000000093e-04 1.116953810490000015e-05
9.793163616000001639e+03 1.221996160000007592e+02 5.830032634853377971e+00 2.370095649716088236e-04 2.262818537034700284e-04 1.064319387208351556e-05
9.794052000000001499e+03 1.230880000000006191e+02 5.849995996096007289e+00 2.365959999999999960e-04 2.262210000000000013e-04 1.029201488339999922e-05
9.795390585000001010e+03 1.244265850000001308e+02 5.879948067171183901e+00 2.357054043498659347e-04 2.261294881568364759e-04 9.497507589541035960e-06
9.796290000000000873e+03 1.253259999999999934e+02 5.899987897550312610e+00 2.351069999999999972e-04 2.260680000000000046e-04 8.964025729199999419e-06
9.797636604000001171e+03 1.266726040000002911e+02 5.929864926181927842e+00 2.340072932790079560e-04 2.259767553534101025e-04 7.961563939522133858e-06
9.798548000000000684e+03 1.275839999999998042e+02 5.950000890250001007e+00 2.332629999999999925e-04 2.259150000000000080e-04 7.283544782999999309e-06
9.799901673000000301e+03 1.289376729999994211e+02 5.979783176157169144e+00 2.320276841735501093e-04 2.258245965307557120e-04 6.147445199036767114e-06
9.800824000000000524e+03 1.298599999999996442e+02 5.999990702156350331e+00 2.311860000000000054e-04 2.257629999999999999e-04 5.373881841600000027e-06
9.802185791000001700e+03 1.312217910000008203e+02 6.029702760786130433e+00 2.299790118967770221e-04 2.257546963963414656e-04 4.185041361651358343e-06
9.803120000000000800e+03 1.321559999999999206e+02 6.050001291221705380e+00 2.291510000000000020e-04 2.257489999999999963e-04 3.369529574000000014e-06
9.805434000000001106e+03 1.344700000000002262e+02 6.099989118913015318e+00 2.271270000000000092e-04 2.257360000000000085e-04 1.377520079600000061e-06
9.807768000000000029e+03 1.368039999999991494e+02 6.149997418191683884e+00 2.252189999999999997e-04 2.257229999999999935e-04 -4.990893536099999222e-07
9.810121000000001004e+03 1.391570000000001244e+02 6.200004526951174988e+00 2.235000000000000116e-04 2.257089999999999899e-04 -2.186623650199999706e-06
9.812492000000000189e+03 1.415279999999993095e+02 6.249989476304460112e+00 2.220149999999999945e-04 2.256960000000000021e-04 -3.641356694400000101e-06
9.814883000000001630e+03 1.439190000000007501e+02 6.299994455509718705e+00 2.207839999999999922e-04 2.256829999999999871e-04 -4.843834228999999655e-06
9.817293000000001484e+03 1.463290000000006046e+02 6.349998324608631783e+00 2.198120000000000022e-04 2.256699999999999993e-04 -5.789970056000000267e-06
9.819722000000001572e+03 1.487580000000006919e+02 6.400001109621363149e+00 2.190969999999999929e-04 2.256559999999999957e-04 -6.481833206400000189e-06
9.822170000000000073e+03 1.512059999999991931e+02 6.450002835760574982e+00 2.186359999999999985e-04 2.256430000000000078e-04 -6.921666717900000051e-06
9.824637000000000626e+03 1.536729999999997460e+02 6.500003527462714814e+00 2.184300000000000076e-04 2.256299999999999929e-04 -7.109511047999999706e-06
9.827123000000001412e+03 1.561590000000005318e+02 6.550003208417458644e+00 2.184769999999999887e-04 2.256819999999999985e-04 -7.113270957999999196e-06
9.829628000000000611e+03 1.586639999999997315e+02 6.600001901596151299e+00 2.187869999999999908e-04 2.257340000000000041e-04 -6.858521268799999882e-06
9.832152000000000044e+03 1.611879999999991639e+02 6.649999629278909197e+00 2.193519999999999964e-04 2.257860000000000097e-04 -6.350998922400000252e-06
9.834695000000001528e+03 1.637310000000006482e+02 6.699996413080377522e+00 2.201530000000000045e-04 2.258379999999999882e-04 -5.611848461999999187e-06
9.837257000000001426e+03 1.662930000000005464e+02 6.749992273974302570e+00 2.211500000000000087e-04 2.258899999999999938e-04 -4.678136722000000167e-06
9.839839000000001761e+03 1.688750000000008811e+02 6.800006531465275117e+00 2.222950000000000121e-04 2.259419999999999994e-04 -3.599956480199999666e-06
9.842439000000000306e+03 1.714749999999994259e+02 6.850000466166318525e+00 2.235270000000000030e-04 2.259949999999999936e-04 -2.434644134999999642e-06
9.845058000000000902e+03 1.740940000000000225e+02 6.899993539310790958e+00 2.247899999999999942e-04 2.260469999999999992e-04 -1.240197823619999999e-06
9.847697000000000116e+03 1.767329999999992367e+02 6.950004652114762926e+00 2.260279999999999982e-04 2.260990000000000048e-04 -6.982502367499999545e-08
9.850354000000001179e+03 1.793900000000002990e+02 6.999995922538436055e+00 2.271960000000000114e-04 2.261510000000000104e-04 1.031336758890000084e-06
9.853031000000000859e+03 1.820669999999999789e+02 7.050005002305099744e+00 2.281469999999999961e-04 2.260630000000000072e-04 2.056126628310000215e-06
9.855726000000000568e+03 1.847619999999996878e+02 7.099994547797226829e+00 2.289640000000000121e-04 2.259759999999999926e-04 2.949167580799999954e-06
9.858441000000000713e+03 1.874769999999998333e+02 7.150001677678725187e+00 2.296210000000000026e-04 2.258890000000000052e-04 3.684769134699999795e-06
9.861174000000000888e+03 1.902100000000000080e+02 7.199989571667311239e+00 2.300989999999999936e-04 2.258010000000000019e-04 4.243907214899999877e-06
9.863927000000001499e+03 1.929630000000006191e+02 7.249994830292107117e+00 2.303849999999999973e-04 2.257139999999999873e-04 4.614045587999999137e-06
9.866699000000000524e+03 1.957349999999996442e+02 7.299999119448512097e+00 2.304739999999999892e-04 2.256260000000000112e-04 4.789701541000000470e-06
9.869490000000001601e+03 1.985260000000007210e+02 7.350002458923351689e+00 2.303689999999999894e-04 2.255389999999999966e-04 4.773781027900000282e-06
9.872300000000001091e+03 2.013360000000002117e+02 7.400004867968136502e+00 2.300819999999999970e-04 2.254509999999999934e-04 4.578075641299999899e-06
9.875129000000000815e+03 2.041649999999999352e+02 7.450006365317275225e+00 2.296350000000000062e-04 2.253640000000000059e-04 4.223141068800000343e-06
9.877976000000000568e+03 2.070119999999996878e+02 7.499989471314939316e+00 2.290539999999999926e-04 2.252760000000000027e-04 3.736337625599999731e-06
9.880843000000000757e+03 2.098789999999998770e+02 7.549989315372358512e+00 2.281770000000000076e-04 2.250010000000000096e-04 3.142836468100000230e-06
9.883730000000001382e+03 2.127660000000005027e+02 7.600005567134368256e+00 2.272320000000000091e-04 2.247259999999999894e-04 2.480952567399999913e-06
9.886635000000000218e+03 2.156709999999993386e+02 7.650003595290709058e+00 2.262510000000000129e-04 2.244509999999999962e-04 1.782300300209999897e-06
9.889559000000001106e+03 2.185950000000002262e+02 7.700000798246167122e+00 2.252590000000000061e-04 2.241749999999999873e-04 1.072957593749999974e-06
9.892502000000000407e+03 2.215379999999995277e+02 7.749997191971426780e+00 2.242760000000000055e-04 2.238999999999999942e-04 3.728763430000000100e-07
9.895464000000001761e+03 2.245000000000008811e+02 7.799992792027558686e+00 2.233190000000000077e-04 2.236250000000000011e-04 -3.032891700000000180e-07
9.898446000000001732e+03 2.274820000000008520e+02 7.850004331313012784e+00 2.223980000000000076e-04 2.233500000000000079e-04 -9.441049169999999330e-07
9.901446000000001732e+03 2.304820000000008520e+02 7.899998283343832028e+00 2.215239999999999885e-04 2.230749999999999877e-04 -1.538938656249999905e-06
9.904465000000000146e+03 2.335009999999992658e+02 7.949991487390438039e+00 2.207079999999999882e-04 2.227990000000000059e-04 -2.076003206170000033e-06
9.907504000000000815e+03 2.365399999999999352e+02 8.000000361760031709e+00 2.199649999999999989e-04 2.225240000000000128e-04 -2.541424351599999874e-06
9.910561000000001513e+03 2.395970000000006337e+02 8.049992009684984851e+00 2.192589999999999958e-04 2.222009999999999957e-04 -2.922743073599999873e-06
9.913638000000000829e+03 2.426739999999999498e+02 8.099999153682540864e+00 2.186540000000000109e-04 2.218789999999999944e-04 -3.203444626200000145e-06
9.916734000000000378e+03 2.457699999999994986e+02 8.150005406186343393e+00 2.181659999999999979e-04 2.215560000000000045e-04 -3.369379336800000053e-06
9.919848000000001775e+03 2.488840000000008956e+02 8.199994779347552054e+00 2.178039999999999902e-04 2.212329999999999874e-04 -3.409178406700000018e-06
9.922981999999999971e+03 2.520179999999990912e+02 8.249999394401276831e+00 2.175760000000000053e-04 2.209099999999999974e-04 -3.316035828000000046e-06
9.926135000000000218e+03 2.551709999999993386e+02 8.300003164545133316e+00 2.174819999999999889e-04 2.205870000000000075e-04 -3.089144465399999911e-06
9.929306000000000495e+03 2.583419999999996435e+02 8.349990388290772003e+00 2.175160000000000093e-04 2.202650000000000061e-04 -2.734545922000000174e-06
9.932497000000001208e+03 2.615330000000003565e+02 8.399992607346277396e+00 2.176660000000000129e-04 2.199419999999999891e-04 -2.265468582599999932e-06
9.935707000000000335e+03 2.647429999999994834e+02 8.449994024846317231e+00 2.179089999999999901e-04 2.196189999999999991e-04 -1.702200983300000066e-06
9.938936000000001513e+03 2.679720000000006621e+02 8.499994654936456229e+00 2.182200000000000079e-04 2.192960000000000092e-04 -1.071537272959999960e-06
9.942184000000001106e+03 2.712200000000002547e+02 8.549994511431027178e+00 2.186679999999999874e-04 2.190749999999999989e-04 -4.055078249999999811e-07
9.945451000000000931e+03 2.744870000000000800e+02 8.599993607822977282e+00 2.191229999999999957e-04 2.188530000000000000e-04 2.688499678500000124e-07
9.948737000000000990e+03 2.777730000000001382e+02 8.649991957293050149e+00 2.195499999999999969e-04 2.186319999999999898e-04 9.148240639200000216e-07
9.952043000000001484e+03 2.810790000000006330e+02 8.700004657108388884e+00 2.199120000000000046e-04 2.184110000000000066e-04 1.496473544040000016e-06
9.955367000000000189e+03 2.844029999999993379e+02 8.750001464881682622e+00 2.201779999999999916e-04 2.181890000000000077e-04 1.981797595660000114e-06
9.958710000000000946e+03 2.877460000000000946e+02 8.799997564471196299e+00 2.203209999999999934e-04 2.179679999999999975e-04 2.345880599999999781e-06
9.962072000000000116e+03 2.911079999999992651e+02 8.849992967879067862e+00 2.203279999999999952e-04 2.177469999999999872e-04 2.573312271299999732e-06
9.965454000000001543e+03 2.944900000000006912e+02 8.900002432255522677e+00 2.201930000000000109e-04 2.175249999999999883e-04 2.659612917499999814e-06
9.968854000000001179e+03 2.978900000000003274e+02 8.949996395867998444e+00 2.199219999999999994e-04 2.173040000000000052e-04 2.611124864000000278e-06
9.972274000000001251e+03 3.013100000000004002e+02 9.000004280209035201e+00 2.195320000000000116e-04 2.170829999999999949e-04 2.443507956300000056e-06
9.975712000000001353e+03 3.047480000000005020e+02 9.049996852527790736e+00 2.191670000000000109e-04 2.169670000000000116e-04 2.194534418200000185e-06
9.979170000000000073e+03 3.082059999999992215e+02 9.100003207888404333e+00 2.187249999999999904e-04 2.168519999999999899e-04 1.868652717359999911e-06
9.982646000000000640e+03 3.116819999999997890e+02 9.149994435279580784e+00 2.182300000000000028e-04 2.167360000000000066e-04 1.490469631040000088e-06
9.986142000000001644e+03 3.151780000000007931e+02 9.199999310519000773e+00 2.177059999999999922e-04 2.166210000000000119e-04 1.082732411880000071e-06
9.989657000000001062e+03 3.186930000000002110e+02 9.250003424809930763e+00 2.171719999999999868e-04 2.165050000000000015e-04 6.647526219000000865e-07
9.993190000000000509e+03 3.222259999999996580e+02 9.299992679227871761e+00 2.166430000000000059e-04 2.163900000000000068e-04 2.520121218000000226e-07
9.996743000000000393e+03 3.257789999999995416e+02 9.349995383647168978e+00 2.161309999999999946e-04 2.162750000000000122e-04 -1.433775647750000033e-07
1.000031500000000051e+04 3.293509999999996580e+02 9.399997362355891894e+00 2.156469999999999904e-04 2.161590000000000017e-04 -5.116159291500000859e-07
1.000390600000000086e+04 3.329420000000000073e+02 9.449998626873716390e+00 2.151979999999999952e-04 2.160440000000000071e-04 -8.440990310800001180e-07
1.000751600000000144e+04 3.365520000000005894e+02 9.499999188477623591e+00 2.147940000000000038e-04 2.159279999999999967e-04 -1.132609297680000081e-06
1.001114500000000044e+04 3.401809999999995853e+02 9.549999058208248570e+00 2.144140000000000108e-04 2.157949999999999896e-04 -1.378804888899999805e-06
1.001479300000000148e+04 3.438290000000006330e+02 9.599998246876134900e+00 2.140920000000000095e-04 2.156609999999999940e-04 -1.566863429399999862e-06
1.001846000000000095e+04 3.474960000000000946e+02 9.649996765067530902e+00 2.138359999999999903e-04 2.155279999999999870e-04 -1.689409762159999993e-06
1.002214600000000064e+04 3.511819999999997890e+02 9.699994623150352879e+00 2.136510000000000048e-04 2.153939999999999913e-04 -1.741055549279999818e-06
1.002585100000000057e+04 3.548869999999997162e+02 9.749991831279691823e+00 2.135399999999999918e-04 2.152610000000000114e-04 -1.719339117030000122e-06
1.002957600000000093e+04 3.586120000000000800e+02 9.800001790649350397e+00 2.135000000000000125e-04 2.151269999999999886e-04 -1.625282333729999991e-06
1.003331900000000132e+04 3.623550000000004729e+02 9.849997660542436861e+00 2.135290000000000083e-04 2.149940000000000087e-04 -1.463730750560000175e-06
1.003708100000000013e+04 3.661169999999992797e+02 9.899992910411349101e+00 2.136159999999999958e-04 2.148600000000000130e-04 -1.243177811400000185e-06
1.004086300000000119e+04 3.698990000000003420e+02 9.950000738971519709e+00 2.137510000000000072e-04 2.147270000000000060e-04 -9.753823666100000905e-07
1.004466300000000047e+04 3.736989999999996144e+02 9.999994710704767087e+00 2.139180000000000074e-04 2.145930000000000103e-04 -6.745988466600000406e-07
1.004848300000000017e+04 3.775189999999993233e+02 1.005000114868389538e+01 2.139780000000000035e-04 2.143360000000000024e-04 -3.576753433600000191e-07
1.005232100000000173e+04 3.813570000000008804e+02 1.009999388080129812e+01 2.140420000000000083e-04 2.140789999999999946e-04 -3.710631306999999925e-08
1.005617900000000009e+04 3.852149999999992360e+02 1.014999896855825234e+01 2.140939999999999868e-04 2.138219999999999867e-04 2.714791022999999766e-07
1.006005600000000049e+04 3.890919999999996435e+02 1.020000336415566800e+01 2.141190000000000010e-04 2.135659999999999946e-04 5.536848046199999816e-07
1.006395100000000093e+04 3.929870000000000800e+02 1.024999427439310828e+01 2.141060000000000131e-04 2.133089999999999867e-04 7.972615853099999362e-07
1.006786599999999999e+04 3.969019999999991342e+02 1.029999737802056003e+01 2.140450000000000013e-04 2.130520000000000059e-04 9.928755830000001049e-07
1.007180000000000109e+04 4.008360000000002401e+02 1.034999981869143859e+01 2.139300000000000067e-04 2.127949999999999980e-04 1.134550589700000016e-06
1.007575300000000061e+04 4.047889999999997599e+02 1.040000160596803624e+01 2.137580000000000090e-04 2.125379999999999902e-04 1.219759832760000032e-06
1.007972500000000036e+04 4.087609999999995125e+02 1.045000274922957395e+01 2.135310000000000127e-04 2.122810000000000094e-04 1.249148439209999890e-06
1.008371600000000035e+04 4.127519999999994980e+02 1.050000325767647524e+01 2.132500000000000064e-04 2.120240000000000015e-04 1.225988495440000028e-06
1.008772600000000057e+04 4.167619999999997162e+02 1.055000314033463127e+01 2.129230000000000077e-04 2.117680000000000094e-04 1.155457032320000132e-06
1.009175500000000102e+04 4.207910000000001673e+02 1.060000240605951660e+01 2.125549999999999868e-04 2.115110000000000015e-04 1.043925231160000093e-06
1.009580300000000170e+04 4.248390000000008513e+02 1.065000106354020559e+01 2.121520000000000111e-04 2.112539999999999937e-04 8.984231237400000313e-07
1.009987000000000080e+04 4.289059999999999491e+02 1.069999912130323594e+01 2.117230000000000056e-04 2.109970000000000129e-04 7.262812135799999562e-07
1.010395600000000013e+04 4.329919999999992797e+02 1.074999658771645983e+01 2.112749999999999990e-04 2.107400000000000050e-04 5.349803491999999758e-07
1.010806100000000151e+04 4.370970000000006621e+02 1.079999347099268014e+01 2.108149999999999933e-04 2.104829999999999971e-04 3.321632222999999778e-07
1.011218600000000151e+04 4.412220000000006621e+02 1.085000187451079867e+01 2.103519999999999945e-04 2.102259999999999893e-04 1.256337905379999954e-07
1.011632900000000154e+04 4.453650000000006912e+02 1.089999756007047793e+01 2.098930000000000045e-04 2.099690000000000085e-04 -7.670230560699999841e-08
1.012049099999999999e+04 4.495269999999991342e+02 1.094999268674365211e+01 2.094459999999999866e-04 2.097129999999999893e-04 -2.670611169799999499e-07
1.012467300000000068e+04 4.537089999999998327e+02 1.099999919253505354e+01 2.090179999999999968e-04 2.094560000000000085e-04 -4.381212097600000471e-07
1.012887300000000141e+04 4.579090000000005602e+02 1.104999317018139138e+01 2.086550000000000004e-04 2.092440000000000044e-04 -5.894089614000000049e-07
1.013309300000000076e+04 4.621289999999999054e+02 1.109999843478247072e+01 2.083200000000000112e-04 2.090320000000000004e-04 -7.116013666399999612e-07
1.013733200000000033e+04 4.663679999999994834e+02 1.115000306461097779e+01 2.080200000000000039e-04 2.088199999999999963e-04 -8.004049717999999872e-07
1.014158899999999994e+04 4.706249999999990905e+02 1.119999535083592512e+01 2.077550000000000056e-04 2.086079999999999922e-04 -8.532400972799998866e-07
1.014586599999999999e+04 4.749019999999991342e+02 1.124999878855518887e+01 2.075269999999999936e-04 2.083959999999999882e-04 -8.692718149999999146e-07
1.015016200000000026e+04 4.791979999999994106e+02 1.130000161609648579e+01 2.073350000000000063e-04 2.081849999999999998e-04 -8.492657252999999433e-07
1.015447700000000077e+04 4.835129999999999200e+02 1.135000384152428943e+01 2.071770000000000122e-04 2.079729999999999958e-04 -7.953386655199999864e-07
1.015881000000000131e+04 4.878460000000004584e+02 1.139999396099402773e+01 2.070499999999999912e-04 2.077609999999999917e-04 -7.107483033900000351e-07
1.016316300000000047e+04 4.921989999999996144e+02 1.144999505609582258e+01 2.069490000000000001e-04 2.075489999999999876e-04 -5.997003825600000167e-07
1.016753500000000167e+04 4.965710000000008222e+02 1.149999557200265876e+01 2.068689999999999874e-04 2.073370000000000107e-04 -4.672629566800000014e-07
1.017192600000000130e+04 5.009620000000004438e+02 1.154999551623658682e+01 2.068059999999999983e-04 2.071250000000000066e-04 -3.192976862500000049e-07
1.017633600000000115e+04 5.053720000000002983e+02 1.159999489618994417e+01 2.067509999999999997e-04 2.069130000000000025e-04 -1.623766320540000053e-07
1.018076500000000124e+04 5.098010000000003856e+02 1.164999371912806048e+01 2.066980000000000054e-04 2.067009999999999985e-04 -3.594819771400000094e-09
1.018521399999999994e+04 5.142499999999990905e+02 1.170000320878794042e+01 2.066399999999999867e-04 2.064900000000000101e-04 1.497451025699999904e-07
1.018968100000000049e+04 5.187169999999996435e+02 1.175000089126910119e+01 2.065690000000000072e-04 2.062780000000000061e-04 2.905735046999999845e-07
1.019416700000000128e+04 5.232030000000004293e+02 1.179999803820086335e+01 2.064789999999999996e-04 2.060660000000000020e-04 4.125544353000000308e-07
1.019867200000000048e+04 5.277079999999996289e+02 1.184999465636193072e+01 2.063649999999999935e-04 2.058539999999999979e-04 5.105549737199999911e-07
1.020319700000000012e+04 5.322329999999992651e+02 1.190000178050000201e+01 2.062239999999999961e-04 2.056419999999999939e-04 5.810003426000000211e-07
1.020774000000000160e+04 5.367760000000007494e+02 1.194999731486378813e+01 2.060540000000000028e-04 2.054299999999999898e-04 6.220338227999999732e-07
1.021230300000000170e+04 5.413390000000008513e+02 1.200000327668433187e+01 2.058530000000000093e-04 2.052180000000000128e-04 6.335018094600000347e-07
1.021688400000000001e+04 5.459199999999991633e+02 1.204999775455864253e+01 2.056229999999999928e-04 2.049979999999999912e-04 6.242968092399999734e-07
1.022148500000000058e+04 5.505209999999997308e+02 1.210000258244341076e+01 2.053660000000000121e-04 2.047770000000000081e-04 5.877263721600000280e-07
1.022610400000000118e+04 5.551400000000003274e+02 1.214999603023216501e+01 2.050839999999999900e-04 2.045559999999999978e-04 5.264800961199999692e-07
1.023074300000000039e+04 5.597789999999995416e+02 1.219999975163982775e+01 2.047800000000000011e-04 2.043349999999999876e-04 4.441997697999999900e-07
1.023540100000000166e+04 5.644370000000008076e+02 1.225000290787352419e+01 2.044600000000000042e-04 2.041140000000000044e-04 3.452465841600000181e-07
1.024007700000000114e+04 5.691130000000002838e+02 1.229999483638340863e+01 2.041280000000000080e-04 2.038929999999999942e-04 2.344912225099999832e-07
1.024477300000000105e+04 5.738090000000001965e+02 1.234999692603370569e+01 2.037899999999999987e-04 2.036720000000000110e-04 1.171162881280000196e-07
1.024948800000000119e+04 5.785240000000003420e+02 1.239999847050670034e+01 2.034500000000000121e-04 2.034519999999999894e-04 -1.570098085079999983e-09
1.025422200000000157e+04 5.832580000000007203e+02 1.244999947637099247e+01 2.031140000000000072e-04 2.032310000000000063e-04 -1.163269856279999996e-07
1.025897500000000036e+04 5.880109999999995125e+02 1.249999995009000209e+01 2.027870000000000085e-04 2.030099999999999960e-04 -2.221741439999999812e-07
1.026374700000000121e+04 5.927830000000003565e+02 1.254999989802412586e+01 2.024740000000000133e-04 2.027890000000000129e-04 -3.145987430399999838e-07
1.026853800000000047e+04 5.975739999999996144e+02 1.259999932643266618e+01 2.021779999999999877e-04 2.025680000000000026e-04 -3.897732428800000353e-07
1.027334800000000178e+04 6.023840000000009240e+02 1.264999824147597351e+01 2.019020000000000059e-04 2.023469999999999924e-04 -4.447445417099999627e-07
1.027817700000000150e+04 6.072130000000006476e+02 1.269999664921724758e+01 2.016479999999999911e-04 2.021269999999999979e-04 -4.775937606800000729e-07
1.028302500000000146e+04 6.120610000000006039e+02 1.274999455562457662e+01 2.014170000000000131e-04 2.019059999999999876e-04 -4.875202085399999424e-07
1.028789300000000003e+04 6.169289999999991778e+02 1.280000221924268899e+01 2.012089999999999907e-04 2.016850000000000045e-04 -4.748875010000000266e-07
1.029277900000000045e+04 6.218149999999995998e+02 1.284999910062373907e+01 2.010220000000000008e-04 2.014639999999999942e-04 -4.411618379200000258e-07
1.029768400000000111e+04 6.267200000000002547e+02 1.289999549833204462e+01 2.008529999999999962e-04 2.012430000000000111e-04 -3.888014759999999948e-07
1.030260900000000038e+04 6.316449999999995271e+02 1.295000155188320790e+01 2.006999999999999995e-04 2.010220000000000008e-04 -3.210783690600000288e-07
1.030755200000000150e+04 6.365880000000006476e+02 1.299999695999270699e+01 2.005590000000000020e-04 2.008009999999999906e-04 -2.418828765900000016e-07
1.031251500000000124e+04 6.415510000000003856e+02 1.305000195753610193e+01 2.003530000000000111e-04 2.005099999999999895e-04 -1.566999685699999792e-07
1.031749600000000100e+04 6.465320000000001528e+02 1.309999639896224366e+01 2.001500000000000132e-04 2.002179999999999997e-04 -6.804268577399999776e-08
1.032249700000000121e+04 6.515330000000003565e+02 1.315000036425042218e+01 1.999459999999999996e-04 1.999260000000000100e-04 1.982120344020000295e-08
1.032751600000000144e+04 6.565520000000005894e+02 1.319999386121069129e+01 1.997380000000000043e-04 1.996350000000000088e-04 1.029154359299999916e-07
1.033255500000000029e+04 6.615909999999994398e+02 1.324999681728444756e+01 1.995210000000000028e-04 1.993429999999999920e-04 1.777280391670000076e-07
1.033761300000000119e+04 6.666490000000003420e+02 1.329999925855785392e+01 1.992929999999999908e-04 1.990510000000000022e-04 2.413334134200000135e-07
1.034269000000000051e+04 6.717259999999996580e+02 1.335000119081543346e+01 1.990519999999999909e-04 1.987600000000000011e-04 2.914696144000000115e-07
1.034778600000000006e+04 6.768219999999992069e+02 1.340000261975536233e+01 1.987950000000000101e-04 1.984680000000000114e-04 3.265652012400000102e-07
1.035290100000000166e+04 6.819370000000008076e+02 1.345000355099102229e+01 1.985230000000000100e-04 1.981759999999999945e-04 3.457695577599999807e-07
1.035803400000000147e+04 6.870700000000006185e+02 1.349999426900405730e+01 1.982340000000000133e-04 1.978849999999999934e-04 3.489662398000000098e-07
1.036318700000000172e+04 6.922230000000008658e+02 1.354999425721090311e+01 1.979310000000000130e-04 1.975930000000000037e-04 3.367498461800000253e-07
1.036836000000000058e+04 6.973959999999997308e+02 1.360000341336681018e+01 1.976120000000000047e-04 1.973009999999999868e-04 3.104215553399999505e-07
1.037355100000000130e+04 7.025870000000004438e+02 1.365000240827748001e+01 1.972820000000000129e-04 1.970100000000000128e-04 2.719112319000000578e-07
1.037876100000000042e+04 7.077969999999995707e+02 1.370000093233265481e+01 1.969419999999999992e-04 1.967179999999999959e-04 2.236467270199999895e-07
1.038399000000000160e+04 7.130260000000007494e+02 1.374999899066882669e+01 1.965950000000000108e-04 1.964260000000000062e-04 1.684024918580000213e-07
1.038923800000000119e+04 7.182740000000003420e+02 1.379999658834792697e+01 1.962439999999999866e-04 1.961350000000000051e-04 1.090893063250000070e-07
1.039450600000000122e+04 7.235420000000003711e+02 1.385000320574944155e+01 1.958910000000000122e-04 1.958429999999999882e-04 4.855496330399999752e-08
1.039979200000000128e+04 7.288280000000004293e+02 1.389999986292721168e+01 1.955410000000000037e-04 1.955509999999999985e-04 -1.057025508869999975e-08
1.040509700000000157e+04 7.341330000000007203e+02 1.394999607444483125e+01 1.951929999999999995e-04 1.952590000000000087e-04 -6.597860187700001333e-08
1.041042200000000048e+04 7.394579999999996289e+02 1.400000121894674088e+01 1.948519999999999972e-04 1.949680000000000076e-04 -1.157193570399999961e-07
1.041576500000000124e+04 7.448010000000003856e+02 1.404999652004390676e+01 1.945759999999999883e-04 1.947370000000000025e-04 -1.606802250179999819e-07
1.042112800000000061e+04 7.501639999999997599e+02 1.410000069722749849e+01 1.943079999999999970e-04 1.945059999999999975e-04 -1.974916670999999841e-07
1.042650900000000001e+04 7.555449999999991633e+02 1.414999510740682886e+01 1.940500000000000005e-04 1.942749999999999924e-04 -2.248072589999999958e-07
1.043191000000000167e+04 7.609460000000008222e+02 1.419999833743982087e+01 1.938019999999999988e-04 1.940439999999999873e-04 -2.416759806800000153e-07
1.043733000000000175e+04 7.663660000000008949e+02 1.425000108506987928e+01 1.935650000000000077e-04 1.938130000000000094e-04 -2.475767262000000226e-07
1.044276900000000023e+04 7.718049999999993815e+02 1.430000335535745037e+01 1.933390000000000000e-04 1.935820000000000043e-04 -2.424750057399999820e-07
1.044822600000000057e+04 7.772619999999997162e+02 1.434999600805615394e+01 1.931240000000000029e-04 1.933509999999999992e-04 -2.268355261799999887e-07
1.045370300000000134e+04 7.827390000000004875e+02 1.439999737031419258e+01 1.929180000000000120e-04 1.931199999999999941e-04 -2.016269359999999890e-07
1.045919900000000052e+04 7.882349999999996726e+02 1.444999826977243274e+01 1.927210000000000002e-04 1.928889999999999891e-04 -1.682570746999999915e-07
1.046471399999999994e+04 7.937499999999990905e+02 1.449999871121855932e+01 1.925290000000000128e-04 1.926580000000000111e-04 -1.284965282860000104e-07
1.047024800000000141e+04 7.992840000000005602e+02 1.454999869937440948e+01 1.923430000000000116e-04 1.924270000000000060e-04 -8.437250455500000630e-08
1.047580100000000130e+04 8.048370000000004438e+02 1.459999823889704196e+01 1.921579999999999989e-04 1.921960000000000010e-04 -3.805115627599999932e-08
1.048137300000000141e+04 8.104090000000005602e+02 1.464999733437993967e+01 1.919740000000000021e-04 1.919649999999999959e-04 8.271695063999999564e-09
1.048696399999999994e+04 8.159999999999990905e+02 1.469999599035402760e+01 1.917870000000000122e-04 1.917350000000000066e-04 5.247480174000000236e-08
1.049257500000000073e+04 8.216109999999998763e+02 1.475000310851984153e+01 1.915960000000000135e-04 1.915040000000000015e-04 9.260616379199999696e-08
1.049820400000000154e+04 8.272400000000006912e+02 1.480000086876742849e+01 1.913999999999999903e-04 1.912729999999999964e-04 1.269748595929999861e-07
1.050385200000000077e+04 8.328879999999999200e+02 1.484999820293695727e+01 1.911960000000000038e-04 1.910419999999999913e-04 1.542354661959999836e-07
1.050951900000000023e+04 8.385549999999993815e+02 1.489999511531759246e+01 1.909849999999999883e-04 1.908110000000000134e-04 1.734582660380000182e-07
1.051520600000000013e+04 8.442419999999992797e+02 1.495000038834715639e+01 1.907649999999999938e-04 1.905800000000000083e-04 1.841709851800000206e-07
1.052091100000000006e+04 8.499469999999992069e+02 1.499999644053035652e+01 1.905359999999999931e-04 1.903490000000000032e-04 1.863608077520000047e-07
1.052663600000000042e+04 8.556719999999995707e+02 1.505000080352494152e+01 1.902379999999999902e-04 1.900559999999999977e-04 1.816467822239999956e-07
1.053237900000000081e+04 8.614149999999999636e+02 1.509999601276538961e+01 1.899340000000000013e-04 1.897629999999999922e-04 1.697447113669999996e-07
1.053814200000000164e+04 8.671780000000007931e+02 1.514999948352456727e+01 1.896230000000000105e-04 1.894710000000000025e-04 1.513956657239999991e-07
1.054392400000000089e+04 8.729600000000000364e+02 1.520000250044720680e+01 1.893060000000000066e-04 1.891779999999999970e-04 1.275088096699999932e-07
1.054972400000000016e+04 8.787599999999993088e+02 1.524999646248021534e+01 1.889849999999999939e-04 1.888849999999999915e-04 9.913289232000000507e-08
1.055554400000000169e+04 8.845800000000008367e+02 1.529999861318791687e+01 1.886599999999999996e-04 1.885930000000000017e-04 6.743010699900000480e-08
1.056138300000000163e+04 8.904190000000007785e+02 1.535000032309406492e+01 1.883339999999999895e-04 1.882999999999999962e-04 3.366069630000000026e-08
1.056724100000000180e+04 8.962770000000009532e+02 1.540000159649233424e+01 1.880060000000000021e-04 1.880069999999999907e-04 -8.298271766699999500e-10
1.057311800000000039e+04 9.021539999999995416e+02 1.545000243762076586e+01 1.876799999999999920e-04 1.877140000000000124e-04 -3.463848899200000136e-08
1.057901400000000103e+04 9.080500000000001819e+02 1.550000285066271566e+01 1.873549999999999977e-04 1.874219999999999955e-04 -6.634532635799999141e-08
1.058492900000000009e+04 9.139649999999992360e+02 1.555000283974763242e+01 1.870340000000000121e-04 1.871289999999999900e-04 -9.457162827799999378e-08
1.059086300000000119e+04 9.198990000000003420e+02 1.560000240895206147e+01 1.867179999999999968e-04 1.868360000000000116e-04 -1.180538212880000086e-07
1.059681600000000071e+04 9.258519999999998618e+02 1.565000156230034989e+01 1.864079999999999947e-04 1.865439999999999948e-04 -1.357232584480000006e-07
1.060278800000000047e+04 9.318239999999996144e+02 1.570000030376558620e+01 1.861040000000000057e-04 1.862509999999999893e-04 -1.467793843229999840e-07
1.060877900000000045e+04 9.378149999999995998e+02 1.574999863727037663e+01 1.858069999999999915e-04 1.859580000000000109e-04 -1.507587540120000096e-07
1.061478900000000067e+04 9.438249999999998181e+02 1.579999656668763386e+01 1.855179999999999948e-04 1.856650000000000054e-04 -1.475761965800000075e-07
1.062081900000000132e+04 9.498550000000004729e+02 1.585000237559912861e+01 1.852350000000000112e-04 1.853729999999999885e-04 -1.375456537619999895e-07
1.062686700000000019e+04 9.559029999999993379e+02 1.589999948222973103e+01 1.849579999999999866e-04 1.850800000000000101e-04 -1.213667652400000080e-07
1.063293400000000111e+04 9.619700000000002547e+02 1.594999619626465837e+01 1.846870000000000022e-04 1.847870000000000046e-04 -1.000884002539999927e-07
1.063902100000000064e+04 9.680569999999997890e+02 1.600000072352006342e+01 1.844190000000000109e-04 1.844949999999999878e-04 -7.503448548999999156e-08
1.064512600000000020e+04 9.741619999999993524e+02 1.604999663780897734e+01 1.841670000000000004e-04 1.842160000000000130e-04 -4.835043665600000476e-08
1.065125100000000020e+04 9.802869999999993524e+02 1.610000032175624085e+01 1.839160000000000057e-04 1.839370000000000111e-04 -2.077917895299999908e-08
1.065739400000000023e+04 9.864299999999993815e+02 1.614999545128956981e+01 1.836639999999999952e-04 1.836580000000000092e-04 6.251020419599999856e-09
1.066355700000000070e+04 9.925929999999998472e+02 1.619999830736508173e+01 1.834109999999999961e-04 1.833790000000000073e-04 3.145683366000000393e-08
1.066973900000000140e+04 9.987750000000005457e+02 1.625000074271174100e+01 1.831539999999999883e-04 1.831009999999999940e-04 5.377438338699999848e-08
1.067594000000000051e+04 1.004975999999999658e+03 1.630000276120146196e+01 1.828939999999999874e-04 1.828219999999999921e-04 7.240464205799998933e-08
1.068215900000000147e+04 1.011195000000000618e+03 1.634999634010571157e+01 1.826300000000000048e-04 1.825429999999999902e-04 8.682767320799998472e-08
1.068839800000000105e+04 1.017434000000000196e+03 1.639999756078028526e+01 1.823609999999999977e-04 1.822639999999999883e-04 9.678929229599998572e-08
1.069465600000000086e+04 1.023692000000000007e+03 1.644999837578324531e+01 1.820880000000000090e-04 1.819850000000000135e-04 1.022659247950000173e-07
1.070093300000000090e+04 1.029969000000000051e+03 1.649999878880258208e+01 1.818099999999999957e-04 1.817060000000000116e-04 1.034192418420000183e-07
1.070722900000000118e+04 1.036265000000000327e+03 1.654999880348167807e+01 1.815280000000000008e-04 1.814279999999999983e-04 1.005493933079999918e-07
1.071354400000000169e+04 1.042580000000000837e+03 1.659999842341998999e+01 1.812430000000000128e-04 1.811489999999999964e-04 9.405002471400001006e-08
1.071987800000000061e+04 1.048913999999999760e+03 1.664999765217370253e+01 1.809550000000000047e-04 1.808699999999999945e-04 8.437929152999999058e-08
1.072623100000000159e+04 1.055267000000000735e+03 1.669999649325643176e+01 1.806629999999999879e-04 1.805909999999999926e-04 7.203756930899999930e-08
1.073260400000000118e+04 1.061640000000000327e+03 1.675000278501465445e+01 1.803700000000000095e-04 1.803119999999999907e-04 5.755955726399999471e-08
1.073899500000000080e+04 1.068030999999999949e+03 1.680000083781163056e+01 1.800749999999999996e-04 1.800340000000000046e-04 4.151277982200000180e-08
1.074540500000000065e+04 1.074440999999999804e+03 1.684999851336750964e+01 1.797790000000000011e-04 1.797550000000000027e-04 2.449844944000000238e-08
1.075183400000000074e+04 1.080869999999999891e+03 1.689999581503042947e+01 1.794830000000000026e-04 1.794760000000000008e-04 7.152818556400000283e-09
1.075828300000000127e+04 1.087319000000000415e+03 1.695000048853803776e+01 1.791870000000000040e-04 1.791969999999999989e-04 -9.862321931400000326e-09
1.076475000000000000e+04 1.093785999999999149e+03 1.699999702953162384e+01 1.788919999999999942e-04 1.789179999999999970e-04 -2.587691033999999958e-08
1.077123700000000099e+04 1.100273000000000138e+03 1.705000090359421705e+01 1.786020000000000088e-04 1.786430000000000038e-04 -4.080027477000000179e-08
1.077774200000000019e+04 1.106777999999999338e+03 1.709999669737669947e+01 1.783140000000000007e-04 1.783669999999999950e-04 -5.356093459499999890e-08
1.078426700000000164e+04 1.113303000000000793e+03 1.714999978582681095e+01 1.780279999999999970e-04 1.780920000000000018e-04 -6.358311820800000346e-08
1.079081100000000151e+04 1.119847000000000662e+03 1.720000247543493188e+01 1.777460000000000021e-04 1.778170000000000087e-04 -7.042175559500000593e-08
1.079737300000000141e+04 1.126409000000000560e+03 1.724999716189330812e+01 1.774670000000000002e-04 1.775409999999999998e-04 -7.380166320800000107e-08
1.080395500000000175e+04 1.132991000000000895e+03 1.729999908617111259e+01 1.771920000000000071e-04 1.772660000000000067e-04 -7.364657782800000953e-08
1.081055600000000049e+04 1.139591999999999643e+03 1.735000062176534996e+01 1.769200000000000069e-04 1.769899999999999978e-04 -7.008361525000000136e-08
1.081717600000000130e+04 1.146212000000000444e+03 1.740000177202687226e+01 1.766509999999999999e-04 1.767150000000000047e-04 -6.343803427499999928e-08
1.082381500000000051e+04 1.152850999999999658e+03 1.745000254026803788e+01 1.763850000000000129e-04 1.764400000000000115e-04 -5.420130936000000672e-08
1.083047200000000157e+04 1.159508000000000720e+03 1.749999543066898866e+01 1.761210000000000032e-04 1.761640000000000027e-04 -4.299106256000000170e-08
1.083714900000000125e+04 1.166185000000000400e+03 1.754999546602061855e+01 1.758580000000000093e-04 1.758890000000000095e-04 -3.049915260000000629e-08
1.084384600000000137e+04 1.172882000000000517e+03 1.760000258542844165e+01 1.755960000000000040e-04 1.756130000000000007e-04 -1.743614061489999767e-08
1.085056100000000151e+04 1.179597000000000662e+03 1.765000185796258236e+01 1.753330000000000101e-04 1.753380000000000075e-04 -4.481902287000000036e-09
1.085729500000000007e+04 1.186330999999999221e+03 1.770000076448077309e+01 1.750699999999999891e-04 1.750619999999999986e-04 7.757609937000000996e-09
1.086404800000000068e+04 1.193083999999999833e+03 1.774999930807606319e+01 1.748060000000000065e-04 1.747870000000000055e-04 1.877929006700000047e-08
1.087082000000000153e+04 1.199856000000000677e+03 1.779999749180669255e+01 1.745399999999999925e-04 1.745120000000000124e-04 2.819887054400000325e-08
1.087761200000000099e+04 1.206648000000000138e+03 1.785000267075001545e+01 1.742720000000000011e-04 1.742360000000000035e-04 3.575287872799999952e-08
1.088442200000000048e+04 1.213457999999999629e+03 1.790000012325396739e+01 1.740020000000000054e-04 1.739610000000000104e-04 4.129173088199999931e-08
1.089125100000000020e+04 1.220286999999999352e+03 1.794999722497873762e+01 1.737300000000000053e-04 1.736850000000000015e-04 4.476400873499999445e-08
1.089810000000000036e+04 1.227135999999999513e+03 1.800000126963416491e+01 1.734560000000000008e-04 1.734100000000000084e-04 4.619989220000000545e-08
1.090496700000000055e+04 1.234002999999999702e+03 1.804999765834250525e+01 1.731480000000000031e-04 1.731020000000000106e-04 4.626722186600000112e-08
1.091185400000000118e+04 1.240890000000000327e+03 1.810000095556193855e+01 1.728380000000000010e-04 1.727929999999999972e-04 4.456366028599999836e-08
1.091875900000000183e+04 1.247795000000000982e+03 1.814999664313377892e+01 1.725259999999999945e-04 1.724849999999999994e-04 4.121270347499999756e-08
1.092568400000000111e+04 1.254720000000000255e+03 1.819999920511059344e+01 1.722129999999999993e-04 1.721770000000000017e-04 3.637704002900000096e-08
1.093262800000000061e+04 1.261663999999999760e+03 1.825000139407742239e+01 1.718979999999999998e-04 1.718679999999999882e-04 3.026131436399999769e-08
1.093959000000000015e+04 1.268625999999999294e+03 1.829999604182691897e+01 1.715830000000000003e-04 1.715599999999999905e-04 2.311547972000000091e-08
1.094657200000000012e+04 1.275607999999999265e+03 1.834999751345401720e+01 1.712670000000000121e-04 1.712510000000000041e-04 1.523332445320000099e-08
1.095357300000000032e+04 1.282608999999999469e+03 1.839999862103797668e+01 1.709500000000000082e-04 1.709430000000000064e-04 6.949687665000000472e-09
1.096059300000000076e+04 1.289628999999999905e+03 1.844999936753855607e+01 1.706330000000000043e-04 1.706350000000000087e-04 -1.372103336600000276e-09
1.096763200000000143e+04 1.296668000000000575e+03 1.849999975588350765e+01 1.703169999999999890e-04 1.703259999999999952e-04 -9.356756614399999347e-09
1.097469000000000051e+04 1.303725999999999658e+03 1.854999978896898227e+01 1.700010000000000009e-04 1.700179999999999975e-04 -1.663972966719999938e-08
1.098176700000000164e+04 1.310803000000000793e+03 1.859999946965999484e+01 1.696869999999999900e-04 1.697099999999999997e-04 -2.289150306000000019e-08
1.098886300000000119e+04 1.317899000000000342e+03 1.864999880079077599e+01 1.693730000000000062e-04 1.694010000000000134e-04 -2.784122375100000046e-08
1.099597800000000097e+04 1.325014000000000124e+03 1.869999778516526234e+01 1.690619999999999883e-04 1.690929999999999885e-04 -3.129657790499999748e-08
1.100311200000000099e+04 1.332148000000000138e+03 1.874999642555744828e+01 1.687509999999999976e-04 1.687849999999999908e-04 -3.315511268999999780e-08
1.101026600000000144e+04 1.339302000000000589e+03 1.880000170525213576e+01 1.684429999999999998e-04 1.684760000000000044e-04 -3.340912775200000206e-08
1.101743800000000010e+04 1.346473999999999251e+03 1.884999964736870126e+01 1.681359999999999908e-04 1.681680000000000067e-04 -3.214161350399999904e-08
1.102462900000000081e+04 1.353664999999999964e+03 1.889999725374743278e+01 1.678299999999999974e-04 1.678600000000000090e-04 -2.951364878000000297e-08
1.103184000000000015e+04 1.360875999999999294e+03 1.895000145233121813e+01 1.675249999999999927e-04 1.675509999999999955e-04 -2.574705951699999722e-08
1.103906900000000132e+04 1.368105000000000473e+03 1.899999837695523297e+01 1.672219999999999924e-04 1.672429999999999978e-04 -2.110523038499999946e-08
1.104631800000000112e+04 1.375354000000000269e+03 1.905000186275797347e+01 1.669519999999999967e-04 1.669680000000000047e-04 -1.608394395599999904e-08
1.105358500000000095e+04 1.382621000000000095e+03 1.909999811641651135e+01 1.666829999999999896e-04 1.666930000000000115e-04 -1.064139774190000031e-08
1.106087200000000121e+04 1.389908000000000357e+03 1.915000090049556647e+01 1.664129999999999939e-04 1.664179999999999913e-04 -5.038754278599999539e-09
1.106817700000000150e+04 1.397213000000000648e+03 1.919999649375225559e+01 1.661439999999999868e-04 1.661439999999999868e-04 4.768000511999999754e-10
1.107550200000000041e+04 1.404537999999999556e+03 1.924999858693634280e+01 1.658739999999999911e-04 1.658689999999999937e-04 5.681361574899999240e-09
1.108284600000000137e+04 1.411882000000000517e+03 1.930000032983281955e+01 1.656039999999999953e-04 1.655940000000000005e-04 1.038037580579999854e-08
1.109020900000000074e+04 1.419244999999999891e+03 1.935000172515716343e+01 1.653339999999999996e-04 1.653190000000000074e-04 1.441196486730000092e-08
1.109759000000000015e+04 1.426625999999999294e+03 1.939999601094996962e+01 1.650619999999999995e-04 1.650439999999999872e-04 1.764848500799999725e-08
1.110499100000000180e+04 1.434027000000000953e+03 1.944999673655498640e+01 1.647890000000000108e-04 1.647689999999999940e-04 1.999702491599999907e-08
1.111241100000000006e+04 1.441446999999999207e+03 1.949999712247841188e+01 1.645159999999999949e-04 1.644949999999999895e-04 2.140030601499999859e-08
1.111985000000000036e+04 1.448885999999999513e+03 1.954999717132657011e+01 1.642419999999999904e-04 1.642199999999999964e-04 2.183715449999999690e-08
1.112730800000000090e+04 1.456344000000000051e+03 1.959999688567909004e+01 1.639660000000000087e-04 1.639450000000000033e-04 2.132481798500000166e-08
1.113478499999999985e+04 1.463820999999999003e+03 1.964999626808936739e+01 1.636899999999999998e-04 1.636700000000000101e-04 1.991945735000000059e-08
1.114228200000000106e+04 1.471318000000000211e+03 1.970000198271708669e+01 1.634130000000000023e-04 1.633949999999999899e-04 1.771708324500000090e-08
1.114979700000000048e+04 1.478832999999999629e+03 1.975000069193515273e+01 1.631349999999999890e-04 1.631210000000000125e-04 1.485125357240000205e-08
1.115733100000000013e+04 1.486366999999999280e+03 1.979999907680209859e+01 1.628570000000000028e-04 1.628459999999999923e-04 1.148811763140000052e-08
1.116488400000000183e+04 1.493920000000000982e+03 1.984999713976887392e+01 1.625789999999999896e-04 1.625709999999999991e-04 7.818185703899999983e-09
1.117245700000000033e+04 1.501492999999999483e+03 1.990000147794302876e+01 1.622999999999999877e-04 1.622960000000000060e-04 4.044611075200000367e-09
1.118004800000000068e+04 1.509083999999999833e+03 1.994999888783677733e+01 1.620220000000000015e-04 1.620210000000000129e-04 3.694338033600000037e-10
1.118765900000000147e+04 1.516695000000000618e+03 2.000000254482677065e+01 1.617429999999999996e-04 1.617459999999999926e-04 -3.020994740399999676e-09
