# r  chir_mag  chir_re  chir_im
0.000000000000000000e+00 1.060178359808025376e-02 -1.060178359808025376e-02 0.000000000000000000e+00
3.067961575771282340e-02 1.086901252490095511e-02 -1.077740845252680296e-02 1.408154932476420951e-03
6.135923151542564680e-02 1.156030376657802596e-02 -1.108227986931557482e-02 3.289938612454772725e-03
9.203884727313846326e-02 1.242181216170074737e-02 -1.098703787748097314e-02 5.795378853826120384e-03
1.227184630308512936e-01 1.319139153638529925e-02 -9.983128297815228175e-03 8.622642289668433144e-03
1.533980787885641239e-01 1.367971553466896216e-02 -7.905591177924005397e-03 1.116406042786375827e-02
1.840776945462769265e-01 1.380061134179446855e-02 -5.055398900693466001e-03 1.284133230479351032e-02
2.147573103039897569e-01 1.358499285227284664e-02 -2.044584022746686377e-03 1.343025342166830755e-02
2.454369260617025872e-01 1.319014059319893045e-02 5.471222628020649785e-04 1.317878849128024249e-02
2.761165418194154175e-01 1.288793041093635322e-02 2.500632331023201933e-03 1.264300550589848859e-02
3.067961575771282479e-01 1.298798212771190910e-02 4.072099082888987372e-03 1.233311350831162168e-02
3.374757733348410782e-01 1.367696807921526918e-02 5.818301055209359335e-03 1.237767460675966678e-02
3.681553890925538530e-01 1.488848057003934293e-02 8.227799868871347316e-03 1.240847142085759261e-02
3.988350048502666834e-01 1.634559369650933139e-02 1.137023372853558645e-02 1.174292204904032154e-02
4.295146206079795137e-01 1.770789828770289245e-02 1.477015284303072502e-02 9.767919264671593577e-03
4.601942363656923440e-01 1.868240534280574475e-02 1.758443346576046146e-02 6.310306575844002591e-03
4.908738521234051744e-01 1.907151913532501714e-02 1.898772928341661143e-02 1.785771202800522268e-03
5.215534678811180047e-01 1.878567012270868433e-02 1.855208505364486574e-02 -2.953225714630777592e-03
5.522330836388308350e-01 1.783634830972255850e-02 1.641587290531954652e-02 -6.975273312361197388e-03
5.829126993965436654e-01 1.631028159619991175e-02 1.316862282322512137e-02 -9.623547094859146236e-03
6.135923151542564957e-01 1.432153799602204139e-02 9.551937730930196505e-03 -1.067084514721936689e-02
6.442719309119693261e-01 1.194521319184355806e-02 6.184013443241928761e-03 -1.021988727591437163e-02
6.749515466696821564e-01 9.156277856311468774e-03 3.485828476419943270e-03 -8.466783569630178391e-03
7.056311624273949867e-01 5.838228289040739254e-03 1.834640557507210548e-03 -5.542472695440654393e-03
7.363107781851077061e-01 2.398012920145669875e-03 1.789831789615415562e-03 -1.595922344623208712e-03
7.669903939428205364e-01 5.059319661843875333e-03 4.148926171559862500e-03 2.895363027957917421e-03
7.976700097005333667e-01 1.182204045857005760e-02 9.670442004342031522e-03 6.800234705120448628e-03
8.283496254582461971e-01 2.028833947971512425e-02 1.851691296128163064e-02 8.290998325201120317e-03
8.590292412159590274e-01 3.016676919580011176e-02 2.970265992976760250e-02 5.271238640893884976e-03
8.897088569736718577e-01 4.110079796639196092e-02 4.092450173809900060e-02 -3.802729409582215718e-03
9.203884727313846881e-01 5.259735167790754312e-02 4.902060530490478379e-02 -1.906467044221390322e-02
9.510680884890975184e-01 6.408163230548352685e-02 5.098243746692076445e-02 -3.882327483439160232e-02
9.817477042468103487e-01 7.499582141459626428e-02 4.509996602842660657e-02 -5.991966533522014027e-02
1.012427320004523068e+00 8.493325742065149786e-02 3.165624324698091546e-02 -7.881332678913274825e-02
1.043106935762236009e+00 9.380133468986055767e-02 1.273481398687371056e-02 -9.293285157746405956e-02
1.073786551519948729e+00 1.019899262916690030e-01 -8.871579792352818003e-03 -1.016033470756155382e-01
1.104466167277661670e+00 1.104806973709734075e-01 -3.116204464405918778e-02 -1.059948652774193173e-01
1.135145783035374389e+00 1.207742259529005213e-01 -5.405040792447667747e-02 -1.080044770262785919e-01
1.165825398793087331e+00 1.345206823560905485e-01 -7.942558352036216407e-02 -1.085697502253651914e-01
1.196505014550800050e+00 1.529443796820097179e-01 -1.099690510798804061e-01 -1.062957716981508260e-01
1.227184630308512991e+00 1.764216191030967273e-01 -1.472205697745049002e-01 -9.721466721759776386e-02
1.257864246066225711e+00 2.044928129066188871e-01 -1.898606410680423739e-01 -7.596214520202422549e-02
1.288543861823938652e+00 2.362205775660266849e-01 -2.331612101130503545e-01 -3.789474058817674657e-02
1.319223477581651371e+00 2.706489244670030048e-01 -2.699878674114870036e-01 1.890480800597620081e-02
1.349903093339364313e+00 3.072282841392295349e-01 -2.928734334957401320e-01 9.281363330648931265e-02
1.380582709097077032e+00 3.461704597457946342e-01 -2.959939309742988800e-01 1.795037047723438417e-01
1.411262324854789973e+00 3.886905328652343061e-01 -2.758100238086736433e-01 2.738780040560370721e-01
1.441941940612502693e+00 4.370388353789094182e-01 -2.298509979732735187e-01 3.717142213583490284e-01
1.472621556370215412e+00 4.942111483465262967e-01 -1.543444551192922620e-01 4.694916914322563861e-01
1.503301172127928353e+00 5.633227707465165990e-01 -4.250354051844162234e-02 5.617170044470165546e-01
1.533980787885641073e+00 6.468245305432357428e-01 1.144306812195661077e-01 6.366220169834713172e-01
1.564660403643354014e+00 7.458609070777739714e-01 3.222344135370269758e-01 6.726614865140773114e-01
1.595340019401066733e+00 8.599772785964708843e-01 5.756588424588979791e-01 6.388879532445997933e-01
1.626019635158779675e+00 9.871680543632067595e-01 8.503516005065588912e-01 5.014009603811830917e-01
1.656699250916492394e+00 1.124125970440504441e+00 1.099141192413565449e+00 2.356858853611969729e-01
1.687378866674205335e+00 1.266561306203475290e+00 1.256615086686366345e+00 -1.584173799937045601e-01
1.718058482431918055e+00 1.409524426590904822e+00 1.253389270181164195e+00 -6.448057432678057088e-01
1.748738098189630996e+00 1.547713215491205885e+00 1.037565542336992497e+00 -1.148422371238504880e+00
1.779417713947343715e+00 1.675765020938170480e+00 5.970821371989033510e-01 -1.565784572295275012e+00
1.810097329705056657e+00 1.788533523084095300e+00 -2.530823453496485603e-02 -1.788354454927861825e+00
1.840776945462769376e+00 1.881346578971939243e+00 -7.316546023230227069e-01 -1.733247383701749023e+00
1.871456561220482318e+00 1.950237238256305794e+00 -1.386102303934104940e+00 -1.371913149040473678e+00
1.902136176978195037e+00 1.992138308130162905e+00 -1.846942099017332195e+00 -7.466055997627923935e-01
1.932815792735907978e+00 2.005031013679619001e+00 -2.004766139188822738e+00 3.258976801179439692e-02
1.963495408493620697e+00 1.988039978666771512e+00 -1.814919679591129320e+00 8.113997248028926856e-01
1.994175024251333417e+00 1.941469450886917469e+00 -1.313300309145450262e+00 1.429876192796289969e+00
2.024854640009046136e+00 1.866778991563461609e+00 -6.094379390357316240e-01 1.764496869310505422e+00
2.055534255766759077e+00 1.766500379344149163e+00 1.418858424575661081e-01 1.760793002579556399e+00
2.086213871524472019e+00 1.644100937005536611e+00 7.820463818845069248e-01 1.446192016173452499e+00
2.116893487282184960e+00 1.503801608998981409e+00 1.190187687709413744e+00 9.191694877729810198e-01
2.147573103039897457e+00 1.350360683266033979e+00 1.312238196219100539e+00 3.185983228053030913e-01
2.178252718797610399e+00 1.188835895790254504e+00 1.168965604110219658e+00 -2.164490783686681408e-01
2.208932334555323340e+00 1.024338672946516038e+00 8.418918908232250198e-01 -5.835132912453019349e-01
2.239611950313036282e+00 8.617944090176825611e-01 4.431767172751091555e-01 -7.391102763995334168e-01
2.270291566070748779e+00 7.057219663467197979e-01 8.035653799227381044e-02 -7.011321705542948868e-01
2.300971181828461720e+00 5.600441269421021495e-01 -1.724718768367950461e-01 -5.328253708512150633e-01
2.331650797586174662e+00 4.279387524557592415e-01 -2.887859397441991938e-01 -3.158073096992077833e-01
2.362330413343887603e+00 3.117385056645998742e-01 -2.867288451860176002e-01 -1.223415924871444072e-01
2.393010029101600100e+00 2.128871054233335280e-01 -2.128491495517572663e-01 4.019849576686082386e-03
2.423689644859313042e+00 1.319717583497160840e-01 -1.201930876577608359e-01 5.449923560206762496e-02
2.454369260617025983e+00 6.894676107038365254e-02 -4.919453043107011730e-02 4.830687360783233325e-02
2.485048876374738480e+00 2.496345636332763379e-02 -1.740406675547218063e-02 1.789616199007013422e-02
2.515728492132451422e+00 2.101614263678035568e-02 -1.986170194347997020e-02 -6.869574021572313199e-03
2.546408107890164363e+00 3.891298712980911095e-02 -3.769849580921447868e-02 -9.645930804610210532e-03
2.577087723647877304e+00 5.082673716277377740e-02 -4.995322637612780586e-02 9.382557499371833518e-03
2.607767339405589802e+00 5.753739556113703774e-02 -4.335889936456988059e-02 3.782271452251746713e-02
2.638446955163302743e+00 6.171524703991123489e-02 -1.669563471726104656e-02 5.941403452539693875e-02
2.669126570921015684e+00 6.557544815544687211e-02 2.085656899716601190e-02 6.217027368810720822e-02
2.699806186678728626e+00 7.016748595056984672e-02 5.540983722413291013e-02 4.304911176108645182e-02
2.730485802436441123e+00 7.533439931777997922e-02 7.491183231704326428e-02 7.968004736062959600e-03
2.761165418194154064e+00 8.026014742758331988e-02 7.366800617818926311e-02 -3.185460925561129503e-02
2.791845033951867006e+00 8.408961942709065884e-02 5.342297868020182139e-02 -6.493881308068114033e-02
2.822524649709579947e+00 8.627548381963968949e-02 2.133239993073204194e-02 -8.359657780978964337e-02
2.853204265467292444e+00 8.666401273307650088e-02 -1.360741683293539145e-02 -8.558907237570455295e-02
2.883883881225005386e+00 8.543459715958540146e-02 -4.382293898402420812e-02 -7.333907833224474759e-02
2.914563496982718327e+00 8.297049722572084895e-02 -6.487460441282257018e-02 -5.172416371642110655e-02
2.945243112740430824e+00 7.970340280277493639e-02 -7.540106443379025747e-02 -2.583238085412956769e-02
2.975922728498143766e+00 7.596809092703447897e-02 -7.596742683864286805e-02 3.176454212198164310e-04
3.006602344255856707e+00 7.190925581234199060e-02 -6.783152706219833239e-02 2.387100768495324307e-02
3.037281960013569648e+00 6.747590693540128637e-02 -5.238061887595125976e-02 4.253550026656878480e-02
3.067961575771282146e+00 6.250787504197752309e-02 -3.137428165904874305e-02 5.406374841464615250e-02
3.098641191528995087e+00 5.688344037197368835e-02 -7.548022579727624998e-03 5.638043227652487360e-02
3.129320807286708028e+00 5.068979739496942000e-02 1.509975046439675748e-02 4.838856368870643465e-02
3.160000423044420970e+00 4.440304640297052657e-02 3.180845335889623954e-02 3.098149164871305539e-02
3.190680038802133467e+00 3.906833265318802872e-02 3.832513027615437606e-02 7.584128533717832826e-03
3.221359654559846408e+00 3.628796738529477955e-02 3.244202099388741878e-02 -1.625828560421994223e-02
3.252039270317559350e+00 3.743208827964487895e-02 1.508709934334238542e-02 -3.425697981987387009e-02
3.282718886075272291e+00 4.235009397450848617e-02 -9.589305309781659750e-03 -4.125015979757525042e-02
3.313398501832984788e+00 4.956589127945631307e-02 -3.525443891385170864e-02 -3.484109807678829884e-02
3.344078117590697730e+00 5.751667473479552678e-02 -5.519771710802967579e-02 -1.616724771289763940e-02
3.374757733348410671e+00 6.508258158708322971e-02 -6.423537599082186633e-02 1.046703861448351584e-02
3.405437349106123612e+00 7.155386017798397169e-02 -6.005293945628504410e-02 3.890500442141400089e-02
3.436116964863836110e+00 7.651398768189210386e-02 -4.359716769617254239e-02 6.287827351205299564e-02
3.466796580621549051e+00 7.975354884520782783e-02 -1.851953649796095683e-02 7.757354781950895339e-02
3.497476196379261992e+00 8.120914040371099429e-02 1.000528022805339048e-02 8.059043896559794917e-02
3.528155812136974490e+00 8.091508016164418449e-02 3.663180733293178865e-02 7.214818701179032123e-02
3.558835427894687431e+00 7.896425876245748154e-02 5.698267390269805277e-02 5.466561109878053520e-02
3.589515043652400372e+00 7.547993883679572635e-02 6.837321785704472688e-02 3.197380563335436993e-02
3.620194659410113314e+00 7.060199010190773561e-02 7.009917615332671159e-02 8.411094398159443819e-03
3.650874275167825811e+00 6.449041766329106917e-02 6.335660929670723640e-02 -1.203968557770979629e-02
3.681553890925538752e+00 5.734823477151477361e-02 5.086357029896541870e-02 -2.648994616549793166e-02
3.712233506683251694e+00 4.946810840957525240e-02 3.622075675495881053e-02 -3.369199503917207073e-02
3.742913122440964635e+00 4.131817143146331028e-02 2.305570488788240627e-02 -3.428739947214816397e-02
3.773592738198677132e+00 3.370555252231879212e-02 1.407281648414402016e-02 -3.062711391950594803e-02
3.804272353956390074e+00 2.803059661448973131e-02 1.024370270103800232e-02 -2.609177842802191949e-02
3.834951969714103015e+00 2.616933990994097306e-02 1.043574002428334334e-02 -2.399853498586111689e-02
3.865631585471815956e+00 2.886611120504942174e-02 1.171360131101615264e-02 -2.638264430319372730e-02
3.896311201229528454e+00 3.466101116625268375e-02 1.034130790586067564e-02 -3.308236759760819351e-02
3.926990816987241395e+00 4.166037930952833784e-02 3.227338460389581661e-03 -4.153518376841334320e-02
3.957670432744954336e+00 4.866712760267374871e-02 -1.068100817293643132e-02 -4.748057890869269992e-02
3.988350048502666834e+00 5.506229556703647748e-02 -2.960971056618421499e-02 -4.642328546428487607e-02
4.019029664260379775e+00 6.056914407913539800e-02 -4.916173984558769999e-02 -3.538000211749310620e-02
4.049709280018092272e+00 6.512299747106260750e-02 -6.354161875552029326e-02 -1.426420294107380582e-02
4.080388895775805658e+00 6.879556772573199031e-02 -6.742755092370442127e-02 1.365120929211120250e-02
4.111068511533518155e+00 7.173509147618034598e-02 -5.783947832977655301e-02 4.243251224751218298e-02
4.141748127291231540e+00 7.410973327537127842e-02 -3.532181604843778744e-02 6.515076267540538535e-02
4.172427743048944038e+00 7.605664939995110396e-02 -3.998877523664024977e-03 7.595145091766067336e-02
4.203107358806656535e+00 7.764591518794304592e-02 2.952590305470160700e-02 7.181301549285898367e-02
4.233786974564369920e+00 7.886789144588407519e-02 5.803703350495367785e-02 5.340268760151157396e-02
4.264466590322082418e+00 7.964584466151766740e-02 7.569259861010609047e-02 2.478086131465106340e-02
4.295146206079794915e+00 7.986717737764842395e-02 7.947770071981029305e-02 -7.877887443028221831e-03
4.325825821837508300e+00 7.942163875832880526e-02 6.971109410852567578e-02 -3.805469828090553286e-02
4.356505437595220798e+00 7.823530625779809289e-02 4.955468211301565506e-02 -6.054004150914854554e-02
4.387185053352934183e+00 7.629309846717066690e-02 2.381564207700672536e-02 -7.248070133615779065e-02
4.417864669110646680e+00 7.364713825697549732e-02 -2.479147250755429997e-03 -7.360539927444953445e-02
4.448544284868359178e+00 7.041168896361993390e-02 -2.526720562056833028e-02 -6.572194658436006365e-02
4.479223900626072563e+00 6.674738420239730019e-02 -4.209811761798781110e-02 -5.179731451421493854e-02
4.509903516383785060e+00 6.283852491124623796e-02 -5.219188790077301798e-02 -3.499552900549521978e-02
4.540583132141497558e+00 5.886779751563284840e-02 -5.605962706318967648e-02 -1.796484895226343331e-02
4.571262747899210943e+00 5.499302480242063140e-02 -5.493613788794647623e-02 -2.500706075527978512e-03
4.601942363656923440e+00 5.133024251262362919e-02 -5.025490604348108181e-02 1.045170871033264913e-02
4.632621979414635938e+00 4.794601826115215543e-02 -4.330020972661035444e-02 2.058913559939547569e-02
4.663301595172349323e+00 4.485932289984153470e-02 -3.506019648124344967e-02 2.798466497439002290e-02
4.693981210930061820e+00 4.205019671375831436e-02 -2.622887767834744879e-02 3.286738534474650114e-02
4.724660826687775206e+00 3.947055969673737841e-02 -1.728240959731749612e-02 3.548581972118238642e-02
4.755340442445487703e+00 3.705310758731336640e-02 -8.572578042029811024e-03 3.604779726405384077e-02
4.786020058203200200e+00 3.471698582560295981e-02 -4.095953697208248217e-04 3.471456951264440677e-02
4.816699673960913586e+00 3.237193493882383616e-02 6.876167060405484303e-03 3.163321827195010594e-02
4.847379289718626083e+00 2.992385783825962653e-02 1.290361865472517897e-02 2.699877577850152283e-02
4.878058905476338580e+00 2.728368410329577026e-02 1.725750380791824662e-02 2.113239173799599802e-02
4.908738521234051966e+00 2.437905278994689090e-02 1.956388654951898842e-02 1.454622143419270590e-02
4.939418136991764463e+00 2.116636353068362605e-02 1.961498189582477555e-02 7.954082620863335909e-03
4.970097752749476960e+00 1.764016259528762565e-02 1.750306876136829837e-02 2.194976155450854404e-03
5.000777368507190346e+00 1.383756663283575855e-02 1.370210559758489564e-02 -1.931463825910866407e-03
5.031456984264902843e+00 9.836849406341694607e-03 9.041566397531114810e-03 -3.874749452813837456e-03
5.062136600022616229e+00 5.751300059409270027e-03 4.553789890799229446e-03 -3.512897664865261439e-03
5.092816215780328726e+00 1.735237487791149204e-03 1.229727653647369641e-03 -1.224262650288194436e-03
5.123495831538041223e+00 2.202682827161136538e-03 -2.372227034397252109e-04 2.189871463361108949e-03
5.154175447295754608e+00 5.727462158683631344e-03 3.728659974432754916e-04 5.715312216065154653e-03
5.184855063053467106e+00 8.843183547004385484e-03 2.774780992620114704e-03 8.396575831194713624e-03
5.215534678811179603e+00 1.146027782512020615e-02 6.297917626497859765e-03 9.574664558029671174e-03
5.246214294568892988e+00 1.354070014824102115e-02 1.010558899698255943e-02 9.012637323704945219e-03
5.276893910326605486e+00 1.508811505643089731e-02 1.342811316696420655e-02 6.880188422659608456e-03
5.307573526084318871e+00 1.614180515781307029e-02 1.572926572672258411e-02 3.626027227000774931e-03
5.338253141842031368e+00 1.676584107429453935e-02 1.676471091866247459e-02 -1.946657190701270171e-04
5.368932757599743866e+00 1.703464899933227958e-02 1.654206653334709329e-02 -4.066853985179498358e-03
5.399612373357457251e+00 1.701803139083915908e-02 1.522971941829240339e-02 -7.594013356564127334e-03
5.430291989115169748e+00 1.676974212128178390e-02 1.306926909010036088e-02 -1.050801866504050795e-02
5.460971604872882246e+00 1.632332819487700495e-02 1.032547634989185691e-02 -1.264260975849094450e-02
5.491651220630595631e+00 1.569671496560740356e-02 7.273798687067461674e-03 -1.390966259013996092e-02
5.522330836388308128e+00 1.490377971054677834e-02 4.199992557181952968e-03 -1.429974517885273556e-02
5.553010452146020626e+00 1.396866309699548205e-02 1.382812975588980885e-03 -1.390004953199470289e-02
5.583690067903734011e+00 1.293784850318449586e-02 -9.508550107074856955e-04 -1.290286009534187713e-02
5.614369683661446508e+00 1.188547997204669922e-02 -2.682566665362829447e-03 -1.157879398952271419e-02
5.645049299419159894e+00 1.090759716985564495e-02 -3.837940364880806313e-03 -1.021008764778547073e-02
5.675728915176872391e+00 1.010122803700457504e-02 -4.573191808979654854e-03 -9.006704421365712213e-03
5.706408530934584888e+00 9.529396257412005647e-03 -5.108553751326000598e-03 -8.044381368420507397e-03
5.737088146692298274e+00 9.188158282867137788e-03 -5.634445611195420742e-03 -7.257773438562314418e-03
5.767767762450010771e+00 9.003160105919857589e-03 -6.234110529395926574e-03 -6.495595261413821854e-03
5.798447378207723268e+00 8.863955336940893340e-03 -6.860918091427012366e-03 -5.612263995751843107e-03
5.829126993965436654e+00 8.671320576101726810e-03 -7.381510467112144952e-03 -4.550286118195101016e-03
5.859806609723149151e+00 8.370686661155660180e-03 -7.661705651316601771e-03 -3.371448011141882969e-03
5.890486225480861648e+00 7.965360481669852763e-03 -7.649320327720924434e-03 -2.221455857509492017e-03
5.921165841238575034e+00 7.513964239874011859e-03 -7.409601030185066287e-03 -1.247986847521174959e-03
5.951845456996287531e+00 7.113144852847224330e-03 -7.094327279510972625e-03 -5.170591346968059525e-04
5.982525072754000917e+00 6.861413325587188521e-03 -6.861362384116356100e-03 2.643971214949413214e-05
