0.000000000000000000e+00 2.900014000000000064e-02
5.000000000000000278e-02 1.429357000000000023e-02
1.000000000000000056e-01 -4.447038000000000163e-04
1.499999999999999944e-01 -4.436899999999999872e-02
2.000000000000000111e-01 -8.830213000000000645e-02
2.500000000000000000e-01 -1.597387000000000112e-01
2.999999999999999889e-01 -2.298392999999999964e-01
3.499999999999999778e-01 -3.216787999999999870e-01
4.000000000000000222e-01 -4.077875000000000250e-01
4.500000000000000111e-01 -5.040196999999999594e-01
5.000000000000000000e-01 -5.865593999999999530e-01
5.500000000000000444e-01 -6.632597000000000076e-01
5.999999999999999778e-01 -7.168826999999999838e-01
6.500000000000000222e-01 -7.496612999999999749e-01
6.999999999999999556e-01 -7.530095999999999457e-01
7.500000000000000000e-01 -7.276285999999999587e-01
8.000000000000000444e-01 -6.737220000000000431e-01
8.499999999999999778e-01 -5.936894000000000338e-01
9.000000000000000222e-01 -4.941370999999999958e-01
9.499999999999999556e-01 -3.797190999999999761e-01
1.000000000000000000e+00 -2.601479999999999904e-01
1.050000000000000044e+00 -1.397419000000000022e-01
1.100000000000000089e+00 -2.850014999999999840e-02
1.149999999999999911e+00 7.177397000000000638e-02
1.199999999999999956e+00 1.533132000000000106e-01
1.250000000000000000e+00 2.187581000000000109e-01
1.300000000000000044e+00 2.627289999999999903e-01
1.350000000000000089e+00 2.913250000000000006e-01
1.399999999999999911e+00 3.014875000000000194e-01
1.449999999999999956e+00 3.004112999999999922e-01
1.500000000000000000e+00 2.866227000000000080e-01
1.550000000000000044e+00 2.655131000000000019e-01
1.600000000000000089e+00 2.372344999999999871e-01
1.649999999999999911e+00 2.041146000000000071e-01
1.699999999999999956e+00 1.683610000000000106e-01
1.750000000000000000e+00 1.310958000000000123e-01
1.800000000000000044e+00 9.529389000000000609e-02
1.850000000000000089e+00 6.681562000000000612e-02
1.899999999999999911e+00 3.919145000000000267e-02
1.949999999999999956e+00 3.300957999999999670e-02
2.000000000000000000e+00 1.915636999999999895e-02
2.049999999999999822e+00 2.652080999999999883e-02
2.100000000000000089e+00 3.792058000000000234e-02
2.149999999999999911e+00 5.118612000000000162e-02
2.200000000000000178e+00 6.444911000000000389e-02
2.250000000000000000e+00 7.246671999999999836e-02
2.299999999999999822e+00 7.545533000000000101e-02
2.350000000000000089e+00 7.352854999999999808e-02
2.399999999999999911e+00 6.767932999999999588e-02
2.450000000000000178e+00 5.755099000000000325e-02
2.500000000000000000e+00 4.714949999999999697e-02
2.549999999999999822e+00 3.683466999999999991e-02
2.600000000000000089e+00 2.647595000000000157e-02
2.649999999999999911e+00 1.174660999999999934e-02
2.700000000000000178e+00 -3.804147999999999818e-03
2.750000000000000000e+00 -2.003361999999999851e-02
2.799999999999999822e+00 -3.674503999999999965e-02
2.850000000000000089e+00 -5.242320999999999787e-02
2.899999999999999911e+00 -6.692220000000000113e-02
2.950000000000000178e+00 -7.989751999999999965e-02
3.000000000000000000e+00 -9.094151999999999791e-02
3.049999999999999822e+00 -9.801179000000000141e-02
3.100000000000000089e+00 -1.022657000000000010e-01
3.149999999999999911e+00 -1.035115000000000063e-01
3.200000000000000178e+00 -1.016028999999999960e-01
3.250000000000000000e+00 -9.596201000000000036e-02
3.299999999999999822e+00 -8.751630000000000520e-02
3.350000000000000089e+00 -7.648805000000000187e-02
3.399999999999999911e+00 -6.319215000000000249e-02
3.450000000000000178e+00 -4.826732999999999718e-02
3.500000000000000000e+00 -3.216622999999999705e-02
3.549999999999999822e+00 -1.536803999999999948e-02
3.600000000000000089e+00 1.612946999999999992e-03
3.649999999999999911e+00 1.786120999999999889e-02
3.700000000000000178e+00 3.332769000000000009e-02
3.750000000000000000e+00 4.755184999999999967e-02
3.799999999999999822e+00 6.008560999999999763e-02
3.850000000000000089e+00 7.056605000000000516e-02
3.899999999999999911e+00 7.875419999999999643e-02
3.950000000000000178e+00 8.432945999999999498e-02
4.000000000000000000e+00 8.704476999999999354e-02
4.049999999999999822e+00 8.705756000000000605e-02
4.099999999999999645e+00 8.407874999999999377e-02
4.150000000000000355e+00 7.816019999999999912e-02
4.200000000000000178e+00 6.949281000000000208e-02
4.250000000000000000e+00 5.859763999999999945e-02
4.299999999999999822e+00 4.566059000000000090e-02
4.349999999999999645e+00 3.122339999999999838e-02
4.400000000000000355e+00 1.591267999999999849e-02
4.450000000000000178e+00 3.553200000000000065e-04
4.500000000000000000e+00 -1.480672000000000064e-02
4.549999999999999822e+00 -2.892033999999999924e-02
4.599999999999999645e+00 -4.140495000000000286e-02
4.650000000000000355e+00 -5.194276999999999922e-02
4.700000000000000178e+00 -6.003145000000000009e-02
4.750000000000000000e+00 -6.544696999999999321e-02
4.799999999999999822e+00 -6.811156000000000155e-02
4.849999999999999645e+00 -6.816898000000000402e-02
4.900000000000000355e+00 -6.566867999999999317e-02
4.950000000000000178e+00 -6.088990999999999848e-02
5.000000000000000000e+00 -5.418736999999999859e-02
5.049999999999999822e+00 -4.592476999999999671e-02
5.099999999999999645e+00 -3.653246000000000271e-02
5.150000000000000355e+00 -2.644466999999999998e-02
5.200000000000000178e+00 -1.607603000000000157e-02
5.250000000000000000e+00 -5.710818999999999791e-03
5.299999999999999822e+00 4.215069999999999581e-03
5.349999999999999645e+00 1.340262000000000051e-02
5.400000000000000355e+00 2.160431000000000157e-02
5.450000000000000178e+00 2.870593000000000103e-02
5.500000000000000000e+00 3.445978000000000235e-02
5.549999999999999822e+00 3.876398000000000343e-02
5.599999999999999645e+00 4.156311000000000033e-02
5.650000000000000355e+00 4.289234000000000102e-02
5.700000000000000178e+00 4.271633999999999848e-02
5.750000000000000000e+00 4.110919999999999852e-02
5.799999999999999822e+00 3.818491000000000246e-02
5.849999999999999645e+00 3.412155000000000049e-02
5.900000000000000355e+00 2.905784999999999965e-02
5.950000000000000178e+00 2.320511000000000101e-02
6.000000000000000000e+00 1.679608999999999963e-02
6.049999999999999822e+00 1.007807999999999968e-02
6.099999999999999645e+00 3.248206999999999917e-03
6.150000000000000355e+00 -3.446171999999999951e-03
6.200000000000000178e+00 -9.765719000000000830e-03
6.250000000000000000e+00 -1.548745999999999977e-02
6.299999999999999822e+00 -2.041325000000000084e-02
6.349999999999999645e+00 -2.437802999999999845e-02
6.400000000000000355e+00 -2.725740999999999928e-02
6.450000000000000178e+00 -2.897390999999999855e-02
6.500000000000000000e+00 -2.950132999999999922e-02
6.549999999999999822e+00 -2.909530999999999923e-02
6.599999999999999645e+00 -2.756211000000000078e-02
6.650000000000000355e+00 -2.500254000000000018e-02
6.700000000000000178e+00 -2.156357999999999886e-02
6.750000000000000000e+00 -1.742958999999999828e-02
6.799999999999999822e+00 -1.281079000000000072e-02
6.849999999999999645e+00 -7.929910000000000084e-03
6.900000000000000355e+00 -3.008446000000000124e-03
6.950000000000000178e+00 1.746301000000000016e-03
7.000000000000000000e+00 6.151989000000000068e-03
7.049999999999999822e+00 1.016619000000000030e-02
7.099999999999999645e+00 1.359202999999999974e-02
7.150000000000000355e+00 1.634085000000000051e-02
7.200000000000000178e+00 1.836031999999999942e-02
7.250000000000000000e+00 1.963037000000000115e-02
7.299999999999999822e+00 2.015760999999999942e-02
7.349999999999999645e+00 1.996929000000000065e-02
7.400000000000000355e+00 1.910815000000000083e-02
7.450000000000000178e+00 1.762872999999999871e-02
7.500000000000000000e+00 1.559557999999999951e-02
7.549999999999999822e+00 1.309454999999999994e-02
7.599999999999999645e+00 1.019001999999999929e-02
7.650000000000000355e+00 6.980580999999999592e-03
7.700000000000000178e+00 3.575609999999999900e-03
7.750000000000000000e+00 9.480460999999999760e-05
7.799999999999999822e+00 -3.333650000000000068e-03
7.849999999999999645e+00 -6.576672000000000420e-03
7.900000000000000355e+00 -9.501743999999999468e-03
7.950000000000000178e+00 -1.198397000000000004e-02
8.000000000000000000e+00 -1.391417999999999995e-02
8.050000000000000711e+00 -1.525831000000000062e-02
8.099999999999999645e+00 -1.591812000000000088e-02
8.150000000000000355e+00 -1.586869999999999947e-02
8.199999999999999289e+00 -1.512291999999999977e-02
8.250000000000000000e+00 -1.373197999999999953e-02
8.300000000000000711e+00 -1.178267000000000030e-02
8.349999999999999645e+00 -9.391514999999999586e-03
8.400000000000000355e+00 -6.696328999999999997e-03
8.449999999999999289e+00 -3.846019999999999908e-03
8.500000000000000000e+00 -9.898413999999999043e-04
8.550000000000000711e+00 1.762457000000000043e-03
8.599999999999999645e+00 4.287715999999999576e-03
8.650000000000000355e+00 6.482013000000000011e-03
8.699999999999999289e+00 8.267709999999999296e-03
8.750000000000000000e+00 9.595286999999999220e-03
8.800000000000000711e+00 1.044263999999999956e-02
8.849999999999999645e+00 1.081233000000000020e-02
8.900000000000000355e+00 1.072755000000000063e-02
8.949999999999999289e+00 1.022744000000000084e-02
9.000000000000000000e+00 9.362675000000000858e-03
9.050000000000000711e+00 8.241818999999999187e-03
9.099999999999999645e+00 6.854517000000000075e-03
9.150000000000000355e+00 5.262751000000000408e-03
9.199999999999999289e+00 3.532168000000000026e-03
9.250000000000000000e+00 1.731073000000000073e-03
9.300000000000000711e+00 -7.078500999999999467e-05
9.349999999999999645e+00 -1.803904000000000054e-03
9.400000000000000355e+00 -3.401304999999999867e-03
9.449999999999999289e+00 -4.801327999999999672e-03
9.500000000000000000e+00 -5.950729000000000088e-03
9.550000000000000711e+00 -6.859256000000000207e-03
9.599999999999999645e+00 -7.451267000000000133e-03
9.650000000000000355e+00 -7.707689999999999680e-03
9.699999999999999289e+00 -7.626214000000000083e-03
9.750000000000000000e+00 -7.221438000000000162e-03
9.800000000000000711e+00 -6.523723000000000369e-03
9.849999999999999645e+00 -5.576860999999999798e-03
9.900000000000000355e+00 -4.434836999999999634e-03
9.949999999999999289e+00 -3.158061000000000201e-03
1.000000000000000000e+01 -1.809485000000000000e-03
1.005000000000000071e+01 -4.422949999999999928e-04
1.009999999999999964e+01 8.883953000000000422e-04
1.015000000000000036e+01 2.128328000000000077e-03
1.019999999999999929e+01 3.230581000000000164e-03
1.025000000000000000e+01 4.156815000000000336e-03
1.030000000000000071e+01 4.877888999999999836e-03
1.034999999999999964e+01 5.374000999999999778e-03
1.040000000000000036e+01 5.634535000000000411e-03
1.044999999999999929e+01 5.657767000000000178e-03
1.050000000000000000e+01 5.450535000000000276e-03
1.055000000000000071e+01 5.027898999999999737e-03
1.059999999999999964e+01 4.412738000000000251e-03
1.065000000000000036e+01 3.635184999999999979e-03
1.069999999999999929e+01 2.731786999999999844e-03
1.075000000000000000e+01 1.744272999999999961e-03
1.080000000000000071e+01 7.178942000000000222e-04
1.084999999999999964e+01 -3.006406000000000096e-04
1.090000000000000036e+01 -1.265524000000000076e-03
1.094999999999999929e+01 -2.134328000000000006e-03
1.100000000000000000e+01 -2.870370000000000126e-03
1.105000000000000071e+01 -3.477898000000000100e-03
1.109999999999999964e+01 -3.911865999999999954e-03
1.115000000000000036e+01 -4.158056000000000252e-03
1.119999999999999929e+01 -4.211653999999999572e-03
1.125000000000000000e+01 -4.077276000000000337e-03
1.130000000000000071e+01 -3.768518000000000215e-03
1.134999999999999964e+01 -3.306999000000000136e-03
1.140000000000000036e+01 -2.720913000000000151e-03
1.144999999999999929e+01 -2.043163000000000184e-03
1.150000000000000000e+01 -1.309229000000000078e-03
1.155000000000000071e+01 -5.549796999999999543e-04
1.159999999999999964e+01 1.853253000000000127e-04
1.165000000000000036e+01 8.806632000000000219e-04
1.169999999999999929e+01 1.504368999999999975e-03
1.175000000000000000e+01 2.034747999999999852e-03
1.180000000000000071e+01 2.455278999999999882e-03
1.184999999999999964e+01 2.754551999999999955e-03
1.190000000000000036e+01 2.926130999999999784e-03
1.194999999999999929e+01 2.968441999999999956e-03
1.200000000000000000e+01 2.884747000000000006e-03
1.205000000000000071e+01 2.710759999999999992e-03
1.209999999999999964e+01 2.421903999999999897e-03
1.215000000000000036e+01 2.032534999999999811e-03
1.219999999999999929e+01 1.561670000000000029e-03
1.225000000000000000e+01 1.032235999999999961e-03
1.230000000000000071e+01 4.700061000000000061e-04
1.234999999999999964e+01 -9.775246000000000022e-05
1.240000000000000036e+01 -6.437971000000000232e-04
1.244999999999999929e+01 -1.142481000000000095e-03
1.250000000000000000e+01 -1.571230999999999973e-03
1.255000000000000071e+01 -1.911788999999999893e-03
1.259999999999999964e+01 -2.151140000000000170e-03
1.265000000000000036e+01 -2.282025999999999933e-03
1.269999999999999929e+01 -2.303060999999999910e-03
1.275000000000000000e+01 -2.218457999999999975e-03
1.280000000000000071e+01 -2.037435000000000201e-03
1.284999999999999964e+01 -1.773374999999999995e-03
1.290000000000000036e+01 -1.442836000000000075e-03
1.294999999999999929e+01 -1.064503000000000064e-03
1.300000000000000000e+01 -6.581294999999999810e-04
1.305000000000000071e+01 -2.464542000000000230e-04
1.309999999999999964e+01 1.596415000000000063e-04
1.315000000000000036e+01 5.429436999999999632e-04
1.319999999999999929e+01 8.880713000000000365e-04
1.325000000000000000e+01 1.181937999999999999e-03
1.330000000000000071e+01 1.414103000000000105e-03
1.334999999999999964e+01 1.577024999999999911e-03
1.340000000000000036e+01 1.666233999999999944e-03
1.344999999999999929e+01 1.680419000000000053e-03
1.350000000000000000e+01 1.621424999999999906e-03
1.355000000000000071e+01 1.494153000000000018e-03
1.359999999999999964e+01 1.306345999999999896e-03
1.365000000000000036e+01 1.068249999999999972e-03
1.369999999999999929e+01 7.921569000000000050e-04
1.375000000000000000e+01 4.918290000000000509e-04
1.380000000000000071e+01 1.818357000000000046e-04
1.384999999999999964e+01 -1.231705999999999893e-04
1.390000000000000036e+01 -4.091968000000000189e-04
1.394999999999999929e+01 -6.636222999999999905e-04
1.400000000000000000e+01 -8.758382999999999793e-04
1.405000000000000071e+01 -1.049327000000000072e-03
1.409999999999999964e+01 -1.169024999999999969e-03
1.415000000000000036e+01 -1.231469000000000010e-03
1.419999999999999929e+01 -1.236246000000000090e-03
1.425000000000000000e+01 -1.185800999999999999e-03
1.430000000000000071e+01 -1.085067000000000106e-03
1.434999999999999964e+01 -9.409731000000000388e-04
1.440000000000000036e+01 -7.618972999999999805e-04
1.444999999999999929e+01 -5.571248000000000433e-04
1.450000000000000000e+01 -3.363582999999999742e-04
1.455000000000000071e+01 -1.093109000000000040e-04
1.459999999999999964e+01 1.146065999999999947e-04
1.465000000000000036e+01 3.265189000000000156e-04
1.469999999999999929e+01 5.182636999999999487e-04
1.475000000000000000e+01 6.825483000000000461e-04
1.480000000000000071e+01 8.131161000000000465e-04
1.484999999999999964e+01 9.049448999999999558e-04
1.490000000000000036e+01 9.544799000000000295e-04
1.494999999999999929e+01 9.598850999999999824e-04
1.500000000000000000e+01 9.212778999999999500e-04
1.505000000000000071e+01 8.469766000000000317e-04
1.509999999999999964e+01 7.350749999999999645e-04
1.515000000000000036e+01 5.913322999999999626e-04
1.519999999999999929e+01 4.233444999999999851e-04
1.525000000000000000e+01 2.400985999999999919e-04
1.530000000000000071e+01 5.137761000000000156e-05
1.534999999999999964e+01 -1.329263000000000016e-04
1.540000000000000036e+01 -3.035145000000000160e-04
1.544999999999999929e+01 -4.523212000000000088e-04
1.550000000000000000e+01 -5.730178999999999741e-04
1.555000000000000071e+01 -6.613310000000000282e-04
1.559999999999999964e+01 -7.151484000000000053e-04
1.565000000000000036e+01 -7.344205000000000134e-04
1.569999999999999929e+01 -7.208900999999999981e-04
1.575000000000000000e+01 -6.777075000000000026e-04
1.580000000000000071e+01 -6.089971999999999703e-04
1.584999999999999964e+01 -5.194423999999999786e-04
1.590000000000000036e+01 -4.139408000000000128e-04
1.594999999999999929e+01 -2.973645999999999820e-04
1.600000000000000000e+01 -1.744319999999999996e-04
1.605000000000000071e+01 -5.190844000000000203e-05
1.610000000000000142e+01 6.976718999999999770e-05
1.614999999999999858e+01 1.864436999999999984e-04
1.619999999999999929e+01 2.938648000000000193e-04
1.625000000000000000e+01 3.877748999999999996e-04
1.630000000000000071e+01 4.641272999999999905e-04
1.635000000000000142e+01 5.193751000000000140e-04
1.639999999999999858e+01 5.508003999999999721e-04
1.644999999999999929e+01 5.568300000000000203e-04
1.650000000000000000e+01 5.372769999999999586e-04
1.655000000000000071e+01 4.934631000000000087e-04
1.660000000000000142e+01 4.281889000000000094e-04
1.664999999999999858e+01 3.455476000000000185e-04
1.669999999999999929e+01 2.505998999999999857e-04
1.675000000000000000e+01 1.489516999999999989e-04
1.680000000000000071e+01 4.629010999999999987e-05
1.685000000000000142e+01 -5.206177000000000146e-05
1.689999999999999858e+01 -1.415165000000000129e-04
1.694999999999999929e+01 -2.184797999999999948e-04
1.700000000000000000e+01 -2.804734000000000242e-04
1.705000000000000071e+01 -3.291055999999999886e-04
1.710000000000000142e+01 -3.611528999999999824e-04
1.714999999999999858e+01 -3.767183000000000012e-04
1.719999999999999929e+01 -3.764851999999999847e-04
1.725000000000000000e+01 -3.615340999999999781e-04
1.730000000000000071e+01 -3.332100999999999965e-04
1.735000000000000142e+01 -2.930574000000000243e-04
1.739999999999999858e+01 -2.428168000000000026e-04
1.744999999999999929e+01 -1.844662000000000059e-04
1.750000000000000000e+01 -1.202734999999999997e-04
1.755000000000000071e+01 -5.282547000000000230e-05
1.760000000000000142e+01 1.499746000000000057e-05
1.764999999999999858e+01 8.011876999999999389e-05
1.769999999999999929e+01 1.394366999999999926e-04
1.775000000000000000e+01 1.900508999999999933e-04
1.780000000000000071e+01 2.295121000000000010e-04
1.785000000000000142e+01 2.560543000000000194e-04
1.789999999999999858e+01 2.687683000000000064e-04
1.794999999999999929e+01 2.676857000000000043e-04
1.800000000000000000e+01 2.537562000000000151e-04
1.805000000000000071e+01 2.318693999999999996e-04
1.810000000000000142e+01 2.006180000000000094e-04
1.814999999999999858e+01 1.622843000000000007e-04
1.819999999999999929e+01 1.193281000000000002e-04
1.825000000000000000e+01 7.416447999999999639e-05
1.830000000000000071e+01 2.898530999999999913e-05
1.835000000000000142e+01 -1.435398000000000042e-05
1.839999999999999858e+01 -5.437677000000000217e-05
1.844999999999999929e+01 -8.996404999999999799e-05
1.850000000000000000e+01 -1.202896000000000011e-04
1.855000000000000071e+01 -1.447378000000000087e-04
1.860000000000000142e+01 -1.628300999999999913e-04
1.864999999999999858e+01 -1.741833000000000031e-04
1.869999999999999929e+01 -1.785086000000000073e-04
1.875000000000000000e+01 -1.756530000000000070e-04
1.880000000000000071e+01 -1.656702999999999984e-04
1.885000000000000142e+01 -1.489003000000000082e-04
1.889999999999999858e+01 -1.260354000000000097e-04
1.894999999999999929e+01 -9.814950000000000616e-05
1.900000000000000000e+01 -6.667714999999999569e-05
1.905000000000000071e+01 -3.401873000000000218e-05
1.910000000000000142e+01 -5.503870999999999561e-07
1.914999999999999858e+01 3.190801000000000081e-05
1.919999999999999929e+01 6.159838000000000162e-05
1.925000000000000000e+01 8.697505000000000340e-05
1.930000000000000071e+01 1.068325000000000042e-04
1.935000000000000142e+01 1.203925000000000031e-04
1.939999999999999858e+01 1.273418000000000011e-04
1.944999999999999929e+01 1.278162000000000113e-04
1.950000000000000000e+01 1.223413999999999871e-04
1.955000000000000071e+01 1.117401999999999979e-04
1.960000000000000142e+01 9.702564000000000436e-05
1.964999999999999858e+01 7.929604999999999781e-05
1.969999999999999929e+01 5.964618999999999753e-05
1.975000000000000000e+01 3.910335999999999961e-05
1.980000000000000071e+01 1.859102000000000009e-05
1.985000000000000142e+01 -1.083859000000000044e-06
1.989999999999999858e+01 -1.922741999999999962e-05
1.994999999999999929e+01 -3.524941000000000239e-05
2.000000000000000000e+01 -4.865658999999999691e-05
