# # Once                                                         FEFF 10.0.0 
# # POT  SCF 100  9.0000   0, NO core-hole, FOLP (folp(0)= 1.150)
# # Abs   Z=30 Rmt= 1.379 Rnm= 1.522 K  shell
# #   RGRID 0.0100
# # Pot 1 Z= 6 Rmt= 0.897 Rnm= 1.120
# # Pot 2 Z= 6 Rmt= 0.927 Rnm= 1.162
# # Pot 3 Z= 1 Rmt= 0.549 Rnm= 0.931
# # Pot 4 Z=16 Rmt= 1.260 Rnm= 1.480
# # Gam_ch=1.897E+00 H-L exch Vi=-5.000E-01 Vr= 0.000E+00
# # Mu=-7.050E+00eV kf=1.320E+00 Vint=-9.433E+00eV Rs_int= 2.748
# FMS rfms= 9.0000
# # PATH  Rmax= 0.100,  Keep_limit= 0.00, Heap_limit 0.00  Pwcrit= 2.50%
#  S02=1.000  Temp=  10.00  Debye_temp= 315.00  Global_sig2= 0.00000
#  Energy zero shift, vr, vi    0.00000E+00   0.00000E+00
#  Curved wave amplitude ratio filter   4.000%
#     file         sig2 tot  cw amp ratio   deg  nlegs   reff  inp sig2
#     0/   0 paths used
#  xsedge+ 50, used to normalize mu           1.0000E+00
#  -----------------------------------------------------------------------
#  omega    e    k    mu    mu0     chi     @#
      9653.6565334451      -17.0497368000       -1.6200872587    2.7309362313E-06    3.9220149496E-06   -1.1910787183E-06
      9654.1565334451      -16.5497368000       -1.5790658039    2.8545934763E-06    4.1484609586E-06   -1.2938674822E-06
      9654.6565334451      -16.0497368000       -1.5369497306    2.9890019919E-06    4.4009481586E-06   -1.4119461666E-06
      9655.1565334451      -15.5497368000       -1.4936466613    3.1356093424E-06    4.6840990511E-06   -1.5484897086E-06
      9655.6565334451      -15.0497368000       -1.4490501841    3.2961378302E-06    5.0036802949E-06   -1.7075424647E-06
      9656.1565334451      -14.5497368000       -1.4030367413    3.4726546272E-06    5.3669767608E-06   -1.8943221336E-06
      9656.6565334451      -14.0497368000       -1.3554622724    3.6676653892E-06    5.7833218539E-06   -2.1156564646E-06
      9657.1565334451      -13.5497368000       -1.3061560932    3.8842415180E-06    6.2648657604E-06   -2.3806242424E-06
      9657.6565334451      -13.0497368000       -1.2549141860    4.1261968778E-06    6.8277159106E-06   -2.7015190328E-06
      9658.1565334451      -12.5497368000       -1.2014889076    4.3983393766E-06    7.4936780522E-06   -3.0953386756E-06
      9658.6565334451      -12.0497368000       -1.1455747332    4.7068399254E-06    8.2930016982E-06   -3.5861617728E-06
      9659.1565334451      -11.5497368000       -1.0867876258    5.0597933113E-06    9.2688764869E-06   -4.2090831757E-06
      9659.6565334451      -11.0497368000       -1.0246331595    5.4681091964E-06    1.0485134587E-05   -5.0170253910E-06
      9660.1565334451      -10.5497368000       -0.9584566200    5.9470074838E-06    1.2040179859E-05   -6.0931723753E-06
      9660.6565334451      -10.0497368000       -0.8873583607    6.5187091056E-06    1.4093912901E-05   -7.5752037956E-06
      9661.1565334551       -9.5497367900       -0.8100436294    7.2177335958E-06    1.6924329639E-05   -9.7065960431E-06
      9661.6565334551       -9.0497367900       -0.7245250921    8.1026381830E-06    2.1060138979E-05   -1.2957500796E-05
      9662.1565334551       -8.5497367900       -0.6274570930    9.2864986190E-06    2.7640026786E-05   -1.8353528167E-05
      9662.6565334551       -8.0497367900       -0.5123165798    1.1034942733E-05    3.9599130874E-05   -2.8564188142E-05
      9663.1565334551       -7.5497367900       -0.3622625460    1.4171530923E-05    6.6639285849E-05   -5.2467754926E-05
      9663.6565334551       -7.0497367900        0.0000000000    2.1169874732E-05    1.3888051609E-04   -1.1771064136E-04
      9664.1565334551       -6.5497367900        0.3622625460    2.8395908662E-05    2.2453130355E-04   -1.9613539489E-04
      9664.6565334551       -6.0497367900        0.5123165798    3.3905194598E-05    2.7807859716E-04   -2.4417340256E-04
      9665.1565334551       -5.5497367900        0.6274570930    4.0271017194E-05    3.1271374062E-04   -2.7244272342E-04
      9665.6565334551       -5.0497367900        0.7245250921    4.9314410157E-05    3.3387471673E-04   -2.8456030657E-04
      9666.1565334551       -4.5497367900        0.8100436294    6.2955224099E-05    3.4464620734E-04   -2.8169098324E-04
      9666.6565334551       -4.0497367900        0.8873583607    8.4124813330E-05    3.4784188475E-04   -2.6371707142E-04
      9667.1565334551       -3.5497367900        0.9584566200    1.1720357092E-04    3.4589269517E-04   -2.2868912426E-04
      9667.6565334551       -3.0497367900        1.0246331595    1.6849298216E-04    3.4071180281E-04   -1.7221882065E-04
      9668.1565334551       -2.5497367900        1.0867876258    2.3872804536E-04    3.3367214679E-04   -9.4944101426E-05
      9668.6565334551       -2.0497367900        1.1455747332    3.0047697986E-04    3.2569965226E-04   -2.5222672405E-05
      9669.1565334551       -1.5497367900        1.2014889076    3.2329989161E-04    3.1741015411E-04    5.8897374958E-06
      9669.6565334551       -1.0497367900        1.2549141860    3.2815023032E-04    3.0917556533E-04    1.8974664989E-05
      9670.1565334531       -0.5497367920        1.3061560932    3.3844103295E-04    3.0121908873E-04    3.7221944220E-05
      9670.6565334530       -0.0497367921        1.3554622724    3.5096164233E-04    2.9367312265E-04    5.7288519681E-05
      9671.1565334531        0.4502632080        1.4030367413    3.5381973482E-04    2.8659778329E-04    6.7221951532E-05
      9671.6565334531        0.9502632080        1.4490501841    3.4488617401E-04    2.8001717036E-04    6.4869003647E-05
      9672.1565334551        1.4502632100        1.4936466613    3.3181331244E-04    2.7393734866E-04    5.7875963771E-05
      9672.6565334551        1.9502632100        1.5369497306    3.1984166652E-04    2.6833350985E-04    5.1508156671E-05
      9673.1565334551        2.4502632100        1.5790658039    3.0974552275E-04    2.6315307878E-04    4.6592443972E-05
      9673.6565334551        2.9502632100        1.6200872587    3.0177792497E-04    2.5828842376E-04    4.3489501215E-05
      9674.2833090951        3.5770388500        1.6700872977    2.9625856695E-04    2.5291868963E-04    4.3339877317E-05
      9674.9291346551        4.2228644100        1.7200873036    2.9459112645E-04    2.4900097363E-04    4.5590152819E-05
      9675.5940101351        4.8877398900        1.7700872793    2.9333330753E-04    2.4936293000E-04    4.3970377531E-05
      9676.2779355351        5.5716652900        1.8200872856    2.8654886751E-04    2.4872480127E-04    3.7824066235E-05
      9676.9809108551        6.2746406100        1.8700873770    2.7691889724E-04    2.4660370795E-04    3.0315189297E-05
      9677.7029361051        6.9966658600        1.9200873252    2.6688573200E-04    2.4355085202E-04    2.3334879988E-05
      9678.4440112651        7.7377410200        1.9700873572    2.5795200286E-04    2.4004646079E-04    1.7905542070E-05
      9679.2041363451        8.4978661000        2.0200873613    2.5047967422E-04    2.3619144594E-04    1.4288228271E-05
      9679.9833113451        9.2770411000        2.0700873396    2.4439394790E-04    2.3203704518E-04    1.2356902720E-05
      9680.7815362451       10.0752660000        2.1200873943    2.3956312143E-04    2.2765141561E-04    1.1911705813E-05
      9681.5988111451       10.8925409000        2.1700873240    2.3584603464E-04    2.2309842209E-04    1.2747612553E-05
      9682.4351358451       11.7288656000        2.2200873288    2.3337086230E-04    2.1886332342E-04    1.4507538888E-05
      9683.2905105451       12.5842403000        2.2700873101    2.3209947682E-04    2.1543340140E-04    1.6666075418E-05
      9684.1649351451       13.4586649000        2.3200873610    2.3152370270E-04    2.1275132043E-04    1.8772382276E-05
      9685.0584096451       14.3521394000        2.3700872976    2.3115655386E-04    2.1065625571E-04    2.0500298153E-05
      9685.9709341451       15.2646639000        2.4200873029    2.3064614882E-04    2.0904939177E-04    2.1596757048E-05
      9686.9025084451       16.1962382000        2.4700872865    2.2971768089E-04    2.0785488075E-04    2.1862800135E-05
      9687.8531327451       17.1468625000        2.5200873342    2.2827563650E-04    2.0705228839E-04    2.1223348114E-05
      9688.8228069451       18.1165367000        2.5700872766    2.2630375711E-04    2.0659281584E-04    1.9710941275E-05
      9689.8115311451       19.1052609000        2.6200872821    2.2377595492E-04    2.0641419215E-04    1.7361762767E-05
      9690.8193051451       20.1130349000        2.6700872676    2.2065326712E-04    2.0647966071E-04    1.4173606415E-05
      9691.8461291451       21.1398589000        2.7200873124    2.1689042694E-04    2.0676678909E-04    1.0123637851E-05
      9692.8920029451       22.1857327000        2.7700872596    2.1248165350E-04    2.0724256889E-04    5.2390846145E-06
      9693.9569268451       23.2506566000        2.8200872653    2.0757025527E-04    2.0789075833E-04   -3.2050305764E-07
      9695.0409005451       24.3346303000        2.8700873265    2.0245616182E-04    2.0868547898E-04   -6.2293171613E-06
      9696.1439241451       25.4376539000        2.9200872946    1.9757900063E-04    2.0960686494E-04   -1.2027864305E-05
      9697.2659977451       26.5597275000        2.9700873176    1.9342510029E-04    2.1064669835E-04   -1.7221598053E-05
      9698.4071212451       27.7008510000        3.0200872517    1.9039365615E-04    2.1179295742E-04   -2.1399301269E-05
      9699.5672946451       28.8610244000        3.0700872401    1.8872100960E-04    2.1302643123E-04   -2.4305421629E-05
      9700.7465179451       30.0402477000        3.1200872801    1.8850086127E-04    2.1433383690E-04   -2.5832975626E-05
      9701.9447911451       31.2385209000        3.1700872349    1.8970863951E-04    2.1569940507E-04   -2.5990765567E-05
      9703.1621143451       32.4558441000        3.2200872408    1.9223864940E-04    2.1711559260E-04   -2.4876943195E-05
      9704.3984874451       33.6922172000        3.2700871651    1.9591039191E-04    2.1857359765E-04   -2.2663205736E-05
      9705.6539104451       34.9476402000        3.3200872682    2.0047575652E-04    2.2005212489E-04   -1.9576368361E-05
      9706.9283833451       36.2221131000        3.3700874155    2.0567749917E-04    2.2154825548E-04   -1.5870756312E-05
      9708.2219062451       37.5156360000        3.4200874809    2.1124031958E-04    2.2303969114E-04   -1.1799371563E-05
      9709.5344789451       38.8282087000        3.4700874677    2.1692679445E-04    2.2451855808E-04   -7.5917636306E-06
      9710.8661016451       40.1598314000        3.5200873794    2.2254616723E-04    2.2597797894E-04   -3.4318117140E-06
      9712.2167742451       41.5105040000        3.5700874575    2.2794834366E-04    2.2740004229E-04    5.4830137336E-07
      9713.5864968451       42.8802266000        3.6200873425    2.3304773936E-04    2.2878642024E-04    4.2613191288E-06
      9714.9752692451       44.2689990000        3.6700873901    2.3776083666E-04    2.3010996143E-04    7.6508752317E-06
      9716.3830916451       45.6768214000        3.7200873650    2.4205114463E-04    2.3137649794E-04    1.0674646688E-05
      9717.8099639451       47.1036937000        3.7700873829    2.4584812504E-04    2.3256073285E-04    1.3287392184E-05
      9719.2558861451       48.5496159000        3.8200872194    2.4911430817E-04    2.3367023522E-04    1.5444072946E-05
      9720.7208582451       50.0145880000        3.8700873213    2.5179127911E-04    2.3469214320E-04    1.7099135909E-05
      9722.2048802451       51.4986100000        3.9200871357    2.5384925122E-04    2.3562887876E-04    1.8220372461E-05
      9723.7079522451       53.0016820000        3.9700873166    2.5524731114E-04    2.3646088219E-04    1.8786428953E-05
      9725.2300741451       54.5238039000        4.0200872151    2.5598214865E-04    2.3719182197E-04    1.8790326679E-05
      9726.7712459451       56.0649757000        4.0700872600    2.5605218220E-04    2.3782192703E-04    1.8230255173E-05
      9728.3314676451       57.6251974000        4.1200870326    2.5546210817E-04    2.3835029496E-04    1.7111813215E-05
      9729.9107393451       59.2044691000        4.1700873594    2.5420831367E-04    2.3877105317E-04    1.5437260506E-05
      9731.5090609451       60.8027907000        4.2200870102    2.5230568321E-04    2.3908955755E-04    1.3216125662E-05
      9733.1264323451       62.4201621000        4.2700874045    2.4976281243E-04    2.3930080777E-04    1.0462004659E-05
      9734.7628538451       64.0565836000        4.3200871369    2.4661807675E-04    2.3941813604E-04    7.1999407072E-06
      9736.4183251451       65.7120549000        4.3700873990    2.4292442852E-04    2.3943632623E-04    3.4881022812E-06
      9738.0928463451       67.3865761000        4.4200875951    2.3879321292E-04    2.3935796167E-04   -5.6474875181E-07
      9739.7864175451       69.0801473000        4.4700873463    2.3442721164E-04    2.3920323527E-04   -4.7760236349E-06
      9741.4990386451       70.7927684000        4.5200876093    2.3006765488E-04    2.3896237702E-04   -8.8947221391E-06
      9743.2307096451       72.5244394000        4.5700872495    2.2601921089E-04    2.3865003605E-04   -1.2630825159E-05
      9744.9814305451       74.2751603000        4.6200875770    2.2256652614E-04    2.3827573135E-04   -1.5709205208E-05
      9746.7512014451       76.0449312000        4.6700872937    2.1990762208E-04    2.3783569347E-04   -1.7928071385E-05
      9748.5400222451       77.8337520000        4.7200875012    2.1816517677E-04    2.3735046266E-04   -1.9185285898E-05
      9750.3478928451       79.6416226000        4.7700872916    2.1733505543E-04    2.3681740929E-04   -1.9482353865E-05
      9752.1748135451       81.4685433000        4.8200875611    2.1734705550E-04    2.3624594987E-04   -1.8898894369E-05
      9754.0207840451       83.3145138000        4.8700872460    2.1809411591E-04    2.3565765525E-04   -1.7563539333E-05
      9755.8858044451       85.1795342000        4.9200874025    2.1941234146E-04    2.3503740396E-04   -1.5625062501E-05
      9757.7698748451       87.0636046000        4.9700873309    2.2117373929E-04    2.3441158565E-04   -1.3237846355E-05
      9759.6729951451       88.9667249000        5.0200875471    2.2323279566E-04    2.3377711589E-04   -1.0544320233E-05
      9761.5951653451       90.8888951000        5.0700872027    2.2547043544E-04    2.3314278226E-04   -7.6723468137E-06
      9763.5363854451       92.8301152000        5.1200874783    2.2779020929E-04    2.3251697430E-04   -4.7267650044E-06
      9765.4966555451       94.7903853000        5.1700872031    2.3010841866E-04    2.3190327602E-04   -1.7948573612E-06
      9767.4759755451       96.7697053000        5.2200873716    2.3236178554E-04    2.3131530359E-04    1.0464819491E-06
      9769.4743454451       98.7680752000        5.2700871633    2.3446669307E-04    2.3074145601E-04    3.7252370554E-06
      9771.4917652451      100.7854950000        5.3200873890    2.3636188393E-04    2.3019645586E-04    6.1654280700E-06
      9773.5282352451      102.8219650000        5.3700870854    2.3798136937E-04    2.2968854641E-04    8.2928229552E-06
      9775.5837542451      104.8774840000        5.4200875237    2.3925227417E-04    2.2921356239E-04    1.0038711788E-05
      9777.6583242451      106.9520540000        5.4700872829    2.4012369439E-04    2.2877752428E-04    1.1346170110E-05
      9779.7519432451      109.0456730000        5.5200873067    2.4056024694E-04    2.2838075733E-04    1.2179489613E-05
      9781.8646132451      111.1583430000        5.5700872823    2.4055250505E-04    2.2802512706E-04    1.2527377999E-05
      9783.9963322451      113.2900620000        5.6200875141    2.4011880415E-04    2.2771711362E-04    1.2401690528E-05
      9786.1471012451      115.4408310000        5.6700870942    2.3928676010E-04    2.2745156721E-04    1.1835192884E-05
      9788.3169212451      117.6106510000        5.7200875283    2.3810814469E-04    2.2723383168E-04    1.0874313002E-05
      9790.5057902451      119.7995200000        5.7700870235    2.3662937077E-04    2.2705640988E-04    9.5729608970E-06
      9792.7137092451      122.0074390000        5.8200873593    2.3490777593E-04    2.2692049324E-04    7.9872826945E-06
      9794.9406782451      124.2344080000        5.8700870640    2.3300944344E-04    2.2683245257E-04    6.1769908621E-06
      9797.1866962451      126.4804260000        5.9200873040    2.3099248367E-04    2.2678532405E-04    4.2071596208E-06
      9799.4517652451      128.7454950000        5.9700872103    2.2894190853E-04    2.2677931172E-04    2.1625968132E-06
      9801.7358842451      131.0296140000        6.0200873568    2.2699598628E-04    2.2682786241E-04    1.6812387054E-07
