0.000000000000000000e+00 -8.380199999999999871e-01
5.000000000000000278e-02 -8.572716000000000225e-01
1.000000000000000056e-01 -8.761041000000000523e-01
1.499999999999999944e-01 -9.296353000000000533e-01
2.000000000000000111e-01 -9.792638000000000176e-01
2.500000000000000000e-01 -1.052016000000000062e+00
2.999999999999999889e-01 -1.113550999999999958e+00
3.499999999999999778e-01 -1.179114999999999913e+00
4.000000000000000222e-01 -1.223166999999999893e+00
4.500000000000000111e-01 -1.248431000000000068e+00
5.000000000000000000e-01 -1.242668000000000106e+00
5.500000000000000444e-01 -1.199940999999999924e+00
5.999999999999999778e-01 -1.123680999999999930e+00
6.500000000000000222e-01 -1.006202000000000041e+00
6.999999999999999556e-01 -8.643857000000000346e-01
7.500000000000000000e-01 -6.941140999999999561e-01
8.000000000000000444e-01 -5.190721000000000362e-01
8.499999999999999778e-01 -3.394572000000000145e-01
9.000000000000000222e-01 -1.769621999999999862e-01
9.499999999999999556e-01 -3.241023999999999988e-02
1.000000000000000000e+00 8.101922999999999764e-02
1.050000000000000044e+00 1.651780999999999944e-01
1.100000000000000089e+00 2.171302999999999983e-01
1.149999999999999911e+00 2.427526999999999879e-01
1.199999999999999956e+00 2.465026999999999913e-01
1.250000000000000000e+00 2.364876999999999951e-01
1.300000000000000044e+00 2.192894999999999983e-01
1.350000000000000089e+00 2.027795000000000014e-01
1.399999999999999911e+00 1.901584000000000052e-01
1.449999999999999956e+00 1.864185999999999899e-01
1.500000000000000000e+00 1.884163000000000088e-01
1.550000000000000044e+00 1.962541999999999898e-01
1.600000000000000089e+00 2.024095999999999951e-01
1.649999999999999911e+00 2.025463000000000124e-01
1.699999999999999956e+00 1.915171999999999985e-01
1.750000000000000000e+00 1.661940000000000084e-01
1.800000000000000044e+00 1.281751999999999891e-01
1.850000000000000089e+00 8.695622999999999547e-02
1.899999999999999911e+00 3.897696999999999967e-02
1.949999999999999956e+00 1.540251999999999941e-02
2.000000000000000000e+00 -1.061218000000000057e-02
2.049999999999999822e+00 -5.662593999999999961e-03
2.100000000000000089e+00 1.457998999999999927e-02
2.149999999999999911e+00 4.541676000000000046e-02
2.200000000000000178e+00 7.867664000000000601e-02
2.250000000000000000e+00 1.019938999999999985e-01
2.299999999999999822e+00 1.139108999999999955e-01
2.350000000000000089e+00 1.122251999999999972e-01
2.399999999999999911e+00 9.830703000000000358e-02
2.450000000000000178e+00 7.730386000000000202e-02
2.500000000000000000e+00 5.567442000000000224e-02
2.549999999999999822e+00 3.608050000000000146e-02
2.600000000000000089e+00 1.987322999999999867e-02
2.649999999999999911e+00 2.466929999999999991e-03
2.700000000000000178e+00 -1.339117000000000085e-02
2.750000000000000000e+00 -2.816385999999999890e-02
2.799999999999999822e+00 -4.252833999999999781e-02
2.850000000000000089e+00 -5.612579000000000179e-02
2.899999999999999911e+00 -6.919988000000000528e-02
2.950000000000000178e+00 -8.181652999999999842e-02
3.000000000000000000e+00 -9.362331999999999599e-02
3.049999999999999822e+00 -1.022827999999999932e-01
3.100000000000000089e+00 -1.084640999999999939e-01
3.149999999999999911e+00 -1.112806999999999963e-01
3.200000000000000178e+00 -1.099713999999999969e-01
3.250000000000000000e+00 -1.038382999999999945e-01
3.299999999999999822e+00 -9.361131000000000313e-02
3.350000000000000089e+00 -7.948858999999999786e-02
3.399999999999999911e+00 -6.225490999999999664e-02
3.450000000000000178e+00 -4.342174000000000034e-02
3.500000000000000000e+00 -2.392060000000000020e-02
3.549999999999999822e+00 -4.816177999999999952e-03
3.600000000000000089e+00 1.298915999999999960e-02
3.649999999999999911e+00 2.862957000000000002e-02
3.700000000000000178e+00 4.203260999999999803e-02
3.750000000000000000e+00 5.308593000000000339e-02
3.799999999999999822e+00 6.186039000000000121e-02
3.850000000000000089e+00 6.858142000000000404e-02
3.899999999999999911e+00 7.343908999999999854e-02
3.950000000000000178e+00 7.654880000000000018e-02
4.000000000000000000e+00 7.794297000000000031e-02
4.049999999999999822e+00 7.771269999999999567e-02
4.099999999999999645e+00 7.558882999999999575e-02
4.150000000000000355e+00 7.141566000000000580e-02
4.200000000000000178e+00 6.507211000000000245e-02
4.250000000000000000e+00 5.665227999999999930e-02
4.299999999999999822e+00 4.612412999999999930e-02
4.349999999999999645e+00 3.375635999999999914e-02
4.400000000000000355e+00 1.998971000000000081e-02
4.450000000000000178e+00 5.391388999999999904e-03
4.500000000000000000e+00 -9.359068999999999375e-03
4.549999999999999822e+00 -2.352908000000000083e-02
4.599999999999999645e+00 -3.641508000000000245e-02
4.650000000000000355e+00 -4.755456999999999740e-02
4.700000000000000178e+00 -5.634787000000000129e-02
4.750000000000000000e+00 -6.248758000000000090e-02
4.799999999999999822e+00 -6.585725000000000606e-02
4.849999999999999645e+00 -6.658737000000000683e-02
4.900000000000000355e+00 -6.479500000000000537e-02
4.950000000000000178e+00 -6.080477000000000104e-02
5.000000000000000000e+00 -5.500321999999999850e-02
5.049999999999999822e+00 -4.779470999999999720e-02
5.099999999999999645e+00 -3.952856999999999899e-02
5.150000000000000355e+00 -3.054197000000000162e-02
5.200000000000000178e+00 -2.112046999999999883e-02
5.250000000000000000e+00 -1.141951000000000077e-02
5.299999999999999822e+00 -1.711744999999999977e-03
5.349999999999999645e+00 7.782976999999999951e-03
5.400000000000000355e+00 1.682820999999999970e-02
5.450000000000000178e+00 2.528760999999999856e-02
5.500000000000000000e+00 3.274752999999999692e-02
5.549999999999999822e+00 3.890729999999999883e-02
5.599999999999999645e+00 4.349292999999999909e-02
5.650000000000000355e+00 4.635602999999999946e-02
5.700000000000000178e+00 4.725638000000000061e-02
5.750000000000000000e+00 4.617227000000000137e-02
5.799999999999999822e+00 4.320463000000000081e-02
5.849999999999999645e+00 3.858148000000000133e-02
5.900000000000000355e+00 3.257228000000000206e-02
5.950000000000000178e+00 2.555643999999999971e-02
6.000000000000000000e+00 1.794099000000000041e-02
6.049999999999999822e+00 1.011777999999999983e-02
6.099999999999999645e+00 2.408397999999999962e-03
6.150000000000000355e+00 -4.879414999999999794e-03
6.200000000000000178e+00 -1.150020000000000035e-02
6.250000000000000000e+00 -1.726923000000000000e-02
6.299999999999999822e+00 -2.205485999999999905e-02
6.349999999999999645e+00 -2.576863999999999891e-02
6.400000000000000355e+00 -2.835655999999999941e-02
6.450000000000000178e+00 -2.979367000000000126e-02
6.500000000000000000e+00 -3.008312999999999959e-02
6.549999999999999822e+00 -2.950532000000000155e-02
6.599999999999999645e+00 -2.783421000000000159e-02
6.650000000000000355e+00 -2.514815000000000106e-02
6.700000000000000178e+00 -2.157339000000000132e-02
6.750000000000000000e+00 -1.728295999999999999e-02
6.799999999999999822e+00 -1.248930000000000005e-02
6.849999999999999645e+00 -7.431064999999999719e-03
6.900000000000000355e+00 -2.355737000000000109e-03
6.950000000000000178e+00 2.499602999999999981e-03
7.000000000000000000e+00 6.926503999999999994e-03
7.049999999999999822e+00 1.089000000000000037e-02
7.099999999999999645e+00 1.415153000000000071e-02
7.150000000000000355e+00 1.663333999999999993e-02
7.200000000000000178e+00 1.831378000000000172e-02
7.250000000000000000e+00 1.921812000000000173e-02
7.299999999999999822e+00 1.940495999999999888e-02
7.349999999999999645e+00 1.895134000000000055e-02
7.400000000000000355e+00 1.793915000000000093e-02
7.450000000000000178e+00 1.644552000000000166e-02
7.500000000000000000e+00 1.453815999999999962e-02
7.549999999999999822e+00 1.225951999999999945e-02
7.599999999999999645e+00 9.694922999999999388e-03
7.650000000000000355e+00 6.906695000000000022e-03
7.700000000000000178e+00 3.957132000000000357e-03
7.750000000000000000e+00 9.144488000000000529e-04
7.799999999999999822e+00 -2.142241000000000024e-03
7.849999999999999645e+00 -5.120371000000000297e-03
7.900000000000000355e+00 -7.914792000000000355e-03
7.950000000000000178e+00 -1.041238000000000059e-02
8.000000000000000000e+00 -1.249989999999999955e-02
8.050000000000000711e+00 -1.410351999999999960e-02
8.099999999999999645e+00 -1.513147999999999924e-02
8.150000000000000355e+00 -1.552676000000000056e-02
8.199999999999999289e+00 -1.526128000000000033e-02
8.250000000000000000e+00 -1.434023000000000068e-02
8.300000000000000711e+00 -1.280394999999999971e-02
8.349999999999999645e+00 -1.072730000000000038e-02
8.400000000000000355e+00 -8.216441999999999149e-03
8.449999999999999289e+00 -5.403062000000000142e-03
8.500000000000000000e+00 -2.436404000000000087e-03
8.550000000000000711e+00 5.401005000000000172e-04
8.599999999999999645e+00 3.390170999999999983e-03
8.650000000000000355e+00 5.971195000000000322e-03
8.699999999999999289e+00 8.160505000000000189e-03
8.750000000000000000e+00 9.863330000000000014e-03
8.800000000000000711e+00 1.101832999999999979e-02
8.849999999999999645e+00 1.160014000000000010e-02
8.900000000000000355e+00 1.161866999999999935e-02
8.949999999999999289e+00 1.111536999999999942e-02
9.000000000000000000e+00 1.015711000000000044e-02
9.050000000000000711e+00 8.886006999999999587e-03
9.099999999999999645e+00 7.313431999999999919e-03
9.150000000000000355e+00 5.530318000000000213e-03
9.199999999999999289e+00 3.626448999999999905e-03
9.250000000000000000e+00 1.686463999999999932e-03
9.300000000000000711e+00 -2.124592000000000071e-04
9.349999999999999645e+00 -2.001505000000000211e-03
9.400000000000000355e+00 -3.620261000000000052e-03
9.449999999999999289e+00 -5.016538000000000073e-03
9.500000000000000000e+00 -6.146528000000000061e-03
9.550000000000000711e+00 -7.023068999999999840e-03
9.599999999999999645e+00 -7.579703000000000135e-03
9.650000000000000355e+00 -7.800434000000000187e-03
9.699999999999999289e+00 -7.683729000000000253e-03
9.750000000000000000e+00 -7.243913000000000262e-03
9.800000000000000711e+00 -6.511381999999999587e-03
9.849999999999999645e+00 -5.531317000000000005e-03
9.900000000000000355e+00 -4.360830999999999909e-03
9.949999999999999289e+00 -3.064809999999999843e-03
1.000000000000000000e+01 -1.710996999999999909e-03
1.005000000000000071e+01 -3.606939000000000195e-04
1.009999999999999964e+01 9.354151999999999476e-04
1.015000000000000036e+01 2.125815999999999990e-03
1.019999999999999929e+01 3.168996999999999786e-03
1.025000000000000000e+01 4.034137999999999613e-03
1.030000000000000071e+01 4.700657999999999920e-03
1.034999999999999964e+01 5.156968999999999963e-03
1.040000000000000036e+01 5.398929999999999702e-03
1.044999999999999929e+01 5.428439000000000181e-03
1.050000000000000000e+01 5.252513999999999794e-03
1.055000000000000071e+01 4.883005999999999631e-03
1.059999999999999964e+01 4.336844000000000289e-03
1.065000000000000036e+01 3.636556999999999897e-03
1.069999999999999929e+01 2.810696000000000114e-03
1.075000000000000000e+01 1.893771000000000039e-03
1.080000000000000071e+01 9.254347999999999914e-04
1.084999999999999964e+01 -5.118526000000000331e-05
1.090000000000000036e+01 -9.918901000000000800e-04
1.094999999999999929e+01 -1.854264999999999906e-03
1.100000000000000000e+01 -2.600578000000000091e-03
1.105000000000000071e+01 -3.230635999999999838e-03
1.109999999999999964e+01 -3.699755999999999791e-03
1.115000000000000036e+01 -3.991826000000000402e-03
1.119999999999999929e+01 -4.100529000000000326e-03
1.125000000000000000e+01 -4.029025000000000314e-03
1.130000000000000071e+01 -3.788912000000000183e-03
1.134999999999999964e+01 -3.398703999999999788e-03
1.140000000000000036e+01 -2.882108999999999886e-03
1.144999999999999929e+01 -2.266352000000000123e-03
1.150000000000000000e+01 -1.580735999999999903e-03
1.155000000000000071e+01 -8.555009000000000138e-04
1.159999999999999964e+01 -1.209675000000000035e-04
1.165000000000000036e+01 5.931579999999999882e-04
1.169999999999999929e+01 1.258449000000000026e-03
1.175000000000000000e+01 1.848528000000000107e-03
1.180000000000000071e+01 2.339996999999999910e-03
1.184999999999999964e+01 2.713529000000000115e-03
1.190000000000000036e+01 2.955010000000000102e-03
1.194999999999999929e+01 3.056564999999999803e-03
1.200000000000000000e+01 3.017296000000000041e-03
1.205000000000000071e+01 2.876459000000000047e-03
1.209999999999999964e+01 2.601857999999999862e-03
1.215000000000000036e+01 2.209720999999999994e-03
1.219999999999999929e+01 1.722835999999999942e-03
1.225000000000000000e+01 1.168676999999999910e-03
1.230000000000000071e+01 5.773440000000000343e-04
1.234999999999999964e+01 -2.039434000000000166e-05
1.240000000000000036e+01 -5.948131999999999855e-04
1.244999999999999929e+01 -1.118669000000000087e-03
1.250000000000000000e+01 -1.568413999999999963e-03
1.255000000000000071e+01 -1.925241000000000062e-03
1.259999999999999964e+01 -2.175940999999999813e-03
1.265000000000000036e+01 -2.313498000000000204e-03
1.269999999999999929e+01 -2.337301999999999869e-03
1.275000000000000000e+01 -2.252853999999999881e-03
1.280000000000000071e+01 -2.070980000000000043e-03
1.284999999999999964e+01 -1.806616000000000038e-03
1.290000000000000036e+01 -1.477391999999999898e-03
1.294999999999999929e+01 -1.102242000000000022e-03
1.300000000000000000e+01 -7.002643000000000235e-04
1.305000000000000071e+01 -2.929935000000000265e-04
1.309999999999999964e+01 1.101687999999999946e-04
1.315000000000000036e+01 4.928288000000000070e-04
1.319999999999999929e+01 8.400572000000000247e-04
1.325000000000000000e+01 1.138777000000000105e-03
1.330000000000000071e+01 1.378132000000000012e-03
1.334999999999999964e+01 1.549842999999999967e-03
1.340000000000000036e+01 1.648539999999999988e-03
1.344999999999999929e+01 1.672045000000000042e-03
1.350000000000000000e+01 1.621552999999999970e-03
1.355000000000000071e+01 1.501661000000000055e-03
1.359999999999999964e+01 1.320203999999999952e-03
1.365000000000000036e+01 1.087868999999999989e-03
1.369999999999999929e+01 8.175978999999999669e-04
1.375000000000000000e+01 5.238057999999999647e-04
1.380000000000000071e+01 2.214862000000000005e-04
1.384999999999999964e+01 -7.471532000000000076e-05
1.390000000000000036e+01 -3.513645999999999935e-04
1.394999999999999929e+01 -5.969565000000000028e-04
1.400000000000000000e+01 -8.024243000000000348e-04
1.405000000000000071e+01 -9.732881000000000301e-04
1.409999999999999964e+01 -1.095330000000000045e-03
1.415000000000000036e+01 -1.166106999999999994e-03
1.419999999999999929e+01 -1.185601000000000103e-03
1.425000000000000000e+01 -1.155842000000000024e-03
1.430000000000000071e+01 -1.080477000000000043e-03
1.434999999999999964e+01 -9.643660000000000296e-04
1.440000000000000036e+01 -8.132630000000000501e-04
1.444999999999999929e+01 -6.336052000000000437e-04
1.450000000000000000e+01 -4.324152000000000269e-04
1.455000000000000071e+01 -2.172732999999999989e-04
1.459999999999999964e+01 3.693167000000000211e-06
1.465000000000000036e+01 2.218660999999999865e-04
1.469999999999999929e+01 4.282932999999999944e-04
1.475000000000000000e+01 6.139796000000000533e-04
1.480000000000000071e+01 7.703156000000000283e-04
1.484999999999999964e+01 8.896159000000000488e-04
1.490000000000000036e+01 9.657100999999999750e-04
1.494999999999999929e+01 9.945119999999999134e-04
1.500000000000000000e+01 9.744829999999999465e-04
1.505000000000000071e+01 9.129664000000000008e-04
1.509999999999999964e+01 8.076265999999999697e-04
1.515000000000000036e+01 6.647295999999999587e-04
1.519999999999999929e+01 4.929147000000000259e-04
1.525000000000000000e+01 3.024864000000000047e-04
1.530000000000000071e+01 1.045554000000000053e-04
1.534999999999999964e+01 -8.986381000000000588e-05
1.540000000000000036e+01 -2.706876000000000204e-04
1.544999999999999929e+01 -4.294368000000000013e-04
1.550000000000000000e+01 -5.596836000000000432e-04
1.555000000000000071e+01 -6.572451000000000204e-04
1.559999999999999964e+01 -7.201361000000000524e-04
1.565000000000000036e+01 -7.483276000000000077e-04
1.569999999999999929e+01 -7.433801000000000081e-04
1.575000000000000000e+01 -7.080323999999999602e-04
1.580000000000000071e+01 -6.458168999999999932e-04
1.584999999999999964e+01 -5.607563000000000304e-04
1.590000000000000036e+01 -4.571692000000000138e-04
1.594999999999999929e+01 -3.395817000000000085e-04
1.600000000000000000e+01 -2.127151999999999992e-04
1.605000000000000071e+01 -8.400991999999999813e-05
1.610000000000000142e+01 4.553322000000000109e-05
1.614999999999999858e+01 1.707678000000000017e-04
1.619999999999999929e+01 2.863650999999999935e-04
1.625000000000000000e+01 3.871077000000000003e-04
1.630000000000000071e+01 4.682679000000000030e-04
1.635000000000000142e+01 5.260142999999999893e-04
1.639999999999999858e+01 5.577852999999999804e-04
1.644999999999999929e+01 5.625644000000000174e-04
1.650000000000000000e+01 5.410092999999999500e-04
1.655000000000000071e+01 4.954084000000000525e-04
1.660000000000000142e+01 4.294661000000000181e-04
1.664999999999999858e+01 3.479425999999999982e-04
1.669999999999999929e+01 2.561999999999999933e-04
1.675000000000000000e+01 1.597155000000000059e-04
1.680000000000000071e+01 6.362990000000000551e-05
1.685000000000000142e+01 -2.761345999999999972e-05
1.689999999999999858e+01 -1.104983000000000056e-04
1.694999999999999929e+01 -1.825185999999999909e-04
1.700000000000000000e+01 -2.421241999999999882e-04
1.705000000000000071e+01 -2.915063999999999980e-04
1.710000000000000142e+01 -3.276873000000000025e-04
1.714999999999999858e+01 -3.505278999999999817e-04
1.719999999999999929e+01 -3.600604000000000196e-04
1.725000000000000000e+01 -3.564120000000000157e-04
1.730000000000000071e+01 -3.398211000000000048e-04
1.735000000000000142e+01 -3.107324999999999866e-04
1.739999999999999858e+01 -2.699393999999999925e-04
1.744999999999999929e+01 -2.187289999999999992e-04
1.750000000000000000e+01 -1.589870000000000009e-04
1.755000000000000071e+01 -9.322329000000000509e-05
1.760000000000000142e+01 -2.449861000000000023e-05
1.764999999999999858e+01 4.374867000000000138e-05
1.769999999999999929e+01 1.079573000000000040e-04
1.775000000000000000e+01 1.647433000000000122e-04
1.780000000000000071e+01 2.112008999999999924e-04
1.785000000000000142e+01 2.451587999999999879e-04
1.789999999999999858e+01 2.653549999999999963e-04
1.794999999999999929e+01 2.715055000000000181e-04
1.800000000000000000e+01 2.642643999999999766e-04
1.805000000000000071e+01 2.484438999999999745e-04
1.810000000000000142e+01 2.222752000000000094e-04
1.814999999999999858e+01 1.877547999999999934e-04
1.819999999999999929e+01 1.470859999999999941e-04
1.825000000000000000e+01 1.024950000000000004e-04
1.830000000000000071e+01 5.609686999999999947e-05
1.835000000000000142e+01 9.817887000000000754e-06
1.839999999999999858e+01 -3.462862999999999781e-05
1.844999999999999929e+01 -7.572958000000000619e-05
1.850000000000000000e+01 -1.121440000000000024e-04
1.855000000000000071e+01 -1.426815000000000060e-04
1.860000000000000142e+01 -1.663051000000000080e-04
1.864999999999999858e+01 -1.821647999999999876e-04
1.869999999999999929e+01 -1.896607999999999985e-04
1.875000000000000000e+01 -1.885222999999999890e-04
1.880000000000000071e+01 -1.788830999999999950e-04
1.885000000000000142e+01 -1.613337999999999968e-04
1.889999999999999858e+01 -1.369313999999999948e-04
1.894999999999999929e+01 -1.071572000000000046e-04
1.900000000000000000e+01 -7.382239999999999983e-05
1.905000000000000071e+01 -3.966681999999999912e-05
1.910000000000000142e+01 -5.219106000000000306e-06
1.914999999999999858e+01 2.766306000000000006e-05
1.919999999999999929e+01 5.732505000000000098e-05
1.925000000000000000e+01 8.243028000000000117e-05
1.930000000000000071e+01 1.020328000000000034e-04
1.935000000000000142e+01 1.156031999999999980e-04
1.939999999999999858e+01 1.230097999999999890e-04
1.944999999999999929e+01 1.244670000000000130e-04
1.950000000000000000e+01 1.204624000000000005e-04
1.955000000000000071e+01 1.116789999999999992e-04
1.960000000000000142e+01 9.892345000000000576e-05
1.964999999999999858e+01 8.306924000000000361e-05
1.969999999999999929e+01 6.501606000000000648e-05
1.975000000000000000e+01 4.566356999999999892e-05
1.980000000000000071e+01 2.589335999999999903e-05
1.985000000000000142e+01 6.552241000000000207e-06
1.989999999999999858e+01 -1.156861000000000036e-05
1.994999999999999929e+01 -2.776136999999999946e-05
2.000000000000000000e+01 -4.143497999999999745e-05
