# # Once                                                         FEFF 10.0.0 
# # POT  SCF 100  9.0000   0, NO core-hole, FOLP (folp(0)= 1.150)
# # Abs   Z=30 Rmt= 1.381 Rnm= 1.524 K  shell
# #   RGRID 0.0100
# # Pot 1 Z= 6 Rmt= 0.897 Rnm= 1.122
# # Pot 2 Z= 6 Rmt= 0.923 Rnm= 1.164
# # Pot 3 Z= 1 Rmt= 0.550 Rnm= 0.956
# # Pot 4 Z=16 Rmt= 1.257 Rnm= 1.477
# # Gam_ch=1.897E+00 H-L exch Vi=-5.000E-01 Vr= 0.000E+00
# # Mu=-6.939E+00eV kf=1.326E+00 Vint=-8.970E+00eV Rs_int= 2.736
# FMS rfms= 9.0000
# # PATH  Rmax= 0.100,  Keep_limit= 0.00, Heap_limit 0.00  Pwcrit= 2.50%
#  S02=1.000  Temp=  10.00  Debye_temp= 315.00  Global_sig2= 0.00000
#  Energy zero shift, vr, vi    0.00000E+00   0.00000E+00
#  Curved wave amplitude ratio filter   4.000%
#     file         sig2 tot  cw amp ratio   deg  nlegs   reff  inp sig2
#     0/   0 paths used
#  xsedge+ 50, used to normalize mu           1.0000E+00
#  -----------------------------------------------------------------------
#  omega    e    k    mu    mu0     chi     @#
      9653.6538117670      -16.9391856000       -1.6200872587    2.7334359851E-06    3.9943245791E-06   -1.2608885940E-06
      9654.1538117670      -16.4391856000       -1.5790658039    2.8568626911E-06    4.2274460393E-06   -1.3705833482E-06
      9654.6538117670      -15.9391856000       -1.5369497306    2.9909624898E-06    4.4874656069E-06   -1.4965031171E-06
      9655.1538117670      -15.4391856000       -1.4936466613    3.1371614674E-06    4.7791583471E-06   -1.6419968798E-06
      9655.6538117670      -14.9391856000       -1.4490501841    3.2971538091E-06    5.1084790602E-06   -1.8113252510E-06
      9656.1538117670      -14.4391856000       -1.4030367413    3.4729694801E-06    5.4829467631E-06   -2.0099772831E-06
      9656.6538117670      -13.9391856000       -1.3554622724    3.6670642845E-06    5.9121891571E-06   -2.2451248726E-06
      9657.1538117670      -13.4391856000       -1.3061560932    3.8824418675E-06    6.4087302986E-06   -2.5262884312E-06
      9657.6538117670      -12.9391856000       -1.2549141860    4.1228224484E-06    6.9891580685E-06   -2.8663356201E-06
      9658.1538117670      -12.4391856000       -1.2014889076    4.3928819443E-06    7.6759032475E-06   -3.2830213032E-06
      9658.6538117670      -11.9391856000       -1.1455747332    4.6986008297E-06    8.5000389857E-06   -3.8014381561E-06
      9659.1538117670      -11.4391856000       -1.0867876258    5.0477912846E-06    9.5058543968E-06   -4.4580631123E-06
      9659.6538117670      -10.9391856000       -1.0246331595    5.4509288881E-06    1.0758666796E-05   -5.3077379079E-06
      9660.1538117670      -10.4391856000       -0.9584566200    5.9225375730E-06    1.2358901863E-05   -6.4363642899E-06
      9660.6538118170       -9.9391855500       -0.8873583607    6.4836599208E-06    1.4469202456E-05   -7.9855425350E-06
      9661.1538118170       -9.4391855500       -0.8100436294    7.1666729523E-06    1.7371142547E-05   -1.0204469595E-05
      9661.6538118170       -8.9391855500       -0.7245250921    8.0258478286E-06    2.1597368646E-05   -1.3571520817E-05
      9662.1538118170       -8.4391855500       -0.6274570930    9.1644581163E-06    2.8287153152E-05   -1.9122695036E-05
      9662.6538118170       -7.9391855500       -0.5123165798    1.0820931549E-05    4.0351341713E-05   -2.9530410163E-05
      9663.1538118170       -7.4391855500       -0.3622625460    1.3721557296E-05    6.7315835397E-05   -5.3594278101E-05
      9663.6538118170       -6.9391855500        0.0000000000    2.0163491495E-05    1.3904200523E-04   -1.1887851373E-04
      9664.1538118170       -6.4391855500        0.3622625460    2.6659495526E-05    2.2766187139E-04   -2.0100237586E-04
      9664.6538118170       -5.9391855500        0.5123165798    3.1921754115E-05    2.8839084899E-04   -2.5646909488E-04
      9665.1538118170       -5.4391855500        0.6274570930    3.8728155087E-05    3.2951120815E-04   -2.9078305307E-04
      9665.6538118170       -4.9391855500        0.7245250921    4.8276523658E-05    3.5453646386E-04   -3.0625994020E-04
      9666.1538118170       -4.4391855500        0.8100436294    6.2716271047E-05    3.6651081376E-04   -3.0379454271E-04
      9666.6538118170       -3.9391855500        0.8873583607    8.5310968729E-05    3.6896767584E-04   -2.8365670711E-04
      9667.1538118170       -3.4391855500        0.9584566200    1.1997181354E-04    3.6517542116E-04   -2.4520360763E-04
      9667.6538118170       -2.9391855500        1.0246331595    1.6729082786E-04    3.5767668738E-04   -1.9038585952E-04
      9668.1538118170       -2.4391855500        1.0867876258    2.1923361729E-04    3.4824098619E-04   -1.2900736890E-04
      9668.6538118170       -1.9391855500        1.1455747332    2.6757219937E-04    3.3802006395E-04   -7.0447864577E-05
      9669.1538118170       -1.4391855500        1.2014889076    3.0990984050E-04    3.2770543931E-04   -1.7795598808E-05
      9669.6538118160       -0.9391855510        1.2549141860    3.4098668050E-04    3.1770739638E-04    2.3279284129E-05
      9670.1538118160       -0.4391855510        1.3061560932    3.6001330619E-04    3.0824020825E-04    5.1773097936E-05
      9670.6538118163        0.0608144493        1.3554622724    3.6879543625E-04    2.9940862051E-04    6.9386815736E-05
      9671.1538118160        0.5608144490        1.4030367413    3.6522533986E-04    2.9124807854E-04    7.3977261320E-05
      9671.6538118170        1.0608144500        1.4490501841    3.5331373511E-04    2.8375329736E-04    6.9560437745E-05
      9672.1538118170        1.5608144500        1.4936466613    3.4124377565E-04    2.7689738216E-04    6.4346393496E-05
      9672.6538118170        2.0608144500        1.5369497306    3.3281685376E-04    2.7064484580E-04    6.2172007958E-05
      9673.1538118170        2.5608144500        1.5790658039    3.2724276228E-04    2.6492631614E-04    6.2316446139E-05
      9673.6538118170        3.0608144500        1.6200872587    3.2196622081E-04    2.5961005154E-04    6.2356169267E-05
      9674.2805874570        3.6875900900        1.6700872977    3.1305724534E-04    2.5374356011E-04    5.9313685237E-05
      9674.9264130170        4.3334156500        1.7200873036    3.0122896342E-04    2.4918934428E-04    5.2039619134E-05
      9675.5912884970        4.9982911300        1.7700872793    2.9190508794E-04    2.4915537643E-04    4.2749711504E-05
      9676.2752138970        5.6822165300        1.8200872856    2.8234703612E-04    2.4839611429E-04    3.3950921829E-05
      9676.9781892270        6.3851918600        1.8700873770    2.7253715043E-04    2.4611429544E-04    2.6422854987E-05
      9677.7002144670        7.1072171000        1.9200873252    2.6331980081E-04    2.4285117150E-04    2.0468629307E-05
      9678.4412896270        7.8482922600        1.9700873572    2.5513395204E-04    2.3913179257E-04    1.6002159468E-05
      9679.2014147070        8.6084173400        2.0200873613    2.4807437397E-04    2.3509908461E-04    1.2975289360E-05
      9679.9805897070        9.3875923400        2.0700873396    2.4230845057E-04    2.3079044686E-04    1.1518003712E-05
      9680.7788146670       10.1858173000        2.1200873943    2.3792548749E-04    2.2628572550E-04    1.1639761995E-05
      9681.5960894670       11.0030921000        2.1700873240    2.3471764198E-04    2.2165811117E-04    1.3059530812E-05
      9682.4324142670       11.8394169000        2.2200873288    2.3255226325E-04    2.1738378347E-04    1.5168479786E-05
      9683.2877889670       12.6947916000        2.2700873101    2.3116226885E-04    2.1393130513E-04    1.7230963718E-05
      9684.1622135670       13.5692162000        2.3200873610    2.2998870214E-04    2.1123525327E-04    1.8753448867E-05
      9685.0556880670       14.4626907000        2.3700872976    2.2868402370E-04    2.0913761156E-04    1.9546412145E-05
      9685.9682124670       15.3752151000        2.4200873029    2.2721146604E-04    2.0753033385E-04    1.9681132195E-05
      9686.8997868670       16.3067895000        2.4700872865    2.2571276235E-04    2.0635279437E-04    1.9359967978E-05
      9687.8504111670       17.2574138000        2.5200873342    2.2431868704E-04    2.0556434386E-04    1.8754343186E-05
      9688.8200853670       18.2270880000        2.5700872766    2.2300751781E-04    2.0512468758E-04    1.7882830229E-05
      9689.8088094670       19.2158121000        2.6200872821    2.2157534662E-04    2.0498227470E-04    1.6593071919E-05
      9690.8165834670       20.2235861000        2.6700872676    2.1970299092E-04    2.0507998554E-04    1.4623005382E-05
      9691.8434074670       21.2504101000        2.7200873124    2.1710416793E-04    2.0540086161E-04    1.1703306315E-05
      9692.8892813670       22.2962840000        2.7700872596    2.1358499661E-04    2.0592389482E-04    7.6611017883E-06
      9693.9542051670       23.3612078000        2.8200872653    2.0914355016E-04    2.0662175890E-04    2.5217912546E-06
      9695.0381788670       24.4451815000        2.8700873265    2.0403001961E-04    2.0746761134E-04   -3.4375917366E-06
      9696.1412025670       25.5482052000        2.9200872946    1.9874660361E-04    2.0844761079E-04   -9.7010071803E-06
      9697.2632760670       26.6702787000        2.9700873176    1.9392467719E-04    2.0955347796E-04   -1.5628800769E-05
      9698.4043995670       27.8114022000        3.0200872517    1.9013561220E-04    2.1076266826E-04   -2.0627056060E-05
      9699.5645729670       28.9715756000        3.0700872401    1.8778389580E-04    2.1207175474E-04   -2.4287858940E-05
      9700.7437962670       30.1507989000        3.1200872801    1.8702237852E-04    2.1344418044E-04   -2.6421801926E-05
      9701.9420695670       31.3490722000        3.1700872349    1.8785754444E-04    2.1488730892E-04   -2.7029764477E-05
      9703.1593927670       32.5663954000        3.2200872408    1.9015462985E-04    2.1638903494E-04   -2.6234405095E-05
      9704.3957657670       33.8027684000        3.2700871651    1.9369449000E-04    2.1792185408E-04   -2.4227364080E-05
      9705.6511887670       35.0581914000        3.3200872682    1.9824684778E-04    2.1948624971E-04   -2.1239401929E-05
      9706.9256617670       36.3326644000        3.3700874155    2.0355074213E-04    2.2106329339E-04   -1.7512551263E-05
      9708.2191845670       37.6261872000        3.4200874809    2.0935890408E-04    2.2263526574E-04   -1.3276361660E-05
      9709.5317573670       38.9387600000        3.4700874677    2.1545281812E-04    2.2419536365E-04   -8.7425455225E-06
      9710.8633800670       40.2703827000        3.5200873794    2.2164592162E-04    2.2574158284E-04   -4.0956612288E-06
      9712.2140526670       41.6210553000        3.5700874575    2.2774990454E-04    2.2724429696E-04    5.0560758396E-07
      9713.5837751670       42.9907778000        3.6200873425    2.3362545581E-04    2.2870992869E-04    4.9155271233E-06
      9714.9725476670       44.3795503000        3.6700873901    2.3910083713E-04    2.3010603442E-04    8.9948027136E-06
      9716.3803699670       45.7873726000        3.7200873650    2.4406039930E-04    2.3145016617E-04    1.2610233124E-05
      9717.8072422670       47.2142449000        3.7700873829    2.4833538318E-04    2.3270499123E-04    1.5630391953E-05
      9719.2531644670       48.6601671000        3.8200872194    2.5182781362E-04    2.3388300232E-04    1.7944811300E-05
      9720.7181365670       50.1251392000        3.8700873213    2.5444252405E-04    2.3496508237E-04    1.9477441680E-05
      9722.2021586670       51.6091613000        3.9200871357    2.5615883787E-04    2.3595374359E-04    2.0205094283E-05
      9723.7052306670       53.1122333000        3.9700873166    2.5698904585E-04    2.3683571550E-04    2.0153330358E-05
      9725.2273524670       54.6343551000        4.0200872151    2.5700628960E-04    2.3761496477E-04    1.9391324834E-05
      9726.7685243670       56.1755270000        4.0700872600    2.5628947116E-04    2.3828499370E-04    1.8004477457E-05
      9728.3287460670       57.7357487000        4.1200870326    2.5493009478E-04    2.3884427167E-04    1.6085823105E-05
      9729.9080176670       59.3150203000        4.1700873594    2.5301969175E-04    2.3929287438E-04    1.3726817370E-05
      9731.5063392670       60.9133419000        4.2200870102    2.5064131584E-04    2.3962491470E-04    1.1016401135E-05
      9733.1237107670       62.5307134000        4.2700874045    2.4789122071E-04    2.3985282834E-04    8.0383923714E-06
      9734.7601321670       64.1671348000        4.3200871369    2.4483625825E-04    2.3997240730E-04    4.8638509468E-06
      9736.4156034670       65.8226061000        4.3700873990    2.4154265787E-04    2.3999059412E-04    1.5520637517E-06
      9738.0901247670       67.4971274000        4.4200875951    2.3806256880E-04    2.3990986111E-04   -1.8472923047E-06
      9739.7836958670       69.1906985000        4.4700873463    2.3446513419E-04    2.3973849690E-04   -5.2733627172E-06
      9741.4963169670       70.9033196000        4.5200876093    2.3085417404E-04    2.3948551273E-04   -8.6313386814E-06
      9743.2279879670       72.6349906000        4.5700872495    2.2737943888E-04    2.3915357906E-04   -1.1774140179E-05
      9744.9787089670       74.3857116000        4.6200875770    2.2425045082E-04    2.3875758133E-04   -1.4507130514E-05
      9746.7484797670       76.1554824000        4.6700872937    2.2166385156E-04    2.3828781796E-04   -1.6623966402E-05
      9748.5373005670       77.9443032000        4.7200875012    2.1981069491E-04    2.3776524227E-04   -1.7954547360E-05
      9750.3451712670       79.7521739000        4.7700872916    2.1878535706E-04    2.3720057925E-04   -1.8415222191E-05
      9752.1720918670       81.5790945000        4.8200875611    2.1856988772E-04    2.3659673669E-04   -1.8026848964E-05
      9754.0180623670       83.4250650000        4.8700872460    2.1906124069E-04    2.3596286991E-04   -1.6901629225E-05
      9755.8830828670       85.2900855000        4.9200874025    2.2010621489E-04    2.3530903861E-04   -1.5202823723E-05
      9757.7671531670       87.1741558000        4.9700873309    2.2154261738E-04    2.3464376784E-04   -1.3101150458E-05
      9759.6702734670       89.0772761000        5.0200875471    2.2322916046E-04    2.3396915299E-04   -1.0739992527E-05
      9761.5924437670       90.9994464000        5.0700872027    2.2506986375E-04    2.3329456740E-04   -8.2247036513E-06
      9763.5336638670       92.9406665000        5.1200874783    2.2700628917E-04    2.3262859471E-04   -5.6223055346E-06
      9765.4939338670       94.9009365000        5.1700872031    2.2899947204E-04    2.3197487874E-04   -2.9754066983E-06
      9767.4732538670       96.8802565000        5.2200873716    2.3102798780E-04    2.3134707174E-04   -3.1908393888E-07
      9769.4716237670       98.8786264000        5.2700871633    2.3304299321E-04    2.3073413669E-04    2.3088565251E-06
      9771.4890433670      100.8960460000        5.3200873890    2.3501267035E-04    2.3015768444E-04    4.8549859127E-06
      9773.5255133670      102.9325160000        5.3700870854    2.3687086247E-04    2.2961930998E-04    7.2515524893E-06
      9775.5810333670      104.9880360000        5.4200875237    2.3852834065E-04    2.2911416941E-04    9.4141712405E-06
      9777.6556023670      107.0626050000        5.4700872829    2.3989405867E-04    2.2864833961E-04    1.1245719064E-05
      9779.7492223670      109.1562250000        5.5200873067    2.4086857087E-04    2.2822331437E-04    1.2645256498E-05
      9781.8618913670      111.2688940000        5.5700872823    2.4137209724E-04    2.2785327318E-04    1.3518824063E-05
      9783.9936103670      113.4006130000        5.6200875141    2.4131185419E-04    2.2751900721E-04    1.3792846979E-05
      9786.1443803670      115.5513830000        5.6700870942    2.4066824158E-04    2.2724053184E-04    1.3427709734E-05
      9788.3141993670      117.7212020000        5.7200875283    2.3943746168E-04    2.2700475488E-04    1.2432706800E-05
      9790.5030683670      119.9100710000        5.7700870235    2.3768636711E-04    2.2681697053E-04    1.0869396579E-05
      9792.7109873670      122.1179900000        5.8200873593    2.3552829657E-04    2.2667854909E-04    8.8497474827E-06
      9794.9379563670      124.3449590000        5.8700870640    2.3310702749E-04    2.2658229750E-04    6.5247299919E-06
      9797.1839753670      126.5909780000        5.9200873040    2.3059908710E-04    2.2653419021E-04    4.0648968977E-06
      9799.4490443670      128.8560470000        5.9700872103    2.2817722794E-04    2.2652858732E-04    1.6486406165E-06
      9801.7331623670      131.1401650000        6.0200873568    2.2605627596E-04    2.2658698770E-04   -5.3071173184E-07
