0.000000000000000000e+00 -9.348195999999999728e-01
5.000000000000000278e-02 -9.498739999999999961e-01
1.000000000000000056e-01 -9.645605999999999902e-01
1.499999999999999944e-01 -1.006164999999999976e+00
2.000000000000000111e-01 -1.044373999999999914e+00
2.500000000000000000e-01 -1.099691999999999892e+00
2.999999999999999889e-01 -1.145329999999999959e+00
3.499999999999999778e-01 -1.191753999999999980e+00
4.000000000000000222e-01 -1.219759000000000038e+00
4.500000000000000111e-01 -1.228852000000000055e+00
5.000000000000000000e-01 -1.211611999999999911e+00
5.500000000000000444e-01 -1.159761000000000042e+00
5.999999999999999778e-01 -1.079873000000000083e+00
6.500000000000000222e-01 -9.620123999999999898e-01
6.999999999999999556e-01 -8.245411000000000268e-01
7.500000000000000000e-01 -6.610097999999999807e-01
8.000000000000000444e-01 -4.947492000000000001e-01
8.499999999999999778e-01 -3.236956000000000278e-01
9.000000000000000222e-01 -1.680887000000000076e-01
9.499999999999999556e-01 -2.698033999999999849e-02
1.000000000000000000e+00 8.757726000000000399e-02
1.050000000000000044e+00 1.781602999999999937e-01
1.100000000000000089e+00 2.413602999999999998e-01
1.149999999999999911e+00 2.824616999999999822e-01
1.199999999999999956e+00 3.033017000000000074e-01
1.250000000000000000e+00 3.102396000000000043e-01
1.300000000000000044e+00 3.062493000000000021e-01
1.350000000000000089e+00 2.971597000000000266e-01
1.399999999999999911e+00 2.837075000000000014e-01
1.449999999999999956e+00 2.696856000000000253e-01
1.500000000000000000e+00 2.526841000000000226e-01
1.550000000000000044e+00 2.333041999999999894e-01
1.600000000000000089e+00 2.084100000000000119e-01
1.649999999999999911e+00 1.758649999999999936e-01
1.699999999999999956e+00 1.366489999999999927e-01
1.750000000000000000e+00 9.037538999999999989e-02
1.800000000000000044e+00 4.258441999999999783e-02
1.850000000000000089e+00 3.898796999999999853e-03
1.899999999999999911e+00 -3.060225999999999918e-02
1.949999999999999956e+00 -3.212148000000000087e-02
2.000000000000000000e+00 -3.299181000000000336e-02
2.049999999999999822e+00 -3.775557000000000132e-03
2.100000000000000089e+00 3.466891999999999890e-02
2.149999999999999911e+00 7.400985999999999676e-02
2.200000000000000178e+00 1.059221999999999941e-01
2.250000000000000000e+00 1.209260999999999947e-01
2.299999999999999822e+00 1.202468000000000009e-01
2.350000000000000089e+00 1.059567000000000009e-01
2.399999999999999911e+00 8.415074999999999639e-02
2.450000000000000178e+00 6.304592000000000529e-02
2.500000000000000000e+00 4.483212999999999782e-02
2.549999999999999822e+00 3.083404000000000006e-02
2.600000000000000089e+00 2.063291999999999904e-02
2.649999999999999911e+00 7.508329999999999692e-03
2.700000000000000178e+00 -5.107414000000000225e-03
2.750000000000000000e+00 -1.820969000000000060e-02
2.799999999999999822e+00 -3.264536999999999994e-02
2.850000000000000089e+00 -4.730208999999999803e-02
2.899999999999999911e+00 -6.253817000000000403e-02
2.950000000000000178e+00 -7.787887000000000282e-02
3.000000000000000000e+00 -9.237927999999999418e-02
3.049999999999999822e+00 -1.033354999999999968e-01
3.100000000000000089e+00 -1.112183000000000060e-01
3.149999999999999911e+00 -1.149773000000000045e-01
3.200000000000000178e+00 -1.138717999999999952e-01
3.250000000000000000e+00 -1.077449999999999936e-01
3.299999999999999822e+00 -9.713810000000000500e-02
3.350000000000000089e+00 -8.243040999999999563e-02
3.399999999999999911e+00 -6.454685999999999757e-02
3.450000000000000178e+00 -4.515041000000000193e-02
3.500000000000000000e+00 -2.493356999999999865e-02
3.549999999999999822e+00 -4.923956999999999640e-03
3.600000000000000089e+00 1.399614000000000066e-02
3.649999999999999911e+00 3.099187000000000122e-02
3.700000000000000178e+00 4.593984000000000262e-02
3.750000000000000000e+00 5.857280000000000125e-02
3.799999999999999822e+00 6.876268000000000657e-02
3.850000000000000089e+00 7.661998000000000419e-02
3.899999999999999911e+00 8.207688999999999957e-02
3.950000000000000178e+00 8.509366000000000152e-02
4.000000000000000000e+00 8.562029999999999641e-02
4.049999999999999822e+00 8.384784000000000681e-02
4.099999999999999645e+00 7.951930999999999583e-02
4.150000000000000355e+00 7.265146000000000104e-02
4.200000000000000178e+00 6.335955000000000059e-02
4.250000000000000000e+00 5.201391999999999821e-02
4.299999999999999822e+00 3.882506000000000151e-02
4.349999999999999645e+00 2.429823999999999873e-02
4.400000000000000355e+00 9.049863000000000005e-03
4.450000000000000178e+00 -6.250287000000000204e-03
4.500000000000000000e+00 -2.091120000000000131e-02
4.549999999999999822e+00 -3.425555999999999740e-02
4.599999999999999645e+00 -4.569534000000000096e-02
4.650000000000000355e+00 -5.486511000000000166e-02
4.700000000000000178e+00 -6.139976999999999935e-02
4.750000000000000000e+00 -6.517839000000000271e-02
4.799999999999999822e+00 -6.624565000000000314e-02
4.849999999999999645e+00 -6.484052999999999345e-02
4.900000000000000355e+00 -6.119449999999999890e-02
4.950000000000000178e+00 -5.567851000000000050e-02
5.000000000000000000e+00 -4.869446000000000191e-02
5.049999999999999822e+00 -4.063673000000000285e-02
5.099999999999999645e+00 -3.185299999999999937e-02
5.150000000000000355e+00 -2.266833000000000042e-02
5.200000000000000178e+00 -1.336292000000000035e-02
5.250000000000000000e+00 -4.086595999999999632e-03
5.299999999999999822e+00 4.883376000000000036e-03
5.349999999999999645e+00 1.334370000000000001e-02
5.400000000000000355e+00 2.109689000000000009e-02
5.450000000000000178e+00 2.805500999999999828e-02
5.500000000000000000e+00 3.391037000000000218e-02
5.549999999999999822e+00 3.847655999999999993e-02
5.599999999999999645e+00 4.159946999999999950e-02
5.650000000000000355e+00 4.323787999999999937e-02
5.700000000000000178e+00 4.324661999999999951e-02
5.750000000000000000e+00 4.164796999999999944e-02
5.799999999999999822e+00 3.854099999999999887e-02
5.849999999999999645e+00 3.412165999999999810e-02
5.900000000000000355e+00 2.856467000000000034e-02
5.950000000000000178e+00 2.214893999999999891e-02
6.000000000000000000e+00 1.518166999999999954e-02
6.049999999999999822e+00 7.948053000000000062e-03
6.099999999999999645e+00 7.260411000000000035e-04
6.150000000000000355e+00 -6.191798000000000093e-03
6.200000000000000178e+00 -1.254271000000000032e-02
6.250000000000000000e+00 -1.810215000000000088e-02
6.299999999999999822e+00 -2.268987999999999908e-02
6.349999999999999645e+00 -2.617438000000000056e-02
6.400000000000000355e+00 -2.847565000000000165e-02
6.450000000000000178e+00 -2.956618999999999914e-02
6.500000000000000000e+00 -2.947009999999999907e-02
6.549999999999999822e+00 -2.847111000000000086e-02
6.599999999999999645e+00 -2.641521999999999967e-02
6.650000000000000355e+00 -2.343574000000000004e-02
6.700000000000000178e+00 -1.970030999999999866e-02
6.750000000000000000e+00 -1.540002000000000038e-02
6.799999999999999822e+00 -1.073762999999999974e-02
6.849999999999999645e+00 -5.915982000000000185e-03
6.900000000000000355e+00 -1.128078999999999931e-03
6.950000000000000178e+00 3.450372000000000161e-03
7.000000000000000000e+00 7.665767999999999888e-03
7.049999999999999822e+00 1.149542999999999919e-02
7.099999999999999645e+00 1.474980000000000041e-02
7.150000000000000355e+00 1.733867999999999868e-02
7.200000000000000178e+00 1.920041000000000109e-02
7.250000000000000000e+00 2.030032999999999838e-02
7.299999999999999822e+00 2.062775999999999846e-02
7.349999999999999645e+00 2.019361999999999893e-02
7.400000000000000355e+00 1.902973000000000164e-02
7.450000000000000178e+00 1.719021000000000091e-02
7.500000000000000000e+00 1.475343999999999961e-02
7.549999999999999822e+00 1.183026000000000043e-02
7.599999999999999645e+00 8.525846000000000119e-03
7.650000000000000355e+00 4.981211999999999619e-03
7.700000000000000178e+00 1.345319999999999893e-03
7.750000000000000000e+00 -2.231734999999999882e-03
7.799999999999999822e+00 -5.605256999999999774e-03
7.849999999999999645e+00 -8.641941000000000206e-03
7.900000000000000355e+00 -1.122518999999999947e-02
7.950000000000000178e+00 -1.325975000000000070e-02
8.000000000000000000e+00 -1.467559000000000051e-02
8.050000000000000711e+00 -1.547625000000000042e-02
8.099999999999999645e+00 -1.560415000000000066e-02
8.150000000000000355e+00 -1.507228000000000040e-02
8.199999999999999289e+00 -1.392342000000000059e-02
8.250000000000000000e+00 -1.222889999999999915e-02
8.300000000000000711e+00 -1.008561000000000006e-02
8.349999999999999645e+00 -7.610991000000000110e-03
8.400000000000000355e+00 -4.936117000000000282e-03
8.449999999999999289e+00 -2.197413000000000057e-03
8.500000000000000000e+00 4.722789999999999822e-04
8.550000000000000711e+00 2.987286000000000021e-03
8.599999999999999645e+00 5.235993999999999891e-03
8.650000000000000355e+00 7.133834000000000355e-03
8.699999999999999289e+00 8.621844999999999509e-03
8.750000000000000000e+00 9.667310999999999613e-03
8.800000000000000711e+00 1.026189999999999915e-02
8.849999999999999645e+00 1.041798000000000030e-02
8.900000000000000355e+00 1.016412000000000045e-02
8.949999999999999289e+00 9.540593999999999464e-03
9.000000000000000000e+00 8.595682000000000322e-03
9.050000000000000711e+00 7.427028999999999923e-03
9.099999999999999645e+00 6.020605000000000054e-03
9.150000000000000355e+00 4.434686999999999657e-03
9.199999999999999289e+00 2.731898999999999873e-03
9.250000000000000000e+00 9.780558999999999000e-04
9.300000000000000711e+00 -7.594233999999999837e-04
9.349999999999999645e+00 -2.413597999999999872e-03
9.400000000000000355e+00 -3.920515999999999758e-03
9.449999999999999289e+00 -5.221980000000000198e-03
9.500000000000000000e+00 -6.268323000000000124e-03
9.550000000000000711e+00 -7.067063000000000164e-03
9.599999999999999645e+00 -7.546792000000000084e-03
9.650000000000000355e+00 -7.692499000000000212e-03
9.699999999999999289e+00 -7.504564000000000026e-03
9.750000000000000000e+00 -6.998634999999999579e-03
9.800000000000000711e+00 -6.204770000000000077e-03
9.849999999999999645e+00 -5.165880999999999772e-03
9.900000000000000355e+00 -3.935555000000000303e-03
9.949999999999999289e+00 -2.575328999999999900e-03
1.000000000000000000e+01 -1.151513999999999966e-03
1.005000000000000071e+01 2.737622999999999793e-04
1.009999999999999964e+01 1.641335999999999967e-03
1.015000000000000036e+01 2.890452999999999859e-03
1.019999999999999929e+01 3.967558000000000369e-03
1.025000000000000000e+01 4.828884000000000301e-03
1.030000000000000071e+01 5.442530000000000111e-03
1.034999999999999964e+01 5.789856000000000343e-03
1.040000000000000036e+01 5.866068999999999797e-03
1.044999999999999929e+01 5.679965999999999834e-03
1.050000000000000000e+01 5.252836000000000310e-03
1.055000000000000071e+01 4.616646999999999765e-03
1.059999999999999964e+01 3.811670999999999983e-03
1.065000000000000036e+01 2.883775999999999787e-03
1.069999999999999929e+01 1.881607999999999892e-03
1.075000000000000000e+01 8.538900000000000526e-04
1.080000000000000071e+01 -1.529922000000000020e-04
1.084999999999999964e+01 -1.096987999999999913e-03
1.090000000000000036e+01 -1.941891999999999967e-03
1.094999999999999929e+01 -2.658367000000000022e-03
1.100000000000000000e+01 -3.224505999999999813e-03
1.105000000000000071e+01 -3.661773000000000111e-03
1.109999999999999964e+01 -3.929240999999999984e-03
1.115000000000000036e+01 -4.023190999999999747e-03
1.119999999999999929e+01 -3.946996999999999832e-03
1.125000000000000000e+01 -3.710479000000000034e-03
1.130000000000000071e+01 -3.329103999999999831e-03
1.134999999999999964e+01 -2.823164999999999876e-03
1.140000000000000036e+01 -2.217021000000000009e-03
1.144999999999999929e+01 -1.538394999999999910e-03
1.150000000000000000e+01 -8.176458999999999637e-04
1.155000000000000071e+01 -8.685285999999999365e-05
1.159999999999999964e+01 6.213860000000000303e-04
1.165000000000000036e+01 1.275494999999999971e-03
1.169999999999999929e+01 1.846713000000000044e-03
1.175000000000000000e+01 2.310931000000000009e-03
1.180000000000000071e+01 2.650308999999999998e-03
1.184999999999999964e+01 2.854409000000000026e-03
1.190000000000000036e+01 2.920644999999999925e-03
1.194999999999999929e+01 2.854016000000000018e-03
1.200000000000000000e+01 2.666181000000000106e-03
1.205000000000000071e+01 2.396987000000000163e-03
1.209999999999999964e+01 2.033434000000000196e-03
1.215000000000000036e+01 1.596577000000000066e-03
1.219999999999999929e+01 1.108980999999999986e-03
1.225000000000000000e+01 5.934269999999999953e-04
1.230000000000000071e+01 7.197735000000000298e-05
1.234999999999999964e+01 -4.346034000000000138e-04
1.240000000000000036e+01 -9.071562999999999936e-04
1.244999999999999929e+01 -1.328303000000000079e-03
1.250000000000000000e+01 -1.682628999999999939e-03
1.255000000000000071e+01 -1.956971999999999965e-03
1.259999999999999964e+01 -2.140861999999999887e-03
1.265000000000000036e+01 -2.227083999999999835e-03
1.269999999999999929e+01 -2.212280000000000062e-03
1.275000000000000000e+01 -2.097495000000000002e-03
1.280000000000000071e+01 -1.888549999999999908e-03
1.284999999999999964e+01 -1.596163000000000052e-03
1.290000000000000036e+01 -1.235713000000000046e-03
1.294999999999999929e+01 -8.266362000000000189e-04
1.300000000000000000e+01 -3.913944999999999946e-04
1.305000000000000071e+01 4.246935000000000022e-05
1.309999999999999964e+01 4.592077999999999980e-04
1.315000000000000036e+01 8.377490000000000457e-04
1.319999999999999929e+01 1.160154999999999954e-03
1.325000000000000000e+01 1.412613999999999970e-03
1.330000000000000071e+01 1.586060000000000031e-03
1.334999999999999964e+01 1.676409999999999923e-03
1.340000000000000036e+01 1.684446999999999941e-03
1.344999999999999929e+01 1.615363000000000085e-03
1.350000000000000000e+01 1.478018999999999904e-03
1.355000000000000071e+01 1.283960000000000006e-03
1.359999999999999964e+01 1.046323000000000045e-03
1.365000000000000036e+01 7.787497999999999686e-04
1.369999999999999929e+01 4.944805000000000034e-04
1.375000000000000000e+01 2.057458999999999981e-04
1.380000000000000071e+01 -7.648320000000000661e-05
1.384999999999999964e+01 -3.424295999999999850e-04
1.390000000000000036e+01 -5.832647999999999522e-04
1.394999999999999929e+01 -7.908785000000000207e-04
1.400000000000000000e+01 -9.578497000000000053e-04
1.405000000000000071e+01 -1.089537000000000014e-03
1.409999999999999964e+01 -1.170589999999999999e-03
1.415000000000000036e+01 -1.197483999999999962e-03
1.419999999999999929e+01 -1.169244000000000056e-03
1.425000000000000000e+01 -1.087719000000000012e-03
1.430000000000000071e+01 -9.576473999999999751e-04
1.434999999999999964e+01 -7.864620000000000334e-04
1.440000000000000036e+01 -5.838380000000000436e-04
1.444999999999999929e+01 -3.610217000000000200e-04
1.450000000000000000e+01 -1.300146000000000071e-04
1.455000000000000071e+01 9.728837000000000650e-05
1.459999999999999964e+01 3.099053000000000159e-04
1.465000000000000036e+01 4.984268000000000032e-04
1.469999999999999929e+01 6.554644999999999786e-04
1.475000000000000000e+01 7.758628000000000486e-04
1.480000000000000071e+01 8.566847000000000481e-04
1.484999999999999964e+01 8.970181000000000031e-04
1.490000000000000036e+01 8.976719999999999665e-04
1.494999999999999929e+01 8.608383000000000484e-04
1.500000000000000000e+01 7.897874000000000474e-04
1.505000000000000071e+01 6.951233999999999929e-04
1.509999999999999964e+01 5.741576999999999662e-04
1.515000000000000036e+01 4.315165000000000146e-04
1.519999999999999929e+01 2.727547999999999995e-04
1.525000000000000000e+01 1.043636999999999983e-04
1.530000000000000071e+01 -6.634666999999999746e-05
1.534999999999999964e+01 -2.315213999999999955e-04
1.540000000000000036e+01 -3.831907000000000173e-04
1.544999999999999929e+01 -5.138195999999999822e-04
1.550000000000000000e+01 -6.169077000000000024e-04
1.555000000000000071e+01 -6.875534999999999893e-04
1.559999999999999964e+01 -7.228948000000000231e-04
1.565000000000000036e+01 -7.223518999999999643e-04
1.569999999999999929e+01 -6.876306000000000432e-04
1.575000000000000000e+01 -6.224836999999999775e-04
1.580000000000000071e+01 -5.322656999999999953e-04
1.584999999999999964e+01 -4.233533000000000044e-04
1.590000000000000036e+01 -3.025211000000000198e-04
1.594999999999999929e+01 -1.763667999999999866e-04
1.600000000000000000e+01 -5.086114999999999668e-05
1.605000000000000071e+01 6.676437999999999926e-05
1.610000000000000142e+01 1.761346000000000060e-04
1.614999999999999858e+01 2.743503000000000218e-04
1.619999999999999929e+01 3.590374999999999925e-04
1.625000000000000000e+01 4.281314000000000257e-04
1.630000000000000071e+01 4.797337000000000042e-04
1.635000000000000142e+01 5.120949000000000291e-04
1.639999999999999858e+01 5.237357999999999467e-04
1.644999999999999929e+01 5.136844999999999909e-04
1.650000000000000000e+01 4.817757000000000094e-04
1.655000000000000071e+01 4.289367000000000093e-04
1.660000000000000142e+01 3.573817999999999873e-04
1.664999999999999858e+01 2.706542999999999948e-04
1.669999999999999929e+01 1.734798000000000123e-04
1.675000000000000000e+01 7.143484999999999928e-05
1.680000000000000071e+01 -2.953100999999999968e-05
1.685000000000000142e+01 -1.236486000000000074e-04
1.689999999999999858e+01 -2.058743000000000086e-04
1.694999999999999929e+01 -2.723404999999999923e-04
1.700000000000000000e+01 -3.206446999999999965e-04
1.705000000000000071e+01 -3.531647999999999970e-04
1.710000000000000142e+01 -3.670287999999999849e-04
1.714999999999999858e+01 -3.636393999999999933e-04
1.719999999999999929e+01 -3.452141000000000259e-04
1.725000000000000000e+01 -3.143767000000000219e-04
1.730000000000000071e+01 -2.737934000000000136e-04
1.735000000000000142e+01 -2.259108999999999922e-04
1.739999999999999858e+01 -1.728322000000000018e-04
1.744999999999999929e+01 -1.163296000000000051e-04
1.750000000000000000e+01 -5.796542000000000041e-05
1.755000000000000071e+01 7.323504000000000381e-07
1.760000000000000142e+01 5.809972999999999744e-05
1.764999999999999858e+01 1.122298999999999942e-04
1.769999999999999929e+01 1.609685000000000022e-04
1.775000000000000000e+01 2.020245000000000103e-04
1.780000000000000071e+01 2.331828999999999998e-04
1.785000000000000142e+01 2.525796999999999765e-04
1.789999999999999858e+01 2.589835999999999983e-04
1.794999999999999929e+01 2.520274999999999989e-04
1.800000000000000000e+01 2.323387000000000054e-04
1.805000000000000071e+01 2.044199999999999978e-04
1.810000000000000142e+01 1.670894999999999932e-04
1.814999999999999858e+01 1.230863000000000009e-04
1.819999999999999929e+01 7.553203999999999723e-05
1.825000000000000000e+01 2.758197999999999981e-05
1.830000000000000071e+01 -1.790460000000000134e-05
1.835000000000000142e+01 -5.862278000000000253e-05
1.839999999999999858e+01 -9.297351000000000085e-05
1.844999999999999929e+01 -1.200944000000000067e-04
1.850000000000000000e+01 -1.397795000000000125e-04
1.855000000000000071e+01 -1.523189999999999896e-04
1.860000000000000142e+01 -1.582994999999999910e-04
1.864999999999999858e+01 -1.584124000000000014e-04
1.869999999999999929e+01 -1.533069000000000077e-04
1.875000000000000000e+01 -1.435138999999999881e-04
1.880000000000000071e+01 -1.294458999999999866e-04
1.885000000000000142e+01 -1.114603999999999942e-04
1.889999999999999858e+01 -8.996315000000000279e-05
1.894999999999999929e+01 -6.551499999999999869e-05
1.900000000000000000e+01 -3.891253999999999997e-05
1.905000000000000071e+01 -1.169706999999999980e-05
1.910000000000000142e+01 1.608813999999999874e-05
1.914999999999999858e+01 4.307961000000000071e-05
1.919999999999999929e+01 6.781752000000000049e-05
1.925000000000000000e+01 8.889532000000000391e-05
1.930000000000000071e+01 1.051141000000000038e-04
1.935000000000000142e+01 1.156145000000000024e-04
1.939999999999999858e+01 1.199640999999999989e-04
1.944999999999999929e+01 1.181880000000000007e-04
1.950000000000000000e+01 1.107414000000000033e-04
1.955000000000000071e+01 9.843261999999999812e-05
1.960000000000000142e+01 8.231536999999999925e-05
1.964999999999999858e+01 6.356829000000000526e-05
1.969999999999999929e+01 4.338345999999999950e-05
1.975000000000000000e+01 2.287772000000000091e-05
1.980000000000000071e+01 3.034469999999999934e-06
1.985000000000000142e+01 -1.532389000000000009e-05
1.989999999999999858e+01 -3.153937000000000293e-05
1.994999999999999929e+01 -4.510781000000000274e-05
2.000000000000000000e+01 -5.566496000000000042e-05
