9.554629007421099232e+03 3.420798242499999851e-06
9.555629007421099232e+03 3.610548378999999832e-06
9.556629007421099232e+03 3.820318793000000386e-06
9.557629007421099232e+03 4.053342925299999985e-06
9.558629007421099232e+03 4.313578844100000285e-06
9.559629007421099232e+03 4.605922817399999763e-06
9.560629007421099232e+03 4.936503037199999710e-06
9.561629007421099232e+03 5.313091026700000159e-06
9.562629007421099232e+03 5.745689897899999596e-06
9.563629007421099232e+03 6.247395528299999987e-06
9.564629007421099232e+03 6.835691978900000415e-06
9.565129007421099232e+03 7.169448555999999870e-06
9.565629007421099232e+03 7.534462916700000071e-06
9.566129007421099232e+03 7.935249005399999932e-06
9.566629007421099232e+03 8.377234546400000065e-06
9.567129007421099232e+03 8.867007354799999932e-06
9.567629007421099232e+03 9.412647326399999699e-06
9.568129007421099232e+03 1.002418177800000028e-05
9.568629007421099232e+03 1.071422243400000054e-05
9.569129007441100839e+03 1.149887691399999919e-05
9.569629007441100839e+03 1.239908719400000035e-05
9.570129007441100839e+03 1.344265606700000004e-05
9.570629007441100839e+03 1.466742487100000050e-05
9.571129007441100839e+03 1.612646957900000039e-05
9.571629007441100839e+03 1.789702382599999889e-05
9.572129007441100839e+03 2.009669714999999941e-05
9.572629007441100839e+03 2.291483405800000091e-05
9.573129007441100839e+03 2.667643128499999912e-05
9.573629007441100839e+03 3.196980376699999735e-05
9.574129007441100839e+03 3.980342639600000209e-05
9.574629007441100839e+03 5.116005605999999686e-05
9.575129007441100839e+03 6.511474077100000164e-05
9.575629007441100839e+03 8.057631011800000099e-05
9.576129007441100839e+03 9.934002340700000592e-05
9.576629007441100839e+03 1.235389126500000022e-04
9.577129007441100839e+03 1.544908857400000013e-04
9.577629007441100839e+03 1.917446482700000039e-04
9.578129007440100395e+03 2.320845185900000129e-04
9.578629007440100395e+03 2.701018894200000195e-04
9.579129007439700217e+03 3.012402019499999992e-04
9.579629007440100395e+03 3.240143991700000239e-04
9.580129007441100839e+03 3.388859721800000012e-04
9.580629007441100839e+03 3.463265814399999788e-04
9.581129007441100839e+03 3.471260917699999751e-04
9.581629007441100839e+03 3.434629256599999844e-04
9.582129007441100839e+03 3.381631824299999745e-04
9.582629007441100839e+03 3.333822369900000127e-04
9.583129007441100839e+03 3.302729080099999783e-04
9.583629007441100839e+03 3.288780722099999740e-04
9.584129007441100839e+03 3.283543824299999881e-04
9.584629007441100839e+03 3.274292107800000199e-04
9.585255783081100162e+03 3.242489175699999780e-04
9.585901608641099301e+03 3.184453134299999899e-04
9.586566484121100075e+03 3.106598478499999734e-04
9.587250409521100664e+03 3.028902823800000204e-04
9.587953384841099250e+03 2.964566126300000157e-04
9.588675410091100275e+03 2.905219927500000097e-04
9.589416485221099720e+03 2.844263082800000016e-04
9.590176610321099361e+03 2.786331878199999773e-04
9.590955785321100848e+03 2.736627641099999742e-04
9.591754010221100543e+03 2.696758738299999858e-04
9.592571285121099208e+03 2.665368818899999884e-04
9.593407609821100777e+03 2.639661539100000062e-04
9.594262984521099497e+03 2.615269811499999937e-04
9.595137409121100063e+03 2.588907307100000044e-04
9.596030883621100656e+03 2.559111602599999829e-04
9.596943408121100219e+03 2.524613562199999974e-04
9.597874982521099810e+03 2.485632596200000165e-04
9.598825606721100485e+03 2.442921132699999993e-04
9.599795280921100129e+03 2.397267315000000060e-04
9.600784005121100563e+03 2.348740600999999970e-04
9.601791779121100262e+03 2.296573261399999894e-04
9.602818603121100750e+03 2.239639127900000081e-04
9.603864477021099447e+03 2.177667465700000094e-04
9.604929400821099989e+03 2.111913808799999886e-04
9.606013374521100559e+03 2.045084886700000010e-04
9.607116398121099337e+03 1.981523021600000063e-04
9.608238471721100723e+03 1.925804888700000128e-04
9.609379595221100317e+03 1.881840473499999918e-04
9.610539768621099938e+03 1.852157761700000112e-04
9.611718991921099587e+03 1.837374079200000036e-04
9.612917265221100024e+03 1.837062352799999972e-04
9.614134588321099727e+03 1.849712268000000060e-04
9.615370961421100219e+03 1.873074035600000070e-04
9.616626384421100738e+03 1.904837720699999995e-04
9.617900857321099465e+03 1.942863322999999925e-04
9.619194380221100801e+03 1.985013279100000046e-04
9.620506953021100344e+03 2.029626759499999925e-04
9.621838575621099153e+03 2.075426027200000072e-04
9.623189248221100570e+03 2.121211767099999966e-04
9.624558970821099138e+03 2.166065889300000018e-04
9.625947743221100609e+03 2.208914582400000053e-04
9.627355565621099231e+03 2.249101027899999951e-04
9.628782437921099699e+03 2.285774467200000115e-04
9.630228360121100195e+03 2.318509787799999996e-04
9.631693332221100718e+03 2.346844389900000093e-04
9.633177354321100211e+03 2.370880212899999998e-04
9.634680426221100788e+03 2.390569372499999916e-04
9.636202548121100335e+03 2.406169443700000076e-04
9.637743719921099910e+03 2.417565118700000070e-04
9.639303941721100273e+03 2.424899871999999985e-04
9.640883213321099902e+03 2.427999491199999912e-04
9.642481534921100319e+03 2.426726802299999962e-04
9.644098906421100764e+03 2.420820999300000022e-04
9.645735327821099418e+03 2.410119516299999941e-04
9.647390799121099917e+03 2.394728327399999899e-04
9.649065320321100444e+03 2.375075757700000111e-04
9.650758891521099940e+03 2.352112372400000059e-04
9.652471512621099464e+03 2.327334131900000058e-04
9.654203183621100834e+03 2.302623623400000031e-04
9.655953904521100412e+03 2.279878319499999910e-04
9.657723675421100779e+03 2.260972161700000051e-04
9.659512496221099354e+03 2.247262418799999867e-04
9.661320366921099776e+03 2.239508615400000082e-04
9.663147287521100225e+03 2.237948670499999998e-04
9.664993258021100701e+03 2.242342871600000107e-04
9.666858278421099385e+03 2.251860820300000024e-04
9.668742348821100677e+03 2.265627687399999915e-04
9.670645469121100177e+03 2.282551836699999879e-04
9.672567639321099705e+03 2.301699200200000011e-04
9.674508859521100021e+03 2.322137657499999972e-04
9.676469129521099603e+03 2.343212071799999981e-04
9.678448449521099974e+03 2.364357985700000120e-04
9.680446818921100203e+03 2.385081788300000033e-04
9.682464238921100332e+03 2.405148291300000037e-04
9.684500708921099431e+03 2.424205194900000079e-04
9.686556228921099319e+03 2.441965204999999983e-04
9.688630797921099656e+03 2.457985117000000062e-04
9.690724417921099302e+03 2.471793106399999829e-04
9.692837086921099399e+03 2.482765219200000224e-04
9.694968805921100284e+03 2.490241142999999996e-04
9.697119575921100477e+03 2.493705558699999924e-04
9.699289394921099301e+03 2.492562107399999951e-04
9.701478263921100734e+03 2.486739268299999910e-04
9.703686182921099316e+03 2.476233799700000007e-04
9.705913151921100507e+03 2.461522552100000216e-04
9.708159170921100667e+03 2.443160219699999939e-04
9.710424239921099797e+03 2.422260953400000088e-04
9.712708357921099378e+03 2.399073891100000043e-04
