0.000000000000000000e+00 -7.600635000000000030e-01
5.000000000000000278e-02 -7.745012999999999481e-01
1.000000000000000056e-01 -7.886716000000000282e-01
1.499999999999999944e-01 -8.293106000000000089e-01
2.000000000000000111e-01 -8.673653000000000057e-01
2.500000000000000000e-01 -9.251184000000000074e-01
2.999999999999999889e-01 -9.751777000000000362e-01
3.499999999999999778e-01 -1.031730000000000036e+00
4.000000000000000222e-01 -1.072748999999999953e+00
4.500000000000000111e-01 -1.101806000000000063e+00
5.000000000000000000e-01 -1.106996000000000091e+00
5.500000000000000444e-01 -1.082217999999999902e+00
5.999999999999999778e-01 -1.029857999999999940e+00
6.500000000000000222e-01 -9.396520999999999901e-01
6.999999999999999556e-01 -8.279398999999999509e-01
7.500000000000000000e-01 -6.869505999999999668e-01
8.000000000000000444e-01 -5.402940000000000520e-01
8.499999999999999778e-01 -3.854453999999999936e-01
9.000000000000000222e-01 -2.436238000000000015e-01
9.499999999999999556e-01 -1.156826999999999994e-01
1.000000000000000000e+00 -1.227317999999999985e-02
1.050000000000000044e+00 6.631310999999999456e-02
1.100000000000000089e+00 1.207423999999999997e-01
1.149999999999999911e+00 1.532525000000000137e-01
1.199999999999999956e+00 1.715365000000000084e-01
1.250000000000000000e+00 1.798723000000000127e-01
1.300000000000000044e+00 1.859318000000000082e-01
1.350000000000000089e+00 1.947155000000000136e-01
1.399999999999999911e+00 2.076166999999999874e-01
1.449999999999999956e+00 2.285512000000000099e-01
1.500000000000000000e+00 2.500558999999999976e-01
1.550000000000000044e+00 2.728899000000000186e-01
1.600000000000000089e+00 2.844347999999999876e-01
1.649999999999999911e+00 2.817413999999999752e-01
1.699999999999999956e+00 2.571257000000000126e-01
1.750000000000000000e+00 2.092394999999999949e-01
1.800000000000000044e+00 1.425426999999999944e-01
1.850000000000000089e+00 6.952092999999999468e-02
1.899999999999999911e+00 -6.075997999999999989e-03
1.949999999999999956e+00 -4.950368000000000129e-02
2.000000000000000000e+00 -8.283015000000000516e-02
2.049999999999999822e+00 -7.160160999999999609e-02
2.100000000000000089e+00 -3.264853999999999673e-02
2.149999999999999911e+00 2.453980999999999871e-02
2.200000000000000178e+00 8.500919999999999310e-02
2.250000000000000000e+00 1.327392000000000016e-01
2.299999999999999822e+00 1.594279999999999864e-01
2.350000000000000089e+00 1.615308000000000022e-01
2.399999999999999911e+00 1.423799000000000037e-01
2.450000000000000178e+00 1.132772999999999974e-01
2.500000000000000000e+00 8.070740999999999332e-02
2.549999999999999822e+00 4.985524000000000205e-02
2.600000000000000089e+00 2.432623999999999898e-02
2.649999999999999911e+00 -1.661965000000000003e-04
2.700000000000000178e+00 -2.110064999999999857e-02
2.750000000000000000e+00 -3.868474999999999692e-02
2.799999999999999822e+00 -5.372940999999999828e-02
2.850000000000000089e+00 -6.694094999999999906e-02
2.899999999999999911e+00 -7.812478000000000478e-02
2.950000000000000178e+00 -8.796616999999999631e-02
3.000000000000000000e+00 -9.676102999999999787e-02
3.049999999999999822e+00 -1.024190999999999990e-01
3.100000000000000089e+00 -1.061093000000000036e-01
3.149999999999999911e+00 -1.073472000000000037e-01
3.200000000000000178e+00 -1.055650999999999951e-01
3.250000000000000000e+00 -9.969761000000000595e-02
3.299999999999999822e+00 -9.087929999999999620e-02
3.350000000000000089e+00 -7.895143000000000300e-02
3.399999999999999911e+00 -6.424560999999999467e-02
3.450000000000000178e+00 -4.805215999999999654e-02
3.500000000000000000e+00 -3.093237000000000070e-02
3.549999999999999822e+00 -1.358761999999999991e-02
3.600000000000000089e+00 3.318136000000000176e-03
3.649999999999999911e+00 1.883974000000000065e-02
3.700000000000000178e+00 3.303426999999999752e-02
3.750000000000000000e+00 4.564346999999999849e-02
3.799999999999999822e+00 5.649102000000000290e-02
3.850000000000000089e+00 6.546757000000000271e-02
3.899999999999999911e+00 7.259649999999999437e-02
3.950000000000000178e+00 7.774976000000000109e-02
4.000000000000000000e+00 8.078156000000000225e-02
4.049999999999999822e+00 8.176445999999999714e-02
4.099999999999999645e+00 8.038768999999999776e-02
4.150000000000000355e+00 7.653629000000000682e-02
4.200000000000000178e+00 7.017916999999999905e-02
4.250000000000000000e+00 6.158145000000000285e-02
4.299999999999999822e+00 5.075157999999999753e-02
4.349999999999999645e+00 3.804764000000000063e-02
4.400000000000000355e+00 2.397544999999999885e-02
4.450000000000000178e+00 9.153125999999999277e-03
4.500000000000000000e+00 -5.785209000000000358e-03
4.549999999999999822e+00 -2.011599000000000026e-02
4.599999999999999645e+00 -3.315604999999999941e-02
4.650000000000000355e+00 -4.444275000000000309e-02
4.700000000000000178e+00 -5.342452999999999785e-02
4.750000000000000000e+00 -5.983050000000000174e-02
4.799999999999999822e+00 -6.358110000000000150e-02
4.849999999999999645e+00 -6.484044999999999392e-02
4.900000000000000355e+00 -6.374721999999999333e-02
4.950000000000000178e+00 -6.063455999999999707e-02
5.000000000000000000e+00 -5.587479000000000057e-02
5.049999999999999822e+00 -4.982833999999999874e-02
5.099999999999999645e+00 -4.278905000000000208e-02
5.150000000000000355e+00 -3.500542000000000237e-02
5.200000000000000178e+00 -2.665941999999999965e-02
5.250000000000000000e+00 -1.781434999999999963e-02
5.299999999999999822e+00 -8.632318999999999409e-03
5.349999999999999645e+00 7.405270999999999729e-04
5.400000000000000355e+00 1.010431999999999997e-02
5.450000000000000178e+00 1.931679999999999855e-02
5.500000000000000000e+00 2.791659999999999975e-02
5.549999999999999822e+00 3.550711000000000145e-02
5.599999999999999645e+00 4.168771999999999756e-02
5.650000000000000355e+00 4.618549999999999739e-02
5.700000000000000178e+00 4.860743000000000008e-02
5.750000000000000000e+00 4.881217000000000195e-02
5.799999999999999822e+00 4.681694000000000133e-02
5.849999999999999645e+00 4.282029999999999864e-02
5.900000000000000355e+00 3.708228000000000218e-02
5.950000000000000178e+00 3.002830999999999903e-02
6.000000000000000000e+00 2.214102999999999905e-02
6.049999999999999822e+00 1.391148000000000037e-02
6.099999999999999645e+00 5.737949000000000001e-03
6.150000000000000355e+00 -1.997434000000000189e-03
6.200000000000000178e+00 -9.002710000000000573e-03
6.250000000000000000e+00 -1.507913999999999956e-02
6.299999999999999822e+00 -2.011150999999999911e-02
6.349999999999999645e+00 -2.405047999999999908e-02
6.400000000000000355e+00 -2.689220999999999973e-02
6.450000000000000178e+00 -2.865996999999999989e-02
6.500000000000000000e+00 -2.939113999999999963e-02
6.549999999999999822e+00 -2.939082000000000153e-02
6.599999999999999645e+00 -2.841480999999999868e-02
6.650000000000000355e+00 -2.649701000000000140e-02
6.700000000000000178e+00 -2.369767999999999875e-02
6.750000000000000000e+00 -2.011243000000000059e-02
6.799999999999999822e+00 -1.587678000000000006e-02
6.849999999999999645e+00 -1.116514000000000048e-02
6.900000000000000355e+00 -6.183591999999999908e-03
6.950000000000000178e+00 -1.157332000000000066e-03
7.000000000000000000e+00 3.685457999999999963e-03
7.049999999999999822e+00 8.252858999999999542e-03
7.099999999999999645e+00 1.225672000000000046e-02
7.150000000000000355e+00 1.553853000000000005e-02
7.200000000000000178e+00 1.799511000000000166e-02
7.250000000000000000e+00 1.958114999999999856e-02
7.299999999999999822e+00 2.030500000000000013e-02
7.349999999999999645e+00 2.021946999999999980e-02
7.400000000000000355e+00 1.940947999999999979e-02
7.450000000000000178e+00 1.797903000000000001e-02
7.500000000000000000e+00 1.603937999999999892e-02
7.549999999999999822e+00 1.368120999999999921e-02
7.599999999999999645e+00 1.102669000000000045e-02
7.650000000000000355e+00 8.177775999999999448e-03
7.700000000000000178e+00 5.221715000000000037e-03
7.750000000000000000e+00 2.232883000000000177e-03
7.799999999999999822e+00 -7.229455999999999990e-04
7.849999999999999645e+00 -3.583199000000000019e-03
7.900000000000000355e+00 -6.283468000000000386e-03
7.950000000000000178e+00 -8.754157999999999731e-03
8.000000000000000000e+00 -1.091976000000000058e-02
8.050000000000000711e+00 -1.271993000000000082e-02
8.099999999999999645e+00 -1.407585000000000086e-02
8.150000000000000355e+00 -1.491966999999999946e-02
8.199999999999999289e+00 -1.519376000000000060e-02
8.250000000000000000e+00 -1.485866999999999917e-02
8.300000000000000711e+00 -1.390126000000000035e-02
8.349999999999999645e+00 -1.234176000000000023e-02
8.400000000000000355e+00 -1.023821999999999927e-02
8.449999999999999289e+00 -7.687249999999999639e-03
8.500000000000000000e+00 -4.820347000000000000e-03
8.550000000000000711e+00 -1.793609000000000045e-03
8.599999999999999645e+00 1.252787999999999905e-03
8.650000000000000355e+00 4.145644000000000412e-03
8.699999999999999289e+00 6.723291000000000163e-03
8.750000000000000000e+00 8.849887000000000725e-03
8.800000000000000711e+00 1.042689999999999936e-02
8.849999999999999645e+00 1.140016999999999940e-02
8.900000000000000355e+00 1.176173999999999970e-02
8.949999999999999289e+00 1.154627000000000084e-02
9.000000000000000000e+00 1.082301999999999917e-02
9.050000000000000711e+00 9.750566999999999915e-03
9.099999999999999645e+00 8.344868999999999551e-03
9.150000000000000355e+00 6.704576999999999759e-03
9.199999999999999289e+00 4.922207999999999965e-03
9.250000000000000000e+00 3.078871999999999859e-03
9.300000000000000711e+00 1.242480000000000017e-03
9.349999999999999645e+00 -5.310563000000000132e-04
9.400000000000000355e+00 -2.194670000000000128e-03
9.449999999999999289e+00 -3.706395999999999823e-03
9.500000000000000000e+00 -5.026377999999999749e-03
9.550000000000000711e+00 -6.159432000000000275e-03
9.599999999999999645e+00 -7.032235000000000395e-03
9.650000000000000355e+00 -7.608316999999999858e-03
9.699999999999999289e+00 -7.859925000000000245e-03
9.750000000000000000e+00 -7.772745000000000175e-03
9.800000000000000711e+00 -7.349859000000000253e-03
9.849999999999999645e+00 -6.613945999999999888e-03
9.900000000000000355e+00 -5.607092999999999626e-03
9.949999999999999289e+00 -4.388078999999999591e-03
1.000000000000000000e+01 -3.027479000000000021e-03
1.005000000000000071e+01 -1.603987999999999985e-03
1.009999999999999964e+01 -1.757344999999999892e-04
1.015000000000000036e+01 1.188447000000000028e-03
1.019999999999999929e+01 2.429092999999999791e-03
1.025000000000000000e+01 3.499088999999999932e-03
1.030000000000000071e+01 4.364912000000000306e-03
1.034999999999999964e+01 5.006280999999999579e-03
1.040000000000000036e+01 5.414650000000000019e-03
1.044999999999999929e+01 5.591099999999999889e-03
1.050000000000000000e+01 5.544203000000000152e-03
1.055000000000000071e+01 5.288300999999999592e-03
1.059999999999999964e+01 4.842428000000000184e-03
1.065000000000000036e+01 4.229845000000000306e-03
1.069999999999999929e+01 3.477989999999999814e-03
1.075000000000000000e+01 2.618489999999999793e-03
1.080000000000000071e+01 1.686898000000000043e-03
1.084999999999999964e+01 7.218911000000000381e-04
1.090000000000000036e+01 -2.361461999999999990e-04
1.094999999999999929e+01 -1.147075000000000004e-03
1.100000000000000000e+01 -1.973243999999999866e-03
1.105000000000000071e+01 -2.708307000000000075e-03
1.109999999999999964e+01 -3.308662999999999882e-03
1.115000000000000036e+01 -3.751800999999999921e-03
1.119999999999999929e+01 -4.023197000000000058e-03
1.125000000000000000e+01 -4.116713000000000143e-03
1.130000000000000071e+01 -4.034394999999999648e-03
1.134999999999999964e+01 -3.785821999999999885e-03
1.140000000000000036e+01 -3.387191999999999807e-03
1.144999999999999929e+01 -2.860287999999999893e-03
1.150000000000000000e+01 -2.231414000000000140e-03
1.155000000000000071e+01 -1.530307999999999972e-03
1.159999999999999964e+01 -7.890243000000000343e-04
1.165000000000000036e+01 -4.070024000000000319e-05
1.169999999999999929e+01 6.817944999999999518e-04
1.175000000000000000e+01 1.347326000000000036e-03
1.180000000000000071e+01 1.928000999999999934e-03
1.184999999999999964e+01 2.400592000000000004e-03
1.190000000000000036e+01 2.747739999999999818e-03
1.194999999999999929e+01 2.958798999999999804e-03
1.200000000000000000e+01 3.030244999999999987e-03
1.205000000000000071e+01 3.003018000000000094e-03
1.209999999999999964e+01 2.840631000000000145e-03
1.215000000000000036e+01 2.554129999999999942e-03
1.219999999999999929e+01 2.160580000000000053e-03
1.225000000000000000e+01 1.681713000000000045e-03
1.230000000000000071e+01 1.142411999999999985e-03
1.234999999999999964e+01 5.692520000000000175e-04
1.240000000000000036e+01 -1.075373999999999947e-05
1.244999999999999929e+01 -5.711922999999999827e-04
1.250000000000000000e+01 -1.087173000000000089e-03
1.255000000000000071e+01 -1.536243000000000070e-03
1.259999999999999964e+01 -1.899379999999999992e-03
1.265000000000000036e+01 -2.162008999999999893e-03
1.269999999999999929e+01 -2.314935000000000170e-03
1.275000000000000000e+01 -2.354981999999999822e-03
1.280000000000000071e+01 -2.285163000000000211e-03
1.284999999999999964e+01 -2.114299000000000039e-03
1.290000000000000036e+01 -1.856098999999999943e-03
1.294999999999999929e+01 -1.527886000000000001e-03
1.300000000000000000e+01 -1.149164000000000045e-03
1.305000000000000071e+01 -7.465148000000000443e-04
1.309999999999999964e+01 -3.296471000000000037e-04
1.315000000000000036e+01 8.302164999999999480e-05
1.319999999999999929e+01 4.747201999999999954e-04
1.325000000000000000e+01 8.306413000000000121e-04
1.330000000000000071e+01 1.138059999999999983e-03
1.334999999999999964e+01 1.386403000000000028e-03
1.340000000000000036e+01 1.567391000000000010e-03
1.344999999999999929e+01 1.675316999999999952e-03
1.350000000000000000e+01 1.707427999999999984e-03
1.355000000000000071e+01 1.664289000000000003e-03
1.359999999999999964e+01 1.549990999999999912e-03
1.365000000000000036e+01 1.372076999999999975e-03
1.369999999999999929e+01 1.141129000000000058e-03
1.375000000000000000e+01 8.700427999999999634e-04
1.380000000000000071e+01 5.731278999999999714e-04
1.384999999999999964e+01 2.651625999999999810e-04
1.390000000000000036e+01 -3.943967999999999980e-05
1.394999999999999929e+01 -3.272813999999999867e-04
1.400000000000000000e+01 -5.864422999999999468e-04
1.405000000000000071e+01 -8.178581000000000089e-04
1.409999999999999964e+01 -1.004116999999999900e-03
1.415000000000000036e+01 -1.138520000000000070e-03
1.419999999999999929e+01 -1.217388000000000020e-03
1.425000000000000000e+01 -1.239990999999999967e-03
1.430000000000000071e+01 -1.208290000000000102e-03
1.434999999999999964e+01 -1.126517999999999964e-03
1.440000000000000036e+01 -1.000702000000000015e-03
1.444999999999999929e+01 -8.381748999999999970e-04
1.450000000000000000e+01 -6.471304999999999462e-04
1.455000000000000071e+01 -4.362610999999999963e-04
1.459999999999999964e+01 -2.144664999999999972e-04
1.465000000000000036e+01 9.370462000000000545e-06
1.469999999999999929e+01 2.265701000000000011e-04
1.475000000000000000e+01 4.288327999999999780e-04
1.480000000000000071e+01 6.084305999999999612e-04
1.484999999999999964e+01 7.584265000000000407e-04
1.490000000000000036e+01 8.729238000000000058e-04
1.494999999999999929e+01 9.473341000000000140e-04
1.500000000000000000e+01 9.786459000000000824e-04
1.505000000000000071e+01 9.719082000000000198e-04
1.509999999999999964e+01 9.221086000000000300e-04
1.515000000000000036e+01 8.312544000000000486e-04
1.519999999999999929e+01 7.035621999999999840e-04
1.525000000000000000e+01 5.453409999999999681e-04
1.530000000000000071e+01 3.646928999999999926e-04
1.534999999999999964e+01 1.710452000000000001e-04
1.540000000000000036e+01 -2.545391000000000106e-05
1.544999999999999929e+01 -2.146220000000000061e-04
1.550000000000000000e+01 -3.869456000000000176e-04
1.555000000000000071e+01 -5.342270999999999999e-04
1.559999999999999964e+01 -6.501057000000000190e-04
1.565000000000000036e+01 -7.303976000000000218e-04
1.569999999999999929e+01 -7.732270999999999546e-04
1.575000000000000000e+01 -7.789445000000000093e-04
1.580000000000000071e+01 -7.498601000000000138e-04
1.584999999999999964e+01 -6.898470999999999770e-04
1.590000000000000036e+01 -6.038760999999999695e-04
1.594999999999999929e+01 -4.975520999999999893e-04
1.600000000000000000e+01 -3.767072999999999906e-04
1.605000000000000071e+01 -2.502885999999999739e-04
1.610000000000000142e+01 -1.193570000000000026e-04
1.614999999999999858e+01 1.125843999999999990e-05
1.619999999999999929e+01 1.369359999999999913e-04
1.625000000000000000e+01 2.532839000000000162e-04
1.630000000000000071e+01 3.561918000000000072e-04
1.635000000000000142e+01 4.419305000000000000e-04
1.639999999999999858e+01 5.073035999999999518e-04
1.644999999999999929e+01 5.498382000000000443e-04
1.650000000000000000e+01 5.679892999999999661e-04
1.655000000000000071e+01 5.613200000000000264e-04
1.660000000000000142e+01 5.306196999999999910e-04
1.664999999999999858e+01 4.779294999999999919e-04
1.669999999999999929e+01 4.064550000000000107e-04
1.675000000000000000e+01 3.203657999999999745e-04
1.680000000000000071e+01 2.244989999999999930e-04
1.685000000000000142e+01 1.240002999999999993e-04
1.689999999999999858e+01 2.394856000000000030e-05
1.694999999999999929e+01 -7.099236999999999941e-05
1.700000000000000000e+01 -1.568504999999999986e-04
1.705000000000000071e+01 -2.333993000000000135e-04
1.710000000000000142e+01 -2.960347000000000000e-04
1.714999999999999858e+01 -3.431504999999999733e-04
1.719999999999999929e+01 -3.739279000000000084e-04
1.725000000000000000e+01 -3.882237000000000079e-04
1.730000000000000071e+01 -3.864526999999999871e-04
1.735000000000000142e+01 -3.694891999999999860e-04
1.739999999999999858e+01 -3.386013999999999799e-04
1.744999999999999929e+01 -2.954173999999999949e-04
1.750000000000000000e+01 -2.419156000000000052e-04
1.755000000000000071e+01 -1.804181999999999932e-04
1.760000000000000142e+01 -1.135691000000000033e-04
1.764999999999999858e+01 -4.427693999999999895e-05
1.769999999999999929e+01 2.438505999999999858e-05
1.775000000000000000e+01 8.932443000000000360e-05
1.780000000000000071e+01 1.476070999999999915e-04
1.785000000000000142e+01 1.966485999999999928e-04
1.789999999999999858e+01 2.343940999999999993e-04
1.794999999999999929e+01 2.594623000000000112e-04
1.800000000000000000e+01 2.712346000000000136e-04
1.805000000000000071e+01 2.733586999999999888e-04
1.810000000000000142e+01 2.633077000000000269e-04
1.814999999999999858e+01 2.421353000000000058e-04
1.819999999999999929e+01 2.114097999999999965e-04
1.825000000000000000e+01 1.730705000000000026e-04
1.830000000000000071e+01 1.292749000000000047e-04
1.835000000000000142e+01 8.225468999999999630e-05
1.839999999999999858e+01 3.419391999999999939e-05
1.844999999999999929e+01 -1.286254000000000035e-05
1.850000000000000000e+01 -5.707075999999999973e-05
1.855000000000000071e+01 -9.682404999999999669e-05
1.860000000000000142e+01 -1.307724000000000017e-04
1.864999999999999858e+01 -1.578340000000000071e-04
1.869999999999999929e+01 -1.772069999999999993e-04
1.875000000000000000e+01 -1.883848999999999994e-04
1.880000000000000071e+01 -1.911763999999999879e-04
1.885000000000000142e+01 -1.857248999999999944e-04
1.889999999999999858e+01 -1.725216999999999918e-04
1.894999999999999929e+01 -1.524041000000000068e-04
1.900000000000000000e+01 -1.265328000000000026e-04
1.905000000000000071e+01 -9.765860999999999433e-05
1.910000000000000142e+01 -6.546743000000000484e-05
1.914999999999999858e+01 -3.157452000000000208e-05
1.919999999999999929e+01 2.336304999999999902e-06
1.925000000000000000e+01 3.461982999999999884e-05
1.930000000000000071e+01 6.377479000000000405e-05
1.935000000000000142e+01 8.853614000000000373e-05
1.939999999999999858e+01 1.079451000000000043e-04
1.944999999999999929e+01 1.213910999999999972e-04
1.950000000000000000e+01 1.286237999999999932e-04
1.955000000000000071e+01 1.297365999999999938e-04
1.960000000000000142e+01 1.251277999999999982e-04
1.964999999999999858e+01 1.154458999999999986e-04
1.969999999999999929e+01 1.015262000000000038e-04
1.975000000000000000e+01 8.432645999999999697e-05
1.980000000000000071e+01 6.486709999999999427e-05
1.985000000000000142e+01 4.417781999999999710e-05
1.989999999999999858e+01 2.325289000000000159e-05
1.994999999999999929e+01 3.014199000000000056e-06
2.000000000000000000e+01 -1.571913999999999939e-05
