# # Once                                                         FEFF 10.0.0 
# # POT  SCF 100  9.0000   0, NO core-hole, FOLP (folp(0)= 1.000)
# # Abs   Z=30 Rmt= 1.189 Rnm= 1.513 K  shell
# #   RGRID 0.0100
# # Pot 1 Z= 6 Rmt= 0.779 Rnm= 1.121
# # Pot 2 Z= 6 Rmt= 0.802 Rnm= 1.163
# # Pot 3 Z= 1 Rmt= 0.550 Rnm= 0.958
# # Pot 4 Z=16 Rmt= 1.091 Rnm= 1.476
# # Gam_ch=1.897E+00 H-L exch Vi= 0.000E+00 Vr= 0.000E+00
# # Mu=-4.510E+00eV kf=1.407E+00 Vint=-9.177E+00eV Rs_int= 2.578
# FMS rfms= 9.0000
# # PATH  Rmax= 0.100,  Keep_limit= 0.00, Heap_limit 0.00  Pwcrit= 2.50%
#  S02=1.000  Temp=  10.00  Debye_temp= 315.00  Global_sig2= 0.00000
#  Energy zero shift, vr, vi    0.00000E+00   0.00000E+00
#  Curved wave amplitude ratio filter   4.000%
#     file         sig2 tot  cw amp ratio   deg  nlegs   reff  inp sig2
#     0/   0 paths used
#  xsedge+ 50, used to normalize mu           1.0000E+00
#  -----------------------------------------------------------------------
#  omega    e    k    mu    mu0     chi     @#
      9554.5174405534      -24.5100365000       -2.2911494664    3.4278295181E-06    4.0932367354E-06   -6.6540721726E-07
      9555.5174405534      -23.5100365000       -2.2331362757    3.6169745958E-06    4.3271917186E-06   -7.1021712278E-07
      9556.5174405534      -22.5100365000       -2.1735752517    3.8259573806E-06    4.5884044142E-06   -7.6244703360E-07
      9557.5174405534      -21.5100365000       -2.1123354666    4.0579619156E-06    4.8818005636E-06   -8.2383864803E-07
      9558.5174405534      -20.5100365000       -2.0492663191    4.3168816367E-06    5.2135480801E-06   -8.9666644333E-07
      9559.5174405534      -19.5100365000       -1.9841936954    4.6075273963E-06    5.5914705529E-06   -9.8394315660E-07
      9560.5174405534      -18.5100365000       -1.9169132400    4.9359132440E-06    6.0256364552E-06   -1.0897232112E-06
      9561.5174405534      -17.5100365000       -1.8471837768    5.3096562704E-06    6.5292173106E-06   -1.2195610401E-06
      9562.5174405534      -16.5100365000       -1.7747167214    5.7385477267E-06    7.1197690394E-06   -1.3812213128E-06
      9563.5174405534      -15.5100365000       -1.6991619081    6.2353882794E-06    7.8212003161E-06   -1.5858120367E-06
      9564.5174405534      -14.5100365000       -1.6200872587    6.8172433347E-06    8.6668972059E-06   -1.8496538712E-06
      9565.0174405534      -14.0100365000       -1.5790658039    7.1470085770E-06    9.1580732600E-06   -2.0110646829E-06
      9565.5174405534      -13.5100365000       -1.5369497306    7.5073908658E-06    9.7048772935E-06   -2.1974864277E-06
      9566.0174405534      -13.0100365000       -1.4936466613    7.9027822960E-06    1.0317044631E-05   -2.4142623349E-06
      9566.5174405534      -12.5100365000       -1.4490501841    8.3384606055E-06    1.1006686577E-05   -2.6682259715E-06
      9567.0174405534      -12.0100365000       -1.4030367413    8.8208276787E-06    1.1789054918E-05   -2.9682272396E-06
      9567.5174405534      -11.5100365000       -1.3554622724    9.3577311784E-06    1.2683619502E-05   -3.3258883237E-06
      9568.0174405534      -11.0100365000       -1.3061560932    9.9589060166E-06    1.3715618233E-05   -3.7567122165E-06
      9568.5174405534      -10.5100365000       -1.2549141860    1.0636592612E-05    1.4918337943E-05   -4.2817453313E-06
      9569.0174405534      -10.0100365000       -1.2014889076    1.1406422851E-05    1.6336558121E-05   -4.9301352706E-06
      9569.5174405734       -9.5100364800       -1.1455747332    1.2288723804E-05    1.8031904333E-05   -5.7431805291E-06
      9570.0174405734       -9.0100364800       -1.0867876258    1.3310495942E-05    2.0091451584E-05   -6.7809556424E-06
      9570.5174405734       -8.5100364800       -1.0246331595    1.4508525810E-05    2.2642090375E-05   -8.1335645644E-06
      9571.0174405734       -8.0100364800       -0.9584566200    1.5934494805E-05    2.5875589141E-05   -9.9410943362E-06
      9571.5174405734       -7.5100364800       -0.8873583607    1.7663793365E-05    3.0094569775E-05   -1.2430776410E-05
      9572.0174405734       -7.0100364800       -0.8100436294    1.9811627232E-05    3.5801712737E-05   -1.5990085505E-05
      9572.5174405734       -6.5100364800       -0.7245250921    2.2564339305E-05    4.3883175808E-05   -2.1318836503E-05
      9573.0174405734       -6.0100364800       -0.6274570930    2.6243584090E-05    5.6002113900E-05   -2.9758529810E-05
      9573.5174405734       -5.5100364800       -0.5123165798    3.1434698341E-05    7.5403074819E-05   -4.3968376478E-05
      9574.0174405734       -5.0100364800       -0.3622625460    3.9140181101E-05    1.0774805526E-04   -6.8607874155E-05
      9574.5174405734       -4.5100364800        0.0000000000    5.0303961337E-05    1.5641564370E-04   -1.0611168236E-04
      9575.0174405734       -4.0100364800        0.3622625460    6.3628622301E-05    2.0708413309E-04   -1.4345551079E-04
      9575.5174405734       -3.5100364800        0.5123165798    7.8016686740E-05    2.4539568280E-04   -1.6737899606E-04
      9576.0174405734       -3.0100364800        0.6274570930    9.5179342384E-05    2.7167610412E-04   -1.7649676173E-04
      9576.5174405734       -2.5100364800        0.7245250921    1.1739669023E-04    2.8987679487E-04   -1.7248010464E-04
      9577.0174405734       -2.0100364800        0.8100436294    1.4640078109E-04    3.0251338534E-04   -1.5611260425E-04
      9577.5174405734       -1.5100364800        0.8873583607    1.8231813149E-04    3.1107139372E-04   -1.2875326223E-04
      9578.0174405734       -1.0100364800        0.9584566200    2.2197066083E-04    3.1651881695E-04   -9.4548156118E-05
      9578.5174405754       -0.5100364780        1.0246331595    2.5899637357E-04    3.1954763793E-04   -6.0551264360E-05
      9579.0174405756       -0.0100364778        1.0867876258    2.8812410668E-04    3.2069843087E-04   -3.2574324190E-05
      9579.5174405754        0.4899635220        1.1455747332    3.0904663575E-04    3.2039568363E-04   -1.1349047873E-05
      9580.0174405754        0.9899635220        1.2014889076    3.2433116703E-04    3.1898111318E-04    5.3500538513E-06
      9580.5174405734        1.4899635200        1.2549141860    3.3554113661E-04    3.1673574348E-04    1.8805393128E-05
      9581.0174405734        1.9899635200        1.3061560932    3.4264323011E-04    3.1387532061E-04    2.8767909498E-05
      9581.5174405734        2.4899635200        1.3554622724    3.4580234303E-04    3.1057361635E-04    3.5228726680E-05
      9582.0174405734        2.9899635200        1.4030367413    3.4611464313E-04    3.0696268081E-04    3.9151962323E-05
      9582.5174405734        3.4899635200        1.4490501841    3.4514937110E-04    3.0315725518E-04    4.1992115917E-05
      9583.0174405734        3.9899635200        1.4936466613    3.4397452413E-04    2.9924365381E-04    4.4730870315E-05
      9583.5174405734        4.4899635200        1.5369497306    3.4295161138E-04    2.9527134150E-04    4.7680269880E-05
      9584.0174405734        4.9899635200        1.5790658039    3.4173000984E-04    2.9129958585E-04    5.0430423998E-05
      9584.5174405734        5.4899635200        1.6200872587    3.3969432726E-04    2.8735261045E-04    5.2341716803E-05
      9585.1442162134        6.1167391600        1.6700872977    3.3542257502E-04    2.8245975842E-04    5.2962816606E-05
      9585.7900417734        6.7625647200        1.7200873036    3.2877490411E-04    2.7733903875E-04    5.1435865356E-05
      9586.4549172634        7.4274402100        1.7700872793    3.1955611225E-04    2.7206795825E-04    4.7488154007E-05
      9587.1388426634        8.1113656100        1.8200872856    3.0919836788E-04    2.6800590346E-04    4.1192464426E-05
      9587.8418179834        8.8143409300        1.8700873770    3.0130733269E-04    2.6691328914E-04    3.4394043549E-05
      9588.5638432234        9.5363661700        1.9200873252    2.9525694508E-04    2.6632071977E-04    2.8936225304E-05
      9589.3049183534       10.2774413000        1.9700873572    2.8957133320E-04    2.6510651402E-04    2.4464819180E-05
      9590.0650434534       11.0375664000        2.0200873613    2.8420536598E-04    2.6327088477E-04    2.0934481211E-05
      9590.8442184534       11.8167414000        2.0700873396    2.7953280263E-04    2.6104238135E-04    1.8490421281E-05
      9591.6424433534       12.6149663000        2.1200873943    2.7569534526E-04    2.5845885913E-04    1.7236486126E-05
      9592.4597182534       13.4322412000        2.1700873240    2.7258124876E-04    2.5547593177E-04    1.7105316987E-05
      9593.2960429534       14.2685659000        2.2200873288    2.6991922164E-04    2.5211053545E-04    1.7808686188E-05
      9594.1514176534       15.1239406000        2.2700873101    2.6730777986E-04    2.4840290466E-04    1.8904875195E-05
      9595.0258422534       15.9983652000        2.3200873610    2.6434280674E-04    2.4445870724E-04    1.9884099502E-05
      9595.9193168534       16.8918398000        2.3700872976    2.6096265169E-04    2.4060146639E-04    2.0361185304E-05
      9596.8318412534       17.8043642000        2.4200873029    2.5710264397E-04    2.3696529116E-04    2.0137352808E-05
      9597.7634156534       18.7359386000        2.4700872865    2.5283748432E-04    2.3362682250E-04    1.9210661818E-05
      9598.7140398534       19.6865628000        2.5200873342    2.4827797774E-04    2.3057785228E-04    1.7700125451E-05
      9599.6837140534       20.6562370000        2.5700872766    2.4355658107E-04    2.2782116367E-04    1.5735417397E-05
      9600.6724382534       21.6449612000        2.6200872821    2.3868390605E-04    2.2534042045E-04    1.3343485604E-05
      9601.6802122534       22.6527352000        2.6700872676    2.3355334573E-04    2.2313391294E-04    1.0419432789E-05
      9602.7070362534       23.6795592000        2.7200873124    2.2797673649E-04    2.2117478295E-04    6.8019535333E-06
      9603.7529101534       24.7254331000        2.7700872596    2.2185328420E-04    2.1944203325E-04    2.4112509496E-06
      9604.8178339534       25.7903569000        2.8200872653    2.1526129999E-04    2.1792120787E-04   -2.6599078722E-06
      9605.9018076534       26.8743306000        2.8700873265    2.0847735292E-04    2.1659480598E-04   -8.1174530527E-06
      9607.0048312534       27.9773542000        2.9200872946    2.0192740407E-04    2.1545950795E-04   -1.3532103884E-05
      9608.1269048534       29.0994278000        2.9700873176    1.9605600896E-04    2.1450814154E-04   -1.8452132573E-05
      9609.2680283534       30.2405513000        3.0200872517    1.9120883658E-04    2.1371639636E-04   -2.2507559779E-05
      9610.4282017534       31.4007247000        3.0700872401    1.8761449928E-04    2.1308552139E-04   -2.5471022117E-05
      9611.6074250534       32.5799480000        3.1200872801    1.8534339251E-04    2.1259841563E-04   -2.7255023120E-05
      9612.8056983534       33.7782213000        3.1700872349    1.8437671274E-04    2.1225803852E-04   -2.7881325780E-05
      9614.0230214534       34.9955444000        3.2200872408    1.8461808569E-04    2.1205048256E-04   -2.7432396867E-05
      9615.2593945534       36.2319175000        3.2700871651    1.8594415885E-04    2.1196584800E-04   -2.6021689154E-05
      9616.5148175534       37.4873405000        3.3200872682    1.8821100560E-04    2.1200147036E-04   -2.3790464761E-05
      9617.7892904534       38.7618134000        3.3700874155    1.9125542524E-04    2.1215008492E-04   -2.0894659686E-05
      9619.0828133534       40.0553363000        3.4200874809    1.9490872439E-04    2.1241164498E-04   -1.7502920590E-05
      9620.3953861534       41.3679091000        3.4700874677    1.9898607270E-04    2.1276313979E-04   -1.3777067088E-05
      9621.7270087534       42.6995317000        3.5200873794    2.0334071828E-04    2.1321288037E-04   -9.8721620903E-06
      9623.0776814534       44.0502044000        3.5700874575    2.0782971703E-04    2.1375132656E-04   -5.9216095206E-06
      9624.4474039534       45.4199269000        3.6200873425    2.1232881165E-04    2.1437187853E-04   -2.0430668800E-06
      9625.8361763534       46.8086993000        3.6700873901    2.1673499445E-04    2.1507600550E-04    1.6589889539E-06
      9627.2439987534       48.2165217000        3.7200873650    2.2093631151E-04    2.1584097757E-04    5.0953339424E-06
      9628.6708710534       49.6433940000        3.7700873829    2.2486227206E-04    2.1667689740E-04    8.1853746606E-06
      9630.1167932534       51.0893162000        3.8200872194    2.2843074427E-04    2.1756210128E-04    1.0868642983E-05
      9631.5817653534       52.5542883000        3.8700873213    2.3161391472E-04    2.1850853994E-04    1.3105374779E-05
      9633.0657874534       54.0383104000        3.9200871357    2.3436689451E-04    2.1948765179E-04    1.4879242721E-05
      9634.5688593534       55.5413823000        3.9700873166    2.3672310599E-04    2.2052193054E-04    1.6201175449E-05
      9636.0909812534       57.0635042000        4.0200872151    2.3866919589E-04    2.2157750315E-04    1.7091692741E-05
      9637.6321530534       58.6046760000        4.0700872600    2.4024344899E-04    2.2266683707E-04    1.7576611918E-05
      9639.1923748534       60.1648978000        4.1200870326    2.4143150988E-04    2.2377091571E-04    1.7660594171E-05
      9640.7716464534       61.7441694000        4.1700873594    2.4221638640E-04    2.2489157825E-04    1.7324808153E-05
      9642.3699680534       63.3424910000        4.2200870102    2.4253683961E-04    2.2601500809E-04    1.6521831523E-05
      9643.9873395534       64.9598625000        4.2700874045    2.4233530060E-04    2.2714485810E-04    1.5190442509E-05
      9645.6237609534       66.5962839000        4.3200871369    2.4154877989E-04    2.2826537290E-04    1.3283406987E-05
      9647.2792322534       68.2517552000        4.3700873990    2.4016492517E-04    2.2936929808E-04    1.0795627088E-05
      9648.9537534534       69.9262764000        4.4200875951    2.3824466178E-04    2.3045768679E-04    7.7869749926E-06
      9650.6473246534       71.6198476000        4.4700873463    2.3591288212E-04    2.3151920131E-04    4.3936808084E-06
      9652.3599457534       73.3324687000        4.5200876093    2.3335728943E-04    2.3254810530E-04    8.0918412788E-07
      9654.0916167534       75.0641397000        4.5700872495    2.3079194495E-04    2.3353413080E-04   -2.7421858486E-06
      9655.8423376534       76.8148606000        4.6200875770    2.2843547143E-04    2.3448354777E-04   -6.0480763317E-06
      9657.6121085534       78.5846315000        4.6700872937    2.2644858451E-04    2.3538195753E-04   -8.9333730165E-06
      9659.4009293534       80.3734523000        4.7200875012    2.2494171719E-04    2.3622448849E-04   -1.1282771298E-05
      9661.2088000534       82.1813230000        4.7700872916    2.2397405443E-04    2.3701155050E-04   -1.3037496068E-05
      9663.0357206534       84.0082436000        4.8200875611    2.2354506009E-04    2.3773344990E-04   -1.4188389814E-05
      9664.8816911534       85.8542141000        4.8700872460    2.2362663298E-04    2.3839055538E-04   -1.4763922404E-05
      9666.7467116534       87.7192346000        4.9200874025    2.2415999191E-04    2.3897418676E-04   -1.4814194850E-05
      9668.6307819534       89.6033049000        4.9700873309    2.2509297131E-04    2.3949342449E-04   -1.4400453181E-05
      9670.5339022534       91.5064252000        5.0200875471    2.2635478302E-04    2.3993927580E-04   -1.3584492778E-05
      9672.4560724534       93.4285954000        5.0700872027    2.2788503328E-04    2.4030875877E-04   -1.2423725489E-05
      9674.3972926534       95.3698156000        5.1200874783    2.2962718398E-04    2.4059908972E-04   -1.0971905744E-05
      9676.3575626534       97.3300856000        5.1700872031    2.3154255375E-04    2.4081903014E-04   -9.2764763948E-06
      9678.3368826534       99.3094056000        5.2200873716    2.3358416412E-04    2.4096756591E-04   -7.3834017880E-06
      9680.3352520534      101.3077750000        5.2700871633    2.3570471991E-04    2.4104263653E-04   -5.3379166226E-06
      9682.3526720534      103.3251950000        5.3200873890    2.3785484121E-04    2.4104259674E-04   -3.1877555304E-06
      9684.3891420534      105.3616650000        5.3700870854    2.3998956237E-04    2.4097185900E-04   -9.8229662895E-07
      9686.4446620534      107.4171850000        5.4200875237    2.4206516815E-04    2.4083995151E-04    1.2252166471E-06
      9688.5192310534      109.4917540000        5.4700872829    2.4402363470E-04    2.4064668067E-04    3.3769540248E-06
      9690.6128510534      111.5853740000        5.5200873067    2.4579419052E-04    2.4038576551E-04    5.4084250147E-06
      9692.7255200534      113.6980430000        5.5700872823    2.4732423555E-04    2.4007334579E-04    7.2508897634E-06
      9694.8572390534      115.8297620000        5.6200875141    2.4853746663E-04    2.3970480960E-04    8.8326570318E-06
      9697.0080090534      117.9805320000        5.6700870942    2.4937812807E-04    2.3929397476E-04    1.0084153314E-05
      9699.1778280534      120.1503510000        5.7200875283    2.4978741888E-04    2.3884310095E-04    1.0944317938E-05
      9701.3666970534      122.3392200000        5.7700870235    2.4971441216E-04    2.3834746545E-04    1.1366946714E-05
      9703.5746160534      124.5471390000        5.8200873593    2.4915598212E-04    2.3782950704E-04    1.1326475079E-05
      9705.8015850534      126.7741080000        5.8700870640    2.4810477210E-04    2.3728066592E-04    1.0824106182E-05
      9708.0476040534      129.0201270000        5.9200873040    2.4660661931E-04    2.3671558069E-04    9.8910386252E-06
      9710.3126730534      131.2851960000        5.9700872103    2.4473210247E-04    2.3614763748E-04    8.5844649941E-06
      9712.5967910534      133.5693140000        6.0200873568    2.4247093592E-04    2.3555208144E-04    6.9188544796E-06
