0.000000000000000000e+00 -6.008139000000000118e-01
5.000000000000000278e-02 -6.338030999999999526e-01
1.000000000000000056e-01 -6.662687999999999944e-01
1.499999999999999944e-01 -7.592676999999999898e-01
2.000000000000000111e-01 -8.471695999999999671e-01
2.500000000000000000e-01 -9.796249000000000207e-01
2.999999999999999889e-01 -1.096602000000000077e+00
3.499999999999999778e-01 -1.230156000000000027e+00
4.000000000000000222e-01 -1.332524000000000042e+00
4.500000000000000111e-01 -1.416698999999999931e+00
5.000000000000000000e-01 -1.453961999999999977e+00
5.500000000000000444e-01 -1.443821999999999939e+00
5.999999999999999778e-01 -1.380700000000000038e+00
6.500000000000000222e-01 -1.260849000000000109e+00
6.999999999999999556e-01 -1.099450999999999956e+00
7.500000000000000000e-01 -8.971381000000000494e-01
8.000000000000000444e-01 -6.807020999999999766e-01
8.499999999999999778e-01 -4.551733000000000029e-01
9.000000000000000222e-01 -2.475617999999999985e-01
9.499999999999999556e-01 -6.172745000000000315e-02
1.000000000000000000e+00 8.454325000000000034e-02
1.050000000000000044e+00 1.933275999999999883e-01
1.100000000000000089e+00 2.588641999999999888e-01
1.149999999999999911e+00 2.897668999999999939e-01
1.199999999999999956e+00 2.899045000000000094e-01
1.250000000000000000e+00 2.709929999999999839e-01
1.300000000000000044e+00 2.406000000000000083e-01
1.350000000000000089e+00 2.091414000000000051e-01
1.399999999999999911e+00 1.821560999999999875e-01
1.449999999999999956e+00 1.656905999999999934e-01
1.500000000000000000e+00 1.593581000000000025e-01
1.550000000000000044e+00 1.634016000000000080e-01
1.600000000000000089e+00 1.720202999999999871e-01
1.649999999999999911e+00 1.802577999999999958e-01
1.699999999999999956e+00 1.823300999999999950e-01
1.750000000000000000e+00 1.733176999999999912e-01
1.800000000000000044e+00 1.516518000000000033e-01
1.850000000000000089e+00 1.239230999999999944e-01
1.899999999999999911e+00 8.442637999999999532e-02
1.949999999999999956e+00 6.269146999999999914e-02
2.000000000000000000e+00 2.887119999999999964e-02
2.049999999999999822e+00 2.059379000000000071e-02
2.100000000000000089e+00 2.350247000000000100e-02
2.149999999999999911e+00 3.642005999999999716e-02
2.200000000000000178e+00 5.478111000000000091e-02
2.250000000000000000e+00 6.821315000000000017e-02
2.299999999999999822e+00 7.830528999999999962e-02
2.350000000000000089e+00 8.223142999999999425e-02
2.399999999999999911e+00 7.913288000000000266e-02
2.450000000000000178e+00 6.990198999999999718e-02
2.500000000000000000e+00 5.895112999999999742e-02
2.549999999999999822e+00 4.707928000000000113e-02
2.600000000000000089e+00 3.479002999999999957e-02
2.649999999999999911e+00 1.996397999999999923e-02
2.700000000000000178e+00 4.540820000000000099e-03
2.750000000000000000e+00 -1.165039999999999999e-02
2.799999999999999822e+00 -2.874002000000000154e-02
2.850000000000000089e+00 -4.569555000000000144e-02
2.899999999999999911e+00 -6.255515000000000381e-02
2.950000000000000178e+00 -7.885356000000000309e-02
3.000000000000000000e+00 -9.383671000000000373e-02
3.049999999999999822e+00 -1.052991999999999956e-01
3.100000000000000089e+00 -1.134995000000000032e-01
3.149999999999999911e+00 -1.175058999999999965e-01
3.200000000000000178e+00 -1.166389000000000037e-01
3.250000000000000000e+00 -1.104732999999999965e-01
3.299999999999999822e+00 -9.977236999999999911e-02
3.350000000000000089e+00 -8.492447999999999664e-02
3.399999999999999911e+00 -6.684687999999999741e-02
3.450000000000000178e+00 -4.706624000000000224e-02
3.500000000000000000e+00 -2.665667999999999857e-02
3.549999999999999822e+00 -6.722610000000000391e-03
3.600000000000000089e+00 1.181992999999999933e-02
3.649999999999999911e+00 2.809247999999999953e-02
3.700000000000000178e+00 4.199090999999999935e-02
3.750000000000000000e+00 5.339934999999999821e-02
3.799999999999999822e+00 6.238935000000000314e-02
3.850000000000000089e+00 6.915578999999999477e-02
3.899999999999999911e+00 7.395461000000000396e-02
3.950000000000000178e+00 7.694402000000000186e-02
4.000000000000000000e+00 7.821048999999999363e-02
4.049999999999999822e+00 7.788966999999999419e-02
4.099999999999999645e+00 7.579824999999999757e-02
4.150000000000000355e+00 7.181332999999999467e-02
4.200000000000000178e+00 6.581359000000000514e-02
4.250000000000000000e+00 5.789616000000000207e-02
4.299999999999999822e+00 4.795206999999999942e-02
4.349999999999999645e+00 3.616529999999999745e-02
4.400000000000000355e+00 2.287849999999999953e-02
4.450000000000000178e+00 8.630888999999999228e-03
4.500000000000000000e+00 -6.047252000000000356e-03
4.549999999999999822e+00 -2.046148000000000064e-02
4.599999999999999645e+00 -3.389711000000000113e-02
4.650000000000000355e+00 -4.578067000000000247e-02
4.700000000000000178e+00 -5.547817000000000026e-02
4.750000000000000000e+00 -6.257548999999999750e-02
4.799999999999999822e+00 -6.684560999999999975e-02
4.849999999999999645e+00 -6.832923000000000469e-02
4.900000000000000355e+00 -6.706971999999999934e-02
4.950000000000000178e+00 -6.335694999999999522e-02
5.000000000000000000e+00 -5.758188999999999669e-02
5.049999999999999822e+00 -5.018750000000000294e-02
5.099999999999999645e+00 -4.158451999999999982e-02
5.150000000000000355e+00 -3.218685999999999769e-02
5.200000000000000178e+00 -2.235731999999999997e-02
5.250000000000000000e+00 -1.231168000000000019e-02
5.299999999999999822e+00 -2.368677999999999929e-03
5.349999999999999645e+00 7.236883999999999852e-03
5.400000000000000355e+00 1.628189000000000025e-02
5.450000000000000178e+00 2.466667000000000165e-02
5.500000000000000000e+00 3.202668999999999655e-02
5.549999999999999822e+00 3.811642999999999976e-02
5.599999999999999645e+00 4.270973000000000130e-02
5.650000000000000355e+00 4.569212000000000273e-02
5.700000000000000178e+00 4.683165000000000244e-02
5.750000000000000000e+00 4.609129000000000004e-02
5.799999999999999822e+00 4.353532000000000235e-02
5.849999999999999645e+00 3.934983000000000231e-02
5.900000000000000355e+00 3.373824999999999741e-02
5.950000000000000178e+00 2.702778999999999945e-02
6.000000000000000000e+00 1.958818999999999838e-02
6.049999999999999822e+00 1.180193000000000041e-02
6.099999999999999645e+00 3.982821999999999578e-03
6.150000000000000355e+00 -3.531405000000000047e-03
6.200000000000000178e+00 -1.044877999999999953e-02
6.250000000000000000e+00 -1.653096000000000079e-02
6.299999999999999822e+00 -2.159584999999999977e-02
6.349999999999999645e+00 -2.551695000000000005e-02
6.400000000000000355e+00 -2.822105000000000100e-02
6.450000000000000178e+00 -2.968557000000000140e-02
6.500000000000000000e+00 -2.993604999999999877e-02
6.549999999999999822e+00 -2.929208000000000159e-02
6.599999999999999645e+00 -2.757099000000000008e-02
6.650000000000000355e+00 -2.489500999999999867e-02
6.700000000000000178e+00 -2.142321999999999976e-02
6.750000000000000000e+00 -1.734317000000000150e-02
6.799999999999999822e+00 -1.285940999999999994e-02
6.849999999999999645e+00 -8.180180999999999911e-03
6.900000000000000355e+00 -3.504329999999999945e-03
6.950000000000000178e+00 9.899717999999999192e-04
7.000000000000000000e+00 5.153101000000000209e-03
7.049999999999999822e+00 8.976147000000000292e-03
7.099999999999999645e+00 1.227062999999999938e-02
7.150000000000000355e+00 1.496888000000000038e-02
7.200000000000000178e+00 1.703230999999999842e-02
7.250000000000000000e+00 1.844484999999999875e-02
7.299999999999999822e+00 1.920621999999999954e-02
7.349999999999999645e+00 1.932675000000000018e-02
7.400000000000000355e+00 1.882462000000000024e-02
7.450000000000000178e+00 1.772593000000000085e-02
7.500000000000000000e+00 1.606693000000000010e-02
7.549999999999999822e+00 1.389790999999999943e-02
7.599999999999999645e+00 1.129947000000000069e-02
7.650000000000000355e+00 8.355378000000000110e-03
7.700000000000000178e+00 5.162528999999999903e-03
7.750000000000000000e+00 1.830720999999999998e-03
7.799999999999999822e+00 -1.519486999999999921e-03
7.849999999999999645e+00 -4.760956000000000216e-03
7.900000000000000355e+00 -7.765873999999999867e-03
7.950000000000000178e+00 -1.041272000000000031e-02
8.000000000000000000e+00 -1.259342999999999921e-02
8.050000000000000711e+00 -1.425681999999999991e-02
8.099999999999999645e+00 -1.532516000000000087e-02
8.150000000000000355e+00 -1.575821999999999987e-02
8.199999999999999289e+00 -1.554022000000000042e-02
8.250000000000000000e+00 -1.468182999999999988e-02
8.300000000000000711e+00 -1.322160000000000002e-02
8.349999999999999645e+00 -1.122655000000000007e-02
8.400000000000000355e+00 -8.791208999999999482e-03
8.449999999999999289e+00 -6.034715000000000391e-03
8.500000000000000000e+00 -3.095557999999999990e-03
8.550000000000000711e+00 -1.127349000000000038e-04
8.599999999999999645e+00 2.785763000000000128e-03
8.650000000000000355e+00 5.453905000000000211e-03
8.699999999999999289e+00 7.760061000000000389e-03
8.750000000000000000e+00 9.596715999999999927e-03
8.800000000000000711e+00 1.088834999999999976e-02
8.849999999999999645e+00 1.159640999999999970e-02
8.900000000000000355e+00 1.172070000000000056e-02
8.949999999999999289e+00 1.129699999999999975e-02
9.000000000000000000e+00 1.039133000000000071e-02
9.050000000000000711e+00 9.155270000000000075e-03
9.099999999999999645e+00 7.600520999999999840e-03
9.150000000000000355e+00 5.825758000000000325e-03
9.199999999999999289e+00 3.928530000000000390e-03
9.250000000000000000e+00 1.999574000000000056e-03
9.300000000000000711e+00 1.192282999999999982e-04
9.349999999999999645e+00 -1.644162000000000011e-03
9.400000000000000355e+00 -3.234271999999999841e-03
9.449999999999999289e+00 -4.605915000000000356e-03
9.500000000000000000e+00 -5.723943000000000433e-03
9.550000000000000711e+00 -6.610341999999999954e-03
9.599999999999999645e+00 -7.206225000000000130e-03
9.650000000000000355e+00 -7.499208000000000263e-03
9.699999999999999289e+00 -7.487139999999999768e-03
9.750000000000000000e+00 -7.179111999999999646e-03
9.800000000000000711e+00 -6.596023000000000337e-03
9.849999999999999645e+00 -5.770326000000000101e-03
9.900000000000000355e+00 -4.744769999999999717e-03
9.949999999999999289e+00 -3.570146000000000170e-03
1.000000000000000000e+01 -2.302288999999999898e-03
1.005000000000000071e+01 -9.972272999999999381e-04
1.009999999999999964e+01 2.998737999999999816e-04
1.015000000000000036e+01 1.536309000000000025e-03
1.019999999999999929e+01 2.664618000000000108e-03
1.025000000000000000e+01 3.644249000000000013e-03
1.030000000000000071e+01 4.442599000000000201e-03
1.034999999999999964e+01 5.035508000000000171e-03
1.040000000000000036e+01 5.407399999999999707e-03
1.044999999999999929e+01 5.551223999999999568e-03
1.050000000000000000e+01 5.468342000000000168e-03
1.055000000000000071e+01 5.168391999999999951e-03
1.059999999999999964e+01 4.669083000000000087e-03
1.065000000000000036e+01 3.995816000000000125e-03
1.069999999999999929e+01 3.180965999999999915e-03
1.075000000000000000e+01 2.262745000000000034e-03
1.080000000000000071e+01 1.283559999999999996e-03
1.084999999999999964e+01 2.879682999999999852e-04
1.090000000000000036e+01 -6.796592999999999862e-04
1.094999999999999929e+01 -1.577524000000000070e-03
1.100000000000000000e+01 -2.368601000000000126e-03
1.105000000000000071e+01 -3.050966999999999915e-03
1.109999999999999964e+01 -3.582235999999999927e-03
1.115000000000000036e+01 -3.944559000000000260e-03
1.119999999999999929e+01 -4.128281999999999612e-03
1.125000000000000000e+01 -4.131880000000000101e-03
1.130000000000000071e+01 -3.961486999999999647e-03
1.134999999999999964e+01 -3.630172999999999994e-03
1.140000000000000036e+01 -3.157047000000000065e-03
1.144999999999999929e+01 -2.566304000000000154e-03
1.150000000000000000e+01 -1.886220999999999991e-03
1.155000000000000071e+01 -1.148106999999999990e-03
1.159999999999999964e+01 -3.851708999999999819e-04
1.165000000000000036e+01 3.687283999999999983e-04
1.169999999999999929e+01 1.080475999999999919e-03
1.175000000000000000e+01 1.719204000000000001e-03
1.180000000000000071e+01 2.257828999999999826e-03
1.184999999999999964e+01 2.674516999999999953e-03
1.190000000000000036e+01 2.953912999999999851e-03
1.194999999999999929e+01 3.088006999999999818e-03
1.200000000000000000e+01 3.076516999999999967e-03
1.205000000000000071e+01 2.961319999999999925e-03
1.209999999999999964e+01 2.710390999999999929e-03
1.215000000000000036e+01 2.339485999999999996e-03
1.219999999999999929e+01 1.870473000000000101e-03
1.225000000000000000e+01 1.329859000000000076e-03
1.230000000000000071e+01 7.470075000000000066e-04
1.234999999999999964e+01 1.522131999999999880e-04
1.240000000000000036e+01 -4.251311000000000131e-04
1.244999999999999929e+01 -9.581319999999999941e-04
1.250000000000000000e+01 -1.423643999999999951e-03
1.255000000000000071e+01 -1.803141999999999983e-03
1.259999999999999964e+01 -2.083249000000000125e-03
1.265000000000000036e+01 -2.255989999999999818e-03
1.269999999999999929e+01 -2.318816999999999927e-03
1.275000000000000000e+01 -2.274462000000000098e-03
1.280000000000000071e+01 -2.130589000000000007e-03
1.284999999999999964e+01 -1.899244000000000019e-03
1.290000000000000036e+01 -1.596053000000000055e-03
1.294999999999999929e+01 -1.239206000000000075e-03
1.300000000000000000e+01 -8.482706000000000230e-04
1.305000000000000071e+01 -4.474087999999999980e-04
1.309999999999999964e+01 -4.531599999999999778e-05
1.315000000000000036e+01 3.411072999999999926e-04
1.319999999999999929e+01 6.966560000000000330e-04
1.325000000000000000e+01 1.008252000000000063e-03
1.330000000000000071e+01 1.265237999999999910e-03
1.334999999999999964e+01 1.459564000000000000e-03
1.340000000000000036e+01 1.585903000000000052e-03
1.344999999999999929e+01 1.641702000000000092e-03
1.350000000000000000e+01 1.627194999999999900e-03
1.355000000000000071e+01 1.545362999999999902e-03
1.359999999999999964e+01 1.401817999999999988e-03
1.365000000000000036e+01 1.204596000000000052e-03
1.369999999999999929e+01 9.638350000000000172e-04
1.375000000000000000e+01 6.913387999999999478e-04
1.380000000000000071e+01 4.000273000000000045e-04
1.384999999999999964e+01 1.033126000000000042e-04
1.390000000000000036e+01 -1.855619000000000029e-04
1.394999999999999929e+01 -4.541673999999999776e-04
1.400000000000000000e+01 -6.914714999999999881e-04
1.405000000000000071e+01 -9.001887000000000300e-04
1.409999999999999964e+01 -1.063640000000000028e-03
1.415000000000000036e+01 -1.175730000000000048e-03
1.419999999999999929e+01 -1.232947999999999987e-03
1.425000000000000000e+01 -1.234403000000000019e-03
1.430000000000000071e+01 -1.181729000000000069e-03
1.434999999999999964e+01 -1.078870999999999910e-03
1.440000000000000036e+01 -9.317928000000000278e-04
1.444999999999999929e+01 -7.481343000000000108e-04
1.450000000000000000e+01 -5.368404000000000448e-04
1.455000000000000071e+01 -3.077716000000000197e-04
1.459999999999999964e+01 -7.130649000000000514e-05
1.465000000000000036e+01 1.620625999999999957e-04
1.469999999999999929e+01 3.821396000000000233e-04
1.475000000000000000e+01 5.794336999999999882e-04
1.480000000000000071e+01 7.455584000000000343e-04
1.484999999999999964e+01 8.736030999999999571e-04
1.490000000000000036e+01 9.584581999999999911e-04
1.494999999999999929e+01 9.970707999999999134e-04
1.500000000000000000e+01 9.886113000000000192e-04
1.505000000000000071e+01 9.407301000000000074e-04
1.509999999999999964e+01 8.507849000000000271e-04
1.515000000000000036e+01 7.237701999999999504e-04
1.519999999999999929e+01 5.665861999999999591e-04
1.525000000000000000e+01 3.876395000000000144e-04
1.530000000000000071e+01 1.963323000000000108e-04
1.534999999999999964e+01 2.480160000000000154e-06
1.540000000000000036e+01 -1.842918000000000030e-04
1.544999999999999929e+01 -3.551240999999999903e-04
1.550000000000000000e+01 -5.024213999999999937e-04
1.555000000000000071e+01 -6.202341999999999578e-04
1.559999999999999964e+01 -7.044999000000000140e-04
1.565000000000000036e+01 -7.531328999999999801e-04
1.569999999999999929e+01 -7.659706999999999540e-04
1.575000000000000000e+01 -7.446004000000000208e-04
1.580000000000000071e+01 -6.920941000000000115e-04
1.584999999999999964e+01 -6.126939999999999990e-04
1.590000000000000036e+01 -5.114798999999999951e-04
1.594999999999999929e+01 -3.940500000000000101e-04
1.600000000000000000e+01 -2.662354000000000023e-04
1.605000000000000071e+01 -1.367747999999999902e-04
1.610000000000000142e+01 -7.089206000000000409e-06
1.614999999999999858e+01 1.178816000000000065e-04
1.619999999999999929e+01 2.335286000000000057e-04
1.625000000000000000e+01 3.356790000000000229e-04
1.630000000000000071e+01 4.207112000000000048e-04
1.635000000000000142e+01 4.856815000000000221e-04
1.639999999999999858e+01 5.284555000000000025e-04
1.644999999999999929e+01 5.478307999999999659e-04
1.650000000000000000e+01 5.436323999999999757e-04
1.655000000000000071e+01 5.167598999999999717e-04
1.660000000000000142e+01 4.691699999999999820e-04
1.664999999999999858e+01 4.037841999999999820e-04
1.669999999999999929e+01 3.243208000000000137e-04
1.675000000000000000e+01 2.350615000000000126e-04
1.680000000000000071e+01 1.405745000000000074e-04
1.685000000000000142e+01 4.542076000000000116e-05
1.689999999999999858e+01 -4.612421000000000202e-05
1.694999999999999929e+01 -1.303046999999999994e-04
1.700000000000000000e+01 -2.040529000000000127e-04
1.705000000000000071e+01 -2.679466000000000139e-04
1.710000000000000142e+01 -3.180036999999999925e-04
1.714999999999999858e+01 -3.531464000000000109e-04
1.719999999999999929e+01 -3.728952000000000004e-04
1.725000000000000000e+01 -3.772830000000000129e-04
1.730000000000000071e+01 -3.667825000000000208e-04
1.735000000000000142e+01 -3.422596000000000189e-04
1.739999999999999858e+01 -3.049549000000000031e-04
1.744999999999999929e+01 -2.564867999999999987e-04
1.750000000000000000e+01 -1.988608000000000053e-04
1.755000000000000071e+01 -1.344663999999999972e-04
1.760000000000000142e+01 -6.604437000000000545e-05
1.764999999999999858e+01 3.390032000000000190e-06
1.769999999999999929e+01 7.067213999999999994e-05
1.775000000000000000e+01 1.326563000000000059e-04
1.780000000000000071e+01 1.864135000000000000e-04
1.785000000000000142e+01 2.294363999999999909e-04
1.789999999999999858e+01 2.598270000000000180e-04
1.794999999999999929e+01 2.764420999999999871e-04
1.800000000000000000e+01 2.789778000000000245e-04
1.805000000000000071e+01 2.715209999999999911e-04
1.810000000000000142e+01 2.515594000000000228e-04
1.814999999999999858e+01 2.206404000000000026e-04
1.819999999999999929e+01 1.808707999999999963e-04
1.825000000000000000e+01 1.347332999999999929e-04
1.830000000000000071e+01 8.488941999999999538e-05
1.835000000000000142e+01 3.399105999999999775e-05
1.839999999999999858e+01 -1.548230999999999983e-05
1.844999999999999929e+01 -6.134718999999999361e-05
1.850000000000000000e+01 -1.017968000000000009e-04
1.855000000000000071e+01 -1.354406000000000056e-04
1.860000000000000142e+01 -1.613100000000000124e-04
1.864999999999999858e+01 -1.788403000000000095e-04
1.869999999999999929e+01 -1.878396999999999966e-04
1.875000000000000000e+01 -1.884541999999999955e-04
1.880000000000000071e+01 -1.811337999999999902e-04
1.885000000000000142e+01 -1.666027999999999899e-04
1.889999999999999858e+01 -1.458311000000000004e-04
1.894999999999999929e+01 -1.200043999999999991e-04
1.900000000000000000e+01 -9.048690999999999657e-05
1.905000000000000071e+01 -5.978730999999999662e-05
1.910000000000000142e+01 -2.780112999999999923e-05
1.914999999999999858e+01 4.023509000000000139e-06
1.919999999999999929e+01 3.426279999999999999e-05
1.925000000000000000e+01 6.159133999999999703e-05
1.930000000000000071e+01 8.485632999999999804e-05
1.935000000000000142e+01 1.031446999999999952e-04
1.939999999999999858e+01 1.158358000000000066e-04
1.944999999999999929e+01 1.226340999999999987e-04
1.950000000000000000e+01 1.235767999999999990e-04
1.955000000000000071e+01 1.190168000000000020e-04
1.960000000000000142e+01 1.095817000000000015e-04
1.964999999999999858e+01 9.611379999999999446e-05
1.969999999999999929e+01 7.959749999999999812e-05
1.975000000000000000e+01 6.108250000000000344e-05
1.980000000000000071e+01 4.160978000000000127e-05
1.985000000000000142e+01 2.214774000000000083e-05
1.989999999999999858e+01 3.543332000000000060e-06
1.994999999999999929e+01 -1.350914999999999923e-05
2.000000000000000000e+01 -2.848143000000000015e-05
