# # Once                                                         FEFF 10.0.0 
# # POT  SCF 100  9.0000   0, NO core-hole, FOLP (folp(0)= 1.150)
# # Abs   Z=30 Rmt= 1.376 Rnm= 1.521 K  shell
# #   RGRID 0.0100
# # Pot 1 Z= 6 Rmt= 0.897 Rnm= 1.122
# # Pot 2 Z= 6 Rmt= 0.924 Rnm= 1.165
# # Pot 3 Z= 1 Rmt= 0.551 Rnm= 0.958
# # Pot 4 Z=16 Rmt= 1.259 Rnm= 1.479
# # Gam_ch=1.897E+00 H-L exch Vi=-5.000E-01 Vr= 0.000E+00
# # Mu=-6.939E+00eV kf=1.325E+00 Vint=-8.944E+00eV Rs_int= 2.738
# FMS rfms= 9.0000
# # PATH  Rmax= 0.100,  Keep_limit= 0.00, Heap_limit 0.00  Pwcrit= 2.50%
#  S02=1.000  Temp=  10.00  Debye_temp= 315.00  Global_sig2= 0.00000
#  Energy zero shift, vr, vi    0.00000E+00   0.00000E+00
#  Curved wave amplitude ratio filter   4.000%
#     file         sig2 tot  cw amp ratio   deg  nlegs   reff  inp sig2
#     0/   0 paths used
#  xsedge+ 50, used to normalize mu           1.0000E+00
#  -----------------------------------------------------------------------
#  omega    e    k    mu    mu0     chi     @#
      9653.6592536705      -16.9389574000       -1.6200872587    2.7395450406E-06    4.0106046668E-06   -1.2710596262E-06
      9654.1592536705      -16.4389574000       -1.5790658039    2.8634727855E-06    4.2450776909E-06   -1.3816049055E-06
      9654.6592536705      -15.9389574000       -1.5369497306    2.9981321113E-06    4.5066342680E-06   -1.5085021567E-06
      9655.1592536705      -15.4389574000       -1.4936466613    3.1449584193E-06    4.8000856318E-06   -1.6551272125E-06
      9655.6592536705      -14.9389574000       -1.4490501841    3.3056571430E-06    5.1314321705E-06   -1.8257750274E-06
      9656.1592536705      -14.4389574000       -1.4030367413    3.4822719462E-06    5.5082510630E-06   -2.0259791168E-06
      9656.6592536705      -13.9389574000       -1.3554622724    3.6772754835E-06    5.9402452269E-06   -2.2629697434E-06
      9657.1592536705      -13.4389574000       -1.3061560932    3.8936923719E-06    6.4400374828E-06   -2.5463451109E-06
      9657.6592536705      -12.9389574000       -1.2549141860    4.1352693049E-06    7.0243476520E-06   -2.8890783471E-06
      9658.1592536705      -12.4389574000       -1.2014889076    4.4067162130E-06    7.7157862879E-06   -3.3090700748E-06
      9658.6592536705      -11.9389574000       -1.1455747332    4.7140582577E-06    8.5456771326E-06   -3.8316188749E-06
      9659.1592536705      -11.4389574000       -1.0867876258    5.0651680585E-06    9.5586680462E-06   -4.4934999877E-06
      9659.6592536705      -10.9389574000       -1.0246331595    5.4706061467E-06    1.0820606433E-05   -5.3500002867E-06
      9660.1592536705      -10.4389574000       -0.9584566200    5.9450221911E-06    1.2432731760E-05   -6.4877095690E-06
      9660.6592536905       -9.9389573800       -0.8873583607    6.5096582346E-06    1.4558996408E-05   -8.0493381733E-06
      9661.1592536905       -9.4389573800       -0.8100436294    7.1972387287E-06    1.7483212252E-05   -1.0285973523E-05
      9661.6592536905       -8.9389573800       -0.7245250921    8.0627186158E-06    2.1742161096E-05   -1.3679442480E-05
      9662.1592536905       -8.4389573800       -0.6274570930    9.2109525616E-06    2.8483625525E-05   -1.9272672963E-05
      9662.6592536905       -7.9389573800       -0.5123165798    1.0884888409E-05    4.0638896274E-05   -2.9754007865E-05
      9663.1592536905       -7.4389573800       -0.3622625460    1.3827553165E-05    6.7795374689E-05   -5.3967821524E-05
      9663.6592536905       -6.9389573800        0.0000000000    2.0378576849E-05    1.4003319406E-04   -1.1965461722E-04
      9664.1592536905       -6.4389573800        0.3622625460    2.7003617913E-05    2.2953197585E-04   -2.0252835794E-04
      9664.6592536905       -5.9389573800        0.5123165798    3.2239407273E-05    2.9115592188E-04   -2.5891651461E-04
      9665.1592536905       -5.4389573800        0.6274570930    3.8888581487E-05    3.3283849027E-04   -2.9394990878E-04
      9665.6592536905       -4.9389573800        0.7245250921    4.8091962083E-05    3.5803231265E-04   -3.0994035057E-04
      9666.1592536905       -4.4389573800        0.8100436294    6.1789295988E-05    3.6984869794E-04   -3.0805940195E-04
      9666.6592536905       -3.9389573800        0.8873583607    8.3007735421E-05    3.7196386319E-04   -2.8895612777E-04
      9667.1592536905       -3.4389573800        0.9584566200    1.1619468365E-04    3.6775474089E-04   -2.5156005724E-04
      9667.6592536905       -2.9389573800        1.0246331595    1.6532442997E-04    3.5985040365E-04   -1.9452597368E-04
      9668.1592536905       -2.4389573800        1.0867876258    2.2588272303E-04    3.5004334433E-04   -1.2416062130E-04
      9668.6592536905       -1.9389573800        1.1455747332    2.8237182090E-04    3.3950117978E-04   -5.7129358876E-05
      9669.1592536905       -1.4389573800        1.2014889076    3.2503269893E-04    3.2891636415E-04   -3.8836652225E-06
      9669.6592536895       -0.9389573810        1.2549141860    3.5272079155E-04    3.1869692257E-04    3.4023868973E-05
      9670.1592536895       -0.4389573810        1.3061560932    3.6791794770E-04    3.0904860431E-04    5.8869343383E-05
      9670.6592536898        0.0610426193        1.3554622724    3.7270427105E-04    3.0007302863E-04    7.2631242415E-05
      9671.1592536895        0.5610426190        1.4030367413    3.6622968029E-04    2.9179189804E-04    7.4437782251E-05
      9671.6592536905        1.0610426200        1.4490501841    3.5192391016E-04    2.8419750941E-04    6.7726400749E-05
      9672.1592536905        1.5610426200        1.4936466613    3.3634131511E-04    2.7726117887E-04    5.9080136244E-05
      9672.6592536905        2.0610426200        1.5369497306    3.2327977193E-04    2.7094049749E-04    5.2339274435E-05
      9673.1592536905        2.5610426200        1.5790658039    3.1332862037E-04    2.6516860122E-04    4.8160019154E-05
      9673.6592536905        3.0610426200        1.6200872587    3.0579482821E-04    2.5980934680E-04    4.5985481410E-05
      9674.2860293305        3.6878182600        1.6700872977    2.9901405480E-04    2.5390984308E-04    4.5104211722E-05
      9674.9318548905        4.3336438200        1.7200873036    2.9418309366E-04    2.4935272347E-04    4.4830370191E-05
      9675.5967303705        4.9985193000        1.7700872793    2.9203270798E-04    2.4937103726E-04    4.2661670716E-05
      9676.2806557705        5.6824447000        1.8200872856    2.8619140982E-04    2.4855861123E-04    3.7632798590E-05
      9676.9836311005        6.3854200300        1.8700873770    2.7761002174E-04    2.4621702885E-04    3.1392992889E-05
      9677.7056563405        7.1074452700        1.9200873252    2.6794887604E-04    2.4290457319E-04    2.5044302849E-05
      9678.4467315005        7.8485204300        1.9700873572    2.5845495615E-04    2.3914556335E-04    1.9309392807E-05
      9679.2068565805        8.6086455100        2.0200873613    2.5003485524E-04    2.3508145874E-04    1.4953396492E-05
      9679.9860315805        9.3878205100        2.0700873396    2.4337625089E-04    2.3075100000E-04    1.2625250897E-05
      9680.7842564705       10.1860454000        2.1200873943    2.3870596995E-04    2.2623325241E-04    1.2472717538E-05
      9681.6015313705       11.0033203000        2.1700873240    2.3566100929E-04    2.2160343705E-04    1.4057572246E-05
      9682.4378560705       11.8396450000        2.2200873288    2.3384844343E-04    2.1729502009E-04    1.6553423347E-05
      9683.2932307705       12.6950197000        2.2700873101    2.3289396608E-04    2.1381415547E-04    1.9079810617E-05
      9684.1676553705       13.5694443000        2.3200873610    2.3211415789E-04    2.1110260579E-04    2.1011552101E-05
      9685.0611298705       14.4629188000        2.3700872976    2.3100206416E-04    2.0900247928E-04    2.1999584878E-05
      9685.9736543705       15.3754433000        2.4200873029    2.2939589353E-04    2.0738885510E-04    2.2007038427E-05
      9686.9052287705       16.3070177000        2.4700872865    2.2750560663E-04    2.0621171114E-04    2.1293895489E-05
      9687.8558529705       17.2576419000        2.5200873342    2.2563157758E-04    2.0542510990E-04    2.0206467682E-05
      9688.8255271705       18.2273161000        2.5700872766    2.2389342878E-04    2.0498743880E-04    1.8905989981E-05
      9689.8142513705       19.2160403000        2.6200872821    2.2211447055E-04    2.0484786678E-04    1.7266603778E-05
      9690.8220253705       20.2238143000        2.6700872676    2.1991982648E-04    2.0495479309E-04    1.4965033393E-05
      9691.8488493705       21.2506383000        2.7200873124    2.1693286043E-04    2.0529075521E-04    1.1642105217E-05
      9692.8947232705       22.2965122000        2.7700872596    2.1289619082E-04    2.0581745929E-04    7.0787315288E-06
      9693.9596470705       23.3614360000        2.8200872653    2.0788046714E-04    2.0652469153E-04    1.3557756120E-06
      9695.0436207705       24.4454097000        2.8700873265    2.0227636270E-04    2.0738107709E-04   -5.1047143888E-06
      9696.1466443705       25.5484333000        2.9200872946    1.9673618588E-04    2.0837663416E-04   -1.1640448278E-05
      9697.2687179705       26.6705069000        2.9700873176    1.9192732012E-04    2.0948636423E-04   -1.7559044103E-05
      9698.4098414705       27.8116304000        3.0200872517    1.8838036014E-04    2.1070519176E-04   -2.2324831617E-05
      9699.5700148705       28.9718038000        3.0700872401    1.8638529107E-04    2.1202503136E-04   -2.5639740289E-05
      9700.7492381705       30.1510271000        3.1200872801    1.8600748130E-04    2.1341371705E-04   -2.7406235752E-05
      9701.9475114705       31.3493004000        3.1700872349    1.8720117232E-04    2.1486702483E-04   -2.7665852512E-05
      9703.1648345705       32.5666235000        3.2200872408    1.8982825952E-04    2.1637277639E-04   -2.6544516865E-05
      9704.4012076705       33.8029966000        3.2700871651    1.9369567653E-04    2.1792053526E-04   -2.4224858731E-05
      9705.6566306705       35.0584196000        3.3200872682    1.9855491418E-04    2.1948865399E-04   -2.0933739807E-05
      9706.9311035705       36.3328925000        3.3700874155    2.0415362974E-04    2.2107469769E-04   -1.6921067947E-05
      9708.2246264705       37.6264154000        3.4200874809    2.1022048035E-04    2.2265609557E-04   -1.2435615219E-05
      9709.5371992705       38.9389882000        3.4700874677    2.1650725321E-04    2.2422506267E-04   -7.7178094553E-06
      9710.8688218705       40.2706108000        3.5200873794    2.2279252050E-04    2.2577398493E-04   -2.9814644327E-06
      9712.2194944705       41.6212834000        3.5700874575    2.2886847064E-04    2.2728460518E-04    1.5838654611E-06
      9713.5892170705       42.9910060000        3.6200873425    2.3456744516E-04    2.2875250942E-04    5.8149357407E-06
      9714.9779894705       44.3797784000        3.6700873901    2.3973611763E-04    2.3015625453E-04    9.5798631018E-06
      9716.3858118705       45.7876008000        3.7200873650    2.4428977246E-04    2.3150248953E-04    1.2787282927E-05
      9717.8126841705       47.2144731000        3.7700873829    2.4814464665E-04    2.3276482175E-04    1.5379824894E-05
      9719.2586063705       48.6603953000        3.8200872194    2.5127931616E-04    2.3394398210E-04    1.7335334061E-05
      9720.7235784705       50.1253674000        3.8700873213    2.5367504159E-04    2.3502662541E-04    1.8648416181E-05
      9722.2076005705       51.6093895000        3.9200871357    2.5534370837E-04    2.3601627296E-04    1.9327435405E-05
      9723.7106724705       53.1124614000        3.9700873166    2.5629027903E-04    2.3690539429E-04    1.9384884737E-05
      9725.2327943705       54.6345833000        4.0200872151    2.5652694873E-04    2.3768533033E-04    1.8841618401E-05
      9726.7739661705       56.1757551000        4.0700872600    2.5607790885E-04    2.3835524636E-04    1.7722662494E-05
      9728.3341879705       57.7359769000        4.1200870326    2.5497910086E-04    2.3891381230E-04    1.6065288561E-05
      9729.9134595705       59.3152485000        4.1700873594    2.5327175791E-04    2.3935517581E-04    1.3916582092E-05
      9731.5117811705       60.9135701000        4.2200870102    2.5102795190E-04    2.3968601769E-04    1.1341934211E-05
      9733.1291526705       62.5309416000        4.2700874045    2.4833344496E-04    2.3991340962E-04    8.4200353497E-06
      9734.7655740705       64.1673630000        4.3200871369    2.4526392570E-04    2.4003192807E-04    5.2319976218E-06
      9736.4210453705       65.8228343000        4.3700873990    2.4190455996E-04    2.4004253525E-04    1.8620247057E-06
      9738.0955665705       67.4973555000        4.4200875951    2.3835714678E-04    2.3996048094E-04   -1.6033341575E-06
      9739.7891377705       69.1909267000        4.4700873463    2.3472628407E-04    2.3978785731E-04   -5.0615732381E-06
      9741.5017588705       70.9035478000        4.5200876093    2.3114041409E-04    2.3952707186E-04   -8.3866577675E-06
      9743.2334298705       72.6352188000        4.5700872495    2.2776467537E-04    2.3919325419E-04   -1.1428578821E-05
      9744.9841507705       74.3859397000        4.6200875770    2.2476276942E-04    2.3878950871E-04   -1.4026739288E-05
      9746.7539216705       76.1557106000        4.6700872937    2.2228139241E-04    2.3831828883E-04   -1.6036896420E-05
      9748.5427424705       77.9445314000        4.7200875012    2.2044149017E-04    2.3779447449E-04   -1.7352984320E-05
      9750.3506131705       79.7524021000        4.7700872916    2.1930078814E-04    2.3722214983E-04   -1.7921361686E-05
      9752.1775337705       81.5793227000        4.8200875611    2.1887268840E-04    2.3661699517E-04   -1.7744306778E-05
      9754.0235042705       83.4252932000        4.8700872460    2.1910917819E-04    2.3598190046E-04   -1.6872722270E-05
      9755.8885246705       85.2903136000        4.9200874025    2.1992176268E-04    2.3532028721E-04   -1.5398524531E-05
      9757.7725950705       87.1743840000        4.9700873309    2.2121213509E-04    2.3465311822E-04   -1.3440983124E-05
      9759.6757153705       89.0775043000        5.0200875471    2.2284177775E-04    2.3397083384E-04   -1.1129056083E-05
      9761.5978855705       90.9996745000        5.0700872027    2.2470371203E-04    2.3329510649E-04   -8.5913944659E-06
      9763.5391057705       92.9408947000        5.1200874783    2.2669120721E-04    2.3262867820E-04   -5.9374709892E-06
      9765.4993757705       94.9011647000        5.1700872031    2.2871856207E-04    2.3197408213E-04   -3.2555200538E-06
      9767.4786957705       96.8804847000        5.2200873716    2.3072755653E-04    2.3133930410E-04   -6.1174757026E-07
      9769.4770656705       98.8788546000        5.2700871633    2.3267752990E-04    2.3073210694E-04    1.9454229581E-06
      9771.4944850705      100.8962740000        5.3200873890    2.3451948387E-04    2.3014868798E-04    4.3707958916E-06
      9773.5309550705      102.9327440000        5.3700870854    2.3622730283E-04    2.2960880665E-04    6.6184961757E-06
      9775.5864750705      104.9882640000        5.4200875237    2.3773094376E-04    2.2909678349E-04    8.6341602708E-06
      9777.6610440705      107.0628330000        5.4700872829    2.3899028951E-04    2.2863740115E-04    1.0352888361E-05
      9779.7546640705      109.1564530000        5.5200873067    2.3991756031E-04    2.2821237388E-04    1.1705186431E-05
      9781.8673330705      111.2691220000        5.5700872823    2.4045950773E-04    2.2783559104E-04    1.2623916696E-05
      9783.9990530705      113.4008420000        5.6200875141    2.4056033556E-04    2.2750740655E-04    1.3052929020E-05
      9786.1498220705      115.5516110000        5.6700870942    2.4017780958E-04    2.2722280538E-04    1.2955004192E-05
      9788.3196410705      117.7214300000        5.7200875283    2.3931647994E-04    2.2699380552E-04    1.2322674425E-05
      9790.5085100705      119.9102990000        5.7700870235    2.3798871414E-04    2.2680685015E-04    1.1181863993E-05
      9792.7164290705      122.1182180000        5.8200873593    2.3626346839E-04    2.2666863150E-04    9.5948368872E-06
      9794.9433980705      124.3451870000        5.8700870640    2.3422946887E-04    2.2657235500E-04    7.6571138632E-06
      9797.1894170705      126.5912060000        5.9200873040    2.3201228508E-04    2.2652432718E-04    5.4879578941E-06
      9799.4544860705      128.8562750000        5.9700872103    2.2974644815E-04    2.2651925038E-04    3.2271977663E-06
      9801.7386040705      131.1403930000        6.0200873568    2.2761866234E-04    2.2658586815E-04    1.0327941958E-06
