# # Once                                                         FEFF 10.0.0 
# # POT  SCF 100  9.0000   0, core-hole, FOLP (folp(0)= 1.150)
# # Abs   Z=30 Rmt= 1.383 Rnm= 1.527 K  shell
# #   RGRID 0.0100
# # Pot 1 Z= 6 Rmt= 0.898 Rnm= 1.123
# # Pot 2 Z= 6 Rmt= 0.924 Rnm= 1.165
# # Pot 3 Z= 1 Rmt= 0.551 Rnm= 0.959
# # Pot 4 Z=16 Rmt= 1.255 Rnm= 1.471
# # Gam_ch=1.897E+00 H-L exch Vi= 0.000E+00 Vr= 0.000E+00
# # Mu=-6.907E+00eV kf=1.980E+00 Vint=-1.283E+01eV Rs_int= 1.832
# # PATH  Rmax= 6.000,  Keep_limit= 0.00, Heap_limit 0.00  Pwcrit= 2.50%
#  S02=1.000  Temp=  10.00  Debye_temp= 315.00  Global_sig2= 0.00000
#  Energy zero shift, vr, vi    0.00000E+00   0.00000E+00
#  Curved wave amplitude ratio filter   4.000%
#     file         sig2 tot  cw amp ratio   deg  nlegs   reff  inp sig2
#           1       0.00298    100.00      1.00     2   2.3569
#           2       0.00303     99.67      1.00     2   2.3599
#           3       0.00301     99.55      1.00     2   2.3610
#           4       0.00310     99.14      1.00     2   2.3647
#           5       0.02723     12.34      1.00     2   3.0869
#           6       0.02736     12.03      1.00     2   3.1161
#           7       0.02337     11.19      1.00     2   3.2024
#           8       0.02887     10.81      1.00     2   3.2438
#           9       0.00596     38.54      1.00     2   3.3075
#          10       0.03319     10.24      1.00     2   3.3107
#          11       0.00624     38.40      1.00     2   3.3119
#          12       0.00595     38.20      1.00     2   3.3183
#          13       0.00560     38.16      1.00     2   3.3196
#          14       0.02347      8.38      1.00     2   3.5653
#          15       0.03416      7.83      1.00     2   3.6552
#          16       0.01345     14.64      2.00     3   3.7457
#          17       0.00417     43.48      2.00     3   3.7472
#          18       0.00423     43.41      2.00     3   3.7496
#          19       0.00407     43.58      2.00     3   3.7508
#          20       0.00421     43.21      2.00     3   3.7548
#          21       0.01323     13.95      2.00     3   3.7640
#          22       0.03452      7.10      1.00     2   3.7869
#          23       0.01137     11.95      2.00     3   3.8074
#          24       0.01400     11.02      2.00     3   3.8220
#          25       0.01069     25.81      1.00     2   3.8249
#          26       0.01623      7.63      2.00     3   3.9298
#          27       0.01629      7.64      2.00     3   3.9395
#          28       0.01489      7.49      2.00     3   3.9803
#          29       0.01230      8.50      2.00     3   3.9891
#          30       0.01657      7.36      2.00     3   4.0053
#          31       0.01015     21.87      1.00     2   4.0553
#          32       0.01831     15.32      2.00     3   4.1143
#          33       0.00972     20.70      1.00     2   4.1341
#          34       0.01463      6.74      2.00     3   4.1668
#          35       0.01567      5.42      1.00     2   4.1711
#          36       0.02400      8.06      1.00     4   4.1795
#          37       0.00450     14.74      1.00     4   4.1820
#          39       0.00451     14.83      1.00     4   4.1873
#          40       0.00446     14.93      1.00     4   4.1869
#          41       0.00455     14.68      1.00     4   4.1912
#          43       0.02383      7.81      1.00     4   4.2097
#          44       0.00433      9.14      2.00     3   4.2142
#          45       0.01429      5.26      1.00     2   4.2165
#          47       0.00423      9.41      2.00     3   4.2508
#          48       0.00438      9.34      2.00     3   4.2512
#          51       0.00415      9.63      2.00     3   4.2688
#          52       0.01239      5.07      1.00     2   4.2705
#          53       0.01205     18.46      2.00     3   4.2881
#          54       0.01813      7.17      1.00     4   4.2953
#          55       0.01148     19.23      2.00     3   4.3141
#          56       0.00633     17.94      2.00     3   4.3241
#          57       0.03356      4.87      1.00     2   4.3321
#          58       0.01094     20.86      2.00     3   4.3357
#          59       0.02534      6.87      1.00     4   4.3364
#          60       0.00431     11.92      2.00     3   4.3645
#          61       0.00438     11.83      2.00     3   4.3727
#          62       0.01116     23.53      1.00     4   4.4009
#          63       0.01846     10.47      2.00     3   4.4018
#          64       0.03355      7.05      1.00     4   4.4036
#          65       0.01123     17.46      1.00     4   4.4051
#          66       0.01110     19.44      1.00     4   4.4117
#          68       0.01033      4.69      2.00     4   4.4203
#          69       0.00608     16.67      2.00     3   4.4458
#          70       0.01251      8.24      2.00     3   4.4642
#          71       0.01687      4.23      2.00     4   4.4769
#          72       0.00613     17.62      2.00     3   4.4813
#          73       0.01227      8.61      2.00     3   4.4887
#          74       0.00595     15.30      2.00     3   4.4973
#          76       0.01835      8.95      2.00     3   4.5070
#          77       0.01183      9.39      2.00     3   4.5103
#          79       0.00950     21.13      2.00     4   4.5755
#          80       0.00955     15.70      2.00     4   4.5812
#          81       0.00956     17.50      2.00     4   4.5863
#          83       0.01328      4.77      2.00     3   4.6084
#          84       0.01164      5.47      2.00     4   4.6134
#          85       0.00589     15.13      2.00     3   4.6147
#          86       0.02940      4.04      1.00     2   4.6228
#          87       0.01698      6.27      2.00     4   4.6239
#          88       0.01976      8.48      2.00     3   4.6250
#          90       0.01660      6.51      2.00     4   4.6445
#          91       0.00568     15.42      2.00     3   4.6459
#          92       0.01788      5.07      1.00     4   4.6586
#          93       0.01205      5.61      2.00     3   4.6632
#          94       0.01195      5.87      2.00     3   4.6875
#          95       0.01709      6.74      2.00     4   4.7020
#          98       0.00565     14.12      1.00     2   4.7137
#          99       0.00595      8.78      1.00     4   4.7139
#         100       0.00461      6.28      2.00     4   4.7168
#         102       0.00605      8.72      1.00     4   4.7198
#         104       0.00602      8.70      1.00     4   4.7219
#         109       0.00470      6.22      2.00     4   4.7257
#         110       0.01002     13.12      2.00     4   4.7258
#         111       0.00621      8.62      1.00     4   4.7294
#         112       0.03546      5.28      1.00     4   4.7483
#         113       0.01406      4.76      1.00     4   4.7501
#         114       0.00983     13.66      2.00     4   4.7505
#         118       0.00531      7.71      2.00     4   4.7638
#         119       0.00553     42.83      2.00     3   4.7750
#         120       0.00948     14.61      2.00     4   4.7754
#         121       0.01165      6.08      2.00     4   4.7923
#         122       0.01573     13.84      2.00     3   4.8228
#         124       0.00651      7.03      1.00     4   4.8286
#         125       0.00621     42.08      1.00     4   4.8363
#         126       0.00632      4.77      1.00     4   4.8364
#         127       0.01271      4.92      2.00     4   4.8385
#         129       0.01183      6.38      2.00     4   4.8543
#         131       0.00536      6.63      2.00     4   4.8822
#         132       0.01827      8.08      2.00     3   4.8855
#         133       0.01214      5.72      2.00     4   4.8915
#         137       0.01234      6.11      2.00     4   4.9151
#         138       0.01519      4.21      1.00     4   4.9180
#         139       0.00524      8.34      2.00     4   4.9191
#         140       0.01388     13.92      1.00     4   4.9204
#         141       0.00492     23.97      2.00     3   4.9258
#         143       0.01694      7.82      2.00     3   4.9687
#         145       0.00456     40.05      2.00     4   4.9871
#         146       0.00503      7.79      2.00     4   4.9931
#         147       0.00507      7.43      2.00     4   4.9964
#         149       0.02182      5.30      2.00     4   5.0014
#         150       0.02371      4.51      2.00     3   5.0023
#         151       0.00503      6.80      2.00     4   5.0052
#         152       0.01490     11.42      2.00     3   5.0315
#         153       0.02299      5.09      2.00     3   5.0327
#         154       0.01464      6.28      2.00     4   5.0348
#         155       0.00883      6.01      2.00     3   5.0370
#         156       0.01612      4.23      2.00     3   5.0532
#         157       0.01475      5.49      2.00     4   5.0537
#         158       0.01585      4.55      2.00     3   5.0923
#         159       0.01413      4.62      2.00     3   5.0982
#         160       0.00918     12.56      2.00     4   5.0983
#         161       0.01469     10.74      2.00     3   5.1041
#         164       0.01428      5.57      2.00     4   5.1241
#         165       0.00682      6.16      1.00     4   5.1335
#         166       0.02203      6.65      2.00     3   5.1374
#         167       0.00533     12.61      1.00     4   5.1378
#         168       0.00694      6.15      1.00     4   5.1393
#         169       0.00695      6.13      1.00     4   5.1448
#         170       0.00640      6.19      1.00     4   5.1447
#         171       0.01542      4.55      1.00     4   5.1483
#         172       0.01271      4.08      2.00     4   5.1488
#         173       0.01306     10.66      1.00     4   5.1507
#         177       0.01188      4.75      2.00     4   5.1881
#         179       0.01177      9.51      2.00     4   5.1958
#         180       0.01445      5.16      2.00     3   5.1980
#         181       0.01698      5.23      2.00     3   5.2048
#         182       0.00475     29.55      2.00     4   5.2062
#         183       0.00842      4.25      2.00     3   5.2145
#         184       0.01559      4.48      1.00     4   5.2269
#         185       0.01473      5.44      2.00     3   5.2279
#         186       0.01265      9.81      1.00     4   5.2296
#         188       0.02152      9.19      2.00     3   5.2520
#         189       0.00709      4.87      2.00     3   5.2619
#         190       0.01229      7.42      2.00     4   5.2628
#         191       0.01259      5.46      2.00     4   5.2650
#         192       0.01011     11.08      2.00     4   5.2758
#         193       0.01332      6.14      2.00     4   5.2761
#         195       0.02200      4.00      2.00     4   5.2892
#         196       0.01233      6.24      2.00     4   5.2909
#         197       0.01143      4.88      2.00     4   5.3160
#         198       0.01283      6.38      2.00     4   5.3159
#         199       0.01147      9.85      2.00     4   5.3172
#         200       0.01285      8.30      2.00     4   5.3219
#         201       0.01587      6.08      2.00     3   5.3228
#         204       0.02395      7.93      1.00     4   5.3427
#         206       0.01147      5.34      2.00     4   5.3505
#         207       0.01146     10.15      2.00     4   5.3534
#         213       0.00652      6.64      2.00     3   5.3878
#         217       0.01595      9.62      2.00     4   5.4135
#         219       0.01598      5.72      2.00     4   5.4151
#         221       0.01256      8.07      2.00     4   5.4220
#         222       0.01146      8.02      2.00     4   5.4283
#         224       0.01219      6.29      2.00     4   5.4445
#         225       0.02806      4.45      2.00     4   5.4478
#         226       0.01262      8.15      2.00     4   5.4514
#         227       0.01131      6.31      2.00     4   5.4576
#         228       0.00625      7.62      2.00     3   5.4689
#         229       0.01501      7.43      2.00     3   5.4687
#         233       0.00651      8.02      2.00     3   5.4814
#         234       0.01469      5.95      1.00     4   5.4825
#         236       0.01116      4.68      2.00     3   5.4841
#         238       0.00625      8.05      2.00     3   5.4900
#         239       0.01154      5.89      2.00     4   5.4951
#         241       0.01070      4.38      2.00     4   5.5293
#         243       0.01118      7.93      2.00     4   5.5454
#         245       0.01221      4.90      2.00     4   5.5742
#         246       0.01168      7.90      2.00     4   5.5748
#         249       0.01131      5.74      2.00     4   5.5909
#         250       0.00549      6.69      2.00     4   5.6005
#         251       0.01200      4.28      2.00     4   5.6017
#         252       0.00549      9.89      2.00     4   5.6081
#         253       0.01115      5.84      2.00     4   5.6160
#         254       0.01095      6.89      2.00     3   5.6317
#         255       0.01309      4.16      2.00     4   5.6344
#         256       0.00540      9.40      2.00     4   5.6405
#         257       0.00535      9.70      2.00     4   5.6412
#         260       0.01071      5.43      2.00     4   5.6456
#         261       0.01064     11.25      2.00     4   5.6456
#         262       0.01063      4.03      2.00     4   5.6467
#         263       0.00813      8.77      1.00     4   5.6508
#         264       0.00715      4.72      2.00     4   5.6645
#         265       0.01326      4.28      2.00     4   5.6657
#         266       0.03381      4.25      2.00     4   5.6677
#         267       0.00945      4.75      2.00     4   5.6685
#         268       0.00965      4.74      2.00     4   5.6717
#         270       0.00721      6.60      2.00     4   5.6728
#         271       0.00889      4.75      2.00     4   5.6765
#         272       0.00691      6.66      2.00     4   5.6782
#         273       0.01039      4.03      2.00     4   5.6799
#         274       0.00664      6.07      2.00     4   5.6806
#         275       0.00955      4.70      2.00     4   5.6830
#         276       0.01135      9.04      2.00     4   5.6930
#         277       0.01132      5.77      2.00     4   5.6962
#         280       0.01176      5.08      2.00     4   5.7977
#         281       0.00987      5.28      1.00     4   5.8086
#         282       0.00981      8.57      2.00     4   5.8438
#         283       0.00959      5.25      2.00     4   5.8835
#         284       0.01399      5.38      2.00     4   5.8999
#         285       0.00971      4.82      2.00     4   5.9607
#   218/ 274 paths used
#  xsedge+50, used to normalize mu           1.0000E+00
#  -----------------------------------------------------------------------
#  omega    e    k    mu    mu0     chi     @#
    9923.615     -6.907   0.000 -3.06490E-05  1.46505E-04 -6.00814E-01
    9923.625     -6.897   0.050 -3.87235E-05  1.48402E-04 -6.33803E-01
    9923.653     -6.869   0.100 -4.66688E-05  1.50300E-04 -6.66269E-01
    9923.701     -6.821   0.150 -6.93232E-05  1.55955E-04 -7.59268E-01
    9923.768     -6.754   0.200 -9.06598E-05  1.61610E-04 -8.47170E-01
    9923.853     -6.669   0.250 -1.22679E-04  1.70586E-04 -9.79625E-01
    9923.958     -6.564   0.300 -1.50461E-04  1.79562E-04 -1.09660E+00
    9924.082     -6.440   0.350 -1.81992E-04  1.90437E-04 -1.23016E+00
    9924.225     -6.297   0.400 -2.04507E-04  2.01313E-04 -1.33252E+00
    9924.387     -6.135   0.450 -2.21847E-04  2.11989E-04 -1.41670E+00
    9924.568     -5.954   0.500 -2.25025E-04  2.22664E-04 -1.45396E+00
    9924.768     -5.754   0.550 -2.14715E-04  2.31606E-04 -1.44382E+00
    9924.987     -5.535   0.600 -1.87938E-04  2.40548E-04 -1.38070E+00
    9925.225     -5.297   0.650 -1.44639E-04  2.47271E-04 -1.26085E+00
    9925.482     -5.040   0.700 -8.82878E-05  2.53993E-04 -1.09945E+00
    9925.758     -4.764   0.750 -2.03158E-05  2.58604E-04 -8.97138E-01
    9926.054     -4.468   0.800  5.18712E-05  2.63216E-04 -6.80702E-01
    9926.368     -4.154   0.850  1.25285E-04  2.65986E-04 -4.55173E-01
    9926.701     -3.821   0.900  1.92569E-04  2.68757E-04 -2.47562E-01
    9927.054     -3.468   0.950  2.51112E-04  2.69969E-04 -6.17274E-02
    9927.425     -3.097   1.000  2.96820E-04  2.71182E-04  8.45433E-02
    9927.816     -2.706   1.050  3.29160E-04  2.71110E-04  1.93328E-01
    9928.225     -2.297   1.100  3.47994E-04  2.71039E-04  2.58864E-01
    9928.654     -1.868   1.150  3.55076E-04  2.69960E-04  2.89767E-01
    9929.102     -1.421   1.200  3.53010E-04  2.68880E-04  2.89904E-01
    9929.568     -0.954   1.250  3.44639E-04  2.67051E-04  2.70993E-01
    9930.054     -0.468   1.300  3.33173E-04  2.65222E-04  2.40600E-01
    9930.559      0.037   1.350  3.21099E-04  2.62882E-04  2.09141E-01
    9931.083      0.561   1.400  3.10508E-04  2.60543E-04  1.82156E-01
    9931.626      1.104   1.450  3.02669E-04  2.57896E-04  1.65691E-01
    9932.188      1.666   1.500  2.97662E-04  2.55249E-04  1.59358E-01
    9932.769      2.247   1.550  2.95298E-04  2.52458E-04  1.63402E-01
    9933.369      2.847   1.600  2.94084E-04  2.49667E-04  1.72020E-01
    9933.988      3.466   1.650  2.92727E-04  2.46864E-04  1.80258E-01
    9934.626      4.104   1.700  2.89764E-04  2.44061E-04  1.82330E-01
    9935.283      4.761   1.750  2.84172E-04  2.41339E-04  1.73318E-01
    9935.960      5.437   1.800  2.75562E-04  2.38616E-04  1.51652E-01
    9936.655      6.133   1.850  2.65829E-04  2.36038E-04  1.23923E-01
    9937.369      6.847   1.900  2.53483E-04  2.33460E-04  8.44264E-02
    9938.103      7.581   1.950  2.45717E-04  2.31030E-04  6.26915E-02
    9938.855      8.333   2.000  2.35281E-04  2.28601E-04  2.88712E-02
    9939.627      9.105   2.050  2.31227E-04  2.26517E-04  2.05938E-02
    9940.417      9.895   2.100  2.29746E-04  2.24433E-04  2.35025E-02
    9941.227     10.705   2.150  2.30486E-04  2.22349E-04  3.64201E-02
    9942.055     11.533   2.200  2.32360E-04  2.20265E-04  5.47811E-02
    9942.903     12.381   2.250  2.35103E-04  2.20129E-04  6.82132E-02
    9943.770     13.248   2.300  2.37083E-04  2.19993E-04  7.83053E-02
    9944.656     14.134   2.350  2.37699E-04  2.19857E-04  8.22314E-02
    9945.561     15.039   2.400  2.36790E-04  2.19721E-04  7.91329E-02
    9946.485     15.963   2.450  2.34855E-04  2.19815E-04  6.99020E-02
    9947.428     16.906   2.500  2.32561E-04  2.19910E-04  5.89511E-02
    9948.390     17.868   2.550  2.30081E-04  2.20004E-04  4.70793E-02
    9949.371     18.849   2.600  2.27526E-04  2.20098E-04  3.47900E-02
    9950.371     19.849   2.650  2.23918E-04  2.19664E-04  1.99640E-02
    9951.390     20.868   2.700  2.20196E-04  2.19231E-04  4.54082E-03
    9952.428     21.906   2.750  2.16325E-04  2.18797E-04 -1.16504E-02
    9953.485     22.963   2.800  2.12278E-04  2.18363E-04 -2.87400E-02
    9954.562     24.040   2.850  2.08496E-04  2.18177E-04 -4.56955E-02
    9955.657     25.135   2.900  2.04728E-04  2.17991E-04 -6.25551E-02
    9956.772     26.250   2.950  2.01075E-04  2.17805E-04 -7.88536E-02
    9957.905     27.383   3.000  1.97697E-04  2.17618E-04 -9.38367E-02
    9959.058     28.535   3.050  1.95257E-04  2.17662E-04 -1.05299E-01
    9960.229     29.707   3.100  1.93503E-04  2.17707E-04 -1.13500E-01
    9961.420     30.898   3.150  1.92637E-04  2.17751E-04 -1.17506E-01
    9962.629     32.107   3.200  1.92811E-04  2.17795E-04 -1.16639E-01
    9963.858     33.336   3.250  1.94289E-04  2.18026E-04 -1.10473E-01
    9965.106     34.584   3.300  1.96753E-04  2.18257E-04 -9.97724E-02
    9966.373     35.851   3.350  2.00128E-04  2.18488E-04 -8.49245E-02
    9967.659     37.137   3.400  2.04223E-04  2.18720E-04 -6.68469E-02
    9968.963     38.441   3.450  2.08840E-04  2.19083E-04 -4.70662E-02
    9970.287     39.765   3.500  2.13625E-04  2.19447E-04 -2.66567E-02
    9971.630     41.108   3.550  2.18337E-04  2.19810E-04 -6.72261E-03
    9972.993     42.471   3.600  2.22773E-04  2.20173E-04  1.18199E-02
    9974.374     43.852   3.650  2.26806E-04  2.20607E-04  2.80925E-02
    9975.774     45.252   3.700  2.30338E-04  2.21040E-04  4.19909E-02
    9977.193     46.671   3.750  2.33338E-04  2.21474E-04  5.33994E-02
    9978.631     48.109   3.800  2.35816E-04  2.21907E-04  6.23893E-02
    9980.089     49.567   3.850  2.37807E-04  2.22343E-04  6.91558E-02
    9981.565     51.043   3.900  2.39365E-04  2.22778E-04  7.39546E-02
    9983.060     52.538   3.950  2.40522E-04  2.23214E-04  7.69440E-02
    9984.575     54.053   4.000  2.41295E-04  2.23649E-04  7.82105E-02
    9986.108     55.586   4.050  2.41637E-04  2.24023E-04  7.78897E-02
    9987.661     57.139   4.100  2.41577E-04  2.24396E-04  7.57983E-02
    9989.233     58.711   4.150  2.41084E-04  2.24769E-04  7.18133E-02
    9990.823     60.301   4.200  2.40129E-04  2.25143E-04  6.58136E-02
    9992.433     61.911   4.250  2.38605E-04  2.25404E-04  5.78962E-02
    9994.062     63.540   4.300  2.36614E-04  2.25664E-04  4.79521E-02
    9995.710     65.188   4.350  2.34195E-04  2.25925E-04  3.61653E-02
    9997.376     66.854   4.400  2.31425E-04  2.26186E-04  2.28785E-02
    9999.062     68.540   4.450  2.28283E-04  2.26305E-04  8.63089E-03
   10000.767     70.245   4.500  2.25039E-04  2.26425E-04 -6.04725E-03
   10002.491     71.969   4.550  2.21851E-04  2.26545E-04 -2.04615E-02
   10004.234     73.712   4.600  2.18885E-04  2.26665E-04 -3.38971E-02
   10005.997     75.474   4.650  2.16135E-04  2.26640E-04 -4.57807E-02
   10007.778     77.256   4.700  2.13888E-04  2.26616E-04 -5.54782E-02
   10009.578     79.056   4.750  2.12238E-04  2.26591E-04 -6.25755E-02
   10011.397     80.875   4.800  2.11237E-04  2.26566E-04 -6.68456E-02
   10013.236     82.713   4.850  2.10762E-04  2.26419E-04 -6.83292E-02
   10015.093     84.571   4.900  2.10915E-04  2.26271E-04 -6.70697E-02
   10016.969     86.447   4.950  2.11629E-04  2.26123E-04 -6.33569E-02
   10018.865     88.343   5.000  2.12813E-04  2.25976E-04 -5.75819E-02
   10020.779     90.257   5.050  2.14285E-04  2.25744E-04 -5.01875E-02
   10022.713     92.191   5.100  2.16028E-04  2.25513E-04 -4.15845E-02
   10024.665     94.143   5.150  2.17949E-04  2.25281E-04 -3.21869E-02
   10026.637     96.115   5.200  2.19962E-04  2.25050E-04 -2.23573E-02
   10028.628     98.106   5.250  2.21980E-04  2.24778E-04 -1.23117E-02
   10030.638    100.116   5.300  2.23968E-04  2.24506E-04 -2.36868E-03
   10032.666    102.144   5.350  2.25874E-04  2.24234E-04  7.23688E-03
   10034.714    104.192   5.400  2.27649E-04  2.23962E-04  1.62819E-02
   10036.781    106.259   5.450  2.29275E-04  2.23696E-04  2.46667E-02
   10038.867    108.345   5.500  2.30666E-04  2.23430E-04  3.20267E-02
   10040.972    110.450   5.550  2.31767E-04  2.23165E-04  3.81164E-02
   10043.096    112.574   5.600  2.32527E-04  2.22899E-04  4.27097E-02
   10045.239    114.717   5.650  2.32967E-04  2.22675E-04  4.56921E-02
   10047.402    116.879   5.700  2.32991E-04  2.22451E-04  4.68316E-02
   10049.583    119.061   5.750  2.32591E-04  2.22227E-04  4.60913E-02
   10051.783    121.261   5.800  2.31784E-04  2.22003E-04  4.35353E-02
   10054.002    123.480   5.850  2.30685E-04  2.21848E-04  3.93498E-02
   10056.241    125.719   5.900  2.29266E-04  2.21693E-04  3.37382E-02
   10058.498    127.976   5.950  2.27602E-04  2.21539E-04  2.70278E-02
   10060.775    130.253   6.000  2.25776E-04  2.21384E-04  1.95882E-02
   10063.070    132.548   6.050  2.23981E-04  2.21335E-04  1.18019E-02
   10065.385    134.863   6.100  2.22179E-04  2.21286E-04  3.98282E-03
   10067.718    137.196   6.150  2.20445E-04  2.21236E-04 -3.53140E-03
   10070.071    139.549   6.200  2.18845E-04  2.21187E-04 -1.04488E-02
   10072.443    141.921   6.250  2.17432E-04  2.21138E-04 -1.65310E-02
   10074.833    144.311   6.300  2.16247E-04  2.21089E-04 -2.15958E-02
   10077.243    146.721   6.350  2.15319E-04  2.21040E-04 -2.55170E-02
   10079.672    149.150   6.400  2.14664E-04  2.20991E-04 -2.82210E-02
   10082.120    151.598   6.450  2.14286E-04  2.20942E-04 -2.96856E-02
   10084.587    154.065   6.500  2.14181E-04  2.20893E-04 -2.99360E-02
   10087.073    156.551   6.550  2.14329E-04  2.20896E-04 -2.92921E-02
   10089.578    159.056   6.600  2.14719E-04  2.20900E-04 -2.75710E-02
   10092.102    161.580   6.650  2.15323E-04  2.20904E-04 -2.48950E-02
   10094.645    164.123   6.700  2.16105E-04  2.20908E-04 -2.14232E-02
   10097.208    166.686   6.750  2.17023E-04  2.20912E-04 -1.73432E-02
   10099.789    169.267   6.800  2.18032E-04  2.20915E-04 -1.28594E-02
   10102.389    171.867   6.850  2.19085E-04  2.20919E-04 -8.18018E-03
   10105.009    174.486   6.900  2.20137E-04  2.20923E-04 -3.50433E-03
   10107.647    177.125   6.950  2.21149E-04  2.20927E-04  9.89972E-04
   10110.304    179.782   7.000  2.22086E-04  2.20931E-04  5.15310E-03
   10112.981    182.459   7.050  2.22839E-04  2.20828E-04  8.97615E-03
   10115.676    185.154   7.100  2.23473E-04  2.20726E-04  1.22706E-02
   10118.391    187.869   7.150  2.23972E-04  2.20623E-04  1.49689E-02
   10121.125    190.603   7.200  2.24328E-04  2.20521E-04  1.70323E-02
   10123.877    193.355   7.250  2.24538E-04  2.20418E-04  1.84449E-02
   10126.649    196.127   7.300  2.24602E-04  2.20315E-04  1.92062E-02
   10129.440    198.918   7.350  2.24524E-04  2.20213E-04  1.93267E-02
   10132.250    201.728   7.400  2.24306E-04  2.20110E-04  1.88246E-02
   10135.079    204.557   7.450  2.23956E-04  2.20008E-04  1.77259E-02
   10137.927    207.405   7.500  2.23481E-04  2.19905E-04  1.60669E-02
   10140.794    210.272   7.550  2.22747E-04  2.19659E-04  1.38979E-02
   10143.680    213.158   7.600  2.21920E-04  2.19413E-04  1.12995E-02
   10146.585    216.063   7.650  2.21018E-04  2.19167E-04  8.35538E-03
   10149.509    218.987   7.700  2.20063E-04  2.18921E-04  5.16253E-03
   10152.452    221.930   7.750  2.19079E-04  2.18675E-04  1.83072E-03
   10155.415    224.893   7.800  2.18094E-04  2.18429E-04 -1.51949E-03
   10158.396    227.874   7.850  2.17134E-04  2.18183E-04 -4.76096E-03
   10161.396    230.874   7.900  2.16229E-04  2.17937E-04 -7.76587E-03
   10164.416    233.894   7.950  2.15404E-04  2.17691E-04 -1.04127E-02
   10167.454    236.932   8.000  2.14684E-04  2.17445E-04 -1.25934E-02
   10170.512    239.990   8.050  2.14043E-04  2.17163E-04 -1.42568E-02
   10173.588    243.066   8.100  2.13533E-04  2.16882E-04 -1.53252E-02
   10176.684    246.162   8.150  2.13162E-04  2.16601E-04 -1.57582E-02
   10179.798    249.276   8.200  2.12934E-04  2.16320E-04 -1.55402E-02
   10182.932    252.410   8.250  2.12844E-04  2.16038E-04 -1.46818E-02
   10186.085    255.563   8.300  2.12885E-04  2.15757E-04 -1.32216E-02
   10189.257    258.735   8.350  2.13041E-04  2.15476E-04 -1.12265E-02
   10192.448    261.926   8.400  2.13291E-04  2.15195E-04 -8.79121E-03
   10195.658    265.136   8.450  2.13609E-04  2.14914E-04 -6.03472E-03
   10198.887    268.364   8.500  2.13964E-04  2.14632E-04 -3.09556E-03
   10202.135    271.612   8.550  2.14402E-04  2.14427E-04 -1.12735E-04
   10205.402    274.880   8.600  2.14821E-04  2.14221E-04  2.78576E-03
   10208.688    278.166   8.650  2.15188E-04  2.14015E-04  5.45391E-03
   10211.993    281.471   8.700  2.15477E-04  2.13809E-04  7.76006E-03
   10215.317    284.795   8.750  2.15664E-04  2.13604E-04  9.59672E-03
   10218.660    288.138   8.800  2.15733E-04  2.13398E-04  1.08883E-02
   10222.023    291.501   8.850  2.15676E-04  2.13192E-04  1.15964E-02
   10225.404    294.882   8.900  2.15494E-04  2.12986E-04  1.17207E-02
   10228.804    298.282   8.950  2.15195E-04  2.12781E-04  1.12970E-02
   10232.224    301.702   9.000  2.14793E-04  2.12575E-04  1.03913E-02
   10235.662    305.140   9.050  2.14393E-04  2.12440E-04  9.15527E-03
   10239.120    308.598   9.100  2.13925E-04  2.12305E-04  7.60052E-03
   10242.597    312.075   9.150  2.13410E-04  2.12170E-04  5.82576E-03
   10246.092    315.570   9.200  2.12870E-04  2.12034E-04  3.92853E-03
   10249.607    319.085   9.250  2.12324E-04  2.11899E-04  1.99957E-03
   10253.141    322.619   9.300  2.11789E-04  2.11764E-04  1.19228E-04
   10256.694    326.171   9.350  2.11280E-04  2.11629E-04 -1.64416E-03
   10260.265    329.743   9.400  2.10808E-04  2.11494E-04 -3.23427E-03
   10263.856    333.334   9.450  2.10382E-04  2.11358E-04 -4.60592E-03
   10267.466    336.944   9.500  2.10011E-04  2.11223E-04 -5.72394E-03
   10271.095    340.573   9.550  2.09670E-04  2.11069E-04 -6.61034E-03
   10274.743    344.221   9.600  2.09391E-04  2.10914E-04 -7.20622E-03
   10278.410    347.888   9.650  2.09176E-04  2.10759E-04 -7.49921E-03
   10282.097    351.575   9.700  2.09025E-04  2.10604E-04 -7.48714E-03
   10285.802    355.280   9.750  2.08937E-04  2.10450E-04 -7.17911E-03
   10289.526    359.004   9.800  2.08906E-04  2.10295E-04 -6.59602E-03
   10293.269    362.747   9.850  2.08926E-04  2.10140E-04 -5.77033E-03
   10297.032    366.510   9.900  2.08988E-04  2.09986E-04 -4.74477E-03
   10300.813    370.291   9.950  2.09081E-04  2.09831E-04 -3.57015E-03
   10304.614    374.092  10.000  2.09193E-04  2.09676E-04 -2.30229E-03
   10308.433    377.911  10.050  2.09223E-04  2.09432E-04 -9.97227E-04
   10312.272    381.750  10.100  2.09250E-04  2.09187E-04  2.99874E-04
   10316.129    385.607  10.150  2.09264E-04  2.08943E-04  1.53631E-03
   10320.006    389.484  10.200  2.09254E-04  2.08698E-04  2.66462E-03
   10323.902    393.380  10.250  2.09214E-04  2.08454E-04  3.64425E-03
   10327.816    397.294  10.300  2.09134E-04  2.08209E-04  4.44260E-03
   10331.750    401.228  10.350  2.09012E-04  2.07965E-04  5.03551E-03
   10335.703    405.181  10.400  2.08844E-04  2.07720E-04  5.40740E-03
   10339.675    409.153  10.450  2.08628E-04  2.07476E-04  5.55122E-03
   10343.666    413.144  10.500  2.08364E-04  2.07231E-04  5.46834E-03
   10347.676    417.154  10.550  2.08056E-04  2.06987E-04  5.16839E-03
   10351.705    421.183  10.600  2.07707E-04  2.06742E-04  4.66908E-03
   10355.753    425.231  10.650  2.07323E-04  2.06498E-04  3.99582E-03
   10359.820    429.298  10.700  2.06909E-04  2.06253E-04  3.18097E-03
   10363.906    433.384  10.750  2.06475E-04  2.06009E-04  2.26274E-03
   10368.012    437.490  10.800  2.06028E-04  2.05764E-04  1.28356E-03
   10372.136    441.614  10.850  2.05579E-04  2.05520E-04  2.87968E-04
   10376.279    445.757  10.900  2.05136E-04  2.05275E-04 -6.79659E-04
   10380.442    449.920  10.950  2.04708E-04  2.05031E-04 -1.57752E-03
   10384.623    454.101  11.000  2.04301E-04  2.04786E-04 -2.36860E-03
   10388.824    458.302  11.050  2.03962E-04  2.04586E-04 -3.05097E-03
   10393.043    462.521  11.100  2.03654E-04  2.04386E-04 -3.58224E-03
   10397.282    466.760  11.150  2.03380E-04  2.04185E-04 -3.94456E-03
   10401.540    471.018  11.200  2.03143E-04  2.03985E-04 -4.12828E-03
   10405.816    475.294  11.250  2.02942E-04  2.03785E-04 -4.13188E-03
   10410.112    479.590  11.300  2.02778E-04  2.03584E-04 -3.96149E-03
   10414.427    483.905  11.350  2.02645E-04  2.03384E-04 -3.63017E-03
   10418.761    488.239  11.400  2.02542E-04  2.03184E-04 -3.15705E-03
   10423.114    492.592  11.450  2.02462E-04  2.02983E-04 -2.56630E-03
   10427.486    496.964  11.500  2.02400E-04  2.02783E-04 -1.88622E-03
   10431.877    501.355  11.550  2.02350E-04  2.02583E-04 -1.14811E-03
   10436.287    505.765  11.600  2.02304E-04  2.02382E-04 -3.85171E-04
   10440.716    510.194  11.650  2.02257E-04  2.02182E-04  3.68728E-04
   10445.164    514.642  11.700  2.02200E-04  2.01982E-04  1.08048E-03
   10449.631    519.109  11.750  2.02129E-04  2.01781E-04  1.71920E-03
   10454.117    523.595  11.800  2.02037E-04  2.01581E-04  2.25783E-03
   10458.623    528.101  11.850  2.01920E-04  2.01381E-04  2.67452E-03
   10463.147    532.625  11.900  2.01776E-04  2.01180E-04  2.95391E-03
   10467.690    537.168  11.950  2.01602E-04  2.00980E-04  3.08801E-03
   10472.253    541.731  12.000  2.01399E-04  2.00780E-04  3.07652E-03
   10476.834    546.312  12.050  2.01150E-04  2.00555E-04  2.96132E-03
   10481.435    550.913  12.100  2.00874E-04  2.00330E-04  2.71039E-03
   10486.055    555.532  12.150  2.00574E-04  2.00105E-04  2.33949E-03
   10490.693    560.171  12.200  2.00254E-04  1.99879E-04  1.87047E-03
   10495.351    564.829  12.250  1.99921E-04  1.99654E-04  1.32986E-03
   10500.028    569.506  12.300  1.99579E-04  1.99429E-04  7.47007E-04
   10504.723    574.201  12.350  1.99235E-04  1.99204E-04  1.52213E-04
   10509.438    578.916  12.400  1.98894E-04  1.98979E-04 -4.25131E-04
   10514.172    583.650  12.450  1.98563E-04  1.98754E-04 -9.58132E-04
   10518.925    588.403  12.500  1.98246E-04  1.98529E-04 -1.42364E-03
   10523.697    593.175  12.550  1.97946E-04  1.98304E-04 -1.80314E-03
   10528.488    597.966  12.600  1.97665E-04  1.98079E-04 -2.08325E-03
   10533.298    602.776  12.650  1.97407E-04  1.97854E-04 -2.25599E-03
   10538.128    607.605  12.700  1.97170E-04  1.97629E-04 -2.31882E-03
   10542.976    612.454  12.750  1.96954E-04  1.97404E-04 -2.27446E-03
   10547.843    617.321  12.800  1.96758E-04  1.97179E-04 -2.13059E-03
   10552.729    622.207  12.850  1.96579E-04  1.96954E-04 -1.89924E-03
   10557.635    627.113  12.900  1.96414E-04  1.96729E-04 -1.59605E-03
   10562.559    632.037  12.950  1.96260E-04  1.96504E-04 -1.23921E-03
   10567.502    636.980  13.000  1.96112E-04  1.96279E-04 -8.48271E-04
   10572.465    641.943  13.050  1.95921E-04  1.96009E-04 -4.47409E-04
   10577.447    646.924  13.100  1.95731E-04  1.95739E-04 -4.53160E-05
   10582.447    651.925  13.150  1.95537E-04  1.95470E-04  3.41107E-04
   10587.467    656.945  13.200  1.95337E-04  1.95200E-04  6.96656E-04
   10592.506    661.983  13.250  1.95128E-04  1.94931E-04  1.00825E-03
   10597.563    667.041  13.300  1.94908E-04  1.94661E-04  1.26524E-03
   10602.640    672.118  13.350  1.94676E-04  1.94391E-04  1.45956E-03
   10607.736    677.214  13.400  1.94430E-04  1.94122E-04  1.58590E-03
   10612.851    682.329  13.450  1.94171E-04  1.93852E-04  1.64170E-03
   10617.985    687.463  13.500  1.93898E-04  1.93583E-04  1.62719E-03
   10623.138    692.616  13.550  1.93613E-04  1.93313E-04  1.54536E-03
   10628.310    697.788  13.600  1.93315E-04  1.93043E-04  1.40182E-03
   10633.501    702.979  13.650  1.93007E-04  1.92774E-04  1.20460E-03
   10638.711    708.189  13.700  1.92690E-04  1.92504E-04  9.63835E-04
   10643.940    713.418  13.750  1.92368E-04  1.92235E-04  6.91339E-04
   10649.189    718.666  13.800  1.92042E-04  1.91965E-04  4.00027E-04
   10654.456    723.934  13.850  1.91715E-04  1.91695E-04  1.03313E-04
   10659.742    729.220  13.900  1.91390E-04  1.91426E-04 -1.85562E-04
   10665.048    734.526  13.950  1.91069E-04  1.91156E-04 -4.54167E-04
   10670.372    739.850  14.000  1.90754E-04  1.90887E-04 -6.91472E-04
   10675.716    745.194  14.050  1.90484E-04  1.90656E-04 -9.00189E-04
   10681.078    750.556  14.100  1.90222E-04  1.90425E-04 -1.06364E-03
   10686.460    755.938  14.150  1.89970E-04  1.90194E-04 -1.17573E-03
   10691.860    761.338  14.200  1.89728E-04  1.89963E-04 -1.23295E-03
   10697.280    766.758  14.250  1.89498E-04  1.89732E-04 -1.23440E-03
   10702.719    772.197  14.300  1.89277E-04  1.89502E-04 -1.18173E-03
   10708.177    777.655  14.350  1.89066E-04  1.89271E-04 -1.07887E-03
   10713.653    783.131  14.400  1.88863E-04  1.89040E-04 -9.31793E-04
   10719.149    788.627  14.450  1.88667E-04  1.88809E-04 -7.48134E-04
   10724.664    794.142  14.500  1.88477E-04  1.88578E-04 -5.36840E-04
   10730.198    799.676  14.550  1.88289E-04  1.88347E-04 -3.07772E-04
   10735.751    805.229  14.600  1.88103E-04  1.88117E-04 -7.13065E-05
   10741.323    810.801  14.650  1.87916E-04  1.87886E-04  1.62063E-04
   10746.915    816.393  14.700  1.87727E-04  1.87655E-04  3.82140E-04
   10752.525    822.003  14.750  1.87533E-04  1.87424E-04  5.79434E-04
   10758.154    827.632  14.800  1.87333E-04  1.87193E-04  7.45558E-04
   10763.802    833.280  14.850  1.87126E-04  1.86962E-04  8.73603E-04
   10769.470    838.948  14.900  1.86911E-04  1.86732E-04  9.58458E-04
   10775.156    844.634  14.950  1.86687E-04  1.86501E-04  9.97071E-04
   10780.862    850.340  15.000  1.86455E-04  1.86270E-04  9.88611E-04
   10786.586    856.064  15.050  1.86163E-04  1.85988E-04  9.40730E-04
   10792.330    861.808  15.100  1.85864E-04  1.85706E-04  8.50785E-04
   10798.092    867.570  15.150  1.85558E-04  1.85424E-04  7.23770E-04
   10803.874    873.352  15.200  1.85247E-04  1.85142E-04  5.66586E-04
   10809.675    879.153  15.250  1.84931E-04  1.84860E-04  3.87640E-04
   10815.494    884.972  15.300  1.84614E-04  1.84578E-04  1.96332E-04
   10821.333    890.811  15.350  1.84296E-04  1.84295E-04  2.48016E-06
   10827.191    896.669  15.400  1.83979E-04  1.84013E-04 -1.84292E-04
   10833.068    902.546  15.450  1.83666E-04  1.83731E-04 -3.55124E-04
   10838.964    908.442  15.500  1.83357E-04  1.83449E-04 -5.02421E-04
   10844.879    914.357  15.550  1.83053E-04  1.83167E-04 -6.20234E-04
   10850.813    920.291  15.600  1.82756E-04  1.82885E-04 -7.04500E-04
   10856.766    926.244  15.650  1.82465E-04  1.82603E-04 -7.53133E-04
   10862.738    932.216  15.700  1.82181E-04  1.82321E-04 -7.65971E-04
   10868.729    938.207  15.750  1.81903E-04  1.82039E-04 -7.44600E-04
   10874.740    944.218  15.800  1.81631E-04  1.81757E-04 -6.92094E-04
   10880.769    950.247  15.850  1.81363E-04  1.81475E-04 -6.12694E-04
   10886.817    956.295  15.900  1.81100E-04  1.81193E-04 -5.11480E-04
   10892.885    962.363  15.950  1.80839E-04  1.80911E-04 -3.94050E-04
   10898.971    968.449  16.000  1.80580E-04  1.80629E-04 -2.66235E-04
   10905.077    974.555  16.050  1.80341E-04  1.80365E-04 -1.36775E-04
   10911.201    980.679  16.100  1.80101E-04  1.80102E-04 -7.08921E-06
   10917.345    986.823  16.150  1.79860E-04  1.79839E-04  1.17882E-04
   10923.507    992.985  16.200  1.79617E-04  1.79575E-04  2.33529E-04
   10929.689    999.167  16.250  1.79372E-04  1.79312E-04  3.35679E-04
   10935.890   1005.368  16.300  1.79124E-04  1.79049E-04  4.20711E-04
   10942.110   1011.588  16.350  1.78873E-04  1.78786E-04  4.85681E-04
   10948.348   1017.826  16.400  1.78617E-04  1.78522E-04  5.28455E-04
   10954.606   1024.084  16.450  1.78357E-04  1.78259E-04  5.47831E-04
   10960.883   1030.361  16.500  1.78093E-04  1.77996E-04  5.43632E-04
   10967.179   1036.657  16.550  1.77824E-04  1.77732E-04  5.16760E-04
   10973.494   1042.972  16.600  1.77553E-04  1.77469E-04  4.69170E-04
   10979.828   1049.306  16.650  1.77278E-04  1.77206E-04  4.03784E-04
   10986.182   1055.660  16.700  1.77000E-04  1.76943E-04  3.24321E-04
   10992.554   1062.032  16.750  1.76721E-04  1.76679E-04  2.35062E-04
   10998.945   1068.423  16.800  1.76441E-04  1.76416E-04  1.40575E-04
   11005.355   1074.833  16.850  1.76161E-04  1.76153E-04  4.54208E-05
   11011.785   1081.263  16.900  1.75881E-04  1.75889E-04 -4.61242E-05
   11018.233   1087.711  16.950  1.75603E-04  1.75626E-04 -1.30305E-04
   11024.701   1094.179  17.000  1.75327E-04  1.75363E-04 -2.04053E-04
   11031.187   1100.665  17.050  1.75041E-04  1.75088E-04 -2.67947E-04
   11037.693   1107.171  17.100  1.74758E-04  1.74814E-04 -3.18004E-04
   11044.217   1113.695  17.150  1.74478E-04  1.74539E-04 -3.53146E-04
   11050.761   1120.239  17.200  1.74200E-04  1.74265E-04 -3.72895E-04
   11057.324   1126.802  17.250  1.73925E-04  1.73990E-04 -3.77283E-04
   11063.905   1133.383  17.300  1.73652E-04  1.73716E-04 -3.66782E-04
   11070.506   1139.984  17.350  1.73382E-04  1.73441E-04 -3.42260E-04
   11077.126   1146.604  17.400  1.73114E-04  1.73167E-04 -3.04955E-04
   11083.765   1153.243  17.450  1.72848E-04  1.72892E-04 -2.56487E-04
   11090.423   1159.901  17.500  1.72584E-04  1.72618E-04 -1.98861E-04
   11097.100   1166.578  17.550  1.72320E-04  1.72344E-04 -1.34466E-04
   11103.796   1173.274  17.600  1.72058E-04  1.72069E-04 -6.60444E-05
   11110.511   1179.989  17.650  1.71795E-04  1.71795E-04  3.39003E-06
   11117.245   1186.723  17.700  1.71532E-04  1.71520E-04  7.06721E-05
   11123.998   1193.476  17.750  1.71268E-04  1.71246E-04  1.32656E-04
   11130.771   1200.248  17.800  1.71003E-04  1.70971E-04  1.86413E-04
   11137.562   1207.040  17.850  1.70736E-04  1.70697E-04  2.29436E-04
   11144.372   1213.850  17.900  1.70467E-04  1.70422E-04  2.59827E-04
   11151.202   1220.680  17.950  1.70195E-04  1.70148E-04  2.76442E-04
   11158.050   1227.528  18.000  1.69921E-04  1.69873E-04  2.78978E-04
   11164.918   1234.395  18.050  1.69629E-04  1.69583E-04  2.71521E-04
   11171.804   1241.282  18.100  1.69335E-04  1.69292E-04  2.51559E-04
   11178.710   1248.188  18.150  1.69039E-04  1.69002E-04  2.20640E-04
   11185.634   1255.112  18.200  1.68742E-04  1.68711E-04  1.80871E-04
   11192.578   1262.056  18.250  1.68443E-04  1.68421E-04  1.34733E-04
   11199.541   1269.019  18.300  1.68144E-04  1.68130E-04  8.48894E-05
   11206.523   1276.000  18.350  1.67845E-04  1.67839E-04  3.39911E-05
   11213.523   1283.001  18.400  1.67546E-04  1.67549E-04 -1.54823E-05
   11220.543   1290.021  18.450  1.67248E-04  1.67258E-04 -6.13472E-05
   11227.582   1297.060  18.500  1.66951E-04  1.66968E-04 -1.01797E-04
   11234.640   1304.118  18.550  1.66655E-04  1.66677E-04 -1.35441E-04
   11241.717   1311.195  18.600  1.66360E-04  1.66387E-04 -1.61310E-04
   11248.813   1318.291  18.650  1.66066E-04  1.66096E-04 -1.78840E-04
   11255.929   1325.406  18.700  1.65774E-04  1.65806E-04 -1.87840E-04
   11263.063   1332.541  18.750  1.65484E-04  1.65515E-04 -1.88454E-04
   11270.216   1339.694  18.800  1.65195E-04  1.65225E-04 -1.81134E-04
   11277.388   1346.866  18.850  1.64906E-04  1.64934E-04 -1.66603E-04
   11284.580   1354.058  18.900  1.64619E-04  1.64643E-04 -1.45831E-04
   11291.790   1361.268  18.950  1.64333E-04  1.64353E-04 -1.20004E-04
   11299.019   1368.497  19.000  1.64048E-04  1.64062E-04 -9.04869E-05
   11306.268   1375.746  19.050  1.63783E-04  1.63793E-04 -5.97873E-05
   11313.535   1383.013  19.100  1.63518E-04  1.63523E-04 -2.78011E-05
   11320.822   1390.300  19.150  1.63254E-04  1.63253E-04  4.02351E-06
   11328.128   1397.606  19.200  1.62989E-04  1.62983E-04  3.42628E-05
   11335.452   1404.930  19.250  1.62724E-04  1.62714E-04  6.15913E-05
   11342.796   1412.274  19.300  1.62458E-04  1.62444E-04  8.48563E-05
   11350.159   1419.637  19.350  1.62191E-04  1.62174E-04  1.03145E-04
   11357.541   1427.019  19.400  1.61923E-04  1.61904E-04  1.15836E-04
   11364.942   1434.420  19.450  1.61654E-04  1.61635E-04  1.22634E-04
   11372.362   1441.840  19.500  1.61385E-04  1.61365E-04  1.23577E-04
   11379.801   1449.279  19.550  1.61114E-04  1.61095E-04  1.19017E-04
   11387.259   1456.737  19.600  1.60843E-04  1.60825E-04  1.09582E-04
   11394.736   1464.214  19.650  1.60571E-04  1.60556E-04  9.61138E-05
   11402.232   1471.710  19.700  1.60299E-04  1.60286E-04  7.95975E-05
   11409.747   1479.225  19.750  1.60026E-04  1.60016E-04  6.10825E-05
   11417.281   1486.759  19.800  1.59753E-04  1.59746E-04  4.16098E-05
   11424.835   1494.313  19.850  1.59480E-04  1.59477E-04  2.21477E-05
   11432.407   1501.885  19.900  1.59207E-04  1.59207E-04  3.54333E-06
   11439.998   1509.476  19.950  1.58935E-04  1.58937E-04 -1.35092E-05
   11447.609   1517.087  20.000  1.58663E-04  1.58667E-04 -2.84814E-05
