# r  chir_mag  chir_re  chir_im
0.000000000000000000e+00 5.726044491517570409e-07 -5.726044491517570409e-07 0.000000000000000000e+00
3.067961575771282340e-02 6.292951074623441353e-07 -6.154239229942974873e-07 1.313991144656318658e-07
6.135923151542564680e-02 7.850495593568381397e-07 -6.951293162664939941e-07 3.648260466485944313e-07
9.203884727313846326e-02 1.008933189012096474e-06 -6.959900611733578230e-07 7.304409727267660215e-07
1.227184630308512936e-01 1.265119812996673647e-06 -5.085707268066079759e-07 1.158397149975835032e-06
1.533980787885641239e-01 1.515518706196958479e-06 -1.016388371701817623e-07 1.512106641613479650e-06
1.840776945462769265e-01 1.723871218759853049e-06 4.510471711823155441e-07 1.663817426353327895e-06
2.147573103039897569e-01 1.862851919632893232e-06 1.006335691564290156e-06 1.567643374739221996e-06
2.454369260617025872e-01 1.922892348970737480e-06 1.429735115740487906e-06 1.285835325595285822e-06
2.761165418194154175e-01 1.921862260126422286e-06 1.670000754888651574e-06 9.511319706379202261e-07
3.067961575771282479e-01 1.912379565244482070e-06 1.785142893643162620e-06 6.859011961208337680e-07
3.374757733348410782e-01 1.973575998659329185e-06 1.902390762582587926e-06 5.252728899577908586e-07
3.681553890925538530e-01 2.168843955752065503e-06 2.133363856924692685e-06 3.906952244008957812e-07
3.988350048502666834e-01 2.496425294908245474e-06 2.492922791225971527e-06 1.321938351203687380e-07
4.295146206079795137e-01 2.894986128689296243e-06 2.869678791656465000e-06 -3.819532929829653566e-07
4.601942363656923440e-01 3.285909115090658664e-06 3.067710090534796533e-06 -1.177435141766571637e-06
4.908738521234051744e-01 3.601557270851153089e-06 2.898855532919565170e-06 -2.137253231248564490e-06
5.215534678811180047e-01 3.795414488063490358e-06 2.276384338838460622e-06 -3.036979663760235280e-06
5.522330836388308350e-01 3.844947543851599735e-06 1.260697991421533858e-06 -3.632390698891869446e-06
5.829126993965436654e-01 3.751683030702610092e-06 3.614787791936589918e-08 -3.751508882274417739e-06
6.135923151542564957e-01 3.539661059586932055e-06 -1.161947788334519749e-06 -3.343512786567534364e-06
6.442719309119693261e-01 3.254428062267770901e-06 -2.123741574912147681e-06 -2.465973182227582612e-06
6.749515466696821564e-01 2.968407719965397305e-06 -2.700879987762628001e-06 -1.231540370289789976e-06
7.056311624273949867e-01 2.799633814028518224e-06 -2.789358987154882425e-06 2.396370869255366073e-07
7.363107781851077061e-01 2.923825360203555940e-06 -2.286778846582342764e-06 1.821921305598291314e-06
7.669903939428205364e-01 3.505236965741389372e-06 -1.074426033357639680e-06 3.336509386296293508e-06
7.976700097005333667e-01 4.589993978645680576e-06 9.374777397420810702e-07 4.493237163948913909e-06
8.283496254582461971e-01 6.130108545904424460e-06 3.706324468666956515e-06 4.882764556839809277e-06
8.590292412159590274e-01 8.049893129661638355e-06 6.950093418242977552e-06 4.061647556924319971e-06
8.897088569736718577e-01 1.025979058109230207e-05 1.011470367177649055e-05 1.719323238958125778e-06
9.203884727313846881e-01 1.265283598441021837e-05 1.246988609392135340e-05 -2.143874822141661881e-06
9.510680884890975184e-01 1.510928798501592787e-05 1.332260995054868256e-05 -7.127316993068845623e-06
9.817477042468103487e-01 1.751275412773548929e-05 1.226351039124229005e-05 -1.250211462203129618e-05
1.012427320004523068e+00 1.977631504684503863e-05 9.323360199509262997e-06 -1.744068781391021005e-05
1.043106935762236009e+00 2.187605433915359093e-05 4.943092414504978129e-06 -2.131026960953952875e-05
1.073786551519948729e+00 2.388618896632239185e-05 -2.520092313419292091e-07 -2.388485952820698473e-05
1.104466167277661670e+00 2.600226850790908939e-05 -5.776245342194467974e-06 -2.535257299179271285e-05
1.135145783035374389e+00 2.852873952164972660e-05 -1.153934967603582525e-05 -2.609084873568338068e-05
1.165825398793087331e+00 3.180962527088439885e-05 -1.788301276714867797e-05 -2.630684538754286242e-05
1.196505014550800050e+00 3.611736556137065728e-05 -2.534855947399931986e-05 -2.572770156245602699e-05
1.227184630308512991e+00 4.156386441018394308e-05 -3.426866061370724919e-05 -2.352049583768812998e-05
1.257864246066225711e+00 4.809056888058296255e-05 -4.438332595847501973e-05 -1.851548519812139750e-05
1.288543861823938652e+00 5.553111529971899190e-05 -5.468685499896000962e-05 -9.646380500136207635e-06
1.319223477581651371e+00 6.370340476068289334e-05 -6.360123521743353298e-05 3.606474306034620648e-06
1.349903093339364313e+00 7.250035966240361970e-05 -6.939211346959754418e-05 2.100087472941021137e-05
1.380582709097077032e+00 8.196692749146466050e-05 -7.059300844178545821e-05 4.165578425055797493e-05
1.411262324854789973e+00 9.235225846284793880e-05 -6.617799431921904277e-05 6.441593522626277827e-05
1.441941940612502693e+00 1.041179588259624132e-04 -5.536182874478108042e-05 8.817946057965161759e-05
1.472621556370215412e+00 1.178818324910307740e-04 -3.715846909491462446e-05 1.118721350737783907e-04
1.503301172127928353e+00 1.342947251958878771e-04 -1.006482840049671057e-05 1.339170356777195123e-04
1.533980787885641073e+00 1.538827195921716720e-04 2.769350417624496019e-05 1.513702785077811642e-04
1.564660403643354014e+00 1.769104072656432867e-04 7.710479215102661711e-05 1.592235636651898034e-04
1.595340019401066733e+00 2.033078754068645211e-04 1.366645623216690376e-04 1.505220568816403957e-04
1.626019635158779675e+00 2.326666010610574777e-04 2.006572348878707369e-04 1.177727529459133378e-04
1.656699250916492394e+00 2.642820575978306543e-04 2.583627332002355961e-04 5.562107569480255974e-05
1.687378866674205335e+00 2.972176196174095291e-04 2.950434413750895675e-04 -3.588427388959157299e-05
1.718058482431918055e+00 3.303741609242968153e-04 2.950408242059568962e-04 -1.486539547348230479e-04
1.748738098189630996e+00 3.625591114029050040e-04 2.464772463167944267e-04 -2.658910985899195730e-04
1.779417713947343715e+00 3.925532577585243979e-04 1.462269721178767890e-04 -3.643017057358751017e-04
1.810097329705056657e+00 4.191745425860035471e-04 3.360149607580923868e-06 -4.191610747037466953e-04
1.840776945462769376e+00 4.413376683790919608e-04 -1.605548236192342910e-04 -4.110974168526115901e-04
1.871456561220482318e+00 4.581076994915136177e-04 -3.150449027291268031e-04 -3.325798755153444694e-04
1.902136176978195037e+00 4.687455387982477294e-04 -4.276816789863548932e-04 -1.918613082480989597e-04
1.932815792735907978e+00 4.727432120723177927e-04 -4.725723956175937939e-04 -1.270729950464959060e-05
1.963495408493620697e+00 4.698472605302626360e-04 -4.378243540925737991e-04 1.704883667327862539e-04
1.994175024251333417e+00 4.600691282362878698e-04 -3.295189276568098193e-04 3.210621109256026843e-04
2.024854640009046136e+00 4.436821463597612094e-04 -1.707251740507117663e-04 4.095201606072145081e-04
2.055534255766759077e+00 4.212054812783913972e-04 4.345879948393931173e-06 4.211830608968450710e-04
2.086213871524472019e+00 3.933761601520192192e-04 1.593454175749970140e-04 3.596579503831339960e-04
2.116893487282184960e+00 3.611109594645583033e-04 2.651995138329989697e-04 2.450925190783163313e-04
2.147573103039897457e+00 3.254604955106902230e-04 3.070675611441485691e-04 1.078612397066184761e-04
2.178252718797610399e+00 2.875582620837091054e-04 2.868472217999710897e-04 -2.020953829856863865e-05
2.208932334555323340e+00 2.485676095057575991e-04 2.207448788748109941e-04 -1.142696589036294930e-04
2.239611950313036282e+00 2.096297676943520666e-04 1.330463232131520973e-04 -1.619978869709400688e-04
2.270291566070748779e+00 1.718160529859490257e-04 4.836028289042552616e-05 -1.648697640637253445e-04
2.300971181828461720e+00 1.360875645008621381e-04 -1.510755478113321305e-05 -1.352463936684131067e-04
2.331650797586174662e+00 1.032666004464209339e-04 -4.930135500368615749e-05 -9.073790367074420049e-05
2.362330413343887603e+00 7.402805490078871189e-05 -5.634735363914437711e-05 -4.801175533407824801e-05
2.393010029101600100e+00 4.893708936330002659e-05 -4.546446758680044591e-05 -1.810582509581885429e-05
2.423689644859313042e+00 2.865735625770478084e-05 -2.830234521430690286e-05 -4.496812543481266496e-06
2.454369260617025983e+00 1.509012015046497724e-05 -1.453929441215360638e-05 -4.039881700271440351e-06
2.485048876374738480e+00 1.348442941257776666e-05 -9.167101704684544193e-06 -9.889089084377898354e-06
2.515728492132451422e+00 1.921915503462200836e-05 -1.203989742786171690e-05 -1.498054705848238886e-05
2.546408107890164363e+00 2.432199019839356924e-05 -1.935050788272702708e-05 -1.473489232710141521e-05
2.577087723647877304e+00 2.732754579155411399e-05 -2.607181621780083137e-05 -8.188721395596786220e-06
2.607767339405589802e+00 2.836060788403741451e-05 -2.825076594683312184e-05 2.493652535815531609e-06
2.638446955163302743e+00 2.786580502878371819e-05 -2.434162997680733962e-05 1.356422279286146656e-05
2.669126570921015684e+00 2.636144792493387958e-05 -1.531304257706669319e-05 2.145778795057737271e-05
2.699806186678728626e+00 2.435810705463327164e-05 -3.795134401167860384e-06 2.406063868981967688e-05
2.730485802436441123e+00 2.231352970617112255e-05 7.161362737243691789e-06 2.113311362988896483e-05
2.761165418194154064e+00 2.059442470311536764e-05 1.513982351593643658e-05 1.396123464306027893e-05
2.791845033951867006e+00 1.943855057328878558e-05 1.888664940056358543e-05 4.599100217487863855e-06
2.822524649709579947e+00 1.893052919242771889e-05 1.829116814588695558e-05 -4.878329976974541741e-06
2.853204265467292444e+00 1.901618681243848964e-05 1.403191581699302167e-05 -1.283435621254064278e-05
2.883883881225005386e+00 1.955559414180018296e-05 7.174860851725838715e-06 -1.819182877000500174e-05
2.914563496982718327e+00 2.037889319626310720e-05 -1.081584319177333042e-06 -2.035017108687807325e-05
2.945243112740430824e+00 2.131560910758045961e-05 -9.486738639440195643e-06 -1.908813719602097007e-05
2.975922728498143766e+00 2.220091154906551607e-05 -1.675085027446010050e-05 -1.457015746970671902e-05
3.006602344255856707e+00 2.287595676544020704e-05 -2.163227777625019514e-05 -7.440023934466980828e-06
3.037281960013569648e+00 2.319251681149367661e-05 -2.316546170401431777e-05 1.119919680719543149e-06
3.067961575771282146e+00 2.302270102369721551e-05 -2.097149078077966322e-05 9.499544034227242552e-06
3.098641191528995087e+00 2.227039552480951755e-05 -1.549773953861855675e-05 1.599345447439654618e-05
3.129320807286708028e+00 2.088092317100499298e-05 -8.026421622889403875e-06 1.927665708583899004e-05
3.160000423044420970e+00 1.884674349313461092e-05 -3.811453884845252332e-07 1.884288906958932200e-05
3.190680038802133467e+00 1.620834063561993538e-05 5.599982403737774561e-06 1.521021049289311326e-05
3.221359654559846408e+00 1.305039618500293121e-05 8.638568847084119624e-06 9.782022738663347718e-06
3.252039270317559350e+00 9.493962113076164530e-06 8.415792955905427320e-06 4.394285553745707490e-06
3.282718886075272291e+00 5.685880214300653146e-06 5.641011803539434211e-06 7.128952543708064871e-07
3.313398501832984788e+00 1.790508210373746487e-06 1.766326958813120810e-06 -2.932724432772169425e-07
3.344078117590697730e+00 2.067916944225702711e-06 -1.534932106963155987e-06 1.385735874988236762e-06
3.374757733348410671e+00 5.688751814754430618e-06 -2.923070180153456800e-06 4.880323547857198683e-06
3.405437349106123612e+00 8.980798157997939955e-06 -1.781655109083453206e-06 8.802297462990897991e-06
3.436116964863836110e+00 1.184786740320374627e-05 1.673234331790841254e-06 1.172911969735215548e-05
3.466796580621549051e+00 1.423175691345414829e-05 6.560520364124425629e-06 1.262942902096364267e-05
3.497476196379261992e+00 1.610888349601123282e-05 1.167510396608188566e-05 1.109901233755698104e-05
3.528155812136974490e+00 1.748601752680332711e-05 1.585716201793104438e-05 7.369614758232490309e-06
3.558835427894687431e+00 1.839296457335524651e-05 1.826785220158353516e-05 2.141663311027367391e-06
3.589515043652400372e+00 1.887319003929129713e-05 1.851481704979562786e-05 -3.660444217824035074e-06
3.620194659410113314e+00 1.897405565916339640e-05 1.664048458489496670e-05 -9.116417110735091714e-06
3.650874275167825811e+00 1.873864751790726285e-05 1.302807690001802687e-05 -1.346870903567185738e-05
3.681553890925538752e+00 1.820100364458018621e-05 8.282893816346923038e-06 -1.620710349498463216e-05
3.712233506683251694e+00 1.738580903131642768e-05 3.120846493282711468e-06 -1.710341114628215938e-05
3.742913122440964635e+00 1.631251921480801154e-05 -1.733917993543058422e-06 -1.622010516381284937e-05
3.773592738198677132e+00 1.500289158662738432e-05 -5.653982352553952696e-06 -1.389673485093182631e-05
3.804272353956390074e+00 1.349059219747861557e-05 -8.218058406233030866e-06 -1.069857905847376966e-05
3.834951969714103015e+00 1.183224834804590371e-05 -9.303488458382957367e-06 -7.310759432136317846e-06
3.865631585471815956e+00 1.012106118437144108e-05 -9.123256327867889479e-06 -4.382017055399114583e-06
3.896311201229528454e+00 8.505832294336214048e-06 -8.173586292496784624e-06 -2.354075219376290616e-06
3.926990816987241395e+00 7.212173012152504148e-06 -7.087536183964376630e-06 -1.335017002969102230e-06
3.957670432744954336e+00 6.520030974692433511e-06 -6.431313471210795160e-06 -1.071919281462612780e-06
3.988350048502666834e+00 6.595544348435676625e-06 -6.512075076743448112e-06 -1.045984439195250420e-06
4.019029664260379775e+00 7.300835271211354399e-06 -7.270462857280033688e-06 -6.652559644792547752e-07
4.049709280018092272e+00 8.318720560150584366e-06 -8.302943353540189102e-06 5.120970862784335508e-07
4.080388895775805658e+00 9.378756390595201881e-06 -9.009256165942465178e-06 2.606602150416900430e-06
4.111068511533518155e+00 1.031427560956550250e-05 -8.810884787139808481e-06 5.362144218297947200e-06
4.141748127291231540e+00 1.103665224191407604e-05 -7.359412660512933482e-06 8.224763704887145946e-06
4.172427743048944038e+00 1.150800692061356132e-05 -4.660279138037667987e-06 1.052216810550280686e-05
4.203107358806656535e+00 1.172410026848470765e-05 -1.073535214432262743e-06 1.167484686190174795e-05
4.233786974564369920e+00 1.170341924939279744e-05 2.798395513881960239e-06 1.136393438360778389e-05
4.264466590322082418e+00 1.147917767138410671e-05 6.286400222856344197e-06 9.604826508025803957e-06
4.295146206079794915e+00 1.109276935939838864e-05 8.828775875492032030e-06 6.715820768985548338e-06
4.325825821837508300e+00 1.058822599512012205e-05 1.009023096778188232e-05 3.209013670982564504e-06
4.356505437595220798e+00 1.000768018315557679e-05 1.000160437092562115e-05 -3.486727058522825697e-07
4.387185053352934183e+00 9.387984850670371141e-06 8.727862281747696078e-06 -3.458132378504658743e-06
4.417864669110646680e+00 8.758632042075125326e-06 6.592588196294141669e-06 -5.766404089425944364e-06
4.448544284868359178e+00 8.141017926816656312e-06 3.991111427720880781e-06 -7.095576259632895232e-06
4.479223900626072563e+00 7.548963252258549348e-06 1.315048360780197806e-06 -7.433538457071388908e-06
4.509903516383785060e+00 6.990262790519014069e-06 -1.102768330423593499e-06 -6.902729597045608169e-06
4.540583132141497558e+00 6.468939442906312280e-06 -3.023714058657336443e-06 -5.718770043240680236e-06
4.571262747899210943e+00 5.987826890465760130e-06 -4.321984393209692225e-06 -4.144215459533529457e-06
4.601942363656923440e+00 5.551063042699576020e-06 -4.986135100669691623e-06 -2.439827383626702565e-06
4.632621979414635938e+00 5.165976602223243794e-06 -5.100726927468782005e-06 -8.184736196804939829e-07
4.663301595172349323e+00 4.843653080125457379e-06 -4.807798590408020977e-06 5.882583400849272439e-07
4.693981210930061820e+00 4.597310234397524923e-06 -4.255683543498294967e-06 1.739085670372227894e-06
4.724660826687775206e+00 4.437977346792576663e-06 -3.551190458109666512e-06 2.661707959351465347e-06
4.755340442445487703e+00 4.368446100075676794e-06 -2.734082671513089926e-06 3.407068134716157234e-06
4.786020058203200200e+00 4.378500030048798404e-06 -1.786238934822753949e-06 3.997575888067742571e-06
4.816699673960913586e+00 4.444634800774031205e-06 -6.733007170064224495e-07 4.393340944740146933e-06
4.847379289718626083e+00 4.534589916691870926e-06 5.994205716934689545e-07 4.494797068922496482e-06
4.878058905476338580e+00 4.613923059087827884e-06 1.944095472255863067e-06 4.184349267202323982e-06
4.908738521234051966e+00 4.651680615998069465e-06 3.184445440796053885e-06 3.390787487862577517e-06
4.939418136991764463e+00 4.623987419934636804e-06 4.095073147236251970e-06 2.147471904006746535e-06
4.970097752749476960e+00 4.515750729175568249e-06 4.473602565860438644e-06 6.155361327952911614e-07
5.000777368507190346e+00 4.321032796919730998e-06 4.216933777372513488e-06 -9.427586909229416763e-07
5.031456984264902843e+00 4.042519238265627368e-06 3.369205481692111201e-06 -2.233923949888075360e-06
5.062136600022616229e+00 3.690343124881221526e-06 2.119947210940270276e-06 -3.020671482002746754e-06
5.092816215780328726e+00 3.280445570062009053e-06 7.514783071315639130e-07 -3.193212096314639729e-06
5.123495831538041223e+00 2.832645434000215203e-06 -4.445835331040659178e-07 -2.797539210959334311e-06
5.154175447295754608e+00 2.368616192227463863e-06 -1.250139449642054954e-06 -2.011838468299776549e-06
5.184855063053467106e+00 1.910009449576650926e-06 -1.573336477870661259e-06 -1.082935097258207390e-06
5.215534678811179603e+00 1.477039969198020464e-06 -1.455912633006682548e-06 -2.489286557631295008e-07
5.246214294568892988e+00 1.088052029577617343e-06 -1.038774625619587950e-06 3.237352255113073117e-07
5.276893910326605486e+00 7.612228415094883776e-07 -5.044121262979900400e-07 5.701128145194775291e-07
5.307573526084318871e+00 5.208699510035156226e-07 -1.987143816837052957e-08 5.204907605361745834e-07
5.338253141842031368e+00 4.038887706609949557e-07 3.014105863585822978e-07 2.688453040263589644e-07
5.368932757599743866e+00 4.176408759909797088e-07 4.122766436658760869e-07 -6.672233798446447811e-08
5.399612373357457251e+00 4.967451180688720604e-07 3.237795028712246300e-07 -3.767260886184023530e-07
5.430291989115169748e+00 5.858822916004079773e-07 8.706097395072019173e-08 -5.793776371467037723e-07
5.460971604872882246e+00 6.666219892745062639e-07 -2.250948505008816871e-07 -6.274688716281355732e-07
5.491651220630595631e+00 7.365821788075934073e-07 -5.326968408878250720e-07 -5.087114917564500421e-07
5.522330836388308128e+00 7.982987087734817081e-07 -7.600530999263843156e-07 -2.441313452256835758e-07
5.553010452146020626e+00 8.551250036662739327e-07 -8.473559248317058031e-07 1.150074282290045121e-07
5.583690067903734011e+00 9.094117252080544785e-07 -7.631084977281102190e-07 4.946666621483972969e-07
5.614369683661446508e+00 9.615473280774469482e-07 -5.140253998348344984e-07 8.126199311224872586e-07
5.645049299419159894e+00 1.009689703832971425e-06 -1.465753547778420958e-07 9.989939756565419546e-07
5.675728915176872391e+00 1.050297554282379975e-06 2.640204787044873521e-07 1.016571758094922934e-06
5.706408530934584888e+00 1.079432886576904464e-06 6.360641387279825408e-07 8.721225648083979616e-07
5.737088146692298274e+00 1.094608440582001405e-06 9.073376050294995285e-07 6.122957689652060586e-07
5.767767762450010771e+00 1.096848706766356125e-06 1.053830412448012210e-06 3.041686166169683288e-07
5.798447378207723268e+00 1.092498033991140443e-06 1.092467794150207297e-06 8.128531176521984424e-09
5.829126993965436654e+00 1.093870502055236456e-06 1.066127407881458321e-06 -2.447958852402091440e-07
5.859806609723149151e+00 1.117136747271174066e-06 1.017804760754141733e-06 -4.605083941578299617e-07
5.890486225480861648e+00 1.176321522999090611e-06 9.663863372649606544e-07 -6.706935012496495410e-07
5.921165841238575034e+00 1.275993703427689029e-06 8.960030341325724855e-07 -9.084814219412156118e-07
5.951845456996287531e+00 1.408557744754418130e-06 7.643855770541988066e-07 -1.183110142758979104e-06
5.982525072754000917e+00 1.557963211649125403e-06 5.262538066128916328e-07 -1.466392273533074551e-06
