9.654113573099999485e+03 -1.686842689999975775e+01 -1.582670829873528806e+00 2.745425810499999984e-06 4.010454216199999635e-06 -1.265028405600000001e-06
9.654613573099999485e+03 -1.636842689999975775e+01 -1.540653371094710344e+00 2.869939628600000032e-06 4.244779979099999763e-06 -1.374840350600000017e-06
9.655113573099999485e+03 -1.586842689999975775e+01 -1.497457399727426530e+00 3.005263660799999902e-06 4.506202493400000074e-06 -1.500938832599999961e-06
9.655613573099999485e+03 -1.536842689999975775e+01 -1.452977810612177567e+00 3.152847293300000057e-06 4.799542520900000073e-06 -1.646695227499999941e-06
9.656113573099999485e+03 -1.486842689999975775e+01 -1.407092879757511739e+00 3.314413088200000171e-06 5.130814314999999589e-06 -1.816401226800000053e-06
9.656613573099999485e+03 -1.436842689999975775e+01 -1.359660334935610893e+00 3.492025841799999977e-06 5.507615353499999848e-06 -2.015589511699999871e-06
9.657113573099999485e+03 -1.386842689999975775e+01 -1.310512144365762133e+00 3.688184484300000166e-06 5.939678544700000050e-06 -2.251494060300000022e-06
9.657613573099999485e+03 -1.336842689999975775e+01 -1.259447471974547650e+00 3.905946567999999679e-06 6.439671572399999607e-06 -2.533725004499999790e-06
9.658113573099999485e+03 -1.286842689999975775e+01 -1.206222943238939305e+00 4.149100417199999659e-06 7.024382435699999837e-06 -2.875282018600000040e-06
9.658613573099999485e+03 -1.236842689999975775e+01 -1.150538848943806869e+00 4.422409031700000354e-06 7.716527340299999811e-06 -3.294118308599999880e-06
9.659113573099999485e+03 -1.186842689999975775e+01 -1.092019000320905819e+00 4.731965776199999848e-06 8.547597716700000616e-06 -3.815631940499999921e-06
9.659613573099999485e+03 -1.136842689999975775e+01 -1.030180251798102242e+00 5.085731539200000172e-06 9.562515462999999371e-06 -4.476783923800000046e-06
9.660113573099999485e+03 -1.086842689999975775e+01 -9.643843659701933912e-01 5.494381565299999808e-06 1.082759213899999986e-05 -5.333210573600000185e-06
9.660613573099999485e+03 -1.036842689999975775e+01 -8.937578304332008949e-01 5.972714231199999792e-06 1.244488900200000061e-05 -6.472174771100000406e-06
9.661113573149999866e+03 -9.868426849999377026e+00 -8.170488972332552446e-01 6.542160856999999587e-06 1.457989696600000016e-05 -8.037736108799999158e-06
9.661613573149999866e+03 -9.368426849999377026e+00 -7.323487929962122500e-01 7.235672093499999646e-06 1.751952136600000036e-05 -1.028384927199999970e-05
9.662113573149999866e+03 -8.868426849999377026e+00 -6.364751438476915490e-01 8.108418779999999250e-06 2.180738417499999881e-05 -1.369896539499999956e-05
9.662613573149999866e+03 -8.368426849999377026e+00 -5.233225227991532558e-01 9.265238971399999293e-06 2.860849021299999889e-05 -1.934325124200000074e-05
9.663113573149999866e+03 -7.868426849999377914e+00 -3.776669392491229793e-01 1.094788177199999935e-05 4.090624398600000073e-05 -2.995836221400000139e-05
9.663613573149999866e+03 -7.368426849999377914e+00 -1.067622177304844155e-01 1.389249475600000043e-05 6.848777963100000045e-05 -5.459528487500000171e-05
9.663656999999999243e+03 -7.325000000000000178e+00 0.000000000000000000e+00 1.445421120667660634e-05 7.487199372440705059e-05 -6.041778251773045102e-05
9.663665999999999258e+03 -7.315999999999985626e+00 4.860261953445584038e-02 1.457062416446861068e-05 7.619509053756909843e-05 -6.162446637310048944e-05
9.663694999999999709e+03 -7.286999999999534516e+00 9.986888948025554602e-02 1.494573258402061037e-05 8.045840249109109600e-05 -6.551266990707048225e-05
9.663741999999998370e+03 -7.240000000000873293e+00 1.493646705120479090e-01 1.555366691915660687e-05 8.736790807093705374e-05 -7.181424115178044348e-05
9.663808999999999287e+03 -7.172999999999956522e+00 1.997377789593159370e-01 1.642029671605260889e-05 9.721762879114306962e-05 -8.079733207509046751e-05
9.663894999999998618e+03 -7.087000000000625910e+00 2.499348983886820197e-01 1.753268720162061122e-05 1.098605538946911082e-04 -9.232786669307051393e-05
9.663998999999999796e+03 -6.982999999999447205e+00 2.996066684391731072e-01 1.887790360277261207e-05 1.251496726245631341e-04 -1.062717690217905152e-04
9.664113573149999866e+03 -6.868426849999377914e+00 3.461733304752664386e-01 2.035988130000000086e-05 1.419931581399999903e-04 -1.216332768399999996e-04
9.664122999999999593e+03 -6.858999999999650932e+00 3.497287862733068908e-01 2.048597323717199622e-05 1.436915074137545584e-04 -1.232055341765636971e-04
9.664265999999999622e+03 -6.715999999999621828e+00 3.998039390328587128e-01 2.239871683822599330e-05 1.694545084317945034e-04 -1.470557915932636697e-04
9.664427999999999884e+03 -6.553999999999359893e+00 4.498478108507243944e-01 2.456560119746199115e-05 1.986405655291544937e-04 -1.740749643310636518e-04
9.664608999999998559e+03 -6.373000000000684118e+00 4.998697967778416573e-01 2.698662631487999317e-05 2.312496787058345295e-04 -2.042630523899636704e-04
9.664613573149999866e+03 -6.368426849999377914e+00 5.010689778856873833e-01 2.704779598900000105e-05 2.320735812800000034e-04 -2.050257852900000020e-04
9.664808999999999287e+03 -6.172999999999956522e+00 5.498758696994616724e-01 2.927071665911743894e-05 2.556980783714792862e-04 -2.264273617125344014e-04
9.665027999999998428e+03 -5.954000000000815085e+00 5.998700092247406523e-01 3.176177470337144339e-05 2.821722545813193177e-04 -2.504104798794344307e-04
9.665113573149999866e+03 -5.868426849999377914e+00 6.183075824106291085e-01 3.273514312200000056e-05 2.925169059599999882e-04 -2.597817628399999882e-04
9.665265999999999622e+03 -5.715999999999621828e+00 6.498549695126818460e-01 3.479166584601937261e-05 3.047443023898011006e-04 -2.699526365463914500e-04
9.665522999999999229e+03 -5.459000000000014730e+00 6.998327174231705472e-01 3.825907555810737902e-05 3.253603610596411851e-04 -2.871012855051714805e-04
9.665613573149999866e+03 -5.368426849999377914e+00 7.166159447943830640e-01 3.948107641400000240e-05 3.326259695200000028e-04 -2.931448931099999745e-04
9.665799999999999272e+03 -5.181999999999971074e+00 7.499796991827626380e-01 4.304939606055526352e-05 3.415349904023960541e-04 -2.984855943450950302e-04
9.666094999999999345e+03 -4.886999999999898314e+00 7.999360569744666805e-01 4.869586970817527626e-05 3.556325367606960434e-04 -3.069366670545950492e-04
9.666113573149999866e+03 -4.868426849999377914e+00 8.029773086461508003e-01 4.905137073199999860e-05 3.565201158899999976e-04 -3.074687451599999793e-04
9.666408999999999651e+03 -4.572999999999592724e+00 8.498898392453323458e-01 5.759396372513258345e-05 3.630240881168580883e-04 -3.054301243937254987e-04
9.666613573149999866e+03 -4.368426849999377914e+00 8.809124270139938595e-01 6.350942184200000242e-05 3.675278699699999901e-04 -3.040184481299999884e-04
9.666742999999998574e+03 -4.239000000000669566e+00 8.999873045167785524e-01 6.938949005857108446e-05 3.679778313160037375e-04 -2.985883412602091864e-04
9.667094999999999345e+03 -3.886999999999898314e+00 9.499294642140519995e-01 8.538141145844309679e-05 3.692015835265637569e-04 -2.838201720730092192e-04
9.667113573149999866e+03 -3.868426849999377914e+00 9.524919159419436010e-01 8.622521928499999775e-05 3.692661543600000268e-04 -2.830409350800000036e-04
9.667465999999998530e+03 -3.516000000000713221e+00 9.998708532681346295e-01 1.112559052776396532e-04 3.662553176547343942e-04 -2.549994123785704757e-04
9.667613573149999866e+03 -3.368426849999377914e+00 1.019055933598261410e+00 1.217371077699999995e-04 3.649945775700000144e-04 -2.432574697999999877e-04
9.667856999999999971e+03 -3.124999999999272582e+00 1.049936581553178483e+00 1.463279093064247770e-04 3.612031996003466582e-04 -2.148752902939218812e-04
9.668113573149999866e+03 -2.868426849999377914e+00 1.081530924971123353e+00 1.722467404099999977e-04 3.572070677500000110e-04 -1.849603273400000133e-04
9.668266999999999825e+03 -2.714999999999418101e+00 1.099990374909949997e+00 1.902836378933506298e-04 3.542641270219181794e-04 -1.639804891285675495e-04
9.668613573149999866e+03 -2.368426849999377914e+00 1.140589009036981238e+00 2.310268609800000025e-04 3.476163711800000122e-04 -1.165895101999999962e-04
9.668694999999999709e+03 -2.286999999999534516e+00 1.149919672740976173e+00 2.395790181658598935e-04 3.459390392541351216e-04 -1.063600210872980639e-04
9.669113573149999866e+03 -1.868426849999377914e+00 1.196736158642761172e+00 2.835412170299999842e-04 3.373167468800000062e-04 -5.377552984399999980e-05
9.669143000000000029e+03 -1.838999999999214374e+00 1.199958769480723442e+00 2.858005073059438433e-04 3.367086895196102613e-04 -5.090818220817256237e-05
9.669609999999998763e+03 -1.372000000000480391e+00 1.249989496233149255e+00 3.216551284721838014e-04 3.270589041262702418e-04 -5.403775656624971015e-06
9.669613573149999866e+03 -1.368426849999377914e+00 1.250364578541035554e+00 3.219294623899999737e-04 3.269850708699999870e-04 -5.055608482599999591e-06
9.670094999999999345e+03 -8.869999999998983142e-01 1.299911867083462180e+00 3.502659313842488545e-04 3.173717947931538655e-04 3.289413658907270119e-05
9.670113573145999908e+03 -8.684268539993356129e-01 1.301785590674327864e+00 3.513591345899999877e-04 3.170009206299999761e-04 3.435821395799999744e-05
9.670599999999998545e+03 -3.820000000006986696e-01 1.349932349975339507e+00 3.713345018163470134e-04 3.078220325669242226e-04 6.351246925228709031e-05
9.670613573145999908e+03 -3.684268539993356129e-01 1.351251223849354366e+00 3.718918899899999989e-04 3.075659069299999993e-04 6.432598306300000050e-05
9.671113573145999908e+03 1.315731460006643871e-01 1.398968911670823267e+00 3.751887058700000238e-04 2.987760973699999756e-04 7.641260849899999370e-05
9.671123999999999796e+03 1.420000000005527951e-01 1.399946689834637992e+00 3.749304533330409094e-04 2.986068243898521530e-04 7.632362894233467613e-05
9.671613573145999908e+03 6.315731460006643871e-01 1.445111816327206311e+00 3.628046954600000181e-04 2.906589327800000039e-04 7.214576268600000257e-05
9.671666999999999462e+03 6.850000000002181011e-01 1.449955522349051007e+00 3.608893388603310508e-04 2.898627263395075256e-04 7.102661252671666544e-05
9.672113573149999866e+03 1.131573150000622086e+00 1.489826267927052195e+00 3.448796589700000160e-04 2.832075634100000242e-04 6.167209556499999342e-05
9.672228999999999360e+03 1.247000000000116238e+00 1.499959398365525276e+00 3.412362984557975351e-04 2.816360019866150674e-04 5.960029647187391828e-05
9.672613573149999866e+03 1.631573150000622086e+00 1.533237246636187656e+00 3.290975401899999737e-04 2.763999557199999738e-04 5.269758446499999826e-05
9.672809999999999491e+03 1.828000000000247205e+00 1.549958797595160975e+00 3.248152984965521823e-04 2.739587107790132647e-04 5.085658771293175630e-05
9.673113573149999866e+03 2.131573150000622086e+00 1.575452506532516006e+00 3.181971930800000029e-04 2.701858232299999998e-04 4.801136984600000174e-05
9.673409999999999854e+03 2.428000000000611003e+00 1.599954139743766879e+00 3.144495181203042127e-04 2.668252253026604740e-04 4.762429281720082853e-05
9.673613573149999866e+03 2.631573150000622086e+00 1.616565725916103036e+00 3.118757769199999915e-04 2.645173118799999906e-04 4.735846504200000155e-05
9.674028999999998632e+03 3.046999999999388642e+00 1.649945793614544076e+00 3.089056195193523200e-04 2.601506397360122736e-04 4.875497978201664214e-05
9.674113573149999866e+03 3.131573150000622086e+00 1.656658954665602312e+00 3.083009509300000122e-04 2.592616668199999841e-04 4.903928410800000026e-05
9.674666999999999462e+03 3.685000000000218101e+00 1.699934084602378270e+00 3.048750261008454135e-04 2.541023333237374545e-04 5.077269277952289065e-05
9.674740348789999189e+03 3.758348789999945261e+00 1.705587178541431159e+00 3.044209689099999913e-04 2.534185376800000161e-04 5.100243123300000328e-05
9.675324999999998909e+03 4.342999999999665128e+00 1.749994293691794933e+00 2.990731313919273008e-04 2.492615887468024199e-04 4.981154265174600194e-05
9.675386174350000147e+03 4.404174350000903182e+00 1.754575833384415251e+00 2.985135661700000220e-04 2.488266308700000178e-04 4.968693530699999969e-05
9.676000999999998385e+03 5.018999999999141259e+00 1.799974609033689665e+00 2.931113938134503080e-04 2.484936373771048923e-04 4.461775643872177680e-05
9.676051049829999101e+03 5.069049829999857870e+00 1.803619995051024105e+00 2.926716304300000233e-04 2.484665300700000215e-04 4.420510036200000245e-05
9.676695999999999913e+03 5.714000000000669210e+00 1.849952446935221095e+00 2.852078826143110055e-04 2.478689184179456366e-04 3.733896420308044963e-05
9.676734975229999691e+03 5.752975230000447304e+00 1.852715255499235880e+00 2.847568380200000146e-04 2.478328039199999820e-04 3.692403410700000104e-05
9.677411000000000058e+03 6.429000000000814730e+00 1.899997074869211211e+00 2.756636636887130299e-04 2.457766098292730301e-04 2.988705385393836841e-05
9.677437950550000096e+03 6.455950550000852495e+00 1.901857657484219866e+00 2.753011532300000171e-04 2.456946371499999925e-04 2.960651607399999901e-05
9.678143999999998414e+03 7.161999999999170363e+00 1.949968754198961873e+00 2.658191397217911410e-04 2.425749086763592940e-04 2.324423104725479748e-05
9.678159975789998498e+03 7.177975789999254452e+00 1.951043638841191141e+00 2.656045900800000129e-04 2.425043185400000084e-04 2.310027154199999834e-05
9.678895999999998821e+03 7.913999999999577817e+00 1.999938573490803506e+00 2.566313464396125692e-04 2.388651389396434250e-04 1.776620750196917535e-05
9.678901050959999338e+03 7.919050960000094896e+00 2.000269985421814223e+00 2.565697652416761812e-04 2.388401636441497551e-04 1.772960159036415608e-05
9.679661176039999191e+03 8.679176039999948244e+00 2.049533787433430287e+00 2.485871924389049638e-04 2.348209125073613440e-04 1.376612745847383921e-05
9.679667999999999665e+03 8.686000000000422716e+00 2.049970687340530340e+00 2.485305598946345690e-04 2.347829752057585160e-04 1.374743150162902499e-05
9.680440351039998859e+03 9.458351039999616461e+00 2.098832408040975928e+00 2.421670522954896896e-04 2.304909433041101951e-04 1.167600109587898382e-05
9.680458999999998923e+03 9.476999999999680568e+00 2.099998151836547589e+00 2.420615493559063179e-04 2.303854985279360523e-04 1.167594845310752977e-05
9.681238575999999739e+03 1.025657600000049641e+01 2.148163452513347060e+00 2.377231225311691987e-04 2.260226601973902853e-04 1.170148360235372787e-05
9.681268000000000029e+03 1.028600000000078651e+01 2.149960252127960825e+00 2.376263511182912121e-04 2.258598260521468175e-04 1.176760142359630312e-05
9.682055850799999462e+03 1.107385080000021915e+01 2.197524730087775602e+00 2.350289567148384010e-04 2.215869083310388458e-04 1.344623218474586584e-05
9.682096999999999753e+03 1.111500000000051003e+01 2.199980749819791637e+00 2.349596976757208230e-04 2.213882200189511260e-04 1.357587387989336111e-05
9.682892175599999973e+03 1.191017560000073061e+01 2.246914257584917252e+00 2.337038500151814328e-04 2.179594865754079676e-04 1.575817517022569668e-05
9.682944999999999709e+03 1.196300000000046637e+01 2.249997424658124245e+00 2.336625740739192204e-04 2.177950747550919932e-04 1.588212797919201380e-05
9.683747550299998693e+03 1.276555029999945035e+01 2.296330206490269532e+00 2.330815582941400850e-04 2.155050619286293296e-04 1.760532723405804900e-05
9.683810999999999694e+03 1.282900000000045182e+01 2.299953467270577701e+00 2.330290185180587984e-04 2.153897046517035715e-04 1.766950089189173504e-05
9.684621974899999259e+03 1.363997490000001633e+01 2.345770907026536900e+00 2.325954851146729788e-04 2.141026200406510426e-04 1.854595876906088453e-05
9.684697000000000116e+03 1.371500000000087383e+01 2.349964437621665514e+00 2.325271851128721116e-04 2.140410055902802386e-04 1.854175702189330967e-05
9.685515449399999852e+03 1.453344940000060959e+01 2.395234826478454426e+00 2.321908315787576612e-04 2.135275634023897683e-04 1.875828760355743372e-05
9.685601999999998952e+03 1.461999999999970967e+01 2.399972221111235982e+00 2.321439370830001212e-04 2.135233509283703153e-04 1.872042061498873814e-05
9.686427973799998654e+03 1.544597379999941111e+01 2.444720555484548363e+00 2.316654192736370072e-04 2.136371498980209175e-04 1.816442136818044735e-05
9.686525999999999840e+03 1.554400000000059734e+01 2.449977012885667271e+00 2.316185742111040165e-04 2.136943020792174928e-04 1.806513196306227392e-05
9.687359548200000063e+03 1.637754820000082034e+01 2.494226801195172261e+00 2.314543648902280014e-04 2.142694067374944925e-04 1.737189789728773789e-05
9.687468999999999141e+03 1.648699999999989885e+01 2.499978992466393990e+00 2.314606856319038550e-04 2.143792921688089778e-04 1.727487212655682197e-05
9.688310172499999680e+03 1.732817250000043785e+01 2.543752360569354387e+00 2.314476572349413513e-04 2.152717008231739139e-04 1.641654758850254349e-05
9.688430999999998676e+03 1.744899999999943319e+01 2.549978325284629754e+00 2.314711634320176141e-04 2.154255950086612567e-04 1.629327025824132459e-05
9.689279846699999325e+03 1.829784670000008262e+01 2.593296127077418411e+00 2.311727492258305481e-04 2.165151063128855475e-04 1.493666820661525735e-05
9.689411999999998443e+03 1.842999999999920036e+01 2.599975164037636954e+00 2.311305112962853308e-04 2.166992646434562581e-04 1.471501479219325990e-05
9.690268570799998997e+03 1.928657079999975466e+01 2.642857076770899649e+00 2.295246282421829873e-04 2.175559087286697054e-04 1.222206933385134591e-05
9.690411999999998443e+03 1.942999999999920036e+01 2.649969649891612100e+00 2.292266694273366876e-04 2.176989033382278980e-04 1.177533960530881480e-05
9.691276344799998697e+03 2.029434479999945395e+01 2.692434260752159414e+00 2.266651333699979602e-04 2.184845487358363014e-04 8.359237456230409768e-06
9.691430999999998676e+03 2.044899999999943319e+01 2.699961913550601000e+00 2.261644115837275744e-04 2.186171533402610321e-04 7.712832659629190548e-06
9.692303168799999185e+03 2.132116879999994197e+01 2.742026803235841914e+00 2.225735687768045160e-04 2.192725174722945445e-04 3.355670411984613372e-06
9.692469999999999345e+03 2.148800000000010257e+01 2.749999798133768714e+00 2.218413397584709159e-04 2.193835987901673488e-04 2.490520384830614438e-06
9.693349042699999700e+03 2.236704270000045724e+01 2.791633881003421358e+00 2.173719312839595926e-04 2.198674840578618284e-04 -2.611750220101928955e-06
9.693527000000000044e+03 2.254500000000080107e+01 2.799987120345187375e+00 2.164315175683497795e-04 2.199470479815005138e-04 -3.662107897981916812e-06
9.694413966499998423e+03 2.343196649999918080e+01 2.841254732715622122e+00 2.119788371331336827e-04 2.204543755899948155e-04 -8.771828244936804875e-06
9.694602999999999156e+03 2.362099999999991340e+01 2.849972588640921511e+00 2.110143145084217027e-04 2.205434885016272710e-04 -9.858065807130802911e-06
9.695497940199998993e+03 2.451594019999975060e+01 2.890888649101310826e+00 2.066770935722960162e-04 2.208724015438709573e-04 -1.466209424604759422e-05
9.695697999999998501e+03 2.471599999999925856e+01 2.899956298886820605e+00 2.057036401297070865e-04 2.209263604909504370e-04 -1.572035840425077148e-05
9.696600963899998533e+03 2.561896389999929013e+01 2.940534973059145685e+00 2.018327032664708981e-04 2.210860606906151621e-04 -1.986181809031650351e-05
9.696813000000000102e+03 2.583100000000085927e+01 2.949982827193631252e+00 2.009214991505864334e-04 2.211050702625522917e-04 -2.081746071596081833e-05
9.697723037399999157e+03 2.674103739999991447e+01 2.990193077801040378e+00 1.977596249067339862e-04 2.211174160013750889e-04 -2.406540875074054120e-05
9.697945999999999913e+03 2.696400000000067010e+01 2.999962542311497060e+00 1.969789999795156388e-04 2.211049999609452808e-04 -2.485065424392090107e-05
9.698864160899998751e+03 2.788216089999950853e+01 3.039862394621150710e+00 1.950980840886383364e-04 2.212387823340850046e-04 -2.688362895854237616e-05
9.699098999999998341e+03 2.811699999999909849e+01 3.049983802521107012e+00 1.946170000000000105e-04 2.212729999999999938e-04 -2.740399723099999865e-05
9.700024334299998372e+03 2.904233429999912985e+01 3.089542378515809151e+00 1.936450433911187079e-04 2.214057550490179497e-04 -2.849554769619052182e-05
9.700269999999998618e+03 2.928799999999937498e+01 3.099959929621971977e+00 1.933869999999999968e-04 2.214410000000000098e-04 -2.878555847200000198e-05
9.701203557599999840e+03 3.022155760000059743e+01 3.139232523049161561e+00 1.933313471120067092e-04 2.215719018633081515e-04 -2.893456971405757448e-05
9.701460999999999331e+03 3.047900000000008802e+01 3.149976396850841187e+00 1.933159999999999902e-04 2.216080000000000101e-04 -2.897568921600000264e-05
9.702401830899998458e+03 3.141983089999921575e+01 3.188932357365215520e+00 1.941347561468595038e-04 2.217386277613223055e-04 -2.822915618927708827e-05
9.702670999999998457e+03 3.168899999999921491e+01 3.199990302128349562e+00 1.943690000000000088e-04 2.217759999999999990e-04 -2.801540964799999889e-05
9.703619154099998923e+03 3.263715409999967676e+01 3.238641431317046404e+00 1.961386817566775043e-04 2.220508720355048721e-04 -2.644760556312290343e-05
9.703898999999999432e+03 3.291700000000018633e+01 3.249961383765238576e+00 1.966609999999999929e-04 2.221319999999999935e-04 -2.598411283199999992e-05
9.704855527099998653e+03 3.387352709999940714e+01 3.288359321895870657e+00 1.990691796059294817e-04 2.224040890388621872e-04 -2.377062620762730814e-05
9.705146999999999025e+03 3.416499999999977888e+01 3.299971124729633498e+00 1.998029999999999977e-04 2.224869999999999994e-04 -2.309504054799999754e-05
9.706110950099999172e+03 3.512895009999992624e+01 3.338085643016571069e+00 2.027793005455406482e-04 2.227578494361483685e-04 -2.031266666147744411e-05
9.706413999999998850e+03 3.543199999999960426e+01 3.349978619286468007e+00 2.037150000000000104e-04 2.228429999999999940e-04 -1.943652245009999910e-05
9.707385423099998661e+03 3.640342309999941506e+01 3.387820023449371831e+00 2.071308439021772824e-04 2.231111611201399745e-04 -1.621685329471422315e-05
9.707699999999998909e+03 3.671799999999966246e+01 3.399983966557281967e+00 2.082370000000000054e-04 2.231979999999999999e-04 -1.517255364399999935e-05
9.708678945899999235e+03 3.769694589999998868e+01 3.437562105754572883e+00 2.119817493737931097e-04 2.235610726556321850e-04 -1.173046674759232203e-05
9.709004999999999200e+03 3.802299999999995350e+01 3.449987259912667525e+00 2.132290000000000010e-04 2.236820000000000041e-04 -1.058152306020000019e-05
9.709991518699998778e+03 3.900951869999953203e+01 3.487311567886125729e+00 2.170610737719788424e-04 2.240418855982628462e-04 -7.060567728869641564e-06
9.710328999999999724e+03 3.934700000000047737e+01 3.499988587383657812e+00 2.183719999999999889e-04 2.241649999999999925e-04 -5.853463729500000141e-06
9.711323141399998349e+03 4.034114139999910265e+01 3.537068094738307078e+00 2.221353766772896337e-04 2.245232758284437899e-04 -2.412691718246327794e-06
9.711671999999998661e+03 4.068999999999941508e+01 3.549988032038209784e+00 2.234559999999999964e-04 2.246489999999999967e-04 -1.202665160969999871e-06
9.712673813999999766e+03 4.169181400000051951e+01 3.586831392305771082e+00 2.269991263127753430e-04 2.250042688414096944e-04 2.006207831909541950e-06
9.713033999999999651e+03 4.205200000000040461e+01 3.599985672326583064e+00 2.282730000000000013e-04 2.251320000000000122e-04 3.162384177600000113e-06
9.714043536499999391e+03 4.306153650000014466e+01 3.636601182636731266e+00 2.314712057838522999e-04 2.255252879341057234e-04 5.977275604648332094e-06
9.714414999999999054e+03 4.343299999999980798e+01 3.649981582397556323e+00 2.326480000000000128e-04 2.256699999999999993e-04 7.015493558000000561e-06
9.715432308899999043e+03 4.445030889999979706e+01 3.686377202754799853e+00 2.354325197891428715e-04 2.260609372772857191e-04 9.410043971493612744e-06
9.715814999999998690e+03 4.483299999999944419e+01 3.699975832389863939e+00 2.364800000000000127e-04 2.262080000000000134e-04 1.031295844480000039e-05
9.716840131299999484e+03 4.585813130000023818e+01 3.736159207178338715e+00 2.388242925077519363e-04 2.265973909589147231e-04 1.226173099233457678e-05
9.717233999999998559e+03 4.625199999999931322e+01 3.749968488699575442e+00 2.397250000000000129e-04 2.267469999999999891e-04 1.301223939020000022e-05
9.718267003599999953e+03 4.728500360000070657e+01 3.785946956375294548e+00 2.416388204291869553e-04 2.271332098240444735e-04 1.452711211583021194e-05
9.718672999999998865e+03 4.769099999999961881e+01 3.799994149738296745e+00 2.423910000000000040e-04 2.272850000000000033e-04 1.512388482750000044e-05
9.719712925799998629e+03 4.873092579999938323e+01 3.835740226644849482e+00 2.438784436288263810e-04 2.276482959726835900e-04 1.623610843365444207e-05
9.720129999999999200e+03 4.914799999999995350e+01 3.849983355691555253e+00 2.444750000000000200e-04 2.277939999999999945e-04 1.668315419259999881e-05
9.721177897899999152e+03 5.019589789999990614e+01 3.885538805729109146e+00 2.456336513365853995e-04 2.281553685847561002e-04 1.746736584183343119e-05
9.721605999999999767e+03 5.062400000000052103e+01 3.899971158573066976e+00 2.461070000000000206e-04 2.283030000000000129e-04 1.778843371769999907e-05
9.722661919999998645e+03 5.167991999999939878e+01 3.935342495426461085e+00 2.469772870053476058e-04 2.286622668983957188e-04 1.828533137258265867e-05
9.723101999999998952e+03 5.211999999999970612e+01 3.949990835702761771e+00 2.473399999999999731e-04 2.288120000000000041e-04 1.849286041439999795e-05
9.724164991999999984e+03 5.318299200000073768e+01 3.985151100837097449e+00 2.479431110488771600e-04 2.291693731360634030e-04 1.872425465005770587e-05
9.724615999999999985e+03 5.363400000000073931e+01 3.999975574403118905e+00 2.481989999999999999e-04 2.293209999999999953e-04 1.882262181579999894e-05
9.725687113799998770e+03 5.470511379999952339e+01 4.034964436666091281e+00 2.484817908011734003e-04 2.296065837967405608e-04 1.881116025917763926e-05
9.726149999999999636e+03 5.516800000000039006e+01 4.049991475959133780e+00 2.486039999999999799e-04 2.297300000000000112e-04 1.880618023299999853e-05
9.727228285699999105e+03 5.624628569999985928e+01 4.084782339491524361e+00 2.486012209131443183e-04 2.300148564027061941e-04 1.851194506513169165e-05
9.727701999999999316e+03 5.672000000000006992e+01 4.099973383342011779e+00 2.486000000000000254e-04 2.301399999999999887e-04 1.838243250000000097e-05
9.728788507399998707e+03 5.780650739999946097e+01 4.134604634707807591e+00 2.482730801525445132e-04 2.304233766119592828e-04 1.776702391011078007e-05
9.729273999999999432e+03 5.829200000000018633e+01 4.149985770905611382e+00 2.481270000000000047e-04 2.305499999999999932e-04 1.749152878499999817e-05
9.730367779000000155e+03 5.938577900000090892e+01 4.184431168556115743e+00 2.474360836612193577e-04 2.308318663670647314e-04 1.651786687286427427e-05
9.730864999999999782e+03 5.988300000000053558e+01 4.199996303673152909e+00 2.471220000000000101e-04 2.309599999999999978e-04 1.607444646400000231e-05
9.731966100599998754e+03 6.098410059999950761e+01 4.234261794501764875e+00 2.459688896761963754e-04 2.311392966794282276e-04 1.474709842073906208e-05
9.732473999999998341e+03 6.149199999999909494e+01 4.249974168423614529e+00 2.454369999999999881e-04 2.312220000000000030e-04 1.413413841600000120e-05
9.733583472099999199e+03 6.260147209999995255e+01 4.284096366689468915e+00 2.439066231990791799e-04 2.314004417987722490e-04 1.243373371403354607e-05
9.734102999999999156e+03 6.312099999999990985e+01 4.299981544088662844e+00 2.431900000000000077e-04 2.314840000000000083e-04 1.163658493800000074e-05
9.735219893499999671e+03 6.423789350000042475e+01 4.333934748989331176e+00 2.413228631113471009e-04 2.316615643792475769e-04 9.603181811813870760e-06
9.735750999999998385e+03 6.476899999999913859e+01 4.349987244151502175e+00 2.404349999999999977e-04 2.317459999999999865e-04 8.635157229799998577e-06
9.736875364799998351e+03 6.589336479999910523e+01 4.383776811451829403e+00 2.383076775169765973e-04 2.319227148035992792e-04 6.345360873227035429e-06
9.737417999999999665e+03 6.643600000000041916e+01 4.399991325741668291e+00 2.372809999999999937e-04 2.320079999999999918e-04 5.239019049599999291e-06
9.738549886099999640e+03 6.756788610000039341e+01 4.433622432921699996e+00 2.348829589862396264e-04 2.320650642458481653e-04 2.799940868520204533e-06
9.739103999999999360e+03 6.812200000000011357e+01 4.449993843418842410e+00 2.337089999999999947e-04 2.320930000000000020e-04 1.605454587970000144e-06
9.740243457199998375e+03 6.926145719999912842e+01 4.483471488841376029e+00 2.312803856511436911e-04 2.321498057841642356e-04 -8.633600774489926682e-07
9.740808999999999287e+03 6.982700000000004081e+01 4.499994849316196088e+00 2.300749999999999952e-04 2.321780000000000122e-04 -2.089146931120000138e-06
9.741956078299999717e+03 7.097407830000047113e+01 4.533323871703708541e+00 2.277469101092227373e-04 2.322345554846287803e-04 -4.457688334367915471e-06
9.742532999999999447e+03 7.155100000000020088e+01 4.549994393273687265e+00 2.265760000000000072e-04 2.322629999999999953e-04 -5.649379401599999803e-06
9.743687749299999268e+03 7.270574930000002212e+01 4.583179470081237383e+00 2.244698909783706265e-04 2.323199755822145777e-04 -7.797659257234035855e-06
9.744275999999999840e+03 7.329400000000059379e+01 4.599992522962911501e+00 2.233969999999999890e-04 2.323489999999999941e-04 -8.892437693099999036e-06
9.745438470299999608e+03 7.445647030000036182e+01 4.633038183001226606e+00 2.214850596314415197e-04 2.322929216938138459e-04 -1.073660421786186215e-05
9.746037999999998647e+03 7.505599999999940053e+01 4.649989284003773982e+00 2.204990000000000042e-04 2.322640000000000110e-04 -1.168736189520000021e-05
9.747208241099999213e+03 7.622624109999996733e+01 4.682899905377452932e+00 2.189811690393037773e-04 2.322088061468837816e-04 -1.314165265064198731e-05
9.747818999999999505e+03 7.683700000000025909e+01 4.699984720073955735e+00 2.181890000000000077e-04 2.321799999999999895e-04 -1.390038441999999889e-05
9.748997061899999608e+03 7.801506190000036156e+01 4.732764547637961172e+00 2.171058375308333309e-04 2.321243692991666616e-04 -1.492238042038233984e-05
9.749618999999998778e+03 7.863699999999953150e+01 4.749978873010902269e+00 2.165339999999999973e-04 2.320950000000000064e-04 -1.546172791949999918e-05
9.750804932600000029e+03 7.982293260000078305e+01 4.782632015708930595e+00 2.158999821869230754e-04 2.320402646492307876e-04 -1.603828155554661952e-05
9.751438999999998487e+03 8.045699999999924046e+01 4.799999123438042581e+00 2.155609999999999915e-04 2.320110000000000119e-04 -1.634642780940000228e-05
9.752631853199998659e+03 8.164985319999941282e+01 4.832502222110158563e+00 2.152676541640914101e-04 2.318682210533188346e-04 -1.649727798553876767e-05
9.753277000000000044e+03 8.229500000000079751e+01 4.849990546920038170e+00 2.151090000000000033e-04 2.317909999999999903e-04 -1.657878173769999704e-05
9.754477823699999135e+03 8.349582369999988885e+01 4.882375082931089239e+00 2.152228098929456161e-04 2.316487376338179744e-04 -1.632580376727052479e-05
9.755134000000000015e+03 8.415200000000076841e+01 4.899980808428132661e+00 2.152850000000000098e-04 2.315709999999999958e-04 -1.618769286979999922e-05
9.756342844199998581e+03 8.536084419999933459e+01 4.932250520311225905e+00 2.157590060368673414e-04 2.314293134128929245e-04 -1.557660572219415803e-05
9.757010999999998603e+03 8.602899999999935687e+01 4.949996455205663004e+00 2.160209999999999973e-04 2.313510000000000013e-04 -1.523915977530000130e-05
9.758226914499999111e+03 8.724491449999986514e+01 4.982128451601637309e+00 2.168018801828495924e-04 2.312098384221636068e-04 -1.432362435386340789e-05
9.758905999999999040e+03 8.792399999999979343e+01 4.999984231913630062e+00 2.172379999999999960e-04 2.311310000000000068e-04 -1.381278148270000124e-05
9.760130034799998612e+03 8.914803479999936542e+01 5.032008807858344923e+00 2.182108360133681380e-04 2.309347709224020826e-04 -1.264977418936203106e-05
9.760820999999999913e+03 8.983900000000066655e+01 5.049996940400661494e+00 2.187599999999999994e-04 2.308239999999999977e-04 -1.199412285279999928e-05
9.762052204999999958e+03 9.107020500000071195e+01 5.081891515093625245e+00 2.199243263010863879e-04 2.306278224831867681e-04 -1.064144573612142236e-05
9.762753999999998996e+03 9.177199999999974978e+01 5.099982382908581080e+00 2.205879999999999961e-04 2.305160000000000000e-04 -9.871432771199999327e-06
9.763993425199998455e+03 9.301142519999920921e+01 5.131776507307580282e+00 2.218832723160266379e-04 2.303211697202252794e-04 -8.388928018466377235e-06
9.764706999999998516e+03 9.372499999999926956e+01 5.149992318415099746e+00 2.226290000000000126e-04 2.302089999999999909e-04 -7.536536200199999506e-06
9.765953695199999856e+03 9.497169520000061027e+01 5.181663713441083452e+00 2.239977713915778691e-04 2.300141841087772522e-04 -5.981580135487941883e-06
9.766677999999999884e+03 9.569600000000063744e+01 5.199975565590946758e+00 2.247929999999999872e-04 2.299009999999999932e-04 -5.079386713800000170e-06
9.767933015199998408e+03 9.695101519999916206e+01 5.231553075176326395e+00 2.261753447180311471e-04 2.296898347101958900e-04 -3.493843147091672507e-06
9.768668999999999869e+03 9.768700000000062289e+01 5.249982881075474950e+00 2.269860000000000118e-04 2.295660000000000040e-04 -2.565377093400000142e-06
9.769931385099998806e+03 9.894938509999956011e+01 5.281444528942143890e+00 2.283394526818408076e-04 2.293549744310447781e-04 -1.008909540926766989e-06
9.770679000000000087e+03 9.969700000000084117e+01 5.299988822438328917e+00 2.291410000000000072e-04 2.292299999999999991e-04 -8.848025846999999241e-08
9.771948804999999993e+03 1.009668050000007469e+02 5.331338018467471684e+00 2.304195665919172003e-04 2.290197217939871934e-04 1.392292883212598610e-06
9.772707999999998719e+03 1.017259999999994733e+02 5.349993428210864543e+00 2.311840000000000010e-04 2.288939999999999942e-04 2.276323362719999986e-06
9.773985274999999092e+03 1.030032749999998458e+02 5.381233489565775407e+00 2.323452724853515691e-04 2.286850707397461023e-04 3.639972008264745634e-06
9.774755999999999403e+03 1.037740000000001572e+02 5.399996735496340072e+00 2.330459999999999910e-04 2.285590000000000050e-04 4.461608815399999540e-06
9.776040793999998641e+03 1.050587939999993949e+02 5.431130861043692803e+00 2.340902447605224814e-04 2.283669335529753231e-04 5.690626745555901074e-06
9.776822999999998501e+03 1.058409999999992550e+02 5.449998780035217649e+00 2.347259999999999885e-04 2.282499999999999915e-04 6.437859724999999291e-06
9.778115363999999317e+03 1.071333640000000713e+02 5.481030128886747121e+00 2.355834457219558827e-04 2.280579420709491793e-04 7.480344519964109425e-06
9.778908999999999651e+03 1.079270000000004046e+02 5.499999596267537427e+00 2.361099999999999874e-04 2.279399999999999894e-04 8.119655885999999803e-06
9.780208982999998625e+03 1.092269829999993789e+02 5.530931194314048227e+00 2.367516543168646031e-04 2.277491711415677051e-04 8.946580210326106016e-06
9.781013999999999214e+03 1.100319999999999681e+02 5.549999217391235362e+00 2.371490000000000024e-04 2.276310000000000030e-04 9.457954234500001554e-06
9.782321652999999060e+03 1.113396529999998137e+02 5.580834056136618315e+00 2.375510232622410540e-04 2.274407623460451822e-04 1.004589932970716179e-05
9.783137999999999010e+03 1.121559999999997643e+02 5.599997675417962562e+00 2.378020000000000112e-04 2.273219999999999896e-04 1.041243874559999905e-05
9.784453371999999945e+03 1.134713720000006987e+02 5.630738619978887805e+00 2.379996433896407139e-04 2.271716191600559867e-04 1.075606930140315099e-05
9.785280999999999040e+03 1.142989999999997934e+02 5.649995001225474489e+00 2.381240000000000125e-04 2.270770000000000080e-04 1.097204273220000030e-05
9.786604140999999800e+03 1.156221410000005534e+02 5.680644864085981460e+00 2.380511721651249043e-04 2.269276723385753888e-04 1.104608577764323383e-05
9.787442999999999302e+03 1.164610000000000554e+02 5.699991224607465767e+00 2.380050000000000091e-04 2.268329999999999880e-04 1.109297298209999982e-05
9.788773960999998963e+03 1.177919609999997164e+02 5.730552767459418106e+00 2.376632585236130169e-04 2.266834881040806840e-04 1.090000297241502244e-05
9.789623999999999796e+03 1.186420000000005501e+02 5.749986374320760874e+00 2.374450000000000009e-04 2.265880000000000064e-04 1.077688782080000099e-05
9.790962829999998576e+03 1.199808299999993295e+02 5.780462241715320637e+00 2.368504377681818229e-04 2.264389030227272623e-04 1.033266276089442930e-05
9.791823999999998705e+03 1.208419999999994587e+02 5.799980478130010830e+00 2.364680000000000135e-04 2.263429999999999978e-04 1.004722996419999970e-05
9.793170748999998978e+03 1.221887489999997314e+02 5.830373269020943106e+00 2.357103020265765778e-04 2.262489702274774806e-04 9.386316499164265155e-06
9.794043999999999869e+03 1.230620000000006229e+02 5.849995996096007289e+00 2.352189999999999988e-04 2.261879999999999967e-04 8.958062646000000069e-06
9.795397717999998349e+03 1.244157179999991030e+02 5.880285809830052557e+00 2.342741798409293938e-04 2.260948487167113653e-04 8.112123887750786024e-06
9.796281999999999243e+03 1.252999999999999972e+02 5.899987897550312610e+00 2.336569999999999891e-04 2.260340000000000114e-04 7.559910560600000457e-06
9.797643735999999990e+03 1.266617360000007437e+02 5.930199803796937452e+00 2.325764199486043374e-04 2.259404824634470639e-04 6.579282334574034572e-06
9.798538999999998850e+03 1.275569999999996043e+02 5.949978834053446519e+00 2.318660000000000057e-04 2.258790000000000103e-04 5.935015900800000179e-06
9.799908804999999120e+03 1.289268049999998880e+02 5.980115258424619995e+00 2.307049443785682988e-04 2.257857546003513556e-04 4.875463690281077244e-06
9.800815999999998894e+03 1.298339999999996621e+02 5.999990702156350331e+00 2.299360000000000021e-04 2.257240000000000093e-04 4.174223642400000074e-06
9.802192923999999039e+03 1.312109239999998067e+02 6.030032115676534410e+00 2.288368606675381090e-04 2.257168003973856227e-04 3.091413856410527678e-06
9.803110999999998967e+03 1.321289999999997349e+02 6.049979599593085844e+00 2.281039999999999966e-04 2.257120000000000101e-04 2.369479433600000203e-06
9.805425999999999476e+03 1.344440000000002442e+02 6.099989118913015318e+00 2.262940000000000123e-04 2.257009999999999995e-04 5.870866701699999249e-07
9.807759999999998399e+03 1.367779999999991674e+02 6.149997418191683884e+00 2.245760000000000128e-04 2.256890000000000003e-04 -1.101831753119999866e-06
9.810111999999999171e+03 1.391299999999999386e+02 6.199983360132773846e+00 2.230099999999999943e-04 2.256779999999999897e-04 -2.640364896599999903e-06
9.812483999999998559e+03 1.415019999999993274e+02 6.249989476304460112e+00 2.216379999999999945e-04 2.256670000000000063e-04 -3.985527453699999628e-06
9.814875000000000000e+03 1.438930000000007681e+02 6.299994455509718705e+00 2.204909999999999867e-04 2.256550000000000071e-04 -5.106211601999999864e-06
9.817284999999999854e+03 1.463030000000006225e+02 6.349998324608631783e+00 2.195940000000000121e-04 2.256439999999999965e-04 -5.980694219999999970e-06
9.819712999999999738e+03 1.487310000000005061e+02 6.399980604256773731e+00 2.189589999999999885e-04 2.256319999999999973e-04 -6.594275705599999999e-06
9.822161000000000058e+03 1.511790000000008263e+02 6.449982489358258242e+00 2.185970000000000079e-04 2.256209999999999867e-04 -6.938680547699999043e-06
9.824627999999998792e+03 1.536459999999995603e+02 6.499983337573715936e+00 2.185079999999999889e-04 2.256100000000000032e-04 -7.012342337000000342e-06
9.827113999999999578e+03 1.561320000000003461e+02 6.549983172649164409e+00 2.186939999999999902e-04 2.256650000000000019e-04 -6.882195770999999950e-06
9.829618999999998778e+03 1.586369999999995457e+02 6.599982017610428464e+00 2.191449999999999898e-04 2.257200000000000005e-04 -6.491391191999999614e-06
9.832143999999998414e+03 1.611619999999991819e+02 6.649999629278909197e+00 2.198369999999999892e-04 2.257749999999999991e-04 -5.861954367499999430e-06
9.834686999999999898e+03 1.637050000000006662e+02 6.699996413080377522e+00 2.207359999999999954e-04 2.258299999999999978e-04 -5.028217865000000311e-06
9.837248999999999796e+03 1.662670000000005643e+02 6.749992273974302570e+00 2.217970000000000043e-04 2.258849999999999964e-04 -4.034938578000000081e-06
9.839829999999999927e+03 1.688480000000006953e+02 6.799987232317323382e+00 2.229669999999999948e-04 2.259399999999999950e-04 -2.933853493999999628e-06
9.842429999999998472e+03 1.714479999999992401e+02 6.849981307871358283e+00 2.241920000000000111e-04 2.259949999999999936e-04 -1.779486889950000019e-06
9.845049999999999272e+03 1.740680000000000405e+02 6.899993539310790958e+00 2.254170000000000002e-04 2.260510000000000080e-04 -6.249722417400000048e-07
9.847688000000000102e+03 1.767060000000008699e+02 6.949985769490864662e+00 2.265939999999999925e-04 2.261060000000000066e-04 4.813525412800000401e-07
9.850345999999999549e+03 1.793640000000003170e+02 6.999995922538436055e+00 2.276799999999999885e-04 2.261610000000000053e-04 1.498264607970000062e-06
9.853021999999999025e+03 1.820399999999997931e+02 7.049986387521265385e+00 2.285260000000000004e-04 2.260750000000000064e-04 2.418437312499999988e-06
9.855717999999998938e+03 1.847359999999997058e+02 7.099994547797226829e+00 2.292259999999999903e-04 2.259899999999999962e-04 3.194413848000000117e-06
9.858431999999998880e+03 1.874499999999996476e+02 7.149983323233474408e+00 2.297610000000000114e-04 2.259039999999999974e-04 3.807770052800000159e-06
9.861165999999999258e+03 1.901840000000000259e+02 7.199989571667311239e+00 2.301209999999999877e-04 2.258189999999999872e-04 4.248581247900000162e-06
9.863918999999999869e+03 1.929370000000006371e+02 7.249994830292107117e+00 2.303039999999999959e-04 2.257329999999999883e-04 4.514276253899999890e-06
9.866690999999998894e+03 1.957089999999996621e+02 7.299999119448512097e+00 2.303120000000000135e-04 2.256480000000000053e-04 4.608702446399999664e-06
9.869480999999999767e+03 1.984990000000005352e+02 7.349984603921801529e+00 2.301570000000000124e-04 2.255620000000000064e-04 4.540766065800000425e-06
9.872290999999999258e+03 2.013090000000000259e+02 7.399987133614512658e+00 2.298500000000000033e-04 2.254769999999999962e-04 4.323363641099999554e-06
9.875119999999998981e+03 2.041379999999997494e+02 7.449988749989903347e+00 2.294089999999999986e-04 2.253909999999999974e-04 3.972133210300000043e-06
9.877967999999998938e+03 2.069859999999997058e+02 7.499989471314939316e+00 2.288489999999999904e-04 2.253059999999999872e-04 3.504589768799999771e-06
9.880834999999999127e+03 2.098529999999998950e+02 7.549989315372358512e+00 2.279980000000000082e-04 2.250300000000000054e-04 2.936438972999999770e-06
9.883720999999999549e+03 2.127390000000003170e+02 7.599988299476625464e+00 2.270700000000000062e-04 2.247530000000000079e-04 2.292458124700000097e-06
9.886625999999998385e+03 2.156439999999991528e+02 7.649986440489222161e+00 2.260870000000000056e-04 2.244769999999999990e-04 1.594249122619999970e-06
9.889549999999999272e+03 2.185680000000000405e+02 7.699983754833501948e+00 2.250730000000000048e-04 2.242009999999999901e-04 8.634294391399999609e-07
9.892493999999998778e+03 2.215119999999995457e+02 7.749997191971426780e+00 2.240479999999999935e-04 2.239250000000000084e-04 1.220754008500000058e-07
9.895455999999998312e+03 2.244739999999990800e+02 7.799992792027528488e+00 2.230370000000000128e-04 2.236489999999999995e-04 -6.069431291800000356e-07
9.898436999999999898e+03 2.274550000000006662e+02 7.849987613578844226e+00 2.220620000000000027e-04 2.233729999999999906e-04 -1.299963848099999847e-06
9.901438000000000102e+03 2.304560000000008699e+02 7.899998283343832028e+00 2.211480000000000043e-04 2.230959999999999931e-04 -1.932997444320000157e-06
9.904456999999998516e+03 2.334749999999992838e+02 7.949991487390438039e+00 2.203189999999999890e-04 2.228200000000000113e-04 -2.482727286000000476e-06
9.907494999999998981e+03 2.365129999999997494e+02 7.999983957475719443e+00 2.195959999999999893e-04 2.225440000000000024e-04 -2.927766609600000075e-06
9.910552999999999884e+03 2.395710000000006517e+02 8.049992009684984851e+00 2.189410000000000032e-04 2.222190000000000081e-04 -3.256063897500000428e-06
9.913629999999999200e+03 2.426479999999999677e+02 8.099999153682540864e+00 2.184210000000000014e-04 2.218950000000000024e-04 -3.451709861999999906e-06
9.916724999999998545e+03 2.457429999999993129e+02 8.149989303831929988e+00 2.180410000000000085e-04 2.215700000000000080e-04 -3.506721918999999811e-06
9.919840000000000146e+03 2.488580000000009136e+02 8.199994779347552054e+00 2.178059999999999946e-04 2.212449999999999866e-04 -3.418943233999999914e-06
9.922973999999998341e+03 2.519919999999991091e+02 8.249999394401276831e+00 2.177100000000000010e-04 2.209199999999999922e-04 -3.192360275999999605e-06
9.926125999999998385e+03 2.551439999999991528e+02 8.299987353193223782e+00 2.177430000000000056e-04 2.205949999999999979e-04 -2.837138473500000186e-06
9.929297999999998865e+03 2.583159999999996330e+02 8.349990388290772003e+00 2.178890000000000004e-04 2.202709999999999922e-04 -2.369543255400000116e-06
9.932488999999999578e+03 2.615070000000003461e+02 8.399992607346277396e+00 2.181259999999999916e-04 2.199459999999999978e-04 -1.811442264099999790e-06
9.935698999999998705e+03 2.647169999999994729e+02 8.449994024846317231e+00 2.184259999999999988e-04 2.196210000000000035e-04 -1.189746254669999977e-06
9.938927999999999884e+03 2.679460000000006517e+02 8.499994654936456229e+00 2.187590000000000107e-04 2.192960000000000092e-04 -5.352313612800001041e-07
9.942175999999999476e+03 2.711940000000002442e+02 8.549994511431027178e+00 2.191960000000000067e-04 2.190740000000000103e-04 1.220338572560000152e-07
9.945442999999999302e+03 2.744610000000000696e+02 8.599993607822977282e+00 2.196090000000000043e-04 2.188520000000000114e-04 7.541508608800000613e-07
9.948728999999999360e+03 2.777470000000001278e+02 8.649991957293050149e+00 2.199629999999999945e-04 2.186289999999999967e-04 1.329030386969999904e-06
9.952033999999999651e+03 2.810520000000004188e+02 8.699989572718800801e+00 2.202310000000000129e-04 2.184069999999999978e-04 1.817960898109999970e-06
9.955357999999998356e+03 2.843759999999991237e+02 8.749986466683237651e+00 2.203899999999999956e-04 2.181849999999999990e-04 2.197952052999999994e-06
9.958701999999999316e+03 2.877200000000000841e+02 8.799997564471196299e+00 2.204239999999999889e-04 2.179620000000000114e-04 2.453685418800000330e-06
9.962063999999998487e+03 2.910819999999992547e+02 8.849992967879067862e+00 2.203259999999999908e-04 2.177400000000000125e-04 2.578651272000000246e-06
9.965444999999999709e+03 2.944630000000004770e+02 8.899987686837684819e+00 2.201000000000000103e-04 2.175169999999999979e-04 2.575357776599999686e-06
9.968845999999999549e+03 2.978640000000003170e+02 8.949996395867998444e+00 2.197559999999999878e-04 2.172949999999999990e-04 2.454325295500000068e-06
9.972264999999999418e+03 3.012830000000001860e+02 8.999989698632392177e+00 2.193110000000000014e-04 2.170730000000000001e-04 2.232443853899999769e-06
9.975703999999999724e+03 3.047220000000004916e+02 9.049996852527790736e+00 2.189070000000000100e-04 2.169569999999999897e-04 1.944828582840000161e-06
9.979161000000000058e+03 3.081790000000008263e+02 9.099988786547374531e+00 2.184389999999999867e-04 2.168419999999999950e-04 1.593532826439999877e-06
9.982637999999999010e+03 3.116559999999997785e+02 9.149994435279580784e+00 2.179290000000000068e-04 2.167260000000000117e-04 1.199623922459999960e-06
9.986134000000000015e+03 3.151520000000007826e+02 9.199999310519000773e+00 2.173959999999999901e-04 2.166109999999999900e-04 7.830942533100000583e-07
9.989647999999999229e+03 3.186659999999999968e+02 9.249989237329071301e+00 2.168580000000000030e-04 2.164959999999999953e-04 3.620072915200000019e-07
9.993181999999998880e+03 3.221999999999996476e+02 9.299992679227871761e+00 2.163319999999999881e-04 2.163800000000000120e-04 -4.771525208000000039e-08
9.996734999999998763e+03 3.257529999999995312e+02 9.349995383647168978e+00 2.158320000000000030e-04 2.162649999999999902e-04 -4.321818133500000042e-07
1.000030699999999888e+04 3.293249999999996476e+02 9.399997362355891894e+00 2.153690000000000042e-04 2.161490000000000069e-04 -7.792690207600000550e-07
1.000389799999999923e+04 3.329159999999999968e+02 9.449998626873716390e+00 2.149540000000000023e-04 2.160340000000000123e-04 -1.078454690040000170e-06
1.000750799999999981e+04 3.365260000000005789e+02 9.499999188477623591e+00 2.145960000000000033e-04 2.159180000000000019e-04 -1.320802793700000087e-06
1.001113699999999881e+04 3.401549999999995748e+02 9.549999058208248570e+00 2.142740000000000020e-04 2.157860000000000106e-04 -1.509997060760000177e-06
1.001478499999999985e+04 3.438030000000006225e+02 9.599998246876134900e+00 2.140199999999999872e-04 2.156530000000000035e-04 -1.631397692760000156e-06
1.001845199999999932e+04 3.474700000000000841e+02 9.649996765067530902e+00 2.138370000000000060e-04 2.155210000000000123e-04 -1.681785795350000122e-06
1.002213799999999901e+04 3.511559999999997785e+02 9.699994623150352879e+00 2.137250000000000044e-04 2.153880000000000052e-04 -1.660960254239999890e-06
1.002584299999999894e+04 3.548609999999997058e+02 9.749991831279691823e+00 2.136820000000000050e-04 2.152559999999999868e-04 -1.571986584720000008e-06
1.002956699999999910e+04 3.585849999999998658e+02 9.799988399403272155e+00 2.137010000000000060e-04 2.151230000000000069e-04 -1.421048757250000054e-06
1.003331099999999969e+04 3.623290000000004625e+02 9.849997660542436861e+00 2.137730000000000012e-04 2.149909999999999885e-04 -1.217177996229999919e-06
1.003707299999999850e+04 3.660909999999992692e+02 9.899992910411349101e+00 2.138859999999999915e-04 2.148580000000000086e-04 -9.716286990199998951e-07
1.004085399999999936e+04 3.698720000000001278e+02 9.949987549602360204e+00 2.140280000000000047e-04 2.147259999999999902e-04 -6.972045856999999707e-07
1.004465499999999884e+04 3.736729999999996039e+02 9.999994710704767087e+00 2.141850000000000101e-04 2.145930000000000103e-04 -4.074069564300000235e-07
1.004847399999999834e+04 3.774919999999991091e+02 1.004998809055293663e+01 2.142219999999999964e-04 2.143369999999999911e-04 -1.147187351619999891e-07
1.005231300000000010e+04 3.813310000000008699e+02 1.009999388080129812e+01 2.142500000000000036e-04 2.140800000000000103e-04 1.695789763200000262e-07
1.005617099999999846e+04 3.851889999999992256e+02 1.014999896855825234e+01 2.142579999999999940e-04 2.138239999999999911e-04 4.339429785599999872e-07
1.006004699999999866e+04 3.890649999999994293e+02 1.019999049805906211e+01 2.142360000000000000e-04 2.135679999999999989e-04 6.684785184000000185e-07
1.006394299999999930e+04 3.929610000000000696e+02 1.024999427439310828e+01 2.141769999999999926e-04 2.133109999999999911e-04 8.652448768599999000e-07
1.006785799999999836e+04 3.968759999999991237e+02 1.029999737802056003e+01 2.140730000000000085e-04 2.130549999999999989e-04 1.018443380450000108e-06
1.007179199999999946e+04 4.008100000000002296e+02 1.034999981869143859e+01 2.139230000000000049e-04 2.127979999999999911e-04 1.124369304520000110e-06
1.007574399999999878e+04 4.047619999999995457e+02 1.039998898729445465e+01 2.137230000000000000e-04 2.125419999999999989e-04 1.181331815619999871e-06
1.007971599999999853e+04 4.087339999999992983e+02 1.044999019093385861e+01 2.134749999999999983e-04 2.122860000000000068e-04 1.189442703720000028e-06
1.008370699999999852e+04 4.127249999999992838e+02 1.049999075918283076e+01 2.131799999999999884e-04 2.120289999999999989e-04 1.150437549650000140e-06
1.008771699999999873e+04 4.167349999999995021e+02 1.054999070107546366e+01 2.128400000000000018e-04 2.117730000000000068e-04 1.067534986619999966e-06
1.009174599999999919e+04 4.207639999999999532e+02 1.059999002547529479e+01 2.124620000000000133e-04 2.115169999999999876e-04 9.453033157199998515e-07
1.009579399999999987e+04 4.248120000000006371e+02 1.064998874107929261e+01 2.120500000000000043e-04 2.112600000000000068e-04 7.895990381999999711e-07
1.009986199999999917e+04 4.288799999999999386e+02 1.069999912130323594e+01 2.116110000000000040e-04 2.110039999999999876e-04 6.074931762400000380e-07
1.010394799999999850e+04 4.329659999999992692e+02 1.074999658771645983e+01 2.111539999999999912e-04 2.107470000000000068e-04 4.070915500200000217e-07
1.010805299999999988e+04 4.370710000000006517e+02 1.079999347099268014e+01 2.106879999999999994e-04 2.104909999999999876e-04 1.973090011249999744e-07
1.011217699999999968e+04 4.411950000000004479e+02 1.084998977919316232e+01 2.102220000000000076e-04 2.102349999999999954e-04 -1.252565413549999922e-08
1.011632099999999991e+04 4.453390000000006808e+02 1.089999756007047793e+01 2.097649999999999949e-04 2.099779999999999876e-04 -2.131360691200000004e-07
1.012048299999999836e+04 4.495009999999991237e+02 1.094999268674365211e+01 2.093259999999999945e-04 2.097219999999999954e-04 -3.958355944600000170e-07
1.012466499999999905e+04 4.536829999999998222e+02 1.099999919253505354e+01 2.089129999999999969e-04 2.094649999999999876e-04 -5.530483448499999653e-07
1.012886499999999978e+04 4.578830000000005498e+02 1.104999317018139138e+01 2.085669999999999972e-04 2.092530000000000106e-04 -6.855630487200000790e-07
1.013308499999999913e+04 4.621029999999998950e+02 1.109999843478247072e+01 2.082560000000000064e-04 2.090399999999999908e-04 -7.841383055999999950e-07
1.013732299999999850e+04 4.663409999999992692e+02 1.114999129472944439e+01 2.079810000000000133e-04 2.088269999999999981e-04 -8.455593174300000012e-07
1.014158099999999831e+04 4.705989999999990800e+02 1.119999535083592512e+01 2.077459999999999995e-04 2.086140000000000054e-04 -8.685018047999999680e-07
1.014585799999999836e+04 4.748759999999991237e+02 1.124999878855518887e+01 2.075479999999999990e-04 2.084010000000000127e-04 -8.534708673300001720e-07
1.015015299999999843e+04 4.791709999999991965e+02 1.129999000245094898e+01 2.073859999999999961e-04 2.081879999999999929e-04 -8.026584245999999334e-07
1.015446799999999894e+04 4.834859999999997058e+02 1.134999227904249786e+01 2.072560000000000092e-04 2.079759999999999888e-04 -7.197113468000000031e-07
1.015880199999999968e+04 4.878200000000004479e+02 1.139999396099402773e+01 2.071529999999999867e-04 2.077629999999999961e-04 -6.094644499800000186e-07
1.016315499999999884e+04 4.921729999999996039e+02 1.144999505609582258e+01 2.070720000000000123e-04 2.075500000000000034e-04 -4.776867024999999874e-07
1.016752700000000004e+04 4.965450000000008117e+02 1.149999557200265876e+01 2.070060000000000032e-04 2.073370000000000107e-04 -3.308082568700000427e-07
1.017191799999999967e+04 5.009360000000004334e+02 1.154999551623658682e+01 2.069480000000000115e-04 2.071239999999999908e-04 -1.756566862999999803e-07
1.017632799999999952e+04 5.053460000000002879e+02 1.159999489618994417e+01 2.068919999999999971e-04 2.069109999999999981e-04 -1.920789987869999851e-08
1.018075699999999961e+04 5.097750000000003752e+02 1.164999371912806048e+01 2.068299999999999967e-04 2.066989999999999941e-04 1.317007482380000140e-07
1.018520499999999993e+04 5.142230000000006385e+02 1.169999199219199504e+01 2.067570000000000128e-04 2.064860000000000014e-04 2.706494596399999908e-07
1.018967199999999866e+04 5.186899999999993724e+02 1.174998972240115869e+01 2.066650000000000008e-04 2.062730000000000086e-04 3.919269509200000084e-07
1.019415899999999965e+04 5.231770000000003620e+02 1.179999803820086335e+01 2.065520000000000105e-04 2.060599999999999888e-04 4.907957685999999457e-07
1.019866399999999885e+04 5.276819999999995616e+02 1.184999465636193072e+01 2.064120000000000017e-04 2.058469999999999961e-04 5.637264187900000045e-07
1.020318800000000010e+04 5.322060000000008131e+02 1.189999075241707516e+01 2.062440000000000128e-04 2.056340000000000034e-04 6.085429778999999501e-07
1.020773199999999997e+04 5.367500000000006821e+02 1.194999731486378813e+01 2.060470000000000010e-04 2.054219999999999993e-04 6.245054764199999888e-07
1.021229399999999987e+04 5.413120000000005803e+02 1.199999234050350871e+01 2.058220000000000091e-04 2.052090000000000066e-04 6.122779891199999368e-07
1.021687600000000020e+04 5.458940000000009150e+02 1.204999775455866207e+01 2.055709999999999872e-04 2.049890000000000121e-04 5.805103989900000544e-07
1.022147599999999875e+04 5.504939999999994598e+02 1.209999173664368399e+01 2.052939999999999897e-04 2.047689999999999905e-04 5.233875163100000487e-07
1.022609599999999955e+04 5.551140000000002601e+02 1.214999603023216501e+01 2.049940000000000095e-04 2.045489999999999960e-04 4.441761080099999794e-07
1.023073499999999876e+04 5.597529999999994743e+02 1.219999975163982775e+01 2.046770000000000056e-04 2.043290000000000015e-04 3.471345380999999780e-07
1.023539199999999983e+04 5.644100000000005366e+02 1.224999219487988000e+01 2.043469999999999868e-04 2.041090000000000070e-04 2.373073288500000183e-07
1.024006899999999951e+04 5.690870000000002165e+02 1.229999483638340863e+01 2.040099999999999932e-04 2.038890000000000125e-04 1.202692277640000075e-07
1.024476499999999942e+04 5.737830000000001291e+02 1.234999692603370569e+01 2.036709999999999953e-04 2.036700000000000066e-04 1.837863089100000003e-09
1.024947999999999956e+04 5.784980000000002747e+02 1.239999847050670034e+01 2.033369999999999947e-04 2.034500000000000121e-04 -1.122512995500000024e-07
1.025421399999999994e+04 5.832320000000006530e+02 1.244999947637099247e+01 2.030129999999999890e-04 2.032299999999999905e-04 -2.166675676000000061e-07
1.025896699999999873e+04 5.879849999999994452e+02 1.249999995009000209e+01 2.027019999999999983e-04 2.030099999999999960e-04 -3.067805915999999948e-07
1.026373899999999958e+04 5.927570000000002892e+02 1.254999989802412586e+01 2.024100000000000085e-04 2.027900000000000015e-04 -3.789090592000000139e-07
1.026852999999999884e+04 5.975479999999995471e+02 1.259999932643266618e+01 2.021389999999999971e-04 2.025700000000000070e-04 -4.304774556000000301e-07
1.027334000000000015e+04 6.023580000000008567e+02 1.264999824147597351e+01 2.018889999999999910e-04 2.023500000000000125e-04 -4.600933125000000377e-07
1.027816899999999987e+04 6.071870000000005803e+02 1.269999664921724758e+01 2.016619999999999947e-04 2.021299999999999909e-04 -4.675266899999999623e-07
1.028301699999999983e+04 6.120350000000005366e+02 1.274999455562457662e+01 2.014560000000000038e-04 2.019110000000000121e-04 -4.536374819199999639e-07
1.028788400000000001e+04 6.169020000000007258e+02 1.279999196657273153e+01 2.012689999999999868e-04 2.016909999999999905e-04 -4.202151308600000187e-07
1.029277099999999882e+04 6.217889999999995325e+02 1.284999910062373907e+01 2.011000000000000092e-04 2.014709999999999960e-04 -3.698302411500000035e-07
1.029767599999999948e+04 6.266940000000001874e+02 1.289999549833204462e+01 2.009450000000000082e-04 2.012510000000000015e-04 -3.056539812699999864e-07
1.030259999999999854e+04 6.316179999999992560e+02 1.294999141796957609e+01 2.007990000000000133e-04 2.010310000000000070e-04 -2.312640520900000056e-07
1.030754399999999987e+04 6.365620000000005803e+02 1.299999695999270699e+01 2.006599999999999931e-04 2.008110000000000125e-04 -1.504911771870000205e-07
1.031250599999999940e+04 6.415240000000001146e+02 1.304999190127734465e+01 2.004510000000000092e-04 2.005189999999999956e-04 -6.814136917500000097e-08
1.031748799999999937e+04 6.465060000000000855e+02 1.309999639896224366e+01 2.002410000000000095e-04 2.002270000000000059e-04 1.370774064699999982e-08
1.032248799999999937e+04 6.515060000000000855e+02 1.314999038446395296e+01 2.000270000000000010e-04 1.999349999999999890e-04 9.162961069499999156e-08
1.032750799999999981e+04 6.565260000000005220e+02 1.319999386121069129e+01 1.998050000000000021e-04 1.996429999999999993e-04 1.625169884339999968e-07
1.033254699999999866e+04 6.615649999999993724e+02 1.324999681728444756e+01 1.995750000000000128e-04 1.993499999999999938e-04 2.236527584999999951e-07
1.033760499999999956e+04 6.666230000000002747e+02 1.329999925855785392e+01 1.993320000000000085e-04 1.990580000000000040e-04 2.727851020400000357e-07
1.034268099999999868e+04 6.716989999999993870e+02 1.334999136053959212e+01 1.990750000000000007e-04 1.987659999999999872e-04 3.081946336399999698e-07
1.034777700000000004e+04 6.767950000000007549e+02 1.339999282616073906e+01 1.988030000000000005e-04 1.984739999999999974e-04 3.287701962600000138e-07
1.035289199999999983e+04 6.819100000000005366e+02 1.344999379380449156e+01 1.985169999999999968e-04 1.981820000000000077e-04 3.340952156000000372e-07
1.035802599999999984e+04 6.870440000000005512e+02 1.349999426900405730e+01 1.982150000000000123e-04 1.978899999999999908e-04 3.244723174000000138e-07
1.036317900000000009e+04 6.921970000000007985e+02 1.354999425721090311e+01 1.978989999999999970e-04 1.975970000000000124e-04 3.009343030900000306e-07
1.036835099999999875e+04 6.973689999999994598e+02 1.359999376379625602e+01 1.975710000000000096e-04 1.973049999999999956e-04 2.651739738999999795e-07
1.037354199999999946e+04 7.025600000000001728e+02 1.364999279405264687e+01 1.972330000000000003e-04 1.970130000000000058e-04 2.194251988800000235e-07
1.037875199999999859e+04 7.077699999999992997e+02 1.369999135319522132e+01 1.968879999999999892e-04 1.967209999999999890e-04 1.662880645789999925e-07
1.038398199999999997e+04 7.130000000000006821e+02 1.374999899066882669e+01 1.965380000000000078e-04 1.964289999999999992e-04 1.085674868739999995e-07
1.038922999999999956e+04 7.182480000000002747e+02 1.379999658834792697e+01 1.961859999999999949e-04 1.961370000000000095e-04 4.909289496300000396e-08
1.039449699999999939e+04 7.235150000000001000e+02 1.384999373035879877e+01 1.958349999999999978e-04 1.958440000000000040e-04 -9.412850171999999007e-09
1.039978399999999965e+04 7.288020000000003620e+02 1.389999986292721168e+01 1.954880000000000094e-04 1.955519999999999871e-04 -6.443497065599999661e-08
1.040508899999999994e+04 7.341070000000006530e+02 1.394999607444483125e+01 1.951459999999999913e-04 1.952599999999999974e-04 -1.137407073400000128e-07
1.041041299999999865e+04 7.394309999999993579e+02 1.399999184507685257e+01 1.948119999999999908e-04 1.949680000000000076e-04 -1.554417474240000023e-07
1.041575699999999961e+04 7.447750000000003183e+02 1.404999652004390676e+01 1.945469999999999925e-04 1.947370000000000025e-04 -1.903873543680000117e-07
1.042111899999999878e+04 7.501369999999994889e+02 1.409999138983865308e+01 1.942910000000000004e-04 1.945070000000000132e-04 -2.156635263900000077e-07
1.042650100000000020e+04 7.555190000000009150e+02 1.414999510740684485e+01 1.940450000000000031e-04 1.942769999999999968e-04 -2.305873713000000063e-07
1.043190200000000004e+04 7.609200000000007549e+02 1.419999833743982087e+01 1.938099999999999892e-04 1.940459999999999917e-04 -2.349761227799999957e-07
1.043732099999999991e+04 7.663390000000006239e+02 1.424999187565385839e+01 1.935860000000000131e-04 1.938160000000000024e-04 -2.291060172800000243e-07
1.044275999999999840e+04 7.717779999999991105e+02 1.429999417814365792e+01 1.933709999999999889e-04 1.935849999999999973e-04 -2.136752512999999818e-07
1.044821799999999894e+04 7.772359999999996489e+02 1.434999600805615394e+01 1.931640000000000093e-04 1.933550000000000080e-04 -1.897384880800000100e-07
1.045369499999999971e+04 7.827130000000004202e+02 1.439999737031419258e+01 1.929649999999999931e-04 1.931240000000000029e-04 -1.586335985919999962e-07
1.045919099999999889e+04 7.882089999999996053e+02 1.444999826977243274e+01 1.927719999999999900e-04 1.928939999999999865e-04 -1.219182669119999829e-07
1.046470600000000013e+04 7.937240000000008422e+02 1.449999871121857709e+01 1.925820000000000071e-04 1.926630000000000085e-04 -8.128837296000000345e-08
1.047023999999999978e+04 7.992580000000004929e+02 1.454999869937440948e+01 1.923940000000000014e-04 1.924329999999999921e-04 -3.851892874399999775e-08
1.047579299999999967e+04 8.048110000000003765e+02 1.459999823889704196e+01 1.922070000000000115e-04 1.922019999999999870e-04 4.596491609799999776e-09
1.048136499999999978e+04 8.103830000000004929e+02 1.464999733437993967e+01 1.920179999999999901e-04 1.919719999999999977e-04 4.629193610799999757e-08
1.048695600000000013e+04 8.159740000000008422e+02 1.469999599035404358e+01 1.918269999999999914e-04 1.917409999999999926e-04 8.487472887299998962e-08
1.049256599999999889e+04 8.215839999999996053e+02 1.474999421128880250e+01 1.916300000000000067e-04 1.915110000000000033e-04 1.187766542880000109e-07
1.049819499999999971e+04 8.272130000000004202e+02 1.479999200159327266e+01 1.914279999999999975e-04 1.912809999999999868e-04 1.466088526979999935e-07
1.050384399999999914e+04 8.328619999999998527e+02 1.484999820293695727e+01 1.912179999999999978e-04 1.910500000000000089e-04 1.672279755000000107e-07
1.050951099999999860e+04 8.385289999999993142e+02 1.489999511531759246e+01 1.910000000000000077e-04 1.908199999999999924e-04 1.798072053399999970e-07
1.051519700000000012e+04 8.442150000000008276e+02 1.494999161014108324e+01 1.907740000000000000e-04 1.905889999999999874e-04 1.838884625269999913e-07
1.052090299999999843e+04 8.499209999999991396e+02 1.499999644053035652e+01 1.905390000000000133e-04 1.903589999999999980e-04 1.794302994510000048e-07
1.052662699999999859e+04 8.556449999999992997e+02 1.504999208364607632e+01 1.902340000000000086e-04 1.900650000000000039e-04 1.679798271300000033e-07
1.053237099999999919e+04 8.613889999999998963e+02 1.509999601276538961e+01 1.899220000000000021e-04 1.897719999999999984e-04 1.491370705000000115e-07
1.053813400000000001e+04 8.671520000000007258e+02 1.514999948352456727e+01 1.896029999999999938e-04 1.894789999999999929e-04 1.238927389400000134e-07
1.054391499999999905e+04 8.729329999999997654e+02 1.519999386662078678e+01 1.892800000000000038e-04 1.891859999999999874e-04 9.357896303999998463e-08
1.054971599999999853e+04 8.787339999999992415e+02 1.524999646248021534e+01 1.889530000000000051e-04 1.888930000000000090e-04 5.979521250800000482e-08
1.055553600000000006e+04 8.845540000000007694e+02 1.529999861318791687e+01 1.886240000000000020e-04 1.885989999999999878e-04 2.431173129299999561e-08
1.056137500000000000e+04 8.903930000000007112e+02 1.535000032309406492e+01 1.882949999999999988e-04 1.883060000000000094e-04 -1.104480597100000064e-08
1.056723199999999997e+04 8.962500000000006821e+02 1.539999307479307689e+01 1.879680000000000001e-04 1.880130000000000039e-04 -4.451207774999999929e-08
1.057310899999999856e+04 9.021269999999992706e+02 1.544999394350029398e+01 1.876450000000000101e-04 1.877199999999999984e-04 -7.450475395999999282e-08
1.057900499999999920e+04 9.080229999999999109e+02 1.549999438394286955e+01 1.873269999999999905e-04 1.874269999999999929e-04 -9.970985201099999664e-08
1.058492000000000007e+04 9.139380000000007840e+02 1.554999440025198609e+01 1.870139999999999953e-04 1.871329999999999988e-04 -1.191539436219999980e-07
1.059085399999999936e+04 9.198720000000000709e+02 1.559999399650584273e+01 1.867080000000000020e-04 1.868399999999999933e-04 -1.322391862799999857e-07
1.059680699999999888e+04 9.258249999999995907e+02 1.564999317673051138e+01 1.864079999999999947e-04 1.865469999999999878e-04 -1.387394810279999780e-07
1.060277999999999884e+04 9.317979999999995471e+02 1.570000030376558620e+01 1.861149999999999892e-04 1.862540000000000094e-04 -1.387759928600000113e-07
1.060877099999999882e+04 9.377889999999995325e+02 1.574999863727037663e+01 1.858279999999999969e-04 1.859610000000000039e-04 -1.327677857549999876e-07
1.061478099999999904e+04 9.437989999999997508e+02 1.579999656668763386e+01 1.855460000000000019e-04 1.856670000000000098e-04 -1.213727459040000016e-07
1.062080999999999949e+04 9.498280000000002019e+02 1.584999409584136920e+01 1.852690000000000044e-04 1.853740000000000043e-04 -1.054307210040000006e-07
1.062685899999999856e+04 9.558769999999992706e+02 1.589999948222973103e+01 1.849949999999999999e-04 1.850809999999999988e-04 -8.590034896300000307e-08
1.063292599999999948e+04 9.619440000000001874e+02 1.594999619626465837e+01 1.847239999999999885e-04 1.847879999999999933e-04 -6.381099215999999629e-08
1.063901199999999881e+04 9.680299999999995180e+02 1.599999252138421646e+01 1.844539999999999927e-04 1.844949999999999878e-04 -4.021714257499999911e-08
1.064511799999999857e+04 9.741359999999992851e+02 1.604999663780897734e+01 1.841989999999999893e-04 1.842160000000000130e-04 -1.671935205199999988e-08
1.065124299999999857e+04 9.802609999999992851e+02 1.610000032175624085e+01 1.839440000000000129e-04 1.839370000000000111e-04 6.516188949400001328e-09
1.065738599999999860e+04 9.864039999999993142e+02 1.614999545128956981e+01 1.836870000000000050e-04 1.836580000000000092e-04 2.863375146400000327e-08
1.066354899999999907e+04 9.925669999999997799e+02 1.619999830736508173e+01 1.834279999999999927e-04 1.833790000000000073e-04 4.883364432100000132e-08
1.066972999999999956e+04 9.987480000000002747e+02 1.624999266676266174e+01 1.831670000000000032e-04 1.831009999999999940e-04 6.639004228699999590e-08
1.067593099999999868e+04 1.004948999999999387e+03 1.629999471002624389e+01 1.829029999999999935e-04 1.828219999999999921e-04 8.067002467799999340e-08
1.068215099999999984e+04 1.011169000000000551e+03 1.634999634010571157e+01 1.826339999999999865e-04 1.825429999999999902e-04 9.116142657099998592e-08
1.068838999999999942e+04 1.017408000000000129e+03 1.639999756078028526e+01 1.823620000000000135e-04 1.822639999999999883e-04 9.749921057600000573e-08
1.069464799999999923e+04 1.023665999999999940e+03 1.644999837578324531e+01 1.820849999999999888e-04 1.819850000000000135e-04 9.949520317000001585e-08
1.070092499999999927e+04 1.029942999999999984e+03 1.649999878880258208e+01 1.818040000000000096e-04 1.817070000000000002e-04 9.715964143500000290e-08
1.070722099999999955e+04 1.036239000000000260e+03 1.654999880348167807e+01 1.815189999999999946e-04 1.814279999999999983e-04 9.071200429200001035e-08
1.071353600000000006e+04 1.042554000000000769e+03 1.659999842341998999e+01 1.812299999999999979e-04 1.811489999999999964e-04 8.057978507399999967e-08
1.071986999999999898e+04 1.048887999999999693e+03 1.664999765217370253e+01 1.809380000000000081e-04 1.808699999999999945e-04 6.737642630999999405e-08
1.072622299999999996e+04 1.055241000000000668e+03 1.669999649325643176e+01 1.806429999999999982e-04 1.805909999999999926e-04 5.186284574399999800e-08
1.073259499999999935e+04 1.061613000000000056e+03 1.674999495013974382e+01 1.803469999999999997e-04 1.803119999999999907e-04 3.489469948800000247e-08
1.073898599999999897e+04 1.068003999999999678e+03 1.679999302625390101e+01 1.800510000000000012e-04 1.800340000000000046e-04 1.736258698040000045e-08
1.074539699999999903e+04 1.074414999999999736e+03 1.684999851336750964e+01 1.797550000000000027e-04 1.797550000000000027e-04 1.300480688700000068e-10
1.075182599999999911e+04 1.080843999999999824e+03 1.689999581503042947e+01 1.794599999999999928e-04 1.794760000000000008e-04 -1.602027902639999876e-08
1.075827399999999943e+04 1.087292000000000144e+03 1.694999274610900386e+01 1.791669999999999873e-04 1.791969999999999989e-04 -3.042998016100000128e-08
1.076474199999999837e+04 1.093759999999999081e+03 1.699999702953162384e+01 1.788760000000000133e-04 1.789179999999999970e-04 -4.259196665399999922e-08
1.077122799999999916e+04 1.100245999999999867e+03 1.704999320657553596e+01 1.785909999999999982e-04 1.786430000000000038e-04 -5.272005030200000302e-08
1.077773399999999856e+04 1.106751999999999271e+03 1.709999669737669947e+01 1.783079999999999876e-04 1.783689999999999993e-04 -6.007467920000000389e-08
1.078425900000000001e+04 1.113277000000000726e+03 1.714999978582681095e+01 1.780290000000000128e-04 1.780940000000000062e-04 -6.454411510400000796e-08
1.079080199999999968e+04 1.119820000000000391e+03 1.719999484554213609e+01 1.777519999999999881e-04 1.778190000000000131e-04 -6.613959923100000291e-08
1.079736499999999978e+04 1.126383000000000493e+03 1.724999716189330812e+01 1.774789999999999994e-04 1.775439999999999928e-04 -6.497506750399999843e-08
1.080394700000000012e+04 1.132965000000000828e+03 1.729999908617111259e+01 1.772069999999999993e-04 1.772689999999999997e-04 -6.124874399700000040e-08
1.081054699999999866e+04 1.139564999999999372e+03 1.734999305783625800e+01 1.769390000000000079e-04 1.769940000000000066e-04 -5.522991573599999891e-08
1.081716699999999946e+04 1.146185000000000173e+03 1.739999422983371247e+01 1.766720000000000053e-04 1.767190000000000134e-04 -4.724935903000000818e-08
1.082380599999999868e+04 1.152823999999999387e+03 1.744999501968608868e+01 1.764059999999999912e-04 1.764439999999999932e-04 -3.769232016799999898e-08
1.083046399999999994e+04 1.159482000000000653e+03 1.749999543066898866e+01 1.761420000000000086e-04 1.761690000000000001e-04 -2.699120482800000324e-08
1.083714099999999962e+04 1.166159000000000333e+03 1.754999546602061855e+01 1.758789999999999876e-04 1.758940000000000069e-04 -1.561720611440000149e-08
1.084383699999999953e+04 1.172855000000000246e+03 1.759999512894239260e+01 1.756150000000000050e-04 1.756189999999999867e-04 -4.066352573599999417e-09
1.085055199999999968e+04 1.179570000000000391e+03 1.764999442259942697e+01 1.753520000000000111e-04 1.753439999999999936e-04 7.158699350399999627e-09
1.085728600000000006e+04 1.186304000000000769e+03 1.769999335012103003e+01 1.750870000000000128e-04 1.750690000000000004e-04 1.757150046100000051e-08
1.086403999999999905e+04 1.193057999999999765e+03 1.774999930807606319e+01 1.748209999999999987e-04 1.747940000000000073e-04 2.672757574600000182e-08
1.087081199999999990e+04 1.199830000000000609e+03 1.779999749180669255e+01 1.745539999999999961e-04 1.745200000000000028e-04 3.425024808000000394e-08
1.087760299999999916e+04 1.206620999999999867e+03 1.784999531869660672e+01 1.742849999999999890e-04 1.742450000000000097e-04 3.985314215500000015e-08
1.088441399999999885e+04 1.213431999999999562e+03 1.790000012325396739e+01 1.740129999999999889e-04 1.739699999999999894e-04 4.335836913000000157e-08
1.089124299999999857e+04 1.220260999999999285e+03 1.794999722497873762e+01 1.737400000000000001e-04 1.736949999999999963e-04 4.470579279500000113e-08
1.089809099999999853e+04 1.227108999999999241e+03 1.799999397884732133e+01 1.734639999999999912e-04 1.734200000000000032e-04 4.395347242000000458e-08
1.090495899999999892e+04 1.233976999999999634e+03 1.804999765834250525e+01 1.731530000000000005e-04 1.731109999999999897e-04 4.185062291599999832e-08
1.091184499999999935e+04 1.240863000000000056e+03 1.809999370505557081e+01 1.728400000000000054e-04 1.728020000000000033e-04 3.801644000000000236e-08
1.091875100000000020e+04 1.247769000000000915e+03 1.814999664313377892e+01 1.725259999999999945e-04 1.724929999999999899e-04 3.270726019499999417e-08
1.092567599999999948e+04 1.254694000000000187e+03 1.819999920511059344e+01 1.722109999999999949e-04 1.721840000000000035e-04 2.623705355199999863e-08
1.093261899999999878e+04 1.261636999999999489e+03 1.824999420316445153e+01 1.718950000000000068e-04 1.718760000000000058e-04 1.895517278399999975e-08
1.093958199999999852e+04 1.268599999999999227e+03 1.829999604182691897e+01 1.715780000000000029e-04 1.715669999999999923e-04 1.122425627399999853e-08
1.094656399999999849e+04 1.275581999999999198e+03 1.834999751345401720e+01 1.712609999999999990e-04 1.712580000000000059e-04 3.402177176399999734e-09
1.095356499999999869e+04 1.282582999999999402e+03 1.839999862103797668e+01 1.709450000000000108e-04 1.709489999999999925e-04 -4.174591674899999935e-09
1.096058499999999913e+04 1.289602999999999838e+03 1.844999936753855607e+01 1.706289999999999955e-04 1.706400000000000061e-04 -1.120251599999999904e-08
1.096762399999999980e+04 1.296642000000000507e+03 1.849999975588350765e+01 1.703139999999999960e-04 1.703309999999999926e-04 -1.741907004599999808e-08
1.097468199999999888e+04 1.303699999999999591e+03 1.854999978896898227e+01 1.700000000000000122e-04 1.700229999999999949e-04 -2.260761826399999671e-08
1.098175900000000001e+04 1.310777000000000726e+03 1.859999946965999484e+01 1.696869999999999900e-04 1.697140000000000085e-04 -2.660131178799999944e-08
1.098885499999999956e+04 1.317873000000000275e+03 1.864999880079077599e+01 1.693759999999999992e-04 1.694049999999999950e-04 -2.928470353999999965e-08
1.099596999999999935e+04 1.324988000000000056e+03 1.869999778516526234e+01 1.690650000000000085e-04 1.690960000000000087e-04 -3.059758300800000435e-08
1.100310399999999936e+04 1.332122000000000071e+03 1.874999642555744828e+01 1.687570000000000107e-04 1.687869999999999952e-04 -3.053508738300000229e-08
1.101025699999999961e+04 1.339275000000000318e+03 1.879999472471179800e+01 1.684490000000000130e-04 1.684780000000000088e-04 -2.915073747200000059e-08
1.101743000000000029e+04 1.346448000000001002e+03 1.884999964736871192e+01 1.681429999999999926e-04 1.681689999999999954e-04 -2.655539862099999807e-08
1.102462099999999919e+04 1.353638999999999896e+03 1.889999725374743278e+01 1.678379999999999879e-04 1.678609999999999976e-04 -2.291453724899999748e-08
1.103183099999999831e+04 1.360848999999999023e+03 1.894999452704573883e+01 1.675330000000000103e-04 1.675520000000000113e-04 -1.844177843200000094e-08
1.103906099999999969e+04 1.368079000000000406e+03 1.899999837695523297e+01 1.672289999999999942e-04 1.672429999999999978e-04 -1.338867181360000029e-08
1.104630899999999929e+04 1.375326999999999998e+03 1.904999497382586071e+01 1.669599999999999871e-04 1.669680000000000047e-04 -8.170178356799999835e-09
1.105357699999999932e+04 1.382595000000000027e+03 1.909999811641651135e+01 1.666899999999999914e-04 1.666930000000000115e-04 -2.811460807300000402e-09
1.106086299999999937e+04 1.389881000000000085e+03 1.914999404753665502e+01 1.664210000000000114e-04 1.664179999999999913e-04 2.423695110199999604e-09
1.106816899999999987e+04 1.397187000000000580e+03 1.919999649375225559e+01 1.661509999999999886e-04 1.661439999999999868e-04 7.287325055999999629e-09
1.107549399999999878e+04 1.404511999999999489e+03 1.924999858693634280e+01 1.658800000000000042e-04 1.658689999999999937e-04 1.156188205809999991e-08
1.108283799999999974e+04 1.411856000000000449e+03 1.930000032983281955e+01 1.656089999999999928e-04 1.655940000000000005e-04 1.507263083039999938e-08
1.109019999999999891e+04 1.419217999999999620e+03 1.934999494303017897e+01 1.653369999999999927e-04 1.653190000000000074e-04 1.769591107900000006e-08
1.109758199999999852e+04 1.426599999999999227e+03 1.939999601094996962e+01 1.650640000000000039e-04 1.650439999999999872e-04 1.936296207999999924e-08
1.110498300000000017e+04 1.434001000000000886e+03 1.944999673655498640e+01 1.647899999999999994e-04 1.647689999999999940e-04 2.006029621199999923e-08
1.111240299999999843e+04 1.441420999999999140e+03 1.949999712247841188e+01 1.645150000000000063e-04 1.644949999999999895e-04 1.982543088499999997e-08
1.111984199999999873e+04 1.448859999999999445e+03 1.954999717132657011e+01 1.642389999999999974e-04 1.642199999999999964e-04 1.873914419999999956e-08
1.112729999999999927e+04 1.456317999999999984e+03 1.959999688567909004e+01 1.639619999999999999e-04 1.639450000000000033e-04 1.691863216499999912e-08
1.113477700000000004e+04 1.463795000000000755e+03 1.964999626808937805e+01 1.636850000000000024e-04 1.636700000000000101e-04 1.450543378700000054e-08
1.114227299999999923e+04 1.471290999999999940e+03 1.969999532108485951e+01 1.634069999999999891e-04 1.633949999999999899e-04 1.165669733699999978e-08
1.114978799999999865e+04 1.478805999999999358e+03 1.974999404716739093e+01 1.631290000000000030e-04 1.631210000000000125e-04 8.535518382300000643e-09
1.115732299999999850e+04 1.486340999999999212e+03 1.979999907680209859e+01 1.628509999999999897e-04 1.628459999999999923e-04 5.302542598199998919e-09
1.116487600000000020e+04 1.493894000000000915e+03 1.984999713976887392e+01 1.625730000000000035e-04 1.625709999999999991e-04 2.109326210799999939e-09
1.117244799999999850e+04 1.501465999999999212e+03 1.989999488326172639e+01 1.622949999999999903e-04 1.622960000000000060e-04 -9.074699691999999644e-10
1.118003999999999905e+04 1.509057999999999765e+03 1.994999888783677733e+01 1.620179999999999928e-04 1.620210000000000129e-04 -3.630436951200000414e-09
1.118764999999999964e+04 1.516668000000000347e+03 1.999999598311923421e+01 1.617409999999999952e-04 1.617459999999999926e-04 -5.964739591199999863e-09
